Score,Pred Score
-0.6666666666666666,-1.1172384023666382
7.333333333333333,-2.302337884902954
-0.4444444444444444,-5.113460063934326
-4.111111111111111,-7.087935924530029
-7.333333333333333,-0.4822350740432739
1.3333333333333333,0.016028285026550293
-8.444444444444445,-6.8052449226379395
1.6666666666666667,3.1560614109039307
3.333333333333333,-4.185873031616211
2.111111111111111,-2.560591220855713
0.1111111111111111,0.23144078254699707
11.22222222222222,-4.558829307556152
-3.111111111111111,-4.502589225769043
-3.888888888888889,-3.1832752227783203
14.11111111111111,-0.9392274022102356
-4.444444444444445,-0.019542455673217773
6.0,-0.5892295837402344
12.555555555555555,1.9078737497329712
-0.8888888888888888,-7.162447452545166
-4.0,0.18693038821220398
-1.1111111111111112,-4.897546768188477
-3.555555555555556,0.8572262525558472
-10.666666666666666,0.3177688717842102
9.11111111111111,-0.9584896564483643
-1.7777777777777777,-3.234175682067871
-3.4444444444444446,-2.24810528755188
23.22222222222222,9.454367637634277
0.8888888888888888,-4.191946983337402
0.3333333333333333,-0.09886452555656433
-3.7777777777777777,-9.073299407958984
2.111111111111111,-1.5156090259552002
-2.2222222222222223,-4.860373020172119
-2.2222222222222223,-8.970728874206543
3.111111111111111,-0.15497377514839172
0.1111111111111111,0.09569185972213745
-2.555555555555556,0.17530405521392822
-0.2222222222222222,-0.8729278445243835
3.111111111111111,6.554327011108398
-4.444444444444445,0.6906974911689758
-5.222222222222222,-7.282254219055176
4.0,3.965914249420166
-4.777777777777778,-11.179740905761719
1.0,0.06798140704631805
-4.111111111111111,-3.7682952880859375
-4.777777777777778,-5.5816874504089355
14.11111111111111,0.21134799718856812
2.2222222222222223,-0.230907142162323
-4.888888888888889,-0.7951337695121765
-6.888888888888889,-1.842473030090332
-9.444444444444445,-0.278672456741333
13.666666666666666,-2.437572479248047
3.4444444444444446,-2.641040563583374
-8.222222222222221,-0.34420907497406006
5.777777777777778,-0.4931156039237976
0.0,1.9236702919006348
13.666666666666666,4.736179828643799
-1.0,2.1585240364074707
7.333333333333333,0.12795886397361755
-2.888888888888889,-1.4882651567459106
-7.111111111111111,-3.9712939262390137
-1.2222222222222223,-6.45465087890625
0.0,-3.8065731525421143
-7.666666666666667,-3.2804133892059326
-1.5555555555555556,-0.12385976314544678
11.88888888888889,15.641068458557129
-4.666666666666667,-4.027034759521484
-10.333333333333334,-1.1287956237792969
-9.555555555555555,-3.050687074661255
-2.6666666666666665,-3.3469574451446533
-3.333333333333333,-4.768892765045166
1.8888888888888888,0.45885181427001953
-5.666666666666667,-6.136165142059326
-3.888888888888889,-0.3680267333984375
-1.5555555555555556,-1.8656020164489746
-1.8888888888888888,-5.808962821960449
-7.888888888888889,-4.400699138641357
0.4444444444444444,-1.0875285863876343
3.555555555555556,-2.384974479675293
-0.8888888888888888,-9.589195251464844
-5.777777777777778,-3.461245059967041
-2.888888888888889,-0.8502632975578308
-2.111111111111111,0.28430283069610596
46.333333333333336,17.328065872192383
0.8888888888888888,-2.261005163192749
1.1111111111111112,0.903566837310791
0.0,-7.184951305389404
10.0,-1.922078013420105
-1.1111111111111112,-0.04362696409225464
8.555555555555555,1.9504278898239136
-4.777777777777778,0.31594452261924744
0.2222222222222222,-0.6535476446151733
8.222222222222221,-1.0574655532836914
10.11111111111111,2.5877130031585693
-2.555555555555556,-1.0101953744888306
-4.888888888888889,-1.2119814157485962
20.88888888888889,23.881179809570312
19.33333333333333,12.021394729614258
-1.3333333333333333,-2.8111610412597656
-4.111111111111111,-2.9367637634277344
-2.7777777777777777,3.2353641986846924
9.0,-0.16610342264175415
-6.111111111111111,6.728065013885498
-3.7777777777777777,-2.3465707302093506
-5.0,-5.2957940101623535
-3.0,-1.8627263307571411
-6.222222222222222,-1.1621540784835815
-6.333333333333333,-0.8173385858535767
-1.8888888888888888,-1.5595347881317139
3.111111111111111,2.8222849369049072
-4.888888888888889,-7.3404693603515625
6.777777777777778,0.8324068784713745
-4.444444444444445,-1.135506510734558
7.666666666666667,10.027140617370605
0.5555555555555556,-3.5603084564208984
-7.0,-2.791478395462036
-10.0,0.52598637342453
-0.5555555555555556,-0.6862496137619019
0.1111111111111111,-0.1567975878715515
-3.4444444444444446,-2.7696897983551025
6.777777777777778,-0.655148983001709
-6.0,-3.885291814804077
-3.333333333333333,-5.1286187171936035
8.777777777777779,7.2238264083862305
-6.333333333333333,-1.865557312965393
-7.444444444444445,-4.1490631103515625
0.1111111111111111,-0.2627826929092407
-4.0,-9.928650856018066
6.222222222222222,-1.5509140491485596
-3.4444444444444446,-4.614999771118164
4.777777777777778,-0.6718475222587585
-2.111111111111111,-0.5908562541007996
-4.111111111111111,0.19753694534301758
11.88888888888889,11.941283226013184
-0.5555555555555556,-5.634137153625488
4.444444444444445,-0.09717604517936707
-0.3333333333333333,-2.9086642265319824
-4.555555555555555,-0.6068623661994934
-0.7777777777777778,-5.214900016784668
-2.2222222222222223,-5.3462018966674805
-5.222222222222222,-8.538537979125977
10.444444444444445,19.75555419921875
-3.4444444444444446,-0.38618820905685425
-3.7777777777777777,-0.9804126024246216
0.2222222222222222,-2.5556421279907227
-4.0,0.49857425689697266
-22.444444444444443,-4.335859298706055
-5.777777777777778,-4.782424449920654
-4.222222222222222,-4.153461933135986
-2.333333333333333,-0.6270433068275452
5.555555555555555,7.4201507568359375
23.0,3.650049924850464
4.777777777777778,-2.3375701904296875
-18.88888888888889,-5.8419928550720215
-10.22222222222222,-5.238371849060059
5.222222222222222,-3.9248645305633545
-5.0,-6.380588531494141
7.444444444444445,-4.624372482299805
6.333333333333333,-1.4710524082183838
1.4444444444444444,-1.6855006217956543
-0.8888888888888888,-2.4855244159698486
3.111111111111111,-2.103868007659912
0.5555555555555556,0.44898247718811035
-1.8888888888888888,0.5134475231170654
-11.77777777777778,0.44898247718811035
-5.555555555555555,-8.022085189819336
-1.3333333333333333,-0.9411613941192627
-1.8888888888888888,-1.1738108396530151
0.0,-2.173238754272461
0.8888888888888888,3.375854730606079
5.0,-0.9160864949226379
2.4444444444444446,-1.5454602241516113
-0.1111111111111111,3.4822959899902344
2.111111111111111,-0.8159019947052002
-0.2222222222222222,12.885381698608398
19.444444444444443,23.470449447631836
3.7777777777777777,2.685458183288574
-3.111111111111111,-3.0123043060302734
7.555555555555555,-0.10085155069828033
1.5555555555555556,2.3503482341766357
-1.1111111111111112,0.08964154124259949
-1.6666666666666667,0.2573391795158386
3.111111111111111,-0.9970501661300659
-1.6666666666666667,-2.0717246532440186
1.3333333333333333,-2.8049466609954834
-10.555555555555555,-0.24501779675483704
-5.333333333333333,0.6539028882980347
-0.8888888888888888,-3.3108701705932617
-6.111111111111111,0.7519217133522034
-12.333333333333334,-1.4134269952774048
-6.111111111111111,0.04815712571144104
-6.111111111111111,-0.7567019462585449
-10.22222222222222,-14.801651000976562
4.444444444444445,-3.0707874298095703
-2.555555555555556,-4.169800281524658
-8.777777777777779,-0.7471038699150085
-14.555555555555555,-7.615084171295166
-15.0,-2.225862503051758
31.33333333333333,6.541568756103516
-20.11111111111111,-9.55733585357666
-3.4444444444444446,-7.07633638381958
-0.1111111111111111,-1.653879165649414
-1.3333333333333333,0.5202821493148804
1.6666666666666667,-0.7839528322219849
-4.888888888888889,-1.8507672548294067
2.333333333333333,0.663548469543457
-13.333333333333334,-4.2824835777282715
0.5555555555555556,-0.909281849861145
1.2222222222222223,-1.4373822212219238
-8.777777777777779,-2.655984878540039
-0.2222222222222222,1.360707402229309
3.2222222222222223,-4.431509017944336
-2.7777777777777777,-2.745471239089966
-3.333333333333333,-1.2436330318450928
-5.0,-3.6921494007110596
-3.333333333333333,-1.394129753112793
-6.777777777777778,-0.2967320680618286
1.0,-0.9930960536003113
-4.444444444444445,-3.5440917015075684
-2.111111111111111,-2.8519129753112793
-20.55555555555556,-7.800694465637207
3.333333333333333,0.607234001159668
-4.777777777777778,-3.705312490463257
-1.4444444444444444,-1.2658957242965698
-9.11111111111111,-1.5071269273757935
-12.666666666666666,-7.787255764007568
-21.11111111111111,-4.526303291320801
3.555555555555556,1.6359485387802124
-4.777777777777778,-3.5824124813079834
-5.888888888888889,-8.762096405029297
-7.555555555555555,-9.781841278076172
-3.555555555555556,0.6134112477302551
3.0,-2.3414199352264404
4.0,0.639814555644989
-5.333333333333333,-3.0898993015289307
17.444444444444443,5.759541034698486
-11.77777777777778,-1.0460946559906006
-4.888888888888889,-0.6999990940093994
6.444444444444445,-2.6240622997283936
4.0,2.6580677032470703
-9.88888888888889,-0.43905091285705566
15.77777777777778,-0.1539599895477295
0.6666666666666666,-3.4034371376037598
-9.444444444444445,0.009136319160461426
-1.7777777777777777,-2.009290933609009
2.333333333333333,-1.3442833423614502
-4.222222222222222,-4.928797245025635
-8.11111111111111,-3.4413084983825684
1.8888888888888888,-0.47490519285202026
-12.555555555555555,-0.9336813688278198
5.444444444444445,0.49933767318725586
-3.111111111111111,-0.07895529270172119
-2.555555555555556,-1.4179511070251465
5.666666666666667,-3.5682661533355713
1.4444444444444444,0.5814926624298096
-3.0,-5.619145393371582
-0.1111111111111111,0.9573882818222046
1.1111111111111112,-2.604633092880249
-0.8888888888888888,-1.1409189701080322
-7.333333333333333,-7.572490692138672
-13.77777777777778,-1.6420029401779175
0.7777777777777778,-3.5553643703460693
-2.6666666666666665,-3.156684398651123
-19.55555555555556,-2.316258192062378
5.0,-2.451833486557007
-2.2222222222222223,-3.351212978363037
1.0,-0.33380794525146484
-3.0,-0.9424471855163574
-3.888888888888889,-1.57563054561615
-3.4444444444444446,-3.0605342388153076
5.0,0.31943321228027344
19.22222222222222,19.810020446777344
-2.4444444444444446,-1.2177046537399292
6.222222222222222,-5.424592971801758
-5.333333333333333,-0.32064664363861084
-10.77777777777778,-5.396565914154053
0.0,-4.449428081512451
1.8888888888888888,-0.6520849466323853
21.55555555555556,7.014942169189453
-7.777777777777778,-2.6682639122009277
-7.222222222222222,-1.8602144718170166
-1.7777777777777777,-9.04301643371582
5.444444444444445,0.2689668536186218
-3.888888888888889,-6.207300662994385
-8.222222222222221,-3.777327537536621
6.111111111111111,-3.1354196071624756
2.7777777777777777,-1.6915744543075562
-6.333333333333333,0.18780481815338135
0.2222222222222222,-2.348088502883911
-7.777777777777778,-1.6702306270599365
1.2222222222222223,-5.268515110015869
3.4444444444444446,-1.2043687105178833
-2.888888888888889,-1.240311622619629
14.88888888888889,-0.32045572996139526
-1.7777777777777777,-2.0946033000946045
-3.888888888888889,-4.128857612609863
-5.777777777777778,-5.662877559661865
27.11111111111111,12.093037605285645
1.7777777777777777,-1.5943812131881714
0.3333333333333333,-0.3350600004196167
-12.77777777777778,-2.6727335453033447
27.88888888888889,25.73556900024414
-4.222222222222222,0.013238906860351562
-1.2222222222222223,-1.0371376276016235
-3.0,0.35842612385749817
3.6666666666666665,7.264582633972168
-1.5555555555555556,-1.504567265510559
-4.222222222222222,-3.870558738708496
-0.7777777777777778,-1.064302682876587
6.777777777777778,7.308692455291748
-0.7777777777777778,-2.4400203227996826
-8.777777777777779,-11.021411895751953
0.2222222222222222,-1.5352548360824585
-0.2222222222222222,-2.2132070064544678
-8.0,-3.0131328105926514
-4.333333333333333,-5.482206344604492
-3.0,-2.586010217666626
-7.666666666666667,-3.1495516300201416
1.1111111111111112,-0.4642341136932373
-0.5555555555555556,-2.6831912994384766
-2.111111111111111,-2.245948553085327
-7.555555555555555,-0.6257063746452332
17.666666666666668,0.12708604335784912
-8.11111111111111,-1.6351258754730225
19.55555555555556,15.712958335876465
-6.555555555555555,-0.9924547672271729
10.555555555555555,-0.6880742311477661
-14.444444444444445,-6.8376078605651855
6.666666666666667,1.1255857944488525
-3.888888888888889,0.09303194284439087
-6.333333333333333,2.166539430618286
-6.666666666666667,-5.578549861907959
-4.444444444444445,-5.529585838317871
-2.111111111111111,-0.31050586700439453
-10.333333333333334,-5.321338176727295
-6.111111111111111,0.37189406156539917
20.666666666666668,18.689332962036133
-5.444444444444445,-0.14384692907333374
7.555555555555555,0.9614402055740356
-1.4444444444444444,2.502377986907959
-7.222222222222222,-0.7647601962089539
-3.111111111111111,-0.03396761417388916
-3.555555555555556,-4.527807235717773
-2.4444444444444446,-2.8966877460479736
-1.1111111111111112,-5.613442420959473
-7.555555555555555,0.7088621854782104
10.11111111111111,-1.0014387369155884
-1.4444444444444444,-3.6786508560180664
-2.333333333333333,-1.1225510835647583
-1.6666666666666667,-1.337795376777649
8.88888888888889,12.524609565734863
-3.888888888888889,6.0542168617248535
-6.222222222222222,-0.9280314445495605
-11.88888888888889,-14.750190734863281
-1.5555555555555556,-0.9003216624259949
7.111111111111111,-1.3483229875564575
4.666666666666667,-2.3259875774383545
2.4444444444444446,-8.34524917602539
1.5555555555555556,-1.0550520420074463
3.333333333333333,-4.326874256134033
-10.11111111111111,0.5025877952575684
-8.444444444444445,-5.82297420501709
-2.555555555555556,-2.609757661819458
2.4444444444444446,-2.5302135944366455
2.888888888888889,-1.0506420135498047
-4.111111111111111,-2.374241828918457
-10.444444444444445,-3.6351866722106934
17.666666666666668,13.8444185256958
27.77777777777778,16.004364013671875
-1.7777777777777777,2.8665478229522705
11.88888888888889,3.6202549934387207
0.5555555555555556,-2.4943416118621826
6.444444444444445,14.372267723083496
-4.0,-7.602877616882324
-7.444444444444445,-5.789078235626221
-4.555555555555555,-6.294040679931641
12.333333333333334,25.26167106628418
6.0,-3.0812628269195557
-2.0,-1.2305711507797241
1.6666666666666667,0.5895190238952637
17.333333333333332,14.302909851074219
10.11111111111111,-1.986362338066101
-1.2222222222222223,-0.08783823251724243
5.666666666666667,3.879730224609375
-3.0,-8.712397575378418
-0.2222222222222222,3.2853968143463135
6.888888888888889,-0.9030603766441345
1.4444444444444444,-0.5305585861206055
-1.2222222222222223,-4.01960563659668
-2.333333333333333,-1.424945592880249
-7.888888888888889,-3.9774584770202637
20.22222222222222,10.549128532409668
-6.111111111111111,-0.8218338489532471
-12.444444444444445,-2.4986355304718018
-7.888888888888889,0.2850106954574585
1.2222222222222223,-0.03249049186706543
-2.888888888888889,-0.24048420786857605
-17.333333333333332,-4.61852502822876
0.0,1.345311164855957
5.222222222222222,0.07554394006729126
5.111111111111111,2.554967164993286
-5.444444444444445,-5.869221210479736
10.22222222222222,1.767686367034912
-1.6666666666666667,-1.018225073814392
-4.444444444444445,-3.185953378677368
18.11111111111111,10.320234298706055
-4.777777777777778,-7.20013427734375
5.333333333333333,0.46771007776260376
-2.555555555555556,-0.27582085132598877
5.888888888888889,8.184479713439941
8.11111111111111,-2.8619656562805176
-0.4444444444444444,-2.266977071762085
-5.444444444444445,-3.0545644760131836
-0.6666666666666666,-2.27223801612854
-5.444444444444445,-8.089598655700684
-17.0,-3.0956718921661377
-1.0,-1.2485783100128174
2.333333333333333,2.8734078407287598
0.2222222222222222,-5.770329475402832
-2.7777777777777777,0.3317335247993469
-6.777777777777778,-0.6294890642166138
0.4444444444444444,-2.1223278045654297
0.6666666666666666,-2.5427613258361816
-0.7777777777777778,-3.7370545864105225
-7.555555555555555,-3.3211069107055664
-7.333333333333333,-3.436957597732544
-12.77777777777778,-4.315695762634277
0.2222222222222222,-0.021175742149353027
9.77777777777778,2.521733283996582
-6.222222222222222,-4.463967800140381
-4.888888888888889,-7.609356880187988
-10.11111111111111,-1.0177741050720215
-8.777777777777779,-4.037181377410889
-2.111111111111111,-4.657986640930176
1.6666666666666667,0.12058493494987488
-0.7777777777777778,-1.4924606084823608
-0.1111111111111111,-0.7271010875701904
-0.5555555555555556,-0.10220593214035034
-6.666666666666667,1.767686367034912
-9.88888888888889,-2.3382301330566406
-8.666666666666666,-4.2764363288879395
0.6666666666666666,-1.09859037399292
-0.7777777777777778,-4.730809688568115
0.3333333333333333,-2.944680690765381
1.3333333333333333,-5.318134784698486
-2.2222222222222223,0.17199349403381348
-6.444444444444445,-2.03293776512146
2.4444444444444446,0.19903528690338135
-5.555555555555555,-6.443856716156006
-8.444444444444445,-5.559383869171143
15.0,-0.6552937626838684
2.2222222222222223,2.225219488143921
2.6666666666666665,-0.16227471828460693
-2.7777777777777777,-6.244992733001709
-5.222222222222222,-3.564596176147461
-8.555555555555555,-6.772208213806152
-3.0,-2.8286657333374023
-1.6666666666666667,-1.382763385772705
-1.0,-1.2132847309112549
-0.4444444444444444,0.03421497344970703
37.11111111111112,-0.04572068154811859
-4.444444444444445,-4.807958602905273
0.5555555555555556,-2.313537120819092
-16.0,-14.5800142288208
-10.22222222222222,1.0160253047943115
-2.333333333333333,-1.9245437383651733
-4.333333333333333,-0.9015824794769287
-1.8888888888888888,-2.3389055728912354
-4.777777777777778,-5.451599597930908
-8.666666666666666,-4.433037757873535
0.5555555555555556,-2.9779555797576904
17.333333333333332,-1.6479146480560303
1.5555555555555556,-2.6065759658813477
-4.222222222222222,-3.0096254348754883
-6.111111111111111,-3.0320518016815186
6.222222222222222,1.1394175291061401
-1.3333333333333333,-0.3769686818122864
6.333333333333333,-0.7505078911781311
9.444444444444445,0.8757063150405884
-0.1111111111111111,-0.1775524616241455
-6.0,-1.1764318943023682
-4.666666666666667,-3.0515334606170654
-6.666666666666667,-3.653979778289795
12.77777777777778,2.458400249481201
0.2222222222222222,-3.1106786727905273
-14.555555555555555,-6.46959924697876
-9.333333333333334,-5.33270788192749
2.6666666666666665,-5.233471870422363
-1.3333333333333333,0.21134305000305176
-12.555555555555555,-0.9984391927719116
-8.777777777777779,-5.210541725158691
2.6666666666666665,-3.469057083129883
-7.222222222222222,-7.106766223907471
2.6666666666666665,-3.8376104831695557
-6.444444444444445,-0.3833407163619995
-42.55555555555556,-11.028437614440918
4.777777777777778,-2.508356809616089
0.5555555555555556,-1.5978970527648926
-9.666666666666666,-9.41802978515625
9.77777777777778,16.57828140258789
9.444444444444445,-0.786679744720459
-2.7777777777777777,-6.686431407928467
2.0,-1.6738110780715942
-2.111111111111111,0.048387229442596436
-10.666666666666666,8.456193923950195
-3.888888888888889,-5.252204895019531
-0.6666666666666666,-1.511134147644043
-6.111111111111111,-0.583537220954895
-2.555555555555556,-1.8582180738449097
-5.444444444444445,-1.9347444772720337
-3.6666666666666665,-7.948506832122803
2.555555555555556,0.17117774486541748
4.333333333333333,0.02891528606414795
-5.555555555555555,-1.0788949728012085
-0.6666666666666666,-4.593029975891113
-1.6666666666666667,4.906194686889648
1.5555555555555556,-2.487370014190674
-8.0,-1.982311725616455
1.2222222222222223,-0.7139037251472473
12.333333333333334,0.13933122158050537
0.4444444444444444,-1.1430127620697021
0.2222222222222222,0.3451805114746094
0.4444444444444444,-1.0472896099090576
0.1111111111111111,-2.139559745788574
0.3333333333333333,-0.5644084811210632
1.2222222222222223,-0.5170953273773193
-1.4444444444444444,-4.792938232421875
2.888888888888889,-0.6015750169754028
14.88888888888889,8.902205467224121
0.1111111111111111,1.5640172958374023
-4.888888888888889,-0.3495994508266449
19.55555555555556,25.321706771850586
-3.7777777777777777,-2.93955659866333
-2.7777777777777777,-5.932565212249756
-4.0,-4.714404106140137
-4.111111111111111,-0.9102143049240112
-0.1111111111111111,-8.875236511230469
2.333333333333333,-2.052255153656006
0.6666666666666666,6.223484516143799
1.0,-3.4616897106170654
-5.111111111111111,-2.3729279041290283
-1.2222222222222223,-2.6868114471435547
-3.111111111111111,-2.2541544437408447
-16.333333333333332,-0.9002900123596191
-7.555555555555555,-2.4319818019866943
-7.777777777777778,-7.829245090484619
-1.5555555555555556,-1.6440783739089966
-7.333333333333333,-3.178760528564453
1.1111111111111112,-0.8749507665634155
3.333333333333333,3.630913019180298
-6.444444444444445,-3.05285906791687
-6.0,0.304149866104126
-1.7777777777777777,-1.0030134916305542
3.2222222222222223,-1.1538435220718384
1.0,-3.1433966159820557
-8.0,-1.5730382204055786
0.4444444444444444,-2.729689121246338
1.8888888888888888,-1.2305901050567627
8.88888888888889,2.2277374267578125
-0.5555555555555556,-0.5952116250991821
-8.444444444444445,-6.06354284286499
0.4444444444444444,-4.367863655090332
-2.7777777777777777,-2.9708075523376465
-3.6666666666666665,-3.410121440887451
-5.222222222222222,-2.9645817279815674
-10.555555555555555,-2.799964666366577
0.6666666666666666,-3.4875173568725586
8.0,2.8702914714813232
0.2222222222222222,2.410175085067749
-2.6666666666666665,2.4666213989257812
-5.111111111111111,-3.7721452713012695
-9.333333333333334,-2.693763256072998
-0.3333333333333333,-1.5849268436431885
2.6666666666666665,-3.1686315536499023
-8.88888888888889,-7.113152027130127
-5.555555555555555,-4.5340776443481445
1.5555555555555556,-3.666656255722046
-4.444444444444445,-4.065919876098633
-8.0,-5.092918872833252
5.222222222222222,-0.47016483545303345
-1.8888888888888888,-0.9090408086776733
-7.555555555555555,-0.5473325848579407
4.0,1.6504595279693604
0.1111111111111111,-0.957311749458313
1.4444444444444444,-1.6154249906539917
-2.0,-2.0275204181671143
-2.7777777777777777,0.2673898935317993
-6.555555555555555,-2.200145721435547
-8.666666666666666,-5.454525470733643
-5.0,-2.6407248973846436
-3.7777777777777777,-0.8957546949386597
9.555555555555555,-1.4505263566970825
-10.22222222222222,-10.298905372619629
9.0,8.8582763671875
-2.7777777777777777,-0.5815888047218323
-1.5555555555555556,-1.7864969968795776
-1.8888888888888888,0.5273404717445374
2.4444444444444446,2.348520517349243
-5.222222222222222,-1.6819301843643188
-1.6666666666666667,-2.21940279006958
5.888888888888889,0.1423603892326355
-6.666666666666667,-5.154961109161377
-0.2222222222222222,-2.4034535884857178
-6.666666666666667,-6.118660926818848
-5.111111111111111,-0.5894661545753479
0.3333333333333333,-0.5784046649932861
-0.4444444444444444,2.8990378379821777
-4.444444444444445,-4.051663398742676
3.4444444444444446,-1.1043938398361206
-0.7777777777777778,-0.4298473000526428
-9.555555555555555,-1.4241520166397095
-5.333333333333333,-3.550192356109619
5.222222222222222,-1.8956115245819092
6.444444444444445,-0.5755916833877563
5.111111111111111,0.7721714973449707
4.888888888888889,-0.5929709672927856
-6.0,-0.4789310395717621
-5.666666666666667,-1.5328552722930908
37.77777777777778,22.618152618408203
-7.111111111111111,-0.18029016256332397
-1.4444444444444444,-0.5726759433746338
6.777777777777778,-1.14096999168396
-9.444444444444445,-1.730549693107605
-6.333333333333333,-1.3386011123657227
-0.4444444444444444,0.8667258620262146
5.111111111111111,0.021442711353302002
9.11111111111111,4.433744430541992
-1.7777777777777777,2.259357452392578
-7.888888888888889,-1.167014479637146
-3.6666666666666665,-2.0356032848358154
-2.888888888888889,2.6293227672576904
-8.0,-7.727026462554932
-2.4444444444444446,-0.9766764640808105
7.888888888888889,5.874356269836426
-0.2222222222222222,-0.5036642551422119
-0.5555555555555556,-3.0058345794677734
-2.7777777777777777,-6.578629016876221
-3.555555555555556,-0.3139530420303345
-0.5555555555555556,-6.39360237121582
-2.111111111111111,-0.27847975492477417
-1.5555555555555556,-2.22524094581604
2.4444444444444446,1.7513941526412964
-8.11111111111111,-2.5330750942230225
-0.6666666666666666,2.3788583278656006
3.0,-2.024841785430908
-1.4444444444444444,-0.70268714427948
9.666666666666666,-1.7624393701553345
3.111111111111111,-0.03949013352394104
-12.555555555555555,-2.8256256580352783
4.666666666666667,5.904128074645996
-12.0,-5.941754341125488
-10.88888888888889,-7.89841365814209
17.11111111111111,-0.19445475935935974
9.22222222222222,1.111951470375061
-1.3333333333333333,-0.2980823516845703
5.666666666666667,-2.080130100250244
-5.666666666666667,-5.04500150680542
-3.888888888888889,-5.06419563293457
-8.11111111111111,-0.8414322137832642
-9.444444444444445,-1.1013565063476562
-2.7777777777777777,-0.6328402757644653
-5.888888888888889,-4.308917999267578
8.555555555555555,-0.283286452293396
-3.555555555555556,-2.469524621963501
2.555555555555556,0.24873071908950806
-25.22222222222222,-6.372916221618652
5.888888888888889,-1.2785792350769043
-2.7777777777777777,-0.7531118988990784
-6.444444444444445,-1.2447857856750488
-17.444444444444443,-1.4584616422653198
-0.1111111111111111,-0.9194132685661316
-4.666666666666667,-6.7731804847717285
-1.7777777777777777,-0.6463513970375061
-0.2222222222222222,-1.5762450695037842
6.111111111111111,0.022640228271484375
-5.444444444444445,-0.7568923234939575
-4.222222222222222,-4.5955047607421875
-3.6666666666666665,-0.08775389194488525
-2.4444444444444446,0.36698830127716064
-10.0,-2.003628730773926
8.333333333333334,3.0931973457336426
25.55555555555556,11.398564338684082
-2.555555555555556,-2.407390832901001
-4.555555555555555,-0.8408442735671997
-1.3333333333333333,-1.299350619316101
22.666666666666668,22.513158798217773
3.2222222222222223,-1.6417083740234375
-3.2222222222222223,-4.329599857330322
-1.2222222222222223,-1.6519994735717773
-1.1111111111111112,-5.2211833000183105
-6.111111111111111,-4.610088348388672
-12.555555555555555,-7.543468952178955
13.11111111111111,-0.355196475982666
8.88888888888889,0.24540504813194275
-2.2222222222222223,-6.947632789611816
-8.666666666666666,-5.033827781677246
-11.555555555555555,-1.9886488914489746
-3.2222222222222223,6.990292549133301
-2.0,0.26236873865127563
-1.5555555555555556,-4.986770153045654
-6.111111111111111,-7.648588180541992
2.0,-0.9470535516738892
-8.333333333333334,-4.3726348876953125
-2.4444444444444446,-2.785705804824829
4.222222222222222,-2.1530473232269287
26.22222222222222,3.9501616954803467
-5.0,-0.9423562288284302
-2.2222222222222223,0.3287457823753357
1.1111111111111112,1.429030179977417
-10.0,-9.204745292663574
4.555555555555555,-0.7853361368179321
3.6666666666666665,-1.957990288734436
-11.666666666666666,-5.8720502853393555
12.22222222222222,11.440865516662598
-0.3333333333333333,-5.174986362457275
-9.11111111111111,-6.790036201477051
-1.4444444444444444,-0.2540707588195801
-3.4444444444444446,-8.973257064819336
-10.11111111111111,-0.7340953946113586
-2.111111111111111,-4.961032867431641
15.666666666666666,11.118656158447266
-3.888888888888889,-2.632556200027466
-3.2222222222222223,-0.05764093995094299
2.0,-1.812129259109497
-4.666666666666667,-0.9294062256813049
1.7777777777777777,-1.7086646556854248
1.0,-5.041115760803223
-1.3333333333333333,-1.5537700653076172
-5.222222222222222,-0.29755592346191406
-0.2222222222222222,5.534130573272705
-3.0,7.242705821990967
-6.555555555555555,-1.4810991287231445
-1.3333333333333333,-4.204705715179443
-2.111111111111111,-0.719926118850708
9.555555555555555,-0.33589109778404236
0.7777777777777778,1.7983161211013794
38.11111111111112,15.886778831481934
0.0,0.4400860667228699
-4.222222222222222,-0.380401611328125
1.3333333333333333,-0.7575317621231079
8.555555555555555,-1.9557825326919556
-3.555555555555556,-6.274502277374268
33.0,9.369638442993164
-4.777777777777778,-3.1187403202056885
29.0,15.648749351501465
-12.555555555555555,-6.395683765411377
2.111111111111111,0.030348241329193115
-3.2222222222222223,-7.338035583496094
-7.111111111111111,-4.754991054534912
-4.222222222222222,-7.324078559875488
-7.444444444444445,-6.563267707824707
-10.0,-4.705089569091797
7.888888888888889,0.6772366762161255
1.6666666666666667,-3.031646966934204
-4.0,-0.7431922554969788
-2.888888888888889,-2.1764636039733887
0.5555555555555556,-1.7049546241760254
-14.333333333333334,-4.767449855804443
-9.0,-1.6259753704071045
-4.888888888888889,-1.5442500114440918
-4.111111111111111,-1.9788978099822998
-0.5555555555555556,-0.6280421018600464
-1.6666666666666667,-2.2973766326904297
-1.3333333333333333,0.06424212455749512
-5.666666666666667,-2.5928657054901123
-6.111111111111111,-2.231241464614868
0.8888888888888888,-0.343126118183136
-5.0,2.7565596103668213
-14.77777777777778,0.6418675780296326
0.8888888888888888,-0.6353115439414978
2.2222222222222223,2.416055679321289
2.7777777777777777,-0.4255743622779846
7.666666666666667,-1.2071881294250488
-2.555555555555556,-0.07638394832611084
-5.111111111111111,1.291520595550537
-1.1111111111111112,-2.530238628387451
8.222222222222221,15.370457649230957
9.333333333333334,-4.235995769500732
7.888888888888889,7.080193042755127
0.3333333333333333,-1.5538651943206787
-8.0,-2.3591978549957275
-7.555555555555555,-1.8929976224899292
-4.777777777777778,-5.348985195159912
-0.3333333333333333,-1.2315959930419922
-5.333333333333333,0.3422895669937134
4.333333333333333,-1.3629590272903442
-1.4444444444444444,-0.1581355631351471
-2.888888888888889,-5.61124849319458
3.111111111111111,-4.5855913162231445
17.333333333333332,8.714872360229492
2.0,-0.5831270813941956
-13.88888888888889,-5.950538635253906
-4.444444444444445,-6.753498077392578
-11.666666666666666,-6.806893348693848
-4.444444444444445,-1.3909430503845215
-4.222222222222222,0.32939159870147705
-7.333333333333333,-0.9538813233375549
-3.2222222222222223,-5.590047359466553
-3.4444444444444446,0.385806679725647
-3.111111111111111,-0.7284283638000488
-5.333333333333333,-0.7879754304885864
7.888888888888889,0.4309121072292328
19.88888888888889,0.46855905652046204
-0.1111111111111111,-1.0710299015045166
-2.555555555555556,-1.5566998720169067
-6.888888888888889,-3.1515493392944336
-6.111111111111111,1.4606987237930298
-1.5555555555555556,-2.3775229454040527
-4.333333333333333,-4.706316947937012
0.6666666666666666,-0.5805313587188721
-24.0,-4.285115718841553
-4.222222222222222,-0.5651065111160278
-1.0,0.5041782855987549
1.3333333333333333,3.7075562477111816
-12.666666666666666,-1.4517828226089478
-7.0,-3.765284776687622
-1.3333333333333333,-2.1815237998962402
-7.0,-6.820362091064453
5.888888888888889,-0.5157946944236755
-8.11111111111111,-6.252273082733154
-5.777777777777778,-0.503516674041748
-2.888888888888889,0.8338847756385803
-12.77777777777778,-3.9580507278442383
-6.444444444444445,-1.5737574100494385
-2.4444444444444446,-3.321363925933838
6.0,6.34815788269043
-8.666666666666666,6.1269025802612305
-2.111111111111111,-0.0652746856212616
11.11111111111111,0.3149079382419586
5.333333333333333,-1.7585684061050415
2.4444444444444446,-0.339722216129303
-3.7777777777777777,-0.6149501800537109
-1.8888888888888888,2.888583183288574
-0.7777777777777778,-7.069775581359863
-5.111111111111111,-4.380805015563965
0.6666666666666666,-6.561968803405762
-1.3333333333333333,0.6059261560440063
18.77777777777778,18.103240966796875
7.0,6.598750114440918
-22.55555555555556,-6.612852096557617
-5.333333333333333,0.04258030652999878
-0.7777777777777778,-1.6443920135498047
10.444444444444445,-1.5692849159240723
-1.4444444444444444,-5.958775997161865
-0.8888888888888888,-3.3178353309631348
10.0,-0.08008304238319397
23.0,6.252194881439209
0.1111111111111111,-0.19230878353118896
-1.6666666666666667,-1.2188986539840698
-8.88888888888889,-0.2207179069519043
-10.444444444444445,-3.727273941040039
-1.0,-2.8555572032928467
0.6666666666666666,-1.8106530904769897
-4.111111111111111,-1.19547438621521
18.11111111111111,1.7763768434524536
-1.3333333333333333,0.8947952389717102
-6.333333333333333,1.8709474802017212
-6.666666666666667,-2.601818561553955
-4.111111111111111,-1.6378200054168701
-7.555555555555555,-4.474399566650391
-10.555555555555555,-5.370535373687744
0.5555555555555556,-2.473358631134033
5.555555555555555,-0.6397562026977539
-0.1111111111111111,-1.654709815979004
-2.888888888888889,-0.7527523040771484
2.4444444444444446,-1.8751657009124756
-2.888888888888889,-1.0720982551574707
18.666666666666668,27.722352981567383
1.2222222222222223,-2.7979722023010254
-2.2222222222222223,-8.047575950622559
-1.0,-1.218122124671936
5.222222222222222,6.196126937866211
4.222222222222222,2.8453245162963867
-0.2222222222222222,-3.1796162128448486
16.444444444444443,3.3357622623443604
-8.0,-1.5469588041305542
-11.666666666666666,-4.493144512176514
0.1111111111111111,2.458805561065674
2.2222222222222223,-2.859684944152832
-5.333333333333333,-3.7411818504333496
-2.333333333333333,0.1299651861190796
-3.555555555555556,-1.0564723014831543
-3.111111111111111,-3.3575587272644043
-9.22222222222222,-1.9799158573150635
-9.666666666666666,-0.8375456929206848
-6.333333333333333,-2.702730894088745
-8.333333333333334,-1.9682574272155762
-11.555555555555555,-7.923191070556641
-8.333333333333334,-11.510109901428223
25.0,-0.5764105916023254
-5.222222222222222,-2.956969976425171
3.555555555555556,-2.5688772201538086
-2.333333333333333,-5.579488277435303
-13.666666666666666,-6.7758870124816895
-2.333333333333333,-0.8360668420791626
-6.444444444444445,-1.618845820426941
10.22222222222222,-0.3385531008243561
-4.888888888888889,-0.2938936948776245
6.444444444444445,3.2013912200927734
2.0,-0.017812281847000122
15.0,0.940116286277771
-10.0,-4.147233486175537
-5.666666666666667,-0.39686352014541626
-3.7777777777777777,0.37984830141067505
1.2222222222222223,-2.763657331466675
-1.4444444444444444,-0.979904294013977
-4.222222222222222,-0.39800137281417847
2.4444444444444446,-0.5582215189933777
2.333333333333333,-0.6228996515274048
-7.666666666666667,0.5957990288734436
-0.2222222222222222,-0.9098649024963379
0.2222222222222222,-0.3695637881755829
1.2222222222222223,-1.5705150365829468
-4.888888888888889,-6.66204309463501
-1.2222222222222223,-0.06914865970611572
0.7777777777777778,-2.6645877361297607
-1.5555555555555556,-0.4122422933578491
-4.444444444444445,-2.2644898891448975
-1.1111111111111112,-2.0169732570648193
-3.111111111111111,-3.294049024581909
-0.2222222222222222,-1.6277974843978882
3.0,0.3394099473953247
30.0,8.210491180419922
12.88888888888889,7.504647731781006
-0.3333333333333333,0.1319485902786255
41.55555555555556,4.281280517578125
-13.333333333333334,-0.14233183860778809
-10.555555555555555,-7.899135112762451
0.7777777777777778,-7.797316551208496
0.3333333333333333,-0.29624801874160767
-3.555555555555556,-1.7107305526733398
7.222222222222222,0.01480710506439209
4.666666666666667,6.701228618621826
-9.88888888888889,0.6445376873016357
-6.111111111111111,-2.483776807785034
-3.4444444444444446,-0.5359963178634644
7.888888888888889,7.6536993980407715
0.2222222222222222,-2.514281749725342
-0.3333333333333333,-1.6900404691696167
2.4444444444444446,6.270035266876221
0.3333333333333333,-0.26384681463241577
-4.777777777777778,1.3756717443466187
-2.111111111111111,2.7255218029022217
-6.111111111111111,-1.6674957275390625
3.333333333333333,-0.006138689815998077
0.8888888888888888,0.43024054169654846
-4.777777777777778,0.23542842268943787
-3.888888888888889,-0.18371236324310303
-10.0,-0.5312754511833191
-21.33333333333333,-1.7150781154632568
-4.444444444444445,-4.434305191040039
2.0,0.21092835068702698
-5.222222222222222,-8.273346900939941
1.2222222222222223,-3.3715600967407227
-9.666666666666666,-0.8144465088844299
-7.222222222222222,-4.282217502593994
-6.555555555555555,-0.705680251121521
-8.777777777777779,-8.538679122924805
-8.11111111111111,-0.22738605737686157
0.3333333333333333,-1.4246597290039062
0.4444444444444444,-1.0538697242736816
0.1111111111111111,-1.415103554725647
13.22222222222222,13.958968162536621
-3.888888888888889,-7.473844528198242
-0.8888888888888888,1.3704670667648315
-4.777777777777778,-6.86529016494751
-9.22222222222222,-2.8313541412353516
3.111111111111111,-3.5995304584503174
2.2222222222222223,-0.5986752510070801
-10.555555555555555,-1.6261814832687378
-1.0,-3.0433037281036377
-11.0,-0.4032626152038574
-4.666666666666667,-1.3566734790802002
-4.0,-2.695672035217285
3.6666666666666665,2.7889904975891113
-1.0,-1.383294939994812
3.0,-1.564200758934021
-9.444444444444445,-0.09225539863109589
3.333333333333333,-0.16522246599197388
-4.111111111111111,-2.3851819038391113
6.555555555555555,0.011140108108520508
3.333333333333333,-2.7246928215026855
-7.222222222222222,-2.6365272998809814
0.4444444444444444,1.5764836072921753
-2.7777777777777777,-5.46345853805542
-2.2222222222222223,-2.2038190364837646
-2.6666666666666665,-4.852871417999268
-1.7777777777777777,-6.4981465339660645
13.22222222222222,13.15876579284668
-3.2222222222222223,2.124297618865967
-6.888888888888889,-4.545836448669434
-8.666666666666666,-6.410859107971191
2.0,-2.003948926925659
0.0,-1.43309485912323
-2.888888888888889,0.944453239440918
-5.888888888888889,-7.524610996246338
5.555555555555555,-0.5989605188369751
-4.0,3.4843406677246094
6.444444444444445,-0.5176206231117249
-3.555555555555556,-2.0558114051818848
-1.3333333333333333,-1.1065917015075684
2.0,-2.120788097381592
-6.0,-1.609230875968933
-18.88888888888889,-1.5126841068267822
-13.555555555555555,-1.7447572946548462
-2.888888888888889,0.6063974499702454
6.444444444444445,1.5645806789398193
-4.111111111111111,-0.4543127715587616
-6.555555555555555,-5.525589942932129
-3.111111111111111,-0.14026117324829102
-1.5555555555555556,-5.316874027252197
-1.7777777777777777,0.3680017590522766
5.555555555555555,-3.5811073780059814
-1.5555555555555556,0.944453239440918
12.77777777777778,-0.6085140705108643
-7.777777777777778,1.5779016017913818
1.3333333333333333,-2.199427604675293
-2.555555555555556,-1.9551899433135986
19.22222222222222,13.15876579284668
4.666666666666667,3.4843406677246094
-5.888888888888889,-1.0099056959152222
-7.888888888888889,-3.004758596420288
10.77777777777778,-1.0875746011734009
32.111111111111114,20.357749938964844
-5.666666666666667,-0.0918874740600586
9.11111111111111,0.2933312654495239
8.777777777777779,-2.354769706726074
-9.11111111111111,-7.219673156738281
4.555555555555555,-0.42520666122436523
3.4444444444444446,-2.6605091094970703
-11.555555555555555,-7.745766639709473
-3.0,-2.419857978820801
-5.222222222222222,0.4221431612968445
1.1111111111111112,0.7718488574028015
-9.555555555555555,-1.1348047256469727
-3.888888888888889,-4.32562255859375
-0.3333333333333333,-4.183159828186035
1.6666666666666667,-1.4618895053863525
-8.555555555555555,-0.02379366010427475
11.333333333333334,-0.07854947447776794
8.88888888888889,-1.611426591873169
-4.222222222222222,-0.6358370780944824
-0.6666666666666666,-0.43435871601104736
-8.333333333333334,-1.4000262022018433
-2.888888888888889,-2.4656026363372803
-9.77777777777778,0.29597583413124084
-2.4444444444444446,-2.3621556758880615
7.222222222222222,-0.07915693521499634
-11.11111111111111,-2.6293416023254395
-3.2222222222222223,1.1843911409378052
3.555555555555556,0.6380701661109924
-1.2222222222222223,-2.515392780303955
-15.11111111111111,0.2597918212413788
-8.222222222222221,-4.803217887878418
1.5555555555555556,-1.1185346841812134
-6.222222222222222,-4.52078914642334
-2.888888888888889,-0.8897511959075928
-1.3333333333333333,-2.362222671508789
4.0,0.34460482001304626
5.666666666666667,4.159717559814453
6.777777777777778,-3.558598041534424
-3.6666666666666665,-4.100417137145996
-5.222222222222222,-2.669325113296509
-6.0,-4.00344705581665
0.4444444444444444,-3.3524858951568604
-4.444444444444445,-1.3043904304504395
-6.888888888888889,-0.4865107238292694
-0.1111111111111111,-3.9846396446228027
-5.555555555555555,-0.36594659090042114
-8.666666666666666,1.6446596384048462
3.4444444444444446,-1.2509106397628784
-0.8888888888888888,-0.9817633628845215
-2.6666666666666665,0.4444558024406433
-1.3333333333333333,-5.052443027496338
2.4444444444444446,-2.2458252906799316
-9.22222222222222,-5.396554946899414
-12.333333333333334,0.584010899066925
25.666666666666668,0.07360583543777466
2.4444444444444446,0.04258906841278076
2.2222222222222223,0.7000947594642639
-1.2222222222222223,-2.553776979446411
-2.6666666666666665,-4.314780235290527
-5.333333333333333,-3.421217918395996
0.0,0.42094457149505615
-1.4444444444444444,-0.023695945739746094
-3.555555555555556,0.7897335886955261
-0.5555555555555556,-8.428499221801758
-5.222222222222222,-2.7426459789276123
-2.0,1.0850589275360107
3.555555555555556,0.42085036635398865
3.555555555555556,-2.745323657989502
-1.0,2.2672202587127686
5.222222222222222,-0.4130967855453491
-11.11111111111111,-0.9902552366256714
-6.222222222222222,-4.517096996307373
-8.11111111111111,-0.5858898758888245
5.333333333333333,-1.213558316230774
-1.8888888888888888,-0.4828168451786041
1.7777777777777777,7.0340094566345215
-1.4444444444444444,-0.7117553353309631
-2.0,-1.7510560750961304
-10.22222222222222,-0.6722482442855835
2.2222222222222223,-0.9095115661621094
7.111111111111111,0.39594048261642456
-5.0,-6.897658824920654
23.33333333333333,0.38568273186683655
2.888888888888889,-4.151243209838867
-0.3333333333333333,-1.5799471139907837
-2.7777777777777777,-0.9716415405273438
20.11111111111111,-0.6681457757949829
-6.555555555555555,-0.5339800119400024
-5.888888888888889,0.2580844759941101
-13.0,-2.975102663040161
-2.6666666666666665,0.19175449013710022
-4.666666666666667,4.789525985717773
0.8888888888888888,-1.0630532503128052
-2.111111111111111,-5.18687629699707
21.55555555555556,15.288901329040527
4.444444444444445,-3.7559754848480225
1.2222222222222223,-7.996492385864258
13.333333333333334,9.895977020263672
-17.22222222222222,-4.237868785858154
13.11111111111111,10.18157958984375
3.555555555555556,-1.0916105508804321
-3.4444444444444446,-6.316009521484375
11.22222222222222,1.7044787406921387
-4.555555555555555,-0.021281003952026367
1.4444444444444444,-4.776293754577637
-5.0,-0.5624250769615173
15.22222222222222,15.512781143188477
4.444444444444445,1.4805266857147217
-7.666666666666667,0.8444928526878357
-3.111111111111111,-3.8303470611572266
-6.666666666666667,-1.4181666374206543
0.4444444444444444,-0.3690086007118225
-4.111111111111111,-6.007848739624023
-2.2222222222222223,-3.0074987411499023
16.88888888888889,12.355572700500488
-4.0,-4.677683353424072
-11.333333333333334,-6.839420318603516
0.5555555555555556,0.14740830659866333
8.777777777777779,10.901832580566406
1.0,-0.1399000883102417
-3.2222222222222223,-7.022292613983154
0.0,-1.3370243310928345
3.2222222222222223,-1.679220199584961
1.2222222222222223,-0.7524445056915283
-4.111111111111111,-4.99649715423584
-2.4444444444444446,0.9296450614929199
2.0,-2.8046131134033203
-4.444444444444445,-2.183115005493164
-8.666666666666666,-2.7715203762054443
-1.7777777777777777,-1.6286183595657349
-4.333333333333333,-6.460468769073486
-5.333333333333333,1.3840351104736328
2.0,-2.4524989128112793
-0.2222222222222222,-1.3268165588378906
4.222222222222222,-1.4656262397766113
6.444444444444445,-1.2474673986434937
-15.88888888888889,-2.8033363819122314
21.0,23.115076065063477
9.444444444444445,3.7208306789398193
1.2222222222222223,-0.5771647691726685
-7.888888888888889,-2.0754196643829346
-2.4444444444444446,-4.773346900939941
4.111111111111111,-0.8160330057144165
3.888888888888889,4.308322906494141
-4.111111111111111,-4.27799654006958
-5.333333333333333,-5.64423942565918
31.22222222222222,15.676226615905762
-4.888888888888889,-4.081498146057129
-5.777777777777778,-3.6633377075195312
-1.8888888888888888,-1.349191427230835
19.55555555555556,0.7491744756698608
-2.0,-3.2694668769836426
3.111111111111111,-0.14313256740570068
-1.1111111111111112,-4.768991947174072
11.22222222222222,0.6735625863075256
3.555555555555556,0.2685280740261078
-0.8888888888888888,-3.0503339767456055
24.88888888888889,18.55129051208496
-4.111111111111111,0.10047835111618042
13.88888888888889,9.871954917907715
-1.5555555555555556,-2.3244996070861816
-7.111111111111111,-5.649277210235596
-15.666666666666666,-6.270899772644043
-22.88888888888889,-6.179006099700928
9.666666666666666,-1.4915190935134888
2.2222222222222223,1.2417919635772705
-3.4444444444444446,-4.595725059509277
-6.555555555555555,-5.500631332397461
-14.0,-0.6901124715805054
2.2222222222222223,0.5489499568939209
1.2222222222222223,-1.2704907655715942
-5.333333333333333,-0.7047456502914429
-6.333333333333333,-3.252211093902588
-4.0,-0.6249628663063049
-3.2222222222222223,-2.343122720718384
-1.8888888888888888,-5.375368118286133
0.3333333333333333,-2.3634965419769287
7.777777777777778,0.3814733624458313
-1.0,-4.540741920471191
-1.6666666666666667,-0.5665534734725952
-17.22222222222222,-4.936365604400635
-2.333333333333333,-1.7126684188842773
11.666666666666666,11.518736839294434
-0.6666666666666666,0.3402414321899414
1.2222222222222223,-4.140659332275391
19.33333333333333,3.183558940887451
-3.888888888888889,-3.06290602684021
9.333333333333334,-1.6774799823760986
-2.555555555555556,0.7474278807640076
-7.555555555555555,-6.643046855926514
-0.1111111111111111,-1.267695665359497
3.888888888888889,-0.9457627534866333
-7.888888888888889,-3.0086426734924316
-1.0,0.08267909288406372
-1.2222222222222223,0.489093542098999
-6.222222222222222,-0.926605224609375
-1.3333333333333333,-4.707684516906738
-3.4444444444444446,-4.300029754638672
0.7777777777777778,-0.7579009532928467
-6.333333333333333,-3.6634058952331543
-8.666666666666666,-2.570275068283081
-0.3333333333333333,-2.1466290950775146
1.1111111111111112,4.90064001083374
3.7777777777777777,5.389599323272705
-4.888888888888889,-6.193994998931885
7.666666666666667,0.684386670589447
7.333333333333333,-0.4301290512084961
10.11111111111111,-4.056028842926025
-2.7777777777777777,-2.1335840225219727
-3.555555555555556,-0.10724616050720215
-4.0,0.5333553552627563
-5.333333333333333,-0.1657024621963501
1.6666666666666667,-2.7784130573272705
-2.555555555555556,-1.474462866783142
12.22222222222222,14.287874221801758
-2.888888888888889,-1.0831559896469116
-4.444444444444445,-1.0034338235855103
-3.6666666666666665,-1.004713773727417
-0.7777777777777778,-4.129944324493408
6.333333333333333,0.08368289470672607
-9.555555555555555,-0.4727330207824707
-6.111111111111111,-3.3710718154907227
0.8888888888888888,-1.5793100595474243
4.222222222222222,-0.3559715449810028
-26.0,-1.212060570716858
12.88888888888889,0.743495762348175
-4.444444444444445,-1.5192538499832153
-3.6666666666666665,-1.7948802709579468
2.0,-0.44470465183258057
-8.11111111111111,-3.251953125
-0.2222222222222222,-10.864131927490234
4.888888888888889,1.6789047718048096
-4.888888888888889,-3.7793166637420654
-3.555555555555556,-2.0841410160064697
6.888888888888889,3.5606906414031982
13.333333333333334,12.862038612365723
1.5555555555555556,-1.9487957954406738
-3.4444444444444446,2.3469958305358887
0.1111111111111111,-0.8719125390052795
3.2222222222222223,-2.3126180171966553
-6.222222222222222,-3.2038207054138184
-7.0,-0.3215935230255127
4.333333333333333,0.43419748544692993
0.7777777777777778,0.2697017192840576
2.4444444444444446,-2.1302149295806885
-0.2222222222222222,-2.6822450160980225
7.333333333333333,0.6506446599960327
0.3333333333333333,0.3180939555168152
-2.6666666666666665,1.6998069286346436
0.2222222222222222,-1.5575743913650513
-2.555555555555556,-4.783127784729004
-2.2222222222222223,0.5660055875778198
-1.2222222222222223,-0.08566534519195557
8.777777777777779,3.3947372436523438
-1.3333333333333333,-1.6174565553665161
5.222222222222222,-2.3792004585266113
0.1111111111111111,-1.9324226379394531
-3.333333333333333,-2.8749873638153076
2.6666666666666665,-1.5067065954208374
-6.555555555555555,-4.28874397277832
-17.88888888888889,-7.17523193359375
5.555555555555555,0.1097036600112915
6.333333333333333,-0.5613247156143188
4.777777777777778,0.3013418912887573
11.22222222222222,-0.30263662338256836
1.6666666666666667,-0.39868953824043274
-11.22222222222222,-6.3271164894104
-4.555555555555555,-3.119544744491577
-4.222222222222222,-2.8780906200408936
0.5555555555555556,-1.7524290084838867
-8.11111111111111,-5.17861795425415
10.0,9.563045501708984
3.888888888888889,-0.6004415154457092
-2.555555555555556,-2.2420878410339355
-3.333333333333333,-4.947558403015137
0.7777777777777778,0.23989993333816528
-4.0,-0.9342073798179626
-2.333333333333333,-3.5788731575012207
1.8888888888888888,-1.5542323589324951
19.88888888888889,3.6178362369537354
-12.333333333333334,-5.968637466430664
-5.222222222222222,-0.3166077136993408
-7.777777777777778,-3.0834240913391113
0.6666666666666666,-0.77907395362854
0.7777777777777778,0.13209426403045654
4.444444444444445,-1.7236031293869019
-5.111111111111111,-1.887008786201477
-3.333333333333333,-0.5281662940979004
-14.77777777777778,-6.331546306610107
5.0,-1.7349580526351929
-2.0,-0.6820949912071228
-1.6666666666666667,-1.4008021354675293
-1.5555555555555556,0.10727763175964355
-2.4444444444444446,-5.841726779937744
7.777777777777778,14.249211311340332
1.2222222222222223,-0.8583361506462097
-9.11111111111111,-6.2495527267456055
-1.8888888888888888,-6.698407173156738
-5.555555555555555,-0.8417825102806091
1.3333333333333333,-1.0109152793884277
-0.5555555555555556,-0.1387200951576233
-7.222222222222222,-2.769717216491699
15.444444444444445,24.701210021972656
-13.22222222222222,4.210723876953125
-6.111111111111111,-5.390342712402344
-0.7777777777777778,-3.3128976821899414
-13.0,-1.44431471824646
-7.111111111111111,-3.7296056747436523
-5.777777777777778,-0.8744189143180847
-2.111111111111111,-0.6627936959266663
-5.444444444444445,-6.233668327331543
-3.333333333333333,-1.3933240175247192
0.0,-0.19050729274749756
3.0,-0.02679586410522461
26.444444444444443,22.756675720214844
2.6666666666666665,-0.5919526219367981
-6.555555555555555,-0.02679586410522461
-4.777777777777778,-1.4743386507034302
5.222222222222222,9.068929672241211
-16.666666666666668,-5.5391058921813965
5.888888888888889,-2.0556817054748535
-5.0,-1.4936473369598389
-4.555555555555555,-6.659919738769531
-4.555555555555555,0.6832336187362671
2.2222222222222223,-6.0971150398254395
1.5555555555555556,-1.5554611682891846
-0.8888888888888888,-1.2943899631500244
-8.444444444444445,-1.528646469116211
-2.7777777777777777,-1.5705829858779907
4.0,0.49672675132751465
-0.1111111111111111,-0.3285755515098572
7.555555555555555,-1.2108532190322876
-2.333333333333333,-2.1445419788360596
-4.333333333333333,-1.3845525979995728
0.3333333333333333,-2.7068498134613037
-3.0,0.03356146812438965
3.333333333333333,-2.2223167419433594
-4.555555555555555,-0.4382550120353699
1.3333333333333333,-1.7847156524658203
1.6666666666666667,-0.8584839701652527
-4.555555555555555,-7.360031604766846
15.22222222222222,-1.211607575416565
-3.7777777777777777,-1.482167363166809
-0.3333333333333333,-2.078941583633423
-2.111111111111111,-3.8894755840301514
-1.7777777777777777,-1.4087657928466797
-0.7777777777777778,-0.06806206703186035
-4.888888888888889,-4.122885227203369
-3.111111111111111,-0.21503710746765137
-1.4444444444444444,-5.499334335327148
-5.777777777777778,-5.563935279846191
16.88888888888889,18.60567855834961
0.1111111111111111,-0.6973686218261719
-4.888888888888889,-1.0425010919570923
3.4444444444444446,-0.9838699698448181
-2.555555555555556,-1.5339133739471436
0.0,-2.3986384868621826
0.8888888888888888,-0.5006899237632751
-20.0,-0.908204197883606
3.333333333333333,-5.065860271453857
-2.4444444444444446,-0.4353342056274414
-8.777777777777779,-0.9986917972564697
-6.666666666666667,-2.4449610710144043
-2.888888888888889,-0.12942397594451904
-5.444444444444445,3.091204881668091
-8.555555555555555,-2.788472890853882
-0.4444444444444444,-1.1649302244186401
-2.111111111111111,-1.4810419082641602
3.4444444444444446,1.1127136945724487
-7.333333333333333,-1.0915744304656982
-1.4444444444444444,-1.7961822748184204
-11.88888888888889,-0.6187447905540466
-5.555555555555555,-0.1328289806842804
-6.333333333333333,-0.2414276897907257
-1.0,-3.2903225421905518
0.4444444444444444,-0.431110680103302
-11.444444444444445,-7.071264743804932
7.222222222222222,0.5376315116882324
-2.333333333333333,-0.5869831442832947
-8.222222222222221,-3.26363205909729
1.7777777777777777,0.10995787382125854
-11.333333333333334,-7.325071334838867
-4.333333333333333,-0.8276790976524353
-9.555555555555555,-0.9807974100112915
0.4444444444444444,6.095808029174805
-8.777777777777779,-10.272921562194824
-8.333333333333334,0.5339269638061523
-2.333333333333333,-1.5957313776016235
19.55555555555556,3.273858070373535
-7.222222222222222,-4.7165327072143555
-2.888888888888889,2.5028460025787354
-19.77777777777778,-7.723616123199463
7.111111111111111,-1.4797078371047974
-4.0,-1.9142680168151855
-8.444444444444445,-2.6732170581817627
6.444444444444445,0.27512845396995544
13.11111111111111,1.0938156843185425
-1.6666666666666667,-0.40158283710479736
1.7777777777777777,-0.2536062002182007
-3.6666666666666665,-0.30427002906799316
15.444444444444445,19.96352195739746
-0.3333333333333333,14.663963317871094
37.0,20.59720802307129
-4.666666666666667,-0.8300942778587341
-6.0,-0.06900399923324585
34.55555555555556,21.114852905273438
-1.7777777777777777,-0.05054879188537598
-3.888888888888889,-2.2742502689361572
20.77777777777778,10.607138633728027
-4.777777777777778,-0.0025511980056762695
-4.555555555555555,-5.804220199584961
-10.88888888888889,0.13548177480697632
-19.88888888888889,-16.738924026489258
0.3333333333333333,-3.3301050662994385
-0.6666666666666666,-3.699425458908081
-11.444444444444445,-2.562483787536621
-6.666666666666667,0.06935282051563263
23.666666666666668,-0.2300916314125061
2.0,0.5083891749382019
-4.222222222222222,-2.1050872802734375
-3.2222222222222223,-0.9615797400474548
-2.555555555555556,-3.3259694576263428
-0.6666666666666666,0.012420177459716797
-6.222222222222222,-2.5623021125793457
2.888888888888889,-2.517517328262329
-0.8888888888888888,0.05643349885940552
0.1111111111111111,-1.728166937828064
0.6666666666666666,-2.1244778633117676
-23.88888888888889,-1.561302661895752
-2.555555555555556,-1.6420693397521973
0.5555555555555556,15.950023651123047
-3.0,-3.776332378387451
-10.555555555555555,-5.109917640686035
3.333333333333333,4.454613208770752
3.111111111111111,2.1811349391937256
0.2222222222222222,-0.25612127780914307
-2.7777777777777777,-0.9198452234268188
-1.3333333333333333,-2.053834915161133
-2.6666666666666665,-1.636874794960022
-10.555555555555555,-1.0267513990402222
-2.0,-7.797328472137451
-1.7777777777777777,-1.682289958000183
-1.4444444444444444,-1.9273383617401123
-12.88888888888889,-1.459475040435791
-5.666666666666667,5.257991790771484
23.0,9.78735065460205
0.2222222222222222,-0.17698782682418823
14.666666666666666,-0.4353070855140686
5.0,-1.811663031578064
-4.222222222222222,1.5355935096740723
-8.0,-5.758913040161133
1.5555555555555556,-1.4012842178344727
0.1111111111111111,-1.0864163637161255
2.333333333333333,-2.329855442047119
-3.7777777777777777,-2.7189860343933105
-0.2222222222222222,-0.33605578541755676
2.555555555555556,-1.3487297296524048
-10.333333333333334,-4.538928985595703
0.3333333333333333,0.8137118220329285
-7.0,-2.6835317611694336
-9.88888888888889,-6.535065174102783
4.666666666666667,-4.387362480163574
-1.8888888888888888,-0.44381529092788696
-3.888888888888889,-0.9810364246368408
-13.0,-1.6401435136795044
4.333333333333333,-0.7179600596427917
-2.7777777777777777,-6.028354644775391
-2.4444444444444446,-2.5222084522247314
9.444444444444445,8.779637336730957
14.666666666666666,0.5489805936813354
-5.555555555555555,-2.8462331295013428
-3.4444444444444446,-1.5046494007110596
-9.333333333333334,-9.220163345336914
-1.8888888888888888,-0.49267578125
-2.333333333333333,-2.0980873107910156
5.555555555555555,6.979581356048584
-3.111111111111111,-2.7555150985717773
11.88888888888889,11.67475700378418
-10.22222222222222,-4.517066955566406
2.888888888888889,-0.8532616496086121
9.555555555555555,-0.2882313132286072
-0.4444444444444444,1.2692015171051025
-7.333333333333333,-0.2050153613090515
-8.666666666666666,-5.282092571258545
-5.777777777777778,-0.1255183219909668
6.777777777777778,-1.437240481376648
-7.444444444444445,-1.4753704071044922
-0.5555555555555556,0.13783371448516846
-2.7777777777777777,0.21309766173362732
-4.222222222222222,0.8708451390266418
-3.555555555555556,0.8792416453361511
0.4444444444444444,4.469677925109863
2.6666666666666665,0.934483528137207
15.444444444444445,23.733047485351562
0.8888888888888888,-0.3604736626148224
-3.0,-2.0961482524871826
-3.888888888888889,-0.9956207871437073
-2.888888888888889,-6.2585129737854
-8.333333333333334,0.11017626523971558
-5.333333333333333,-2.17020845413208
-2.0,-2.359811544418335
-5.111111111111111,-6.081325054168701
-1.6666666666666667,-2.1090247631073
1.8888888888888888,-0.6965318322181702
-6.0,-0.6107428669929504
3.6666666666666665,0.1528158187866211
4.444444444444445,-0.28602761030197144
-6.333333333333333,-6.016807556152344
-5.0,-2.123382568359375
-4.222222222222222,-1.1970243453979492
-4.111111111111111,-3.2846202850341797
-0.7777777777777778,-0.12556302547454834
0.3333333333333333,-0.38651299476623535
-2.888888888888889,-1.5169429779052734
-2.7777777777777777,1.1090750694274902
5.666666666666667,-0.9548971652984619
-2.7777777777777777,-1.4074256420135498
0.3333333333333333,-2.0714950561523438
0.6666666666666666,-1.338686466217041
-10.666666666666666,-12.557032585144043
-8.88888888888889,-5.664414882659912
2.4444444444444446,-0.007136702537536621
-13.555555555555555,-9.009475708007812
2.4444444444444446,4.7612810134887695
-1.6666666666666667,-1.0615204572677612
18.444444444444443,-2.9566845893859863
-3.333333333333333,4.762856483459473
-2.888888888888889,-2.8792524337768555
-4.222222222222222,-3.4841465950012207
-1.1111111111111112,0.3297555148601532
-3.7777777777777777,-0.4093208312988281
31.11111111111111,-0.4336404800415039
-2.2222222222222223,1.2734222412109375
-3.555555555555556,-5.683040618896484
-3.888888888888889,-3.2270443439483643
-6.666666666666667,-4.858477592468262
-1.5555555555555556,-1.3324940204620361
0.5555555555555556,-1.7075915336608887
-4.222222222222222,-4.749320030212402
-18.22222222222222,-8.261303901672363
-2.333333333333333,-2.401836395263672
0.2222222222222222,1.1732624769210815
3.2222222222222223,-1.325810432434082
3.4444444444444446,0.08307301998138428
-2.333333333333333,-0.989754319190979
2.7777777777777777,-2.4196970462799072
1.3333333333333333,-1.243254542350769
-4.777777777777778,-2.658247947692871
-8.11111111111111,-9.268088340759277
-0.7777777777777778,-3.6082704067230225
-7.444444444444445,-2.6288063526153564
1.3333333333333333,3.593813896179199
-3.111111111111111,0.008079171180725098
13.444444444444445,11.72614860534668
13.77777777777778,3.3939409255981445
-2.888888888888889,-2.803570508956909
-3.111111111111111,-1.2925673723220825
-4.333333333333333,-0.8098244667053223
3.2222222222222223,9.90162181854248
-0.1111111111111111,-3.058377981185913
0.3333333333333333,2.304058313369751
0.0,-2.51997709274292
7.111111111111111,0.2850923538208008
24.22222222222222,17.943124771118164
-6.0,-7.607710361480713
-11.0,-1.999823808670044
-2.111111111111111,-0.807637095451355
-2.4444444444444446,-2.0850372314453125
-2.2222222222222223,-1.3136810064315796
4.222222222222222,-0.20276615023612976
-9.22222222222222,-1.0680122375488281
10.333333333333334,-0.4932917356491089
-3.555555555555556,-0.7071395516395569
17.555555555555557,16.262142181396484
1.8888888888888888,0.4001563787460327
1.8888888888888888,-0.25091683864593506
-5.666666666666667,-4.8617844581604
14.88888888888889,5.854135513305664
0.6666666666666666,2.2807512283325195
1.1111111111111112,-0.00505673885345459
-3.333333333333333,-0.7706727981567383
3.4444444444444446,3.482832908630371
-6.555555555555555,-2.068725824356079
-6.888888888888889,-7.07235050201416
-2.888888888888889,-2.700404644012451
-2.2222222222222223,-4.842716217041016
2.333333333333333,0.5016748905181885
-4.666666666666667,-0.6252740025520325
-2.888888888888889,-3.734393835067749
-0.7777777777777778,1.7421880960464478
-9.77777777777778,-3.1998815536499023
-4.111111111111111,-6.64715051651001
-7.777777777777778,-5.357942581176758
-4.111111111111111,-1.3001055717468262
0.8888888888888888,-0.6196784377098083
-7.666666666666667,-3.2243592739105225
-4.333333333333333,-1.0486891269683838
-11.666666666666666,4.072155475616455
0.2222222222222222,-1.6556559801101685
-3.0,-1.6501634120941162
-3.0,-2.326948881149292
8.444444444444445,11.332804679870605
-6.333333333333333,0.17103606462478638
-8.333333333333334,-8.727646827697754
-0.3333333333333333,0.3040710687637329
-7.222222222222222,-1.3270597457885742
-0.3333333333333333,5.23405122756958
4.222222222222222,0.533799409866333
-2.555555555555556,0.7116125822067261
-8.444444444444445,-6.380765914916992
-4.111111111111111,-0.34844428300857544
-0.1111111111111111,-3.3721654415130615
-2.555555555555556,-3.2121291160583496
-2.4444444444444446,-2.177703857421875
-2.888888888888889,-1.0827025175094604
10.11111111111111,0.42038172483444214
-2.4444444444444446,-0.3176102042198181
7.0,0.27585089206695557
-4.222222222222222,-9.521028518676758
-2.4444444444444446,0.25336310267448425
-12.11111111111111,1.2508940696716309
0.3333333333333333,2.253574848175049
6.111111111111111,-1.2092227935791016
-16.666666666666668,-6.689662456512451
1.8888888888888888,4.552379131317139
3.6666666666666665,0.888592004776001
0.8888888888888888,-0.09362292289733887
-6.777777777777778,-0.33048319816589355
-9.333333333333334,-1.7510104179382324
-13.0,-2.1804182529449463
1.3333333333333333,-0.9989087581634521
2.333333333333333,9.26262092590332
-2.888888888888889,-1.4880765676498413
-8.0,0.32620760798454285
1.3333333333333333,0.7974131107330322
-1.0,-0.5180814266204834
1.6666666666666667,-0.7475354671478271
8.333333333333334,-1.119661569595337
3.6666666666666665,14.599478721618652
-3.111111111111111,-2.081303834915161
-7.444444444444445,-2.0873305797576904
2.6666666666666665,-1.6546553373336792
11.22222222222222,8.115675926208496
-2.0,-6.789583683013916
-2.555555555555556,-1.0156883001327515
-6.111111111111111,-0.6863272786140442
-5.111111111111111,-2.3029050827026367
-8.777777777777779,-1.4908658266067505
-10.11111111111111,-9.604931831359863
-0.5555555555555556,0.11181996762752533
1.8888888888888888,-3.041038990020752
-0.2222222222222222,-1.6135666370391846
-13.666666666666666,-2.453209161758423
1.6666666666666667,-4.990739345550537
6.444444444444445,-1.9448866844177246
-5.111111111111111,0.6170114278793335
-1.0,1.357987403869629
2.6666666666666665,-2.136545181274414
-4.111111111111111,-2.772998094558716
-2.2222222222222223,3.0844480991363525
-0.3333333333333333,-4.728573322296143
-4.888888888888889,0.11498266458511353
25.11111111111111,18.238784790039062
-10.88888888888889,0.5360150337219238
2.555555555555556,-2.1117358207702637
-0.4444444444444444,-3.5865705013275146
-19.55555555555556,-2.066312789916992
-0.8888888888888888,-0.6924268007278442
-6.555555555555555,-4.843513011932373
-4.222222222222222,-0.9647965431213379
-5.0,-0.45608675479888916
-4.444444444444445,-1.7209515571594238
-2.333333333333333,-3.8730108737945557
-3.888888888888889,-1.1121468544006348
-2.111111111111111,-5.6170854568481445
-6.111111111111111,-4.080617904663086
2.2222222222222223,-1.1354284286499023
-8.88888888888889,-9.133313179016113
1.8888888888888888,-1.584608793258667
24.77777777777778,21.862865447998047
0.3333333333333333,0.026702910661697388
-2.2222222222222223,-3.1563901901245117
8.555555555555555,-2.3153650760650635
-2.7777777777777777,-1.037818193435669
3.4444444444444446,0.15095603466033936
-2.555555555555556,-2.04951548576355
2.555555555555556,-1.6465460062026978
28.88888888888889,20.032785415649414
-18.11111111111111,-6.299822807312012
-5.666666666666667,4.319741249084473
-1.0,3.2390995025634766
0.3333333333333333,0.5637962818145752
0.3333333333333333,-2.1266062259674072
-1.3333333333333333,-0.6973623037338257
-4.888888888888889,-2.915022850036621
-7.555555555555555,-3.5055904388427734
-6.888888888888889,-3.6010117530822754
-4.0,-3.279456615447998
1.6666666666666667,-0.9513275027275085
8.666666666666666,0.001774430274963379
1.7777777777777777,-1.9619940519332886
0.1111111111111111,-0.33052802085876465
13.88888888888889,0.728804886341095
-0.3333333333333333,-1.3585026264190674
8.444444444444445,-3.579371452331543
-0.2222222222222222,-3.6425321102142334
-6.555555555555555,-0.026737332344055176
2.6666666666666665,1.1412440538406372
-4.555555555555555,-1.1853808164596558
-0.5555555555555556,4.342136383056641
-1.0,-0.38919639587402344
14.666666666666666,-0.9204080104827881
-2.4444444444444446,-8.525383949279785
-1.0,-5.194828510284424
-12.0,-9.48422908782959
-0.5555555555555556,-0.3994535207748413
-0.8888888888888888,-2.6839568614959717
-6.888888888888889,0.3792816400527954
-4.555555555555555,-4.613282680511475
0.1111111111111111,0.375404953956604
-5.333333333333333,-2.2216219902038574
-6.777777777777778,-1.449053406715393
27.88888888888889,25.868314743041992
-7.888888888888889,-2.3390252590179443
-0.2222222222222222,-1.4214011430740356
6.222222222222222,6.2269792556762695
-14.444444444444445,-0.14015305042266846
-5.555555555555555,-8.781558990478516
-13.555555555555555,-2.1621017456054688
-9.88888888888889,-1.5653185844421387
-7.333333333333333,0.09908042103052139
0.0,-7.985652923583984
0.1111111111111111,-0.9252862930297852
-5.555555555555555,8.018938064575195
-8.666666666666666,-8.556147575378418
-4.666666666666667,-4.696410655975342
0.4444444444444444,0.846792459487915
0.0,-0.7852137088775635
-5.444444444444445,-0.2919578552246094
0.2222222222222222,-6.173840045928955
-16.555555555555557,-11.940106391906738
5.222222222222222,-0.18052440881729126
-4.333333333333333,-1.4011716842651367
-2.555555555555556,-2.5412423610687256
15.11111111111111,-0.49451273679733276
-0.6666666666666666,0.7917438745498657
-0.4444444444444444,-0.20643848180770874
-4.333333333333333,-1.2618590593338013
-3.7777777777777777,1.598833441734314
-2.333333333333333,3.052737236022949
2.555555555555556,-8.7761812210083
15.88888888888889,-0.845960259437561
-21.88888888888889,-7.5481038093566895
21.444444444444443,19.998554229736328
4.333333333333333,-1.4380509853363037
-1.2222222222222223,-3.544175386428833
1.2222222222222223,-1.0530776977539062
-3.6666666666666665,-7.273600101470947
3.0,-1.0130082368850708
-2.333333333333333,-0.3488277494907379
-3.888888888888889,0.0777902603149414
14.444444444444445,-2.36620831489563
-4.666666666666667,0.18399733304977417
-4.0,0.19109642505645752
3.0,-1.1890252828598022
-6.555555555555555,0.19276881217956543
-4.333333333333333,6.597878932952881
6.888888888888889,-0.4034639894962311
0.4444444444444444,-1.2081270217895508
-3.6666666666666665,-0.8309344053268433
28.444444444444443,0.5124198198318481
3.0,-0.7772322297096252
-24.11111111111111,-7.812043190002441
14.22222222222222,4.101912498474121
10.666666666666666,-0.5571394562721252
3.4444444444444446,5.7069501876831055
-6.888888888888889,0.1318875551223755
0.0,-3.995584011077881
9.11111111111111,11.285292625427246
-2.888888888888889,-2.197880744934082
-11.0,-4.700047969818115
-4.111111111111111,-2.4836924076080322
-4.777777777777778,-0.6303118467330933
22.11111111111111,-0.4147142767906189
8.222222222222221,0.04266737401485443
-4.777777777777778,-1.2081998586654663
-5.444444444444445,-5.037748336791992
1.5555555555555556,0.7650189995765686
-3.4444444444444446,-3.256392478942871
-2.555555555555556,-0.3985811471939087
-5.111111111111111,-0.825538158416748
-11.333333333333334,0.9673693180084229
-5.777777777777778,-1.2042617797851562
-10.555555555555555,-5.553994178771973
-13.666666666666666,-0.08323392271995544
-4.888888888888889,-0.20867136120796204
1.2222222222222223,-0.33451831340789795
-5.888888888888889,-2.3102166652679443
-2.555555555555556,-5.252498149871826
-9.333333333333334,0.6752965450286865
-9.22222222222222,-1.1788618564605713
-8.333333333333334,0.9511160254478455
-2.0,0.7205977439880371
-5.333333333333333,-2.361841917037964
-0.2222222222222222,-0.09077519178390503
0.4444444444444444,1.367661714553833
-3.333333333333333,-0.28934288024902344
1.5555555555555556,-0.310455322265625
-2.2222222222222223,-4.727146148681641
-3.888888888888889,-4.446231842041016
11.444444444444445,10.223908424377441
12.666666666666666,6.667822360992432
1.3333333333333333,-0.941049337387085
-5.555555555555555,-2.741553544998169
-2.0,-0.9375773072242737
-2.0,0.24833917617797852
-5.222222222222222,-4.79478645324707
-0.5555555555555556,0.2921754717826843
9.333333333333334,10.467137336730957
5.333333333333333,-3.0501315593719482
-6.0,-5.568300724029541
-4.777777777777778,-1.4700325727462769
-5.555555555555555,0.41861557960510254
-7.333333333333333,-8.913958549499512
9.444444444444445,4.477827548980713
2.555555555555556,-4.894448757171631
-1.2222222222222223,0.45711201429367065
-1.1111111111111112,-0.5668867826461792
-10.0,-13.054314613342285
0.4444444444444444,-2.2199831008911133
-4.444444444444445,-0.14232683181762695
-9.666666666666666,-2.2325127124786377
1.3333333333333333,-4.418968200683594
-0.8888888888888888,0.3445051312446594
-1.7777777777777777,-5.712252140045166
2.2222222222222223,-2.1479668617248535
-2.2222222222222223,-5.830379009246826
0.5555555555555556,-3.98435115814209
-9.88888888888889,-7.638520240783691
4.444444444444445,10.571105003356934
-1.0,-0.6859215497970581
-2.888888888888889,-6.209254264831543
-6.0,-11.149776458740234
-0.2222222222222222,1.6910769939422607
-5.222222222222222,-1.3231183290481567
-3.0,2.8845179080963135
0.5555555555555556,-0.09163403511047363
-5.0,-2.715658187866211
-2.6666666666666665,-2.5282955169677734
-10.444444444444445,-2.0683016777038574
-0.7777777777777778,-5.765594005584717
7.111111111111111,-1.3884795904159546
-4.222222222222222,-0.7434656023979187
2.111111111111111,0.8388774991035461
-0.1111111111111111,-0.7962813973426819
42.55555555555556,21.060894012451172
-8.11111111111111,-7.259986877441406
-3.6666666666666665,-2.9936249256134033
-4.777777777777778,-6.094998836517334
1.7777777777777777,-5.646358966827393
7.222222222222222,-1.3849620819091797
-2.111111111111111,-4.304090976715088
-9.0,-3.8657515048980713
1.3333333333333333,2.7872495651245117
-1.4444444444444444,-1.7820841073989868
32.44444444444444,12.378754615783691
10.0,9.527280807495117
-5.666666666666667,-0.3865880072116852
4.111111111111111,-2.323077440261841
-9.0,-2.7329165935516357
21.22222222222222,18.945919036865234
-6.666666666666667,-4.251870155334473
3.0,-0.267438143491745
-1.4444444444444444,-1.283488154411316
-0.2222222222222222,-1.2911208868026733
-1.1111111111111112,-0.37877142429351807
-8.555555555555555,-0.23263290524482727
0.7777777777777778,-2.1939306259155273
4.555555555555555,-2.299609422683716
4.222222222222222,-1.1868120431900024
-41.333333333333336,-6.372664451599121
-4.888888888888889,-7.079517841339111
4.555555555555555,16.07703399658203
2.2222222222222223,-0.41317400336265564
-1.5555555555555556,-1.5125837326049805
-0.4444444444444444,-0.31405818462371826
-0.8888888888888888,0.40903782844543457
10.0,18.114547729492188
-8.222222222222221,-2.798703908920288
18.444444444444443,-1.7962487936019897
-4.888888888888889,-1.1239526271820068
0.1111111111111111,-4.894566059112549
-5.555555555555555,-14.21705150604248
-2.4444444444444446,-3.302546501159668
-5.222222222222222,-2.061353921890259
29.666666666666668,15.235834121704102
0.0,-0.37168699502944946
2.2222222222222223,-0.18743717670440674
20.88888888888889,-0.17835292220115662
-2.333333333333333,2.004755973815918
-4.111111111111111,0.118133544921875
-10.444444444444445,-5.80246114730835
-10.77777777777778,-0.8394761085510254
-4.666666666666667,-4.894742012023926
8.777777777777779,-1.6259911060333252
-3.2222222222222223,-2.4877986907958984
-1.4444444444444444,0.03403797745704651
-1.1111111111111112,-0.8296819925308228
6.888888888888889,0.24904601275920868
-5.444444444444445,-4.214202880859375
2.4444444444444446,-1.7312061786651611
-12.555555555555555,-10.730138778686523
17.444444444444443,20.238187789916992
0.1111111111111111,-1.1774665117263794
9.666666666666666,1.243633508682251
-3.0,-1.5174829959869385
3.0,-2.17720103263855
-0.1111111111111111,-0.8612686991691589
-10.333333333333334,-1.3581595420837402
1.3333333333333333,0.10518775880336761
-10.77777777777778,-1.6037167310714722
0.3333333333333333,-7.78585958480835
2.2222222222222223,0.5204105377197266
-4.777777777777778,-2.138774871826172
-2.4444444444444446,-0.4503556489944458
1.6666666666666667,3.3326096534729004
-2.7777777777777777,-2.0516135692596436
0.2222222222222222,-0.15290921926498413
-2.555555555555556,-5.076231479644775
2.333333333333333,-5.340814590454102
1.6666666666666667,-0.9876147508621216
-1.6666666666666667,-0.4970114827156067
-1.8888888888888888,-1.329391360282898
-5.888888888888889,1.4037948846817017
-0.6666666666666666,1.266037106513977
-0.8888888888888888,-0.7671093940734863
1.5555555555555556,13.36357593536377
-4.222222222222222,-1.026986837387085
1.7777777777777777,0.2823495864868164
-6.111111111111111,-2.2462399005889893
-2.4444444444444446,0.06350576877593994
-0.7777777777777778,-0.09080713987350464
8.0,0.4829045534133911
1.3333333333333333,-0.9890732169151306
20.33333333333333,12.312328338623047
1.3333333333333333,-2.488795280456543
-4.222222222222222,-3.3843817710876465
-8.777777777777779,-6.52284574508667
-4.333333333333333,-0.21424508094787598
-2.7777777777777777,-1.8461482524871826
6.0,-0.8171753883361816
0.1111111111111111,-0.9927446842193604
-2.888888888888889,-1.7991011142730713
-0.1111111111111111,1.249406337738037
-2.7777777777777777,4.59584379196167
-10.11111111111111,-5.498537063598633
-10.0,-8.357171058654785
-2.555555555555556,0.10180628299713135
3.4444444444444446,-0.571670413017273
3.4444444444444446,15.537484169006348
-1.6666666666666667,2.2223246097564697
-1.6666666666666667,0.2225343883037567
1.5555555555555556,-1.8282078504562378
5.666666666666667,-1.7178009748458862
5.777777777777778,-1.2760379314422607
6.666666666666667,-2.14042329788208
5.333333333333333,-1.6059749126434326
7.222222222222222,-0.09181201457977295
-10.333333333333334,-10.02420425415039
0.4444444444444444,0.23985406756401062
8.666666666666666,12.365373611450195
-6.555555555555555,-5.413027763366699
1.7777777777777777,-0.9627776145935059
-6.777777777777778,-0.3856344223022461
7.111111111111111,0.8319634795188904
-1.6666666666666667,-3.217863082885742
-0.6666666666666666,-1.358728289604187
8.777777777777779,-4.160872936248779
-0.6666666666666666,0.42070406675338745
-7.777777777777778,-2.878666877746582
5.888888888888889,-0.8644781708717346
-4.111111111111111,-3.4303877353668213
-4.111111111111111,-3.575561046600342
0.6666666666666666,1.6134543418884277
-7.0,-6.943255424499512
-1.0,0.5246293544769287
-0.6666666666666666,0.4834592342376709
6.777777777777778,-0.44593095779418945
0.5555555555555556,-2.0142593383789062
-1.3333333333333333,0.19883137941360474
-2.111111111111111,-2.5680506229400635
-8.11111111111111,-6.958299160003662
3.4444444444444446,-3.0696358680725098
-5.444444444444445,-5.630349159240723
-1.5555555555555556,0.05791127681732178
-3.2222222222222223,1.5802817344665527
4.444444444444445,-5.606754302978516
-1.3333333333333333,-5.144092559814453
-8.333333333333334,-5.03151798248291
-5.0,-0.6380060315132141
1.0,3.3131892681121826
0.8888888888888888,1.131666660308838
-8.444444444444445,1.9970600605010986
-5.222222222222222,0.6224778890609741
-4.888888888888889,-2.8681182861328125
8.333333333333334,4.800549030303955
7.333333333333333,2.596142530441284
1.2222222222222223,-1.1625279188156128
-8.88888888888889,-0.2877972722053528
4.333333333333333,-5.2382330894470215
-0.6666666666666666,-1.6376279592514038
3.111111111111111,-1.0701978206634521
3.555555555555556,3.2367966175079346
-3.111111111111111,-1.6592965126037598
-1.8888888888888888,-1.4988842010498047
1.6666666666666667,-0.763975977897644
-7.666666666666667,1.9952415227890015
-4.111111111111111,-0.19666370749473572
3.4444444444444446,-0.11039835214614868
-9.333333333333334,-6.280023097991943
1.5555555555555556,1.0225799083709717
7.333333333333333,-0.0636330097913742
-7.111111111111111,0.6228617429733276
-0.2222222222222222,0.6474091410636902
7.333333333333333,5.432711124420166
0.6666666666666666,-0.8203948736190796
-2.0,-0.4013134241104126
-5.888888888888889,13.31344223022461
-5.666666666666667,-0.7510570287704468
1.7777777777777777,-1.8985180854797363
-14.666666666666666,-3.2432327270507812
-15.333333333333334,-7.670558929443359
-7.777777777777778,-4.940145015716553
3.6666666666666665,0.36397087574005127
-6.444444444444445,0.7344790101051331
-1.3333333333333333,1.7733311653137207
-11.333333333333334,-3.0169105529785156
-15.88888888888889,-3.0767769813537598
0.3333333333333333,-0.18187415599822998
5.888888888888889,-1.5830179452896118
-5.555555555555555,-6.478498458862305
-4.222222222222222,0.5118584632873535
-1.3333333333333333,-2.8245389461517334
-3.2222222222222223,-0.3936368227005005
-0.1111111111111111,-8.514932632446289
-6.666666666666667,0.030039280652999878
-7.333333333333333,-2.6496570110321045
-5.111111111111111,-3.822219133377075
5.222222222222222,5.215329170227051
-7.444444444444445,-12.967672348022461
17.444444444444443,10.878118515014648
-3.4444444444444446,1.2008768320083618
-5.333333333333333,-5.427480697631836
3.6666666666666665,2.875429391860962
-2.4444444444444446,-2.5823793411254883
-21.0,-1.5541967153549194
-8.333333333333334,4.516259670257568
-3.333333333333333,-4.017091274261475
1.5555555555555556,-0.6856297850608826
-3.0,-0.9493943452835083
-14.333333333333334,-5.846723556518555
-2.2222222222222223,-2.44209885597229
5.0,5.831481456756592
0.4444444444444444,1.5154271125793457
-8.222222222222221,-0.3656487464904785
2.7777777777777777,-1.011541485786438
-12.444444444444445,-1.2759355306625366
5.555555555555555,1.5310207605361938
-2.111111111111111,-6.765730857849121
-1.6666666666666667,1.7225788831710815
-9.88888888888889,-0.6628289222717285
-7.333333333333333,-3.173572540283203
-10.88888888888889,-8.741909980773926
-4.777777777777778,-4.478245258331299
-5.111111111111111,3.741732120513916
0.8888888888888888,14.089420318603516
2.333333333333333,-1.2031993865966797
1.3333333333333333,13.075882911682129
-3.333333333333333,2.3924033641815186
5.555555555555555,-1.4513664245605469
-2.6666666666666665,-0.38787293434143066
-4.555555555555555,-3.1939313411712646
4.0,-0.19778424501419067
-1.0,2.940581798553467
1.3333333333333333,-2.696200370788574
-21.0,-3.128345489501953
-1.6666666666666667,0.03641253709793091
2.111111111111111,-1.670954704284668
-7.888888888888889,-8.806525230407715
-0.3333333333333333,-7.136857986450195
2.0,-0.22069302201271057
26.11111111111111,21.76507568359375
-0.1111111111111111,-2.243234157562256
-0.7777777777777778,-1.2693134546279907
-11.0,-3.2236084938049316
4.222222222222222,0.4647798538208008
-1.7777777777777777,-6.275137901306152
-9.0,-6.277831554412842
-4.555555555555555,-6.729660511016846
-5.0,-2.817875862121582
0.7777777777777778,-3.7217202186584473
-3.333333333333333,-3.6786623001098633
-3.111111111111111,-2.6757640838623047
5.0,-0.42535650730133057
-1.2222222222222223,-0.49428194761276245
-7.555555555555555,-5.206333637237549
-3.4444444444444446,-3.341517210006714
-7.555555555555555,-4.57856559753418
-8.444444444444445,-1.5500121116638184
-2.555555555555556,-1.004417061805725
-2.2222222222222223,-0.1380888819694519
-3.4444444444444446,0.49675846099853516
4.888888888888889,6.994819164276123
4.111111111111111,-2.4045610427856445
-11.22222222222222,-3.475433588027954
-5.0,-9.13007640838623
0.8888888888888888,-1.6073979139328003
-0.7777777777777778,-6.728529930114746
-5.444444444444445,-4.334778308868408
-9.11111111111111,-6.225884437561035
-0.8888888888888888,-0.0648571252822876
-2.0,-0.2890703082084656
-2.6666666666666665,-1.7161400318145752
21.55555555555556,8.637155532836914
11.77777777777778,-1.6986606121063232
14.88888888888889,12.318717956542969
-0.8888888888888888,3.3204267024993896
1.4444444444444444,-1.9316017627716064
-2.7777777777777777,-0.15139228105545044
-2.7777777777777777,-3.396742105484009
-8.777777777777779,-0.8762103319168091
-3.555555555555556,-5.670445442199707
-9.444444444444445,-4.341386318206787
2.0,-2.326002359390259
-7.0,-1.4250497817993164
0.1111111111111111,0.7412354350090027
-5.888888888888889,-0.6029781699180603
-11.444444444444445,-3.9473540782928467
-5.777777777777778,-1.6232881546020508
-0.4444444444444444,-3.3109898567199707
-1.7777777777777777,-3.961010217666626
-1.4444444444444444,-3.008706569671631
-4.333333333333333,-8.443029403686523
-8.555555555555555,-1.728176236152649
-8.222222222222221,-4.670390605926514
0.4444444444444444,-1.79757559299469
-4.555555555555555,-1.6805185079574585
-6.0,-1.356987476348877
-1.0,-3.5421929359436035
-4.333333333333333,0.2855462431907654
-4.111111111111111,-7.654530048370361
16.0,21.327285766601562
-3.4444444444444446,-0.6918885111808777
-3.111111111111111,-0.9449294209480286
10.77777777777778,12.882467269897461
8.222222222222221,0.010486841201782227
0.3333333333333333,-1.1347136497497559
0.2222222222222222,-1.3376190662384033
-14.88888888888889,-0.8386551737785339
3.333333333333333,9.101946830749512
1.0,-1.3112356662750244
0.6666666666666666,-2.5842366218566895
-4.333333333333333,-6.2588791847229
0.3333333333333333,-3.2621359825134277
-4.444444444444445,-5.849459171295166
0.2222222222222222,0.6319053173065186
5.222222222222222,0.14427721500396729
-2.7777777777777777,-0.9255495071411133
-2.0,-0.06552726030349731
28.444444444444443,11.697206497192383
-6.0,-0.3441505432128906
-6.666666666666667,-4.006058692932129
-3.888888888888889,-2.2668533325195312
-10.11111111111111,-5.863395690917969
-4.777777777777778,-1.9012689590454102
1.4444444444444444,-6.108285427093506
-5.0,-0.9984554052352905
0.1111111111111111,-1.3690513372421265
-6.444444444444445,-4.692883014678955
-2.333333333333333,-1.3761909008026123
-1.6666666666666667,-3.412550926208496
-4.111111111111111,-1.0021437406539917
-10.0,-4.59088134765625
2.7777777777777777,2.4380993843078613
-1.5555555555555556,-0.277437686920166
-4.666666666666667,-3.4517195224761963
-5.444444444444445,-1.3563405275344849
2.0,3.4486498832702637
-6.222222222222222,4.244767665863037
-10.11111111111111,-7.041561603546143
9.555555555555555,1.2509169578552246
-10.0,-1.8452589511871338
-6.444444444444445,-3.6113052368164062
0.8888888888888888,6.71151065826416
-0.5555555555555556,-0.9731583595275879
-1.8888888888888888,-2.987825632095337
3.888888888888889,-1.5792169570922852
3.333333333333333,-2.006129741668701
17.0,0.10744792222976685
-0.7777777777777778,-0.2496914267539978
-3.2222222222222223,-2.347982406616211
-4.777777777777778,-1.8250441551208496
-3.2222222222222223,-6.067682266235352
-4.222222222222222,-1.4098994731903076
-9.11111111111111,-1.5111855268478394
-6.333333333333333,-5.092341423034668
