Score,Pred Score
4.219145585451182,43.20249938964844
-2.588665914009158,-20.04953384399414
-3.0703466753296,-22.127838134765625
2.1112971208509976,6.257022857666016
-19.1693792779686,-1.6221177577972412
-0.9096556467231308,-16.40508270263672
-5.316952415477393,50.08174133300781
-5.39913759737588,-106.6002197265625
6.1026124307435,-25.684608459472656
-1.6005087696864486,6.429176330566406
-51.6773231694491,-19.001880645751953
0.51700222845629,116.80508422851562
-1.6521884315998507,-9.264669418334961
2.11024229353816,5.6611175537109375
17.2594267615487,-1.8406291007995605
-1.73607437190069,-4.566254615783691
-5.77436797253085,-15.239830017089844
-0.568998602339841,31.60931396484375
-1.289264920121349,-33.67230987548828
-14.1813773041305,-5.289602279663086
-3.31847606547329,0.6921577453613281
11.710679650337616,54.6697998046875
2.046344769010002,-35.56161117553711
-2.77042962989298,-17.79344367980957
9.014890317831036,-46.479312896728516
2.726862934921635,-3.0689697265625
-3.4922781726655696,78.62281799316406
1.292753014965791,-11.975912094116211
8.16191414696451,0.3439903259277344
-8.251107402184557,-69.17071533203125
7.262818938793504,312.5821533203125
4.14054171285972,21.305805206298828
-13.546032832554804,-6.6571455001831055
-16.8307740899425,-10.076742172241211
-0.2642143205483515,-14.31490707397461
-6.135426654744688,-58.90496826171875
-7.187555808667961,-21.224288940429688
8.149714042401495,-29.82010269165039
-6.426376983867103,-66.94391632080078
13.9953943577381,-9.510808944702148
-6.31868596379813,11.702285766601562
5.321680837772678,-29.697647094726562
11.9978624338519,3.036113739013672
7.909526276907584,-1.7910079956054688
7.206977941743588,-65.09310150146484
-7.378812419643663,-31.86319351196289
0.2475632146873464,30.96298599243164
12.7359625054994,11.270804405212402
5.220668557811489,8.509132385253906
1.3318185914773402,-104.23944091796875
2.776867734737273,-113.38355255126953
-27.8178569354009,-94.90826416015625
-4.20883890972707,6.638006687164307
2.78743688363977,171.03305053710938
-9.657849716236,-3.1458730697631836
4.071661498679735,68.48670959472656
-10.586292641023492,-1.6236867904663086
2.578081311550471,-41.99977111816406
-42.2483635713802,0.32781982421875
8.204494762209066,6.78336238861084
18.5317724911246,37.6049919128418
6.097122298913325,-40.78748321533203
-11.299328727708405,-8.90707778930664
-6.22433036882608,-26.909765243530273
3.12612254618191,-1.030599594116211
8.756217929094177,21.379119873046875
-1.757118944268968,18.579853057861328
-51.402683514636095,-6.808114528656006
-2.13735826282737,-18.376800537109375
8.88265541550952,-28.838106155395508
5.58846482112586,7.90411376953125
7.383552345763623,14.47467041015625
10.229168329440906,-7.1026611328125
-17.4030551064212,-16.834857940673828
2.204062447972561,9.625656127929688
-3.195242757261453,1.1008834838867188
-36.8822022827233,-14.976046562194824
3.812227003524945,-4.494842529296875
-6.89310310865277,-50.70636749267578
-2.85382252753121,0.41030120849609375
-7.42349600405968,-59.23343276977539
4.398848813602776,1.050732135772705
-68.1959205924323,-22.921825408935547
-3.773219093074008,3.4018754959106445
8.453421074249384,7.1226606369018555
-62.9612541332419,-34.57920837402344
2.97844031586002,2.6876182556152344
-5.800670766453999,-5.6471662521362305
2.409764321136161,-9.800454139709473
-1.6610011043127195,-12.996780395507812
1.39259946716825,-9.146757125854492
-5.785469568057495,-11.11221694946289
10.468583156479704,-13.418693542480469
0.8267526169764301,-9.192493438720703
-0.4271227388875901,-12.371772766113281
-5.85807143580148,1.1449241638183594
-2.67676896274171,7.694470405578613
-3.11888044241469,-6.26117467880249
6.71098989067457,35.200191497802734
6.429854346358795,44.84368896484375
-6.897600670415837,1.1545867919921875
-16.4910721624856,-30.904388427734375
-3.057699221935841,12.173761367797852
-17.6906096863185,-19.6551513671875
0.1461877509898399,-46.708072662353516
-3.01321716593974,5.9595208168029785
-15.0412339008878,412.40966796875
-3.60075442831331,3.8606529235839844
12.5056328567953,-0.8731002807617188
-13.8996269060666,-12.45149040222168
5.265272900492549,-12.77966594696045
12.283123760680592,3.275005340576172
-2.54688332955635,-26.82769775390625
11.579228393987275,-12.14596939086914
-0.3284521577656807,-8.451107025146484
-2.33292598982445,58.07810974121094
-0.1058882282985149,-29.77889633178711
-2.4461467814868523,49.73785400390625
-41.8026500314277,-17.11096954345703
4.417989059347175,-0.21184062957763672
-40.2101205720394,16.089862823486328
-14.277645616907492,23.060771942138672
3.29681579894721,16.620323181152344
-0.7012610501602399,15.833349227905273
8.463248256721428,32.32447814941406
-2.491707941339629,-17.801048278808594
4.867927463076468,-5.587048530578613
-1.876637029070265,7.848304748535156
-12.955988512618,-24.213558197021484
-7.75971004909346,-11.072402954101562
4.67424026120176,11.493072509765625
-7.08434802004719,-48.336036682128906
-6.19730890695259,3.248469352722168
-0.1240821746904601,-9.6839599609375
4.069163600073605,-4.225297927856445
-1.77750068778882,20.90143585205078
1.8601156760560384,0.6643772125244141
-10.8237586662752,-20.256616592407227
-50.1674018945849,-12.120523452758789
-5.8677981963370005,-8.855154037475586
-24.4869919201538,-19.007022857666016
-12.281506448986304,-8.019359588623047
-5.8772631055401,-41.864501953125
-0.1639564470097907,-18.259742736816406
4.17561229224804,2.3145124912261963
2.77922195660905,34.91845703125
-3.454798154796729,14.494338989257812
7.692941411907634,31.268959045410156
-2.390619984667185,55.9356689453125
-33.1832620874725,-12.314854621887207
-18.23432595343749,-23.993532180786133
5.29419053806362,7.496559143066406
-77.3623903172369,-45.67999267578125
15.4985727759109,-23.921907424926758
7.73570234615748,-9.665096282958984
-9.325981865786185,4.570770263671875
-9.72499716390718,-4.446592330932617
13.309934514349203,62.10348129272461
2.264898495983479,-14.159061431884766
-12.0320822507053,8.900955200195312
-2.56542276271332,-3.76943302154541
7.196532980977684,-12.670246124267578
-1.857666460494741,50.67970275878906
-1.4872271509121793,-10.93732738494873
-3.12013961477547,-7.3592305183410645
2.6303171850506604,-83.08656311035156
-60.49569009623433,-16.423574447631836
-30.3377383335249,-30.940475463867188
1.0590749185315824,-12.766048431396484
-6.929951553081727,-18.193115234375
-8.46093254820262,-5.357572555541992
2.461922216333884,-20.75347900390625
4.5031585012656095,-201.0233154296875
4.435147085081137,3.012420654296875
-2.88087637063392,-86.72694396972656
-1.5082203021212124,-201.29672241210938
-0.6579761516790089,-67.7430419921875
3.719171936095444,-11.127727508544922
-2.6053130644292946,-37.05012512207031
7.276768036701751,-26.349159240722656
5.29091659278858,9.29262924194336
-1.0659561461183158,6.076662063598633
15.4186986077963,-96.38053894042969
7.543407488617369,-10.823403358459473
9.58062385928767,-12.781496047973633
0.2570808252882703,231.6663818359375
8.13893448615947,-11.368997573852539
-5.14141487663266,-81.82688903808594
-16.517773128145326,-18.57358169555664
0.7364260970712593,-3.1255617141723633
4.25311060075082,-29.23076057434082
-25.4508968849616,122.28282928466797
-1.9051378030600723,-37.253868103027344
5.506094216928792,3.262568712234497
-0.1777753404752198,-21.21180534362793
16.9349100756105,-14.614482879638672
-11.607028837624,-13.787659645080566
-1.2671721747064446,-14.673168182373047
-16.1535771788668,-13.06009292602539
8.143116180793372,-6.592992782592773
7.078924552126015,-8.323009490966797
-5.73967918172164,-10.75783920288086
-23.3725501337939,-21.18075180053711
9.04709717330502,-20.562549591064453
-3.724573545179619,4.458332061767578
4.4516036428765,-14.28422737121582
-1.657597602265355,1.9450597763061523
5.586124430090477,17.446819305419922
-26.6651088566214,-1.7469749450683594
3.028467183462371,-1.4257278442382812
-40.7258600860177,-4.573772430419922
-26.912205886836706,-7.032228469848633
-3.9965921287470247,-6.690822601318359
-4.739766082030863,4.122344970703125
4.2006804390709,-3.863849639892578
-22.3071231538392,-17.9505615234375
-18.5891767455387,-4.4091386795043945
-5.960419628776203,-33.31231689453125
-18.9061714872788,0.5934309959411621
-21.4141717786538,-35.987762451171875
-12.208208404490907,-5.375343322753906
-3.72583443525641,-15.044197082519531
-2.377061578670744,13.737874984741211
6.075310726130807,-0.47303009033203125
2.12042655289975,43.75995635986328
3.181253849239128,-717.4386596679688
10.41580460128629,-17.697383880615234
-23.8934551543691,40.36114501953125
-0.8981307679622897,-782.1390380859375
3.7078671714499096,0.8228788375854492
11.644495901203598,207.1768341064453
-22.42608065327665,-48.19996643066406
-1.2036514942358316,20.92217445373535
-13.5091075877696,175.25469970703125
-1.79502295092813,-28.230266571044922
2.332279780348585,178.38116455078125
3.11049964318654,4.913459777832031
3.54836143321337,-6.754665374755859
3.77256113899207,-24.75626564025879
-2.35314836228574,-27.282814025878906
7.837521570550837,14.680948257446289
9.328533024448705,156.798828125
-37.9495035857927,-945.9763793945312
-4.144685584269085,-14.58108139038086
8.91646092056966,-8.679988861083984
5.635020609606415,-11.941165924072266
-15.1006814359747,31.622976303100586
-2.4599041427842496,-2.443905830383301
2.42002639701588,6.209978103637695
-3.0331069492891496,22.298755645751953
10.480393919522983,11.694196701049805
4.452168509343501,-1.4126968383789062
-2.552277046947741,-9.439166069030762
-5.97419023328963,174.77691650390625
-0.5734820606807138,20.44717788696289
3.7606671418030695,-10.063453674316406
-31.4759298257721,38.536224365234375
0.300408103033295,78.74066162109375
-6.32558602127377,19.422611236572266
0.90894434552881,-7.099180221557617
5.954690473588823,-35.413909912109375
0.0804428699766095,-21.966447830200195
8.45389840526827,183.0144805908203
-2.8859593337581737,56.380279541015625
-1.122073026503361,-10.916221618652344
-75.56229656723696,-3.777834892272949
-6.291328737399075,-6.948467254638672
-10.1192188918475,26.825586318969727
-56.3663437951974,39.10456085205078
2.4288820651169605,154.5665283203125
5.05355462238675,-24.482601165771484
-13.1809903671301,-12.779911041259766
-6.75960002722117,28.454742431640625
9.0758909366509,-75.50788879394531
-1.4230966237807086,187.031494140625
5.59963570142504,-9.359382629394531
4.133325903305868,-59.91607666015625
3.00680128293027,12.5675048828125
-27.8195558011628,-1.2266044616699219
-29.9162730471743,-8.577786445617676
20.7191486697607,2.4404296875
3.455876052191651,-3.0172195434570312
2.595279020812243,-11.887062072753906
-4.0896099478500325,4.004688262939453
5.3817717725564,24.928951263427734
-1.9802660997523944,25.273311614990234
0.4007388327427847,415.733154296875
10.11870938841209,-18.297080993652344
-1.7174251595272625,-17.696640014648438
-13.2363849677504,-11.628758430480957
-58.24412469223692,-10.92288589477539
-47.9875704511971,-56.679847717285156
-3.681083449701528,-12.644355773925781
0.1118559290339978,-7.904829025268555
-8.998840630677615,-264.6869812011719
1.1941842843275,-4.300490379333496
19.33685959748449,-28.84624481201172
-3.09775596823669,-31.546829223632812
1.2555345380058751,-13.263355255126953
-78.7451798053926,6.509289741516113
8.35813394800668,-4.638053894042969
-19.6754058911438,-17.791824340820312
4.743603615290096,-52.972198486328125
1.3155747227446202,-22.795703887939453
11.316750179392892,-14.66363525390625
11.779516260068313,-37.9063720703125
-3.802611775309477,6.470298767089844
-10.539071528779305,-24.46985626220703
4.49646859469848,-216.4151611328125
3.59102041590596,-45.308685302734375
2.1560784090827942,10.663519859313965
-17.309192174305,-6.295551300048828
-1.768261666543676,6.1056013107299805
-3.34531377329845,-817.0902709960938
-9.09730633851708,-11.333724975585938
-12.909180343140196,-4.8926191329956055
4.020569536845237,-18.801050186157227
2.28163515100639,-7.175641059875488
-1.6307504375632549,23.114410400390625
7.809600001042748,-10.714658737182617
-83.9761260280997,-8.335841178894043
7.656482330373112,46.070884704589844
1.675245639565673,-18.990623474121094
-15.991582533821994,-10.760360717773438
8.681027307740193,-29.057159423828125
11.10272802991041,-6.573574066162109
3.42951329804928,3.4853460788726807
-1.4295761119406232,9.432707786560059
-11.9299972333177,-5.456048011779785
11.923948375295712,46.68363952636719
5.960801203295765,-8.907722473144531
-0.4381862293696001,-11.760948181152344
-2.43808381047612,-60.4849739074707
5.72263802046558,-19.585159301757812
1.1496085756031087,-18.644393920898438
-6.72144892291601,-2.659306526184082
18.1939100849816,-13.579639434814453
3.61441892535489,-16.139240264892578
-0.8028238008287005,-7.850468635559082
0.7001962140772594,-29.443912506103516
2.125547882163602,16.93257713317871
-2.8472026300298463,0.37302684783935547
-4.534682244798708,1.3303909301757812
4.49418879319923,-68.26483154296875
-10.901275449743116,-15.544650077819824
-4.736229867816737,9.151771545410156
-0.0053525606393112,-27.04736328125
7.06923762363823,-22.96424102783203
-0.0084306638066775,-31.780303955078125
2.11900133622217,-13.175893783569336
8.106852576346123,-8.173624038696289
-0.1428452494230792,-19.961753845214844
-1.0683487237199796,174.03598022460938
0.0285872237409883,315.5771484375
2.75380173901167,-0.3052959442138672
-7.69948364751984,3.8000965118408203
-0.0556983764780604,1.8314247131347656
-1.32131943338233,229.45028686523438
-3.0345245902191325,-39.420570373535156
-2.93911844531118,-15.001720428466797
9.94612085382829,6.931358337402344
-3.5546157663424616,-13.81389331817627
-11.221818720505304,68.83314514160156
3.9797293996962297,-10.426319122314453
4.54734483862441,8.165426254272461
-45.634880019414,-4.062889099121094
-1.6020246929696491,-7.118117332458496
-4.12581810820042,6.7154998779296875
-3.019531285218114,195.12680053710938
5.42509465390903,4.2145891189575195
-21.5871320482388,4.02517557144165
-1.2497809936708242,-17.92717742919922
-35.0272315856836,-25.36751365661621
3.37898618824583,-26.46429443359375
-13.4460672849668,17.92751693725586
10.982614675109394,-3.4027395248413086
2.35164464781062,-309.4354248046875
-20.9676231329802,-96.434814453125
-1.6422791314174887,-2.523069381713867
-0.3136273830120112,59.29497528076172
-16.967828162594074,-16.154102325439453
-2.8325461302865187,-15.02637767791748
-2.6871577689602653,0.9555788040161133
7.570838092245207,-6.0164642333984375
-13.547300817594484,2.6216354370117188
8.99923705482913,-2.342388153076172
-0.003939288658445,-5.915838241577148
6.147225205740463,13.073806762695312
-2.149900469098629,-54.54965591430664
-25.2381267145584,-14.66958236694336
-5.36204355968609,-29.763553619384766
4.43276114617859,16.67269515991211
3.27144637329635,-37.63349533081055
-1.626797120535592,19.624366760253906
-9.859535687586003,65.96597290039062
2.0008593011464906,-5.032895088195801
0.369316059642221,16.120391845703125
5.79128728304933,80.6705322265625
0.1235817830644999,0.6525287628173828
-3.36903782007548,106.46266174316406
7.06032809637297,10.739620208740234
13.71198107208239,-4.611833572387695
0.2886204877907422,-17.11244773864746
16.4171583068458,17.78312873840332
-44.7886924625105,10.837356567382812
-7.726553411266567,-49.12832260131836
4.065326821312747,7.9599456787109375
2.12749125232924,-23.998109817504883
9.06213659212517,-1.3096675872802734
-4.51305804704249,-13.00042724609375
4.28301459624688,24.35049057006836
-7.211196994815285,0.2560768127441406
-58.4491138315396,-6.085071563720703
-0.5413656534735456,-39.09541320800781
3.24770439300306,-1.3591313362121582
-0.6472060937938101,-16.698223114013672
-1.93656353174353,2.157987594604492
-1.94666134980912,-0.786008358001709
-0.670930828719279,3.1030921936035156
17.1612744381531,11.10167121887207
-8.044482691931467,19.995689392089844
16.9968892380515,16.835159301757812
3.62056380925444,25.363937377929688
4.07090957771029,-69.42701721191406
-1.0680791130593923,-2.2288436889648438
4.69437535963172,-4.879334449768066
0.3837795244341289,3.576101303100586
0.6681105368389735,66.97348022460938
-8.08045020128908,-111.46853637695312
-42.6579269422049,-31.604244232177734
-30.89708550466269,6.78054141998291
-1.1617148968623687,49.120826721191406
6.46185690649625,-3.589285373687744
8.658679095048068,-23.386600494384766
-0.1898191226144924,-77.85484313964844
6.457932781589695,10.55586051940918
-33.7712071062874,-51.776573181152344
-4.786538605318405,9.21430492401123
-13.5632540546311,-14.196195602416992
-82.13826531723697,4.021927833557129
-3.0453156276270903,-76.9720458984375
6.430237727930085,-7.349727630615234
5.31082796058257,-3.489161491394043
-70.65073406723695,-8.210371017456055
4.71112087372323,2.2070531845092773
-10.78700495517378,-88.25576782226562
-6.055427015859325,1.28851318359375
-16.475900892606802,-205.7664794921875
-2.487076105276776,87.42333984375
-48.3858044800915,-8.403980255126953
5.893700156574014,-9.17694091796875
-47.9957157156951,-3.2706098556518555
-1.511416195100045,2.155776023864746
-7.071587649042333,-3.4546961784362793
-0.3550158381598589,9.777838706970215
-17.0078420331655,6.086191177368164
10.3189652047012,-2.3251953125
8.829561804598438,-1.8890342712402344
10.909208084253878,6.98835563659668
-2.25262466719878,-7.772967338562012
0.7445982178878973,0.7161569595336914
-4.813871520282443,-9.92129135131836
2.85060083445348,-2.1992015838623047
-2.54595208771381,12.922426223754883
-8.692928400841772,-47.252685546875
16.618750626525,-4.528499603271484
7.37064384347005,-3.6702117919921875
-6.81516141534704,15.254043579101562
-10.386374558578522,48.511085510253906
3.73205068567752,10.461315155029297
-6.40442742836347,-4.492209434509277
1.74273211890989,-20.19902801513672
-7.920344649869953,13.454410552978516
-9.28527551691871,14.780101776123047
1.51502173443586,-6.007543087005615
-90.3299705619704,-7.339129447937012
-6.512385872303066,-13.706098556518555
0.7982616963508231,-3.261291980743408
15.8859560938761,19.359756469726562
-23.227454082363305,6.178713798522949
5.4465900456679694,14.99660873413086
-13.2494383747796,-22.509403228759766
-2.3458288386735573,-3.404052734375
-1.5403494549472296,-8.680912971496582
-2.941164138388841,3.0437488555908203
-14.6311710829416,-11.685401916503906
-4.81834176383161,-58.704986572265625
-4.03806373695381,-3.0997467041015625
0.4076170529080399,-33.7470703125
-34.8552692363716,11.864822387695312
-25.0659802428987,20.322250366210938
-5.8684323426223,7.0047607421875
0.6771989561182002,-3.1014671325683594
-14.6157572128631,-9.076627731323242
5.344594984386832,2.7957305908203125
-4.75101729862813,5.304965972900391
-89.5439156156453,-8.053886413574219
-1.207429910073891,141.56146240234375
13.667582002208905,-8.268445014953613
-82.4887013651952,-11.70158576965332
4.40921359309415,52.24445343017578
-19.923371510770203,2.2587289810180664
-4.665207913971671,-8.950048446655273
3.42106467876526,-1.3827953338623047
-39.0956747424042,5.0044708251953125
-10.288292260688207,359.22930908203125
2.3067635611900137,26.64303207397461
-4.92782811871599,-6.7163238525390625
10.292368565007404,-31.949539184570312
-8.184373188662292,-5.216579437255859
-4.763634360062484,-15.270538330078125
-2.40000424902785,21.761430740356445
5.009535132419683,-19.12491226196289
-22.2455703021075,7.460363388061523
3.987299411465438,46.67124938964844
-38.4962238749225,85.56704711914062
-44.9949251983702,-1.7222208976745605
-1.378759213278819,-20.559345245361328
8.07102955700163,3.4452362060546875
1.055995951979529,-8.612504959106445
2.188685633501576,11.984989166259766
1.0880788430276551,23.158889770507812
-0.2898522089969393,-2.894329071044922
-3.790702882666694,-17.487384796142578
-7.940842049461227,-24.777469635009766
4.398742241377427,58.036895751953125
2.5565427438131976,-3.381450653076172
4.123908949931413,-107.18051147460938
-76.9668504799361,-3.0573062896728516
-14.1325019191809,-13.490117073059082
7.960789166364423,27.6152286529541
0.4423212163888063,19.334747314453125
2.63206586722876,21.388349533081055
3.1988276731025875,22.093826293945312
-1.6552655274048038,-6.5804595947265625
8.077984978184695,7.363208770751953
-13.790764753514,15.214534759521484
2.13745295521649,-8.210692405700684
3.0897024917955025,-14.347850799560547
-0.3530077955256401,10.37186050415039
-7.639409008216227,-6.641973495483398
2.765011277030255,-136.86639404296875
3.557691046156,7.360952377319336
4.00031385473591,5.709989547729492
-55.7541546140486,-3.9556884765625
9.550892694239591,-1.3188953399658203
1.775572054007981,-72.33404541015625
-2.248378586620203,-59.16773223876953
-56.2560888739038,-17.036441802978516
-2.5590885431480426,-16.61244010925293
-40.5029244010595,-14.90134334564209
-30.8171784242839,-11.136478424072266
2.679404112105611,-19.085704803466797
2.76740193393285,-0.687713623046875
-11.341527235964405,-10.7386474609375
-3.448025235667948,-11.652708053588867
-0.0780407432645869,-78.64785766601562
11.616605850275496,-19.952335357666016
9.179556151687803,583.3175048828125
7.190050317883171,-0.5762882232666016
-39.4932668903457,-108.80070495605469
-2.306526469902426,-3.264801025390625
0.5403453062071405,492.7582702636719
-23.6042929930625,-29.897180557250977
-4.172986764275874,-12.758708000183105
0.5394390329931549,-11.894527435302734
5.84905996845087,-23.71980094909668
-22.9515728231767,583.8198852539062
-3.134999611446543,2.070620059967041
-6.066411004621831,-9.742870330810547
2.24572304437811,431.5257568359375
-70.8116033690518,-11.276778221130371
0.3224388648416145,-29.06999969482422
4.755697845162629,-1.6377620697021484
1.7336328627834918,-40.362464904785156
3.939818822274421,-7.04106330871582
6.09033976794457,4.7053728103637695
6.4251548431743295,-7.453585624694824
-6.47138721063866,42.0462646484375
-0.0379657812584102,415.443603515625
4.4105627388370605,-30.923599243164062
2.3065604778561424,-11.069168090820312
7.588764503474316,-9.300677299499512
-24.3954295810688,-28.394943237304688
7.380729755239978,-9.176580429077148
5.978124919049687,57.53528594970703
0.7860328468455551,138.11660766601562
-44.1817825469333,-5.61843204498291
3.58036180553514,-9.250876426696777
3.33951124606136,-17.539371490478516
-6.79658968512302,20.612144470214844
3.7347243087796,-6.985626220703125
4.76541245752904,5.012416839599609
8.922207576391518,-12.548322677612305
-11.864177458483407,2.588226318359375
1.166748445159433,-2.37197208404541
-25.781275563237,-7.263927459716797
4.179707781567577,43.16661834716797
-1.073248118887358,29.38121223449707
1.7249239205326918,-10.901138305664062
-81.52648016021857,4.799404144287109
13.015759276594096,15.780632019042969
5.35198813185094,27.28167724609375
-12.53254789251529,-25.365478515625
5.45103123545738,-3.9249982833862305
4.128157012788561,5.311555862426758
-3.8590388668775,-15.957578659057617
7.36579899286375,-23.001941680908203
-11.03094492075089,-2.205904006958008
8.017093587799739,72.19429016113281
15.384553292915324,-8.386713027954102
2.79124989437018,-5.180741310119629
2.81101468536903,-5.021018981933594
-1.7237618714553775,3.480012893676758
-2.202886656443709,-37.61407470703125
2.369358494612781,7.294577598571777
-11.30813578108209,167.5274658203125
4.484288991501213,78.25480651855469
-35.8165916579592,17.977161407470703
-5.19085420781142,-0.5123004913330078
2.86709961553106,-10.20901107788086
-4.349210006555943,2.776247024536133
5.029017096161708,-10.523292541503906
8.243548509216069,-25.76464080810547
-2.6184282494780104,10.980470657348633
-5.527709296795018,16.29983139038086
-52.7336020518746,-16.159040451049805
6.07843040491799,-17.735496520996094
-4.396710286499547,22.448486328125
6.6154810826822,16.281848907470703
9.772192422094813,0.8194046020507812
2.099307195887115,15.290674209594727
-12.414939844598162,-1.19561767578125
8.24149319055937,-2.0574169158935547
-1.5178355576616795,-3.501832962036133
9.144089281431205,10.614608764648438
1.418014053180695,-28.119998931884766
-60.92137282626391,-31.293182373046875
5.61896917638109,98.08666229248047
-4.96580172718434,-31.668439865112305
-24.4432878855492,10.847421646118164
1.675381804264854,17.990367889404297
-2.8447496930443927,11.42681884765625
-1.059512617215007,-6.677421569824219
1.41805545618482,-6.218231201171875
-7.06329362397977,-14.935327529907227
9.400493271217616,-3.247147560119629
3.1327986373042376,-10.133159637451172
4.097668935846943,14.074996948242188
-4.01456885639382,-192.48284912109375
-2.260381023139061,21.83639144897461
-8.237627320974727,29.373441696166992
-2.23616712442702,-10.158012390136719
-26.79502671025515,-227.69296264648438
-10.594900847222812,-119.78105163574219
4.509456424718162,-26.312599182128906
-22.9219832537164,2.450471878051758
-6.2026319104393295,-47.30108642578125
-4.662511414401839,-35.71029281616211
-0.4503474699443348,-21.789398193359375
-21.5531296050118,8.005783081054688
-39.7169735486916,-26.40439224243164
-6.13466459150186,-170.39695739746094
6.093529951556334,-19.2914981842041
-33.3004252633332,1.8691940307617188
-7.789052707582185,1.8660328388214111
-61.6890402284636,-166.5753173828125
-10.613183176373598,-335.99334716796875
-12.6203596574975,-252.00738525390625
-15.2234416939723,-2.8721935749053955
3.42848617073407,-111.11845397949219
-50.4820483838523,5.394031524658203
-71.7765711158932,-2.005634307861328
4.338369925074482,-10.70802116394043
-34.0729170807354,44.329505920410156
-10.285920522724917,-35.0319709777832
2.71808902854303,-10.860595703125
2.26767773086615,-28.065227508544922
0.3189015990893598,1.656428337097168
-39.873530292237,-37.16566467285156
5.053393098685065,-24.462234497070312
-5.77665564868809,-7.883734703063965
-22.4462583852743,52.31048583984375
-10.162041561092582,-3.082874298095703
8.70853787657841,3.670806884765625
-3.73521146317182,8.126779556274414
-1.3326443092463092,-5.992335319519043
-5.830142578087577,-33.26227569580078
-7.815562497274902,-9.796467781066895
-20.7558388881914,0.087982177734375
-1.03656181464744,-6.944091796875
-3.930469946192945,0.23429107666015625
5.391699208755202,-64.93539428710938
7.2595381633228,34.576595306396484
9.30630078585379,-0.10107421875
-3.77133000272187,115.05419921875
-42.936846127142296,11.151110649108887
0.5211206139658471,156.87335205078125
0.7345204104922589,-24.633323669433594
6.86106163750481,28.97943115234375
-21.61387508166409,-11.713922500610352
-24.577379709126298,-22.195938110351562
3.986867952152618,3.594278335571289
-63.2346715672369,-45.990474700927734
4.55602013063716,5.850912094116211
-20.3623076046531,-2.0514373779296875
8.678125432705007,-19.70779800415039
-2.1147225087047508,-0.30075836181640625
-1.14890133483728,8.66270637512207
3.7921116228684086,-4.7608795166015625
-1.3811964732242277,-95.71231079101562
0.1752112379752922,-13.812419891357422
3.3452637215970498,-65.453369140625
6.63109301847755,-21.81714630126953
-8.72128086410909,-13.15812873840332
-0.1160299782726794,-117.11671447753906
0.1119561526876595,-3.853717803955078
11.877856996640997,-4.069307327270508
-3.2142130797467816,-9.937797546386719
-3.9552380984537248,-0.44241905212402344
-1.593720937577549,64.0772476196289
3.3899996482015826,-8.028402328491211
7.66334596528203,-0.5841093063354492
2.60625970962018,-134.20333862304688
5.006519903780723,1.1409130096435547
-58.5527340809363,-16.703411102294922
3.776985072333982,-66.57876586914062
2.4866177573815964,5.901233673095703
-0.6920482116816997,-10.085861206054688
2.1747311895065486,16.27692413330078
-13.14009076535719,-25.525318145751953
2.745769909533195,-6.268585205078125
-10.626155896203898,-14.54433822631836
0.0548896546292299,2.4715423583984375
-69.1366966634013,3.193910598754883
14.8508222506114,2.3946380615234375
-28.3488859938485,32.2325439453125
0.6884341878779402,-98.35935974121094
12.566471603210276,1.0066032409667969
-5.472376660417956,2.5606536865234375
-2.1691769605730515,-4.910005569458008
-0.3887710448227697,-68.06517028808594
9.1356503291117,1.0559210777282715
4.93167956005568,-2.4338788986206055
2.713132201978397,-32.31398010253906
9.090654061652296,-8.424338340759277
1.741670982094262,0.7439718246459961
-5.89266438028177,-4.127582550048828
-1.130678948105339,6.725614547729492
-46.587141393021525,-3.812267780303955
4.366245372711767,9.46210765838623
2.858782897786812,5.420122146606445
2.53362859007723,42.14540100097656
-1.7943154401891548,66.99480438232422
-0.6435038581465955,-412.9779052734375
5.99108205682079,-6.468104362487793
2.44728958086436,2.2035770416259766
1.5718362711845366,32.050254821777344
-55.54568697318505,-5.206565856933594
-9.231606713935047,-5.533357620239258
3.547124544521316,0.0045318603515625
-73.5286754265322,6.111074447631836
0.2047767843086013,-2.9635543823242188
-10.398648228661925,-15.685550689697266
-46.9980356488569,-8.951127052307129
-62.9031214125763,-14.765677452087402
-10.35739215730591,-245.26467895507812
1.83593808226401,34.115150451660156
7.827394642815597,-8.672165870666504
-9.742168339465294,-70.12911987304688
-0.29408409265346,-2.5094223022460938
-5.653435188749545,-18.69852638244629
-14.57002364123529,-17.850515365600586
-18.1797235112709,11.19476318359375
-5.45440876641342,-18.302980422973633
8.596988309863011,-5.266567707061768
-5.493763326806099,2.684406280517578
-8.393586343504198,-14.527583122253418
-3.963646539183849,-16.789213180541992
9.625121597198186,11.20852279663086
-6.18357684414468,-4.177207946777344
-3.41466344580097,-1.1443278789520264
-4.03025121975644,32.391448974609375
-2.66483863280114,5.996392250061035
-0.190891674386513,-88.04141235351562
16.1850033157246,19.29897689819336
-7.910003358009165,23.113887786865234
-2.07861348348741,7.577981948852539
12.331931266595111,-3.6114041805267334
0.8825935384285006,-12.967947006225586
-2.1789667599796294,-111.65542602539062
3.0307168501552093,4.800957679748535
14.8229623836697,13.283546447753906
6.795393661635613,34.32392883300781
5.16750826555368,7.556745529174805
-57.144820014625296,-4.104530334472656
6.167862854629888,9.704440116882324
-2.698758931910008,-52.52948760986328
1.289294757415069,-8.116476058959961
13.9692836454661,-11.818930625915527
-38.6438610292767,35.4908447265625
-3.119647295186995,-30.408130645751953
-6.745372906074374,115.79248046875
-2.7468186065138984,3.4966697692871094
