Score,Pred Score
4.219145585451182,-3.0413944721221924
-2.588665914009158,-4.98350715637207
-3.0703466753296,21.69013023376465
2.1112971208509976,-13.883004188537598
-19.1693792779686,-5.808938026428223
-0.9096556467231308,4.2366557121276855
-5.316952415477393,17.063709259033203
-5.39913759737588,-113.65994262695312
6.1026124307435,-3.901411533355713
-1.6005087696864486,-31.024280548095703
-51.6773231694491,-37.953285217285156
0.51700222845629,4.822751998901367
-1.6521884315998507,-14.08811092376709
2.11024229353816,-22.15532112121582
17.2594267615487,5.252895355224609
-1.73607437190069,-14.11361312866211
-5.77436797253085,-8.969475746154785
-0.568998602339841,-9.781303405761719
-1.289264920121349,-43.223628997802734
-14.1813773041305,-10.992347717285156
-3.31847606547329,-15.535730361938477
11.710679650337616,13.64996337890625
2.046344769010002,-25.28811264038086
-2.77042962989298,-4.926749229431152
9.014890317831036,-13.584360122680664
2.726862934921635,3.8232951164245605
-3.4922781726655696,-0.07126140594482422
1.292753014965791,2.5446696281433105
8.16191414696451,-3.6113381385803223
-8.251107402184557,-23.443500518798828
7.262818938793504,5.165061950683594
4.14054171285972,-2.2433433532714844
-13.546032832554804,-17.525299072265625
-16.8307740899425,-2.3694777488708496
-0.2642143205483515,1.3098139762878418
-6.135426654744688,5.4771728515625
-7.187555808667961,-13.092872619628906
8.149714042401495,-6.089015960693359
-6.426376983867103,-21.21234893798828
13.9953943577381,1.0650118589401245
-6.31868596379813,-22.817096710205078
5.321680837772678,-11.915754318237305
11.9978624338519,-8.882539749145508
7.909526276907584,-16.03294563293457
7.206977941743588,-4.265401840209961
-7.378812419643663,14.723112106323242
0.2475632146873464,8.419510841369629
12.7359625054994,8.129502296447754
5.220668557811489,-12.082672119140625
1.3318185914773402,-31.91803741455078
2.776867734737273,-68.42965698242188
-27.8178569354009,-19.13372039794922
-4.20883890972707,-5.162744045257568
2.78743688363977,4.296421051025391
-9.657849716236,-4.125424385070801
4.071661498679735,10.461275100708008
-10.586292641023492,-6.370701313018799
2.578081311550471,7.375282287597656
-42.2483635713802,-12.797395706176758
8.204494762209066,1.9569692611694336
18.5317724911246,5.267149925231934
6.097122298913325,-34.365482330322266
-11.299328727708405,-17.828113555908203
-6.22433036882608,-15.675812721252441
3.12612254618191,-2.655341386795044
8.756217929094177,12.308627128601074
-1.757118944268968,-7.5409393310546875
-51.402683514636095,-12.643228530883789
-2.13735826282737,4.1607890129089355
8.88265541550952,2.9561052322387695
5.58846482112586,26.564409255981445
7.383552345763623,-9.164453506469727
10.229168329440906,12.833467483520508
-17.4030551064212,-10.016215324401855
2.204062447972561,18.95717430114746
-3.195242757261453,4.709816932678223
-36.8822022827233,-6.8977203369140625
3.812227003524945,44.49873352050781
-6.89310310865277,-20.564350128173828
-2.85382252753121,-12.627015113830566
-7.42349600405968,-6.049835205078125
4.398848813602776,-0.7254247665405273
-68.1959205924323,-10.181645393371582
-3.773219093074008,-18.486711502075195
8.453421074249384,6.039155960083008
-62.9612541332419,-28.129596710205078
2.97844031586002,-5.138428688049316
-5.800670766453999,-10.152708053588867
2.409764321136161,-4.302864074707031
-1.6610011043127195,-1.2295761108398438
1.39259946716825,-5.811437606811523
-5.785469568057495,-10.89771556854248
10.468583156479704,2.841917037963867
0.8267526169764301,-6.341241836547852
-0.4271227388875901,-0.3203144073486328
-5.85807143580148,-26.245006561279297
-2.67676896274171,4.629909515380859
-3.11888044241469,-0.3176608085632324
6.71098989067457,3.2028555870056152
6.429854346358795,7.912059783935547
-6.897600670415837,-24.204715728759766
-16.4910721624856,-23.90064239501953
-3.057699221935841,3.4787139892578125
-17.6906096863185,-7.793872833251953
0.1461877509898399,-31.271650314331055
-3.01321716593974,0.18414002656936646
-15.0412339008878,-174.7523193359375
-3.60075442831331,5.203569412231445
12.5056328567953,-15.867918014526367
-13.8996269060666,5.292920112609863
5.265272900492549,-15.379294395446777
12.283123760680592,-0.9782893657684326
-2.54688332955635,-17.708362579345703
11.579228393987275,-1.3770990371704102
-0.3284521577656807,-6.135458946228027
-2.33292598982445,-26.97418975830078
-0.1058882282985149,6.317462921142578
-2.4461467814868523,-38.71876525878906
-41.8026500314277,-13.152915954589844
4.417989059347175,-18.33200454711914
-40.2101205720394,-7.544190406799316
-14.277645616907492,-4.77392578125
3.29681579894721,-14.07562255859375
-0.7012610501602399,2.952320098876953
8.463248256721428,0.6459865570068359
-2.491707941339629,-18.245817184448242
4.867927463076468,-5.65217924118042
-1.876637029070265,-10.3914794921875
-12.955988512618,-25.205543518066406
-7.75971004909346,24.39039421081543
4.67424026120176,3.6236801147460938
-7.08434802004719,-6.487537384033203
-6.19730890695259,5.361556053161621
-0.1240821746904601,-16.0035400390625
4.069163600073605,-9.49944019317627
-1.77750068778882,-25.26827049255371
1.8601156760560384,-8.016193389892578
-10.8237586662752,-10.808103561401367
-50.1674018945849,-7.387572288513184
-5.8677981963370005,-18.13121795654297
-24.4869919201538,-15.341607093811035
-12.281506448986304,-6.849381923675537
-5.8772631055401,-28.102386474609375
-0.1639564470097907,-9.779706954956055
4.17561229224804,-0.03847217559814453
2.77922195660905,-39.45337677001953
-3.454798154796729,5.479900360107422
7.692941411907634,5.676619529724121
-2.390619984667185,-59.97313690185547
-33.1832620874725,-9.025554656982422
-18.23432595343749,-17.512054443359375
5.29419053806362,-16.03295135498047
-77.3623903172369,-24.324275970458984
15.4985727759109,3.8699989318847656
7.73570234615748,-14.408573150634766
-9.325981865786185,-7.669818878173828
-9.72499716390718,-17.069805145263672
13.309934514349203,4.325601577758789
2.264898495983479,-9.465164184570312
-12.0320822507053,-35.21842956542969
-2.56542276271332,-6.790921211242676
7.196532980977684,-10.019289016723633
-1.857666460494741,12.29140853881836
-1.4872271509121793,-7.815706729888916
-3.12013961477547,7.826683044433594
2.6303171850506604,-4.534281253814697
-60.49569009623433,-16.280412673950195
-30.3377383335249,-4.9874396324157715
1.0590749185315824,-8.604324340820312
-6.929951553081727,-1.8017749786376953
-8.46093254820262,-3.9305944442749023
2.461922216333884,3.6980438232421875
4.5031585012656095,7.895286560058594
4.435147085081137,4.085971355438232
-2.88087637063392,-1.1691932678222656
-1.5082203021212124,0.25220489501953125
-0.6579761516790089,29.861328125
3.719171936095444,5.222810745239258
-2.6053130644292946,4.581232070922852
7.276768036701751,0.5987071990966797
5.29091659278858,3.3661699295043945
-1.0659561461183158,-3.290804862976074
15.4186986077963,14.110450744628906
7.543407488617369,15.33401870727539
9.58062385928767,-4.417950630187988
0.2570808252882703,14.23614501953125
8.13893448615947,1.7901757955551147
-5.14141487663266,-42.898948669433594
-16.517773128145326,-12.364757537841797
0.7364260970712593,-1.5239951610565186
4.25311060075082,-0.40259742736816406
-25.4508968849616,26.024404525756836
-1.9051378030600723,-12.740251541137695
5.506094216928792,0.5967550873756409
-0.1777753404752198,-0.8150815963745117
16.9349100756105,-0.1273517608642578
-11.607028837624,-9.241693496704102
-1.2671721747064446,-11.651637077331543
-16.1535771788668,-12.837623596191406
8.143116180793372,3.724879264831543
7.078924552126015,-1.7997288703918457
-5.73967918172164,-14.804777145385742
-23.3725501337939,-16.15145492553711
9.04709717330502,-11.837625503540039
-3.724573545179619,0.7330007553100586
4.4516036428765,-14.953401565551758
-1.657597602265355,0.32415294647216797
5.586124430090477,-3.0195512771606445
-26.6651088566214,-3.0627050399780273
3.028467183462371,2.433405876159668
-40.7258600860177,-12.721341133117676
-26.912205886836706,-16.763940811157227
-3.9965921287470247,-10.446884155273438
-4.739766082030863,-0.9063186645507812
4.2006804390709,9.010324478149414
-22.3071231538392,-12.329754829406738
-18.5891767455387,-8.094963073730469
-5.960419628776203,-3.9688034057617188
-18.9061714872788,3.471620559692383
-21.4141717786538,-21.318710327148438
-12.208208404490907,-1.4549202919006348
-3.72583443525641,-2.296091079711914
-2.377061578670744,4.987359523773193
6.075310726130807,0.6617231369018555
2.12042655289975,-7.711942672729492
3.181253849239128,10.126060485839844
10.41580460128629,-24.060813903808594
-23.8934551543691,-11.543694496154785
-0.8981307679622897,-27.591163635253906
3.7078671714499096,-8.526384353637695
11.644495901203598,-19.941665649414062
-22.42608065327665,-20.110790252685547
-1.2036514942358316,-1.8069381713867188
-13.5091075877696,-16.539154052734375
-1.79502295092813,-14.827568054199219
2.332279780348585,-24.841506958007812
3.11049964318654,0.531468391418457
3.54836143321337,-8.661609649658203
3.77256113899207,-11.069836616516113
-2.35314836228574,-13.972784042358398
7.837521570550837,-4.783332824707031
9.328533024448705,-26.247478485107422
-37.9495035857927,-7.6913299560546875
-4.144685584269085,-8.387475967407227
8.91646092056966,-11.288734436035156
5.635020609606415,-8.95211410522461
-15.1006814359747,-0.24121713638305664
-2.4599041427842496,-1.7768495082855225
2.42002639701588,-3.1412715911865234
-3.0331069492891496,0.6487998962402344
10.480393919522983,-7.516870498657227
4.452168509343501,6.756711483001709
-2.552277046947741,-16.911375045776367
-5.97419023328963,-55.53497314453125
-0.5734820606807138,-6.038295745849609
3.7606671418030695,-12.95109748840332
-31.4759298257721,7.313348770141602
0.300408103033295,14.294471740722656
-6.32558602127377,-8.791808128356934
0.90894434552881,-10.118627548217773
5.954690473588823,-11.548629760742188
0.0804428699766095,-7.409595012664795
8.45389840526827,15.487196922302246
-2.8859593337581737,11.739178657531738
-1.122073026503361,-15.779078483581543
-75.56229656723696,-3.241325855255127
-6.291328737399075,-16.580833435058594
-10.1192188918475,-10.735555648803711
-56.3663437951974,19.449871063232422
2.4288820651169605,198.37069702148438
5.05355462238675,-9.502452850341797
-13.1809903671301,5.736318588256836
-6.75960002722117,3.2503738403320312
9.0758909366509,36.2277717590332
-1.4230966237807086,69.01736450195312
5.59963570142504,-17.94890785217285
4.133325903305868,17.03566551208496
3.00680128293027,-1.683333396911621
-27.8195558011628,-11.176197052001953
-29.9162730471743,-9.555705070495605
20.7191486697607,3.463453769683838
3.455876052191651,-6.872852325439453
2.595279020812243,-14.500934600830078
-4.0896099478500325,-13.905190467834473
5.3817717725564,29.584165573120117
-1.9802660997523944,-4.908080101013184
0.4007388327427847,77.54710388183594
10.11870938841209,23.38034439086914
-1.7174251595272625,-13.836645126342773
-13.2363849677504,-9.90061092376709
-58.24412469223692,-21.014476776123047
-47.9875704511971,-30.295595169067383
-3.681083449701528,-13.718568801879883
0.1118559290339978,-20.749134063720703
-8.998840630677615,3.114654541015625
1.1941842843275,-1.6022062301635742
19.33685959748449,17.821304321289062
-3.09775596823669,17.688135147094727
1.2555345380058751,-9.243908882141113
-78.7451798053926,-5.200791358947754
8.35813394800668,-2.1655683517456055
-19.6754058911438,-16.254045486450195
4.743603615290096,-2.310138702392578
1.3155747227446202,-18.421663284301758
11.316750179392892,2.552769184112549
11.779516260068313,-18.436569213867188
-3.802611775309477,9.645864486694336
-10.539071528779305,-1.4211845397949219
4.49646859469848,0.13225555419921875
3.59102041590596,-7.4904632568359375
2.1560784090827942,-0.5597915649414062
-17.309192174305,-4.337665557861328
-1.768261666543676,-3.948866844177246
-3.34531377329845,95.19703674316406
-9.09730633851708,-10.650283813476562
-12.909180343140196,-0.5881819725036621
4.020569536845237,-4.0386128425598145
2.28163515100639,-0.33122825622558594
-1.6307504375632549,-31.782241821289062
7.809600001042748,-9.340116500854492
-83.9761260280997,-10.436044692993164
7.656482330373112,-0.9306459426879883
1.675245639565673,-17.758882522583008
-15.991582533821994,3.700115203857422
8.681027307740193,12.013069152832031
11.10272802991041,-2.982421875
3.42951329804928,0.14156532287597656
-1.4295761119406232,0.33300209045410156
-11.9299972333177,3.0735368728637695
11.923948375295712,-0.4625558853149414
5.960801203295765,-14.170659065246582
-0.4381862293696001,-15.854633331298828
-2.43808381047612,-35.41063690185547
5.72263802046558,-12.22408676147461
1.1496085756031087,-2.696758270263672
-6.72144892291601,-3.812659740447998
18.1939100849816,4.315361976623535
3.61441892535489,-19.08089828491211
-0.8028238008287005,-12.454184532165527
0.7001962140772594,2.2310218811035156
2.125547882163602,-1.7176778316497803
-2.8472026300298463,-7.992217063903809
-4.534682244798708,-7.504351615905762
4.49418879319923,27.60066032409668
-10.901275449743116,-14.349157333374023
-4.736229867816737,5.58921480178833
-0.0053525606393112,44.2723388671875
7.06923762363823,-17.334781646728516
-0.0084306638066775,-25.212932586669922
2.11900133622217,2.3345561027526855
8.106852576346123,7.118190765380859
-0.1428452494230792,-35.69084930419922
-1.0683487237199796,-100.40563201904297
0.0285872237409883,-138.29519653320312
2.75380173901167,10.151994705200195
-7.69948364751984,-9.022445678710938
-0.0556983764780604,10.025196075439453
-1.32131943338233,-45.22917938232422
-3.0345245902191325,-1.9288911819458008
-2.93911844531118,-6.544092178344727
9.94612085382829,13.029624938964844
-3.5546157663424616,-8.964945793151855
-11.221818720505304,-19.659626007080078
3.9797293996962297,2.3693718910217285
4.54734483862441,-2.791012763977051
-45.634880019414,-17.389877319335938
-1.6020246929696491,-18.64935302734375
-4.12581810820042,-22.386953353881836
-3.019531285218114,-67.13209533691406
5.42509465390903,-1.4867253303527832
-21.5871320482388,-2.7795443534851074
-1.2497809936708242,-15.996898651123047
-35.0272315856836,-17.490646362304688
3.37898618824583,-24.56831932067871
-13.4460672849668,-16.838172912597656
10.982614675109394,3.938929319381714
2.35164464781062,17.479522705078125
-20.9676231329802,17.83285903930664
-1.6422791314174887,1.3498148918151855
-0.3136273830120112,-24.7484188079834
-16.967828162594074,-8.748488426208496
-2.8325461302865187,-4.657196044921875
-2.6871577689602653,-2.528291702270508
7.570838092245207,-10.649932861328125
-13.547300817594484,-13.694478988647461
8.99923705482913,-8.135306358337402
-0.003939288658445,4.4647111892700195
6.147225205740463,-3.3204267024993896
-2.149900469098629,-30.79901695251465
-25.2381267145584,-14.261394500732422
-5.36204355968609,-6.42253303527832
4.43276114617859,2.662874460220337
3.27144637329635,-11.847490310668945
-1.626797120535592,-13.025789260864258
-9.859535687586003,25.898738861083984
2.0008593011464906,-12.110186576843262
0.369316059642221,-24.921602249145508
5.79128728304933,-6.1012725830078125
0.1235817830644999,-0.49558162689208984
-3.36903782007548,3.703777313232422
7.06032809637297,4.325533390045166
13.71198107208239,4.573736190795898
0.2886204877907422,-11.909765243530273
16.4171583068458,9.44299602508545
-44.7886924625105,-15.202070236206055
-7.726553411266567,-28.619022369384766
4.065326821312747,-17.917261123657227
2.12749125232924,-16.385284423828125
9.06213659212517,13.390352249145508
-4.51305804704249,-22.418455123901367
4.28301459624688,1.2896652221679688
-7.211196994815285,-11.888606071472168
-58.4491138315396,-12.113486289978027
-0.5413656534735456,-10.898059844970703
3.24770439300306,0.5676083564758301
-0.6472060937938101,-4.910584449768066
-1.93656353174353,-5.124629497528076
-1.94666134980912,-2.4978222846984863
-0.670930828719279,5.82572078704834
17.1612744381531,7.6559600830078125
-8.044482691931467,-6.452362060546875
16.9968892380515,5.941525459289551
3.62056380925444,-9.405021667480469
4.07090957771029,18.165870666503906
-1.0680791130593923,-18.20105743408203
4.69437535963172,-12.564629554748535
0.3837795244341289,0.9077455997467041
0.6681105368389735,-17.038698196411133
-8.08045020128908,-17.5977783203125
-42.6579269422049,-17.18140983581543
-30.89708550466269,-7.30021858215332
-1.1617148968623687,6.986917495727539
6.46185690649625,-7.378583908081055
8.658679095048068,4.977238655090332
-0.1898191226144924,-50.68596649169922
6.457932781589695,8.541988372802734
-33.7712071062874,0.9269142150878906
-4.786538605318405,4.247734069824219
-13.5632540546311,-10.959039688110352
-82.13826531723697,-12.414009094238281
-3.0453156276270903,42.61907958984375
6.430237727930085,-15.675139427185059
5.31082796058257,-3.9449164867401123
-70.65073406723695,-23.720855712890625
4.71112087372323,-7.795167922973633
-10.78700495517378,20.18309783935547
-6.055427015859325,-13.524078369140625
-16.475900892606802,-12.154520034790039
-2.487076105276776,-47.051361083984375
-48.3858044800915,-12.097084045410156
5.893700156574014,2.3169727325439453
-47.9957157156951,-6.070537567138672
-1.511416195100045,-11.920743942260742
-7.071587649042333,-1.249842643737793
-0.3550158381598589,7.117257118225098
-17.0078420331655,-12.742647171020508
10.3189652047012,-74.99383544921875
8.829561804598438,0.8650286197662354
10.909208084253878,10.12125015258789
-2.25262466719878,-1.8040218353271484
0.7445982178878973,-3.115689277648926
-4.813871520282443,-1.2811875343322754
2.85060083445348,-4.109671592712402
-2.54595208771381,-9.38126277923584
-8.692928400841772,-192.53399658203125
16.618750626525,13.711827278137207
7.37064384347005,-4.97743034362793
-6.81516141534704,-14.884054183959961
-10.386374558578522,36.19120788574219
3.73205068567752,4.852077484130859
-6.40442742836347,1.077523946762085
1.74273211890989,-5.280064582824707
-7.920344649869953,-9.19444751739502
-9.28527551691871,4.677699089050293
1.51502173443586,-2.635453224182129
-90.3299705619704,-14.709941864013672
-6.512385872303066,-19.098854064941406
0.7982616963508231,-6.609218120574951
15.8859560938761,5.125518798828125
-23.227454082363305,-3.5479183197021484
5.4465900456679694,2.97515869140625
-13.2494383747796,-25.397418975830078
-2.3458288386735573,-9.195625305175781
-1.5403494549472296,-10.992581367492676
-2.941164138388841,-11.744943618774414
-14.6311710829416,-9.016478538513184
-4.81834176383161,15.21331787109375
-4.03806373695381,-12.687971115112305
0.4076170529080399,-29.078529357910156
-34.8552692363716,-4.146601676940918
-25.0659802428987,14.554180145263672
-5.8684323426223,0.2871990203857422
0.6771989561182002,-14.272932052612305
-14.6157572128631,-9.572538375854492
5.344594984386832,-12.075618743896484
-4.75101729862813,0.09342122077941895
-89.5439156156453,-2.1756677627563477
-1.207429910073891,2.3735809326171875
13.667582002208905,13.333664894104004
-82.4887013651952,-13.010599136352539
4.40921359309415,-1.342503547668457
-19.923371510770203,-3.953033447265625
-4.665207913971671,-7.612947940826416
3.42106467876526,-0.7736244201660156
-39.0956747424042,-0.24313831329345703
-10.288292260688207,28.786514282226562
2.3067635611900137,4.359256744384766
-4.92782811871599,-6.915985107421875
10.292368565007404,9.850506782531738
-8.184373188662292,-3.387387275695801
-4.763634360062484,-27.197540283203125
-2.40000424902785,-4.1411542892456055
5.009535132419683,9.536894798278809
-22.2455703021075,-14.881451606750488
3.987299411465438,-10.360433578491211
-38.4962238749225,46.576663970947266
-44.9949251983702,-4.715173721313477
-1.378759213278819,11.650749206542969
8.07102955700163,4.770138740539551
1.055995951979529,-5.532340049743652
2.188685633501576,-0.088897705078125
1.0880788430276551,14.637134552001953
-0.2898522089969393,4.688197135925293
-3.790702882666694,-14.667198181152344
-7.940842049461227,-18.488269805908203
4.398742241377427,35.00605773925781
2.5565427438131976,19.41640853881836
4.123908949931413,16.487411499023438
-76.9668504799361,-13.161752700805664
-14.1325019191809,-19.36970329284668
7.960789166364423,8.372125625610352
0.4423212163888063,3.6247825622558594
2.63206586722876,6.843223571777344
3.1988276731025875,-5.954744338989258
-1.6552655274048038,-15.037220001220703
8.077984978184695,-4.03999137878418
-13.790764753514,-11.669415473937988
2.13745295521649,-4.573108673095703
3.0897024917955025,-11.241994857788086
-0.3530077955256401,-8.706692695617676
-7.639409008216227,0.17163658142089844
2.765011277030255,1.122344970703125
3.557691046156,-1.2451485395431519
4.00031385473591,-10.987833976745605
-55.7541546140486,-14.865610122680664
9.550892694239591,11.320903778076172
1.775572054007981,-52.774925231933594
-2.248378586620203,-33.6033821105957
-56.2560888739038,-15.73544979095459
-2.5590885431480426,-11.581850051879883
-40.5029244010595,-15.504337310791016
-30.8171784242839,-6.706596851348877
2.679404112105611,-4.4339752197265625
2.76740193393285,-17.289108276367188
-11.341527235964405,-20.779224395751953
-3.448025235667948,-14.413287162780762
-0.0780407432645869,-22.81385040283203
11.616605850275496,2.0269460678100586
9.179556151687803,3.406543731689453
7.190050317883171,-11.000192642211914
-39.4932668903457,-38.08486557006836
-2.306526469902426,0.2845015525817871
0.5403453062071405,26.569358825683594
-23.6042929930625,-18.804332733154297
-4.172986764275874,-17.01380157470703
0.5394390329931549,0.42928647994995117
5.84905996845087,0.14165878295898438
-22.9515728231767,29.37415313720703
-3.134999611446543,-4.206171989440918
-6.066411004621831,-4.217019557952881
2.24572304437811,12.921512603759766
-70.8116033690518,-18.51625633239746
0.3224388648416145,-9.969278335571289
4.755697845162629,0.5718517303466797
1.7336328627834918,-24.187152862548828
3.939818822274421,11.26080322265625
6.09033976794457,1.2448368072509766
6.4251548431743295,-13.135175704956055
-6.47138721063866,6.73822021484375
-0.0379657812584102,-67.15544128417969
4.4105627388370605,-13.204254150390625
2.3065604778561424,1.7670965194702148
7.588764503474316,4.922991752624512
-24.3954295810688,-8.918367385864258
7.380729755239978,-13.204216003417969
5.978124919049687,12.094846725463867
0.7860328468455551,-13.969635009765625
-44.1817825469333,-17.236326217651367
3.58036180553514,-5.222930908203125
3.33951124606136,3.925851821899414
-6.79658968512302,-24.504695892333984
3.7347243087796,10.552440643310547
4.76541245752904,4.003644943237305
8.922207576391518,-10.38756275177002
-11.864177458483407,-17.272247314453125
1.166748445159433,12.401599884033203
-25.781275563237,-17.290422439575195
4.179707781567577,7.527975082397461
-1.073248118887358,-4.362024307250977
1.7249239205326918,-13.21084213256836
-81.52648016021857,-1.4871025085449219
13.015759276594096,-6.1913604736328125
5.35198813185094,-2.9190564155578613
-12.53254789251529,-8.318195343017578
5.45103123545738,-9.627525329589844
4.128157012788561,-10.299861907958984
-3.8590388668775,-2.6967267990112305
7.36579899286375,-7.453217029571533
-11.03094492075089,-7.693905830383301
8.017093587799739,-31.551651000976562
15.384553292915324,-20.738357543945312
2.79124989437018,15.432000160217285
2.81101468536903,-12.257524490356445
-1.7237618714553775,-1.4401092529296875
-2.202886656443709,-28.262035369873047
2.369358494612781,13.31543254852295
-11.30813578108209,185.55557250976562
4.484288991501213,-2.1985244750976562
-35.8165916579592,10.943329811096191
-5.19085420781142,1.7215194702148438
2.86709961553106,-4.288918495178223
-4.349210006555943,10.311027526855469
5.029017096161708,3.5133183002471924
8.243548509216069,1.1406173706054688
-2.6184282494780104,-10.612665176391602
-5.527709296795018,-9.078424453735352
-52.7336020518746,-15.851033210754395
6.07843040491799,-6.570075035095215
-4.396710286499547,-16.5830135345459
6.6154810826822,-3.8771190643310547
9.772192422094813,-14.110828399658203
2.099307195887115,-19.546234130859375
-12.414939844598162,-17.0721435546875
8.24149319055937,-6.2657599449157715
-1.5178355576616795,-8.430755615234375
9.144089281431205,-6.129185199737549
1.418014053180695,-24.244388580322266
-60.92137282626391,-23.168020248413086
5.61896917638109,-45.71551513671875
-4.96580172718434,-21.563928604125977
-24.4432878855492,-3.663177728652954
1.675381804264854,-20.717914581298828
-2.8447496930443927,71.6968002319336
-1.059512617215007,6.463336944580078
1.41805545618482,3.5896859169006348
-7.06329362397977,-19.42613983154297
9.400493271217616,5.7427287101745605
3.1327986373042376,-3.785576820373535
4.097668935846943,0.10251712799072266
-4.01456885639382,-64.85130310058594
-2.260381023139061,-0.9849021434783936
-8.237627320974727,-4.8502607345581055
-2.23616712442702,11.932615280151367
-26.79502671025515,-88.13716125488281
-10.594900847222812,-48.53795623779297
4.509456424718162,-0.7059755325317383
-22.9219832537164,-13.503040313720703
-6.2026319104393295,-22.042476654052734
-4.662511414401839,-15.414627075195312
-0.4503474699443348,-4.699779987335205
-21.5531296050118,-19.47566032409668
-39.7169735486916,-18.011919021606445
-6.13466459150186,-62.826900482177734
6.093529951556334,6.238188743591309
-33.3004252633332,-9.516319274902344
-7.789052707582185,7.342902183532715
-61.6890402284636,-50.75746536254883
-10.613183176373598,-107.60931396484375
-12.6203596574975,-98.33476257324219
-15.2234416939723,-7.748190402984619
3.42848617073407,-45.05002975463867
-50.4820483838523,-3.659773826599121
-71.7765711158932,-20.21420669555664
4.338369925074482,-16.34702491760254
-34.0729170807354,-20.670143127441406
-10.285920522724917,-38.14708709716797
2.71808902854303,-5.771681308746338
2.26767773086615,-20.98188018798828
0.3189015990893598,-11.006731986999512
-39.873530292237,-17.580224990844727
5.053393098685065,-4.07574462890625
-5.77665564868809,-0.8436291217803955
-22.4462583852743,-7.111381530761719
-10.162041561092582,-5.890386581420898
8.70853787657841,-16.821430206298828
-3.73521146317182,-9.955745697021484
-1.3326443092463092,-15.616761207580566
-5.830142578087577,-18.56000518798828
-7.815562497274902,-2.41788911819458
-20.7558388881914,-19.407615661621094
-1.03656181464744,-25.769229888916016
-3.930469946192945,-14.045644760131836
5.391699208755202,8.955154418945312
7.2595381633228,8.687149047851562
9.30630078585379,-0.2500877380371094
-3.77133000272187,32.3060302734375
-42.936846127142296,-17.69422149658203
0.5211206139658471,14.05047607421875
0.7345204104922589,-0.4569878578186035
6.86106163750481,21.743656158447266
-21.61387508166409,-8.465534210205078
-24.577379709126298,-13.721691131591797
3.986867952152618,-3.642616033554077
-63.2346715672369,-37.24104690551758
4.55602013063716,-0.4162721633911133
-20.3623076046531,-10.714479446411133
8.678125432705007,-0.3534698486328125
-2.1147225087047508,-16.46965789794922
-1.14890133483728,-1.3212451934814453
3.7921116228684086,-3.9063527584075928
-1.3811964732242277,-37.634273529052734
0.1752112379752922,-16.428152084350586
3.3452637215970498,-43.1888542175293
6.63109301847755,1.5427894592285156
-8.72128086410909,-7.198354721069336
-0.1160299782726794,-35.312339782714844
0.1119561526876595,-6.062755107879639
11.877856996640997,-3.6510791778564453
-3.2142130797467816,3.1151914596557617
-3.9552380984537248,-2.6876907348632812
-1.593720937577549,22.0865478515625
3.3899996482015826,16.064125061035156
7.66334596528203,-8.62774658203125
2.60625970962018,-21.04178237915039
5.006519903780723,-12.52750015258789
-58.5527340809363,-14.960180282592773
3.776985072333982,-31.46169662475586
2.4866177573815964,0.02947711944580078
-0.6920482116816997,-5.379894256591797
2.1747311895065486,17.004507064819336
-13.14009076535719,-15.742220878601074
2.745769909533195,9.101466178894043
-10.626155896203898,-10.39630126953125
0.0548896546292299,3.712275505065918
-69.1366966634013,-7.58974552154541
14.8508222506114,5.38919734954834
-28.3488859938485,-27.565673828125
0.6884341878779402,12.799507141113281
12.566471603210276,4.261791229248047
-5.472376660417956,-1.078775405883789
-2.1691769605730515,-14.556269645690918
-0.3887710448227697,5.529788970947266
9.1356503291117,10.043097496032715
4.93167956005568,-7.959217071533203
2.713132201978397,-32.432777404785156
9.090654061652296,-4.412371635437012
1.741670982094262,5.609527111053467
-5.89266438028177,-9.166280746459961
-1.130678948105339,17.346755981445312
-46.587141393021525,-8.07962417602539
4.366245372711767,8.45852279663086
2.858782897786812,4.552835464477539
2.53362859007723,24.712745666503906
-1.7943154401891548,4.873218536376953
-0.6435038581465955,52.201446533203125
5.99108205682079,-4.6438117027282715
2.44728958086436,-10.854257583618164
1.5718362711845366,-10.535457611083984
-55.54568697318505,-10.982046127319336
-9.231606713935047,-1.7756633758544922
3.547124544521316,-23.519458770751953
-73.5286754265322,-15.020831108093262
0.2047767843086013,-9.21495246887207
-10.398648228661925,8.482735633850098
-46.9980356488569,-7.132253646850586
-62.9031214125763,-17.928064346313477
-10.35739215730591,14.09032154083252
1.83593808226401,13.279569625854492
7.827394642815597,-3.1749091148376465
-9.742168339465294,3.064413070678711
-0.29408409265346,-15.861810684204102
-5.653435188749545,-5.657834053039551
-14.57002364123529,-13.963220596313477
-18.1797235112709,2.182620048522949
-5.45440876641342,-8.431161880493164
8.596988309863011,1.5015596151351929
-5.493763326806099,1.9303932189941406
-8.393586343504198,11.704497337341309
-3.963646539183849,9.547080039978027
9.625121597198186,9.701749801635742
-6.18357684414468,-23.48221206665039
-3.41466344580097,1.6411933898925781
-4.03025121975644,-19.029375076293945
-2.66483863280114,-16.704233169555664
-0.190891674386513,-0.5617256164550781
16.1850033157246,6.988651275634766
-7.910003358009165,-8.524550437927246
-2.07861348348741,-10.87491226196289
12.331931266595111,7.066634178161621
0.8825935384285006,-15.510274887084961
-2.1789667599796294,30.948936462402344
3.0307168501552093,-15.977127075195312
14.8229623836697,8.477579116821289
6.795393661635613,2.226531982421875
5.16750826555368,2.690190315246582
-57.144820014625296,-5.423171043395996
6.167862854629888,-0.5128679275512695
-2.698758931910008,45.76743698120117
1.289294757415069,-8.325349807739258
13.9692836454661,-0.9626414775848389
-38.6438610292767,-25.38340950012207
-3.119647295186995,-5.9648542404174805
-6.745372906074374,5.93048095703125
-2.7468186065138984,-7.911149024963379
