Score,Pred Score
4.219145585451182,-0.12475204467773438
-2.588665914009158,-4.168071746826172
-3.0703466753296,11.630973815917969
2.1112971208509976,-10.131762504577637
-19.1693792779686,-10.41159725189209
-0.9096556467231308,-3.3947319984436035
-5.316952415477393,-2.554119110107422
-5.39913759737588,-32.797874450683594
6.1026124307435,-2.2374274730682373
-1.6005087696864486,-12.8756103515625
-51.6773231694491,-42.15790939331055
0.51700222845629,0.1972503662109375
-1.6521884315998507,-5.383931636810303
2.11024229353816,-5.478880882263184
17.2594267615487,1.6064295768737793
-1.73607437190069,-10.589951515197754
-5.77436797253085,-3.2492880821228027
-0.568998602339841,-12.374208450317383
-1.289264920121349,-10.742206573486328
-14.1813773041305,-12.135309219360352
-3.31847606547329,-2.146817207336426
11.710679650337616,9.386642456054688
2.046344769010002,1.70782470703125
-2.77042962989298,2.9393832683563232
9.014890317831036,6.327005386352539
2.726862934921635,4.408548355102539
-3.4922781726655696,-13.03765869140625
1.292753014965791,2.765528678894043
8.16191414696451,0.21552515029907227
-8.251107402184557,-12.204408645629883
7.262818938793504,10.959938049316406
4.14054171285972,1.663576602935791
-13.546032832554804,-11.813313484191895
-16.8307740899425,0.06909847259521484
-0.2642143205483515,-5.623377799987793
-6.135426654744688,15.45404052734375
-7.187555808667961,2.904979705810547
8.149714042401495,-5.991645336151123
-6.426376983867103,-4.035292625427246
13.9953943577381,-5.185257911682129
-6.31868596379813,-9.655733108520508
5.321680837772678,7.430564880371094
11.9978624338519,-8.45894718170166
7.909526276907584,-17.192407608032227
7.206977941743588,9.295944213867188
-7.378812419643663,-17.294692993164062
0.2475632146873464,-1.737809181213379
12.7359625054994,14.12365436553955
5.220668557811489,-11.093400001525879
1.3318185914773402,-11.87741470336914
2.776867734737273,-44.56221008300781
-27.8178569354009,-11.754203796386719
-4.20883890972707,-3.6833841800689697
2.78743688363977,14.520610809326172
-9.657849716236,-19.85299301147461
4.071661498679735,-4.48059606552124
-10.586292641023492,0.7702425718307495
2.578081311550471,7.486881256103516
-42.2483635713802,-13.866445541381836
8.204494762209066,-12.45481014251709
18.5317724911246,-0.08837509155273438
6.097122298913325,-26.301136016845703
-11.299328727708405,-22.949953079223633
-6.22433036882608,-5.237008094787598
3.12612254618191,-1.4333419799804688
8.756217929094177,16.273908615112305
-1.757118944268968,-14.75748348236084
-51.402683514636095,-17.37434959411621
-2.13735826282737,-2.32198429107666
8.88265541550952,-1.1315374374389648
5.58846482112586,3.464322090148926
7.383552345763623,-7.857118606567383
10.229168329440906,8.688261032104492
-17.4030551064212,-13.030088424682617
2.204062447972561,10.411905288696289
-3.195242757261453,-3.4959888458251953
-36.8822022827233,-16.593746185302734
3.812227003524945,5.402915954589844
-6.89310310865277,-12.349264144897461
-2.85382252753121,-7.596094131469727
-7.42349600405968,-12.289115905761719
4.398848813602776,-0.4913971424102783
-68.1959205924323,-33.904563903808594
-3.773219093074008,-0.18111419677734375
8.453421074249384,0.5730147361755371
-62.9612541332419,-35.009613037109375
2.97844031586002,-4.939061164855957
-5.800670766453999,-7.7010979652404785
2.409764321136161,-3.409729242324829
-1.6610011043127195,-12.371374130249023
1.39259946716825,-1.3983275890350342
-5.785469568057495,-14.305001258850098
10.468583156479704,2.148803234100342
0.8267526169764301,-12.118742942810059
-0.4271227388875901,2.8095245361328125
-5.85807143580148,-11.714134216308594
-2.67676896274171,-3.1918253898620605
-3.11888044241469,0.38149070739746094
6.71098989067457,16.84130859375
6.429854346358795,-0.019824981689453125
-6.897600670415837,0.8129692077636719
-16.4910721624856,-26.40554428100586
-3.057699221935841,0.9274330139160156
-17.6906096863185,-21.75537109375
0.1461877509898399,0.17421722412109375
-3.01321716593974,0.40945494174957275
-15.0412339008878,53.744903564453125
-3.60075442831331,4.303250312805176
12.5056328567953,-7.236351013183594
-13.8996269060666,-4.490479946136475
5.265272900492549,-13.79014778137207
12.283123760680592,-0.3681812286376953
-2.54688332955635,0.7993087768554688
11.579228393987275,0.8332467079162598
-0.3284521577656807,3.884425163269043
-2.33292598982445,-1.6113815307617188
-0.1058882282985149,7.338605880737305
-2.4461467814868523,7.9930572509765625
-41.8026500314277,-21.05377960205078
4.417989059347175,-9.636812210083008
-40.2101205720394,-10.484050750732422
-14.277645616907492,-3.3601484298706055
3.29681579894721,-9.577067375183105
-0.7012610501602399,1.8595714569091797
8.463248256721428,11.24989128112793
-2.491707941339629,-18.598400115966797
4.867927463076468,5.47724723815918
-1.876637029070265,-10.528544425964355
-12.955988512618,-23.546890258789062
-7.75971004909346,-6.164196014404297
4.67424026120176,3.3041305541992188
-7.08434802004719,-6.226195812225342
-6.19730890695259,3.715686798095703
-0.1240821746904601,-10.065449714660645
4.069163600073605,-14.865285873413086
-1.77750068778882,-1.498260498046875
1.8601156760560384,-12.694282531738281
-10.8237586662752,-24.357393264770508
-50.1674018945849,-19.187702178955078
-5.8677981963370005,-7.4537553787231445
-24.4869919201538,-16.962635040283203
-12.281506448986304,-2.597809076309204
-5.8772631055401,-19.684967041015625
-0.1639564470097907,-8.067302703857422
4.17561229224804,-6.762975692749023
2.77922195660905,16.846603393554688
-3.454798154796729,-5.939813613891602
7.692941411907634,2.1850366592407227
-2.390619984667185,1.7067947387695312
-33.1832620874725,-16.447330474853516
-18.23432595343749,-15.002495765686035
5.29419053806362,-13.271827697753906
-77.3623903172369,-34.81667709350586
15.4985727759109,12.216886520385742
7.73570234615748,-18.019914627075195
-9.325981865786185,-7.856927871704102
-9.72499716390718,-14.85377025604248
13.309934514349203,8.228141784667969
2.264898495983479,-14.280640602111816
-12.0320822507053,-18.167224884033203
-2.56542276271332,4.847261428833008
7.196532980977684,-1.8109054565429688
-1.857666460494741,1.8087749481201172
-1.4872271509121793,-7.570343971252441
-3.12013961477547,0.1321253776550293
2.6303171850506604,-6.201900005340576
-60.49569009623433,-16.607633590698242
-30.3377383335249,-10.149914741516113
1.0590749185315824,-2.5186386108398438
-6.929951553081727,-3.153871536254883
-8.46093254820262,-4.809873104095459
2.461922216333884,-2.59900164604187
4.5031585012656095,7.389862060546875
4.435147085081137,-0.1855478286743164
-2.88087637063392,-3.474149703979492
-1.5082203021212124,9.558326721191406
-0.6579761516790089,12.973724365234375
3.719171936095444,2.716425657272339
-2.6053130644292946,0.8522090911865234
7.276768036701751,-0.9363994598388672
5.29091659278858,-3.7241249084472656
-1.0659561461183158,-4.131040573120117
15.4186986077963,10.097278594970703
7.543407488617369,12.378450393676758
9.58062385928767,-3.4317941665649414
0.2570808252882703,11.238693237304688
8.13893448615947,-0.3903639316558838
-5.14141487663266,-27.67765998840332
-16.517773128145326,-4.138888835906982
0.7364260970712593,-2.3599464893341064
4.25311060075082,2.729165554046631
-25.4508968849616,3.700389862060547
-1.9051378030600723,-1.5756797790527344
5.506094216928792,-1.1942694187164307
-0.1777753404752198,-3.060042381286621
16.9349100756105,14.923116683959961
-11.607028837624,-7.492710113525391
-1.2671721747064446,-19.137821197509766
-16.1535771788668,-13.582101821899414
8.143116180793372,2.1556224822998047
7.078924552126015,1.3395967483520508
-5.73967918172164,-12.093585968017578
-23.3725501337939,-18.004371643066406
9.04709717330502,-15.190199851989746
-3.724573545179619,2.2111587524414062
4.4516036428765,-6.651591777801514
-1.657597602265355,-3.242943048477173
5.586124430090477,2.2773594856262207
-26.6651088566214,-7.750375270843506
3.028467183462371,10.616128921508789
-40.7258600860177,-10.774663925170898
-26.912205886836706,-20.203279495239258
-3.9965921287470247,-3.4400930404663086
-4.739766082030863,-0.6936302185058594
4.2006804390709,3.1449813842773438
-22.3071231538392,-21.214996337890625
-18.5891767455387,-16.550691604614258
-5.960419628776203,3.96197509765625
-18.9061714872788,-5.227321624755859
-21.4141717786538,-33.962615966796875
-12.208208404490907,-15.251410484313965
-3.72583443525641,-0.0504913330078125
-2.377061578670744,-6.707095146179199
6.075310726130807,0.48543691635131836
2.12042655289975,-6.503328323364258
3.181253849239128,-3.7526016235351562
10.41580460128629,-20.44907569885254
-23.8934551543691,-26.934728622436523
-0.8981307679622897,-5.347835540771484
3.7078671714499096,-5.657438278198242
11.644495901203598,-3.01580810546875
-22.42608065327665,-7.790708541870117
-1.2036514942358316,-0.04559731483459473
-13.5091075877696,-21.643951416015625
-1.79502295092813,0.7753822803497314
2.332279780348585,-5.3918609619140625
3.11049964318654,4.480862617492676
3.54836143321337,10.807907104492188
3.77256113899207,-7.2001800537109375
-2.35314836228574,-12.548840522766113
7.837521570550837,3.9178576469421387
9.328533024448705,-10.953140258789062
-37.9495035857927,-38.97574234008789
-4.144685584269085,0.5229943990707397
8.91646092056966,-6.459648609161377
5.635020609606415,10.344807624816895
-15.1006814359747,-2.9900217056274414
-2.4599041427842496,-3.4891791343688965
2.42002639701588,-8.385228157043457
-3.0331069492891496,3.103734016418457
10.480393919522983,1.808180809020996
4.452168509343501,4.4108171463012695
-2.552277046947741,-13.944324493408203
-5.97419023328963,-4.552604675292969
-0.5734820606807138,-1.4235820770263672
3.7606671418030695,-7.511678218841553
-31.4759298257721,-15.235603332519531
0.300408103033295,17.57239532470703
-6.32558602127377,-7.400347709655762
0.90894434552881,5.839914321899414
5.954690473588823,0.4570960998535156
0.0804428699766095,-4.2483601570129395
8.45389840526827,6.121150970458984
-2.8859593337581737,-8.673534393310547
-1.122073026503361,-8.880268096923828
-75.56229656723696,-5.25173282623291
-6.291328737399075,0.4765815734863281
-10.1192188918475,-2.7685089111328125
-56.3663437951974,-20.95798110961914
2.4288820651169605,12.235193252563477
5.05355462238675,0.5136947631835938
-13.1809903671301,-2.716403007507324
-6.75960002722117,-8.258174896240234
9.0758909366509,-4.544771194458008
-1.4230966237807086,-3.20501708984375
5.59963570142504,-17.327442169189453
4.133325903305868,-3.0383453369140625
3.00680128293027,6.427600860595703
-27.8195558011628,-15.899310111999512
-29.9162730471743,-12.182064056396484
20.7191486697607,1.04129958152771
3.455876052191651,9.409997940063477
2.595279020812243,-11.5474271774292
-4.0896099478500325,-7.068411350250244
5.3817717725564,7.130012512207031
-1.9802660997523944,-1.6835966110229492
0.4007388327427847,32.552650451660156
10.11870938841209,4.627147674560547
-1.7174251595272625,-6.967006683349609
-13.2363849677504,-10.23755168914795
-58.24412469223692,-25.526554107666016
-47.9875704511971,-37.4134407043457
-3.681083449701528,-14.205252647399902
0.1118559290339978,-19.38236427307129
-8.998840630677615,-8.683387756347656
1.1941842843275,1.738046407699585
19.33685959748449,9.88421630859375
-3.09775596823669,13.561872482299805
1.2555345380058751,-6.133406639099121
-78.7451798053926,-18.450511932373047
8.35813394800668,11.509004592895508
-19.6754058911438,-13.871562004089355
4.743603615290096,-10.191904067993164
1.3155747227446202,-9.321562767028809
11.316750179392892,-3.182004928588867
11.779516260068313,1.3767499923706055
-3.802611775309477,6.10686731338501
-10.539071528779305,-6.4329681396484375
4.49646859469848,-3.20892333984375
3.59102041590596,2.42364501953125
2.1560784090827942,-0.39722537994384766
-17.309192174305,-2.291987419128418
-1.768261666543676,-7.328062534332275
-3.34531377329845,-4.324005126953125
-9.09730633851708,-5.568159103393555
-12.909180343140196,2.277198314666748
4.020569536845237,-1.5958609580993652
2.28163515100639,5.162961959838867
-1.6307504375632549,-7.3828277587890625
7.809600001042748,3.3532376289367676
-83.9761260280997,-12.948715209960938
7.656482330373112,-5.635185241699219
1.675245639565673,-0.09630203247070312
-15.991582533821994,4.434474945068359
8.681027307740193,11.12091064453125
11.10272802991041,-0.6604905128479004
3.42951329804928,-5.604698181152344
-1.4295761119406232,-0.0342254638671875
-11.9299972333177,-3.383357048034668
11.923948375295712,-6.32351016998291
5.960801203295765,-11.53869342803955
-0.4381862293696001,-15.525367736816406
-2.43808381047612,-28.483613967895508
5.72263802046558,8.24876594543457
1.1496085756031087,3.624213218688965
-6.72144892291601,-4.2589874267578125
18.1939100849816,11.602323532104492
3.61441892535489,-11.91213321685791
-0.8028238008287005,-10.176383972167969
0.7001962140772594,-5.907347679138184
2.125547882163602,-6.0776801109313965
-2.8472026300298463,-13.578855514526367
-4.534682244798708,-7.152093887329102
4.49418879319923,14.656326293945312
-10.901275449743116,-17.19729232788086
-4.736229867816737,1.9321160316467285
-0.0053525606393112,18.725189208984375
7.06923762363823,3.9339733123779297
-0.0084306638066775,-10.883625984191895
2.11900133622217,3.0635828971862793
8.106852576346123,6.702681541442871
-0.1428452494230792,-15.529170989990234
-1.0683487237199796,-4.429100036621094
0.0285872237409883,-8.884963989257812
2.75380173901167,2.8415589332580566
-7.69948364751984,-5.814082145690918
-0.0556983764780604,-1.6970150470733643
-1.32131943338233,-9.469154357910156
-3.0345245902191325,-1.5410346984863281
-2.93911844531118,0.004815101623535156
9.94612085382829,9.402754783630371
-3.5546157663424616,-11.874410629272461
-11.221818720505304,-11.090814590454102
3.9797293996962297,0.7064449787139893
4.54734483862441,2.421157121658325
-45.634880019414,-21.08306121826172
-1.6020246929696491,-22.637746810913086
-4.12581810820042,-2.283832550048828
-3.019531285218114,-6.0129852294921875
5.42509465390903,4.796416282653809
-21.5871320482388,-0.5023579597473145
-1.2497809936708242,-16.470178604125977
-35.0272315856836,-34.064353942871094
3.37898618824583,-8.19827938079834
-13.4460672849668,-13.177288055419922
10.982614675109394,-0.39131784439086914
2.35164464781062,-3.4925537109375
-20.9676231329802,-13.339879989624023
-1.6422791314174887,-0.002675294876098633
-0.3136273830120112,1.4559059143066406
-16.967828162594074,-4.608943939208984
-2.8325461302865187,-3.424032688140869
-2.6871577689602653,-2.208404541015625
7.570838092245207,-12.652275085449219
-13.547300817594484,-13.987611770629883
8.99923705482913,-4.133225440979004
-0.003939288658445,2.405028820037842
6.147225205740463,-6.972400665283203
-2.149900469098629,-13.029621124267578
-25.2381267145584,-13.190764427185059
-5.36204355968609,-3.2692270278930664
4.43276114617859,4.522463321685791
3.27144637329635,-3.99953031539917
-1.626797120535592,-7.874687194824219
-9.859535687586003,-2.441617965698242
2.0008593011464906,-10.493973731994629
0.369316059642221,-11.905628204345703
5.79128728304933,-0.021240234375
0.1235817830644999,2.926011562347412
-3.36903782007548,-11.754018783569336
7.06032809637297,4.917619705200195
13.71198107208239,-2.679823398590088
0.2886204877907422,-3.665499687194824
16.4171583068458,9.852556228637695
-44.7886924625105,-22.511310577392578
-7.726553411266567,-20.767494201660156
4.065326821312747,9.619792938232422
2.12749125232924,-14.670616149902344
9.06213659212517,-2.7951135635375977
-4.51305804704249,-14.462013244628906
4.28301459624688,4.440650463104248
-7.211196994815285,-11.01080322265625
-58.4491138315396,-11.97041130065918
-0.5413656534735456,1.2258148193359375
3.24770439300306,-4.98284912109375
-0.6472060937938101,-5.096557140350342
-1.93656353174353,3.852712869644165
-1.94666134980912,-4.435334205627441
-0.670930828719279,-3.914682388305664
17.1612744381531,0.13980817794799805
-8.044482691931467,-2.3049612045288086
16.9968892380515,7.404047012329102
3.62056380925444,-5.342724800109863
4.07090957771029,10.556365966796875
-1.0680791130593923,-6.122659683227539
4.69437535963172,-8.673047065734863
0.3837795244341289,-0.9949429035186768
0.6681105368389735,5.87952995300293
-8.08045020128908,-11.508923530578613
-42.6579269422049,-14.61542797088623
-30.89708550466269,-13.247642517089844
-1.1617148968623687,-4.454463005065918
6.46185690649625,-1.5291070938110352
8.658679095048068,0.29511260986328125
-0.1898191226144924,-24.107139587402344
6.457932781589695,1.5408005714416504
-33.7712071062874,-16.78478240966797
-4.786538605318405,10.894983291625977
-13.5632540546311,-11.856732368469238
-82.13826531723697,-9.858920097351074
-3.0453156276270903,-0.63360595703125
6.430237727930085,-14.832433700561523
5.31082796058257,3.811732769012451
-70.65073406723695,-49.88188171386719
4.71112087372323,-13.42673110961914
-10.78700495517378,3.6202316284179688
-6.055427015859325,-13.550033569335938
-16.475900892606802,9.19786262512207
-2.487076105276776,8.347763061523438
-48.3858044800915,-14.395362854003906
5.893700156574014,-3.269747734069824
-47.9957157156951,-15.230204582214355
-1.511416195100045,-15.57384967803955
-7.071587649042333,10.441329956054688
-0.3550158381598589,9.190011978149414
-17.0078420331655,-14.689398765563965
10.3189652047012,-22.203887939453125
8.829561804598438,1.22412109375
10.909208084253878,6.855852127075195
-2.25262466719878,0.04857230186462402
0.7445982178878973,-2.834505558013916
-4.813871520282443,10.823795318603516
2.85060083445348,0.4206428527832031
-2.54595208771381,-8.157611846923828
-8.692928400841772,-12.894500732421875
16.618750626525,7.926143646240234
7.37064384347005,-1.219710350036621
-6.81516141534704,0.19116592407226562
-10.386374558578522,13.665946960449219
3.73205068567752,-2.430032968521118
-6.40442742836347,3.199718952178955
1.74273211890989,1.9361705780029297
-7.920344649869953,-6.070863723754883
-9.28527551691871,2.7446117401123047
1.51502173443586,-0.02832508087158203
-90.3299705619704,-16.301511764526367
-6.512385872303066,-17.06423568725586
0.7982616963508231,-3.241001844406128
15.8859560938761,7.959774017333984
-23.227454082363305,-17.336843490600586
5.4465900456679694,1.041208267211914
-13.2494383747796,-15.652876853942871
-2.3458288386735573,7.434356689453125
-1.5403494549472296,-5.449000835418701
-2.941164138388841,-8.239723205566406
-14.6311710829416,-16.691627502441406
-4.81834176383161,10.843734741210938
-4.03806373695381,-9.506752014160156
0.4076170529080399,-3.4936141967773438
-34.8552692363716,-5.133060932159424
-25.0659802428987,-7.100940704345703
-5.8684323426223,-3.140650749206543
0.6771989561182002,-9.924835205078125
-14.6157572128631,-23.303977966308594
5.344594984386832,-8.349472045898438
-4.75101729862813,2.2985219955444336
-89.5439156156453,-12.2066011428833
-1.207429910073891,1.5440082550048828
13.667582002208905,10.945442199707031
-82.4887013651952,-17.236602783203125
4.40921359309415,-10.254084587097168
-19.923371510770203,-7.824991703033447
-4.665207913971671,-7.099138259887695
3.42106467876526,9.628824234008789
-39.0956747424042,-2.8971385955810547
-10.288292260688207,-3.9076595306396484
2.3067635611900137,4.993988990783691
-4.92782811871599,-1.7447298765182495
10.292368565007404,15.002405166625977
-8.184373188662292,-16.254417419433594
-4.763634360062484,5.252197265625
-2.40000424902785,-5.253654479980469
5.009535132419683,4.364731788635254
-22.2455703021075,-13.925287246704102
3.987299411465438,-21.45995330810547
-38.4962238749225,-23.236907958984375
-44.9949251983702,-5.004610061645508
-1.378759213278819,-14.246732711791992
8.07102955700163,5.026777267456055
1.055995951979529,1.0357787609100342
2.188685633501576,0.4537935256958008
1.0880788430276551,12.26126480102539
-0.2898522089969393,3.0600051879882812
-3.790702882666694,-4.321835517883301
-7.940842049461227,7.068558692932129
4.398742241377427,-15.291107177734375
2.5565427438131976,15.5697021484375
4.123908949931413,-4.8379058837890625
-76.9668504799361,-14.672487258911133
-14.1325019191809,-18.77602195739746
7.960789166364423,10.38900089263916
0.4423212163888063,-2.6852149963378906
2.63206586722876,16.02688980102539
3.1988276731025875,-8.370333671569824
-1.6552655274048038,0.6229486465454102
8.077984978184695,4.102622032165527
-13.790764753514,-3.660940170288086
2.13745295521649,-4.579684257507324
3.0897024917955025,-3.8691415786743164
-0.3530077955256401,-4.820253372192383
-7.639409008216227,-5.116216659545898
2.765011277030255,-12.56195068359375
3.557691046156,3.7687485218048096
4.00031385473591,-13.347089767456055
-55.7541546140486,-19.69124412536621
9.550892694239591,7.6184844970703125
1.775572054007981,1.619140625
-2.248378586620203,-24.883331298828125
-56.2560888739038,-16.574878692626953
-2.5590885431480426,-5.615563869476318
-40.5029244010595,-14.60107421875
-30.8171784242839,-3.5484375953674316
2.679404112105611,-1.2742846012115479
2.76740193393285,-15.30650520324707
-11.341527235964405,4.639106750488281
-3.448025235667948,-13.92138671875
-0.0780407432645869,6.157258987426758
11.616605850275496,-9.817506790161133
9.179556151687803,-16.542240142822266
7.190050317883171,-7.5557169914245605
-39.4932668903457,-17.34947967529297
-2.306526469902426,-5.626308441162109
0.5403453062071405,-3.2830352783203125
-23.6042929930625,-26.847373962402344
-4.172986764275874,-13.441075325012207
0.5394390329931549,0.18070220947265625
5.84905996845087,3.8446152210235596
-22.9515728231767,-0.5759201049804688
-3.134999611446543,-5.237054824829102
-6.066411004621831,1.915850281715393
2.24572304437811,1.3169212341308594
-70.8116033690518,-13.967557907104492
0.3224388648416145,-6.444934844970703
4.755697845162629,-2.3249149322509766
1.7336328627834918,-12.595834732055664
3.939818822274421,-2.057497024536133
6.09033976794457,13.607393264770508
6.4251548431743295,-13.772090911865234
-6.47138721063866,-5.424892425537109
-0.0379657812584102,0.8009872436523438
4.4105627388370605,6.425018310546875
2.3065604778561424,-1.2960901260375977
7.588764503474316,4.8407440185546875
-24.3954295810688,-4.163548469543457
7.380729755239978,-9.277242660522461
5.978124919049687,1.6894707679748535
0.7860328468455551,4.340728759765625
-44.1817825469333,-18.025259017944336
3.58036180553514,-3.9797897338867188
3.33951124606136,-5.860082149505615
-6.79658968512302,-2.973909378051758
3.7347243087796,-20.726211547851562
4.76541245752904,3.714865207672119
8.922207576391518,-10.442787170410156
-11.864177458483407,-3.331686019897461
1.166748445159433,0.8239445686340332
-25.781275563237,-11.927188873291016
4.179707781567577,7.1941022872924805
-1.073248118887358,-6.771524429321289
1.7249239205326918,-4.300812721252441
-81.52648016021857,-11.630523681640625
13.015759276594096,9.726665496826172
5.35198813185094,-3.475860834121704
-12.53254789251529,-5.129524230957031
5.45103123545738,-4.4677414894104
4.128157012788561,5.52384090423584
-3.8590388668775,2.09561824798584
7.36579899286375,-6.4616851806640625
-11.03094492075089,-17.18512725830078
8.017093587799739,17.918350219726562
15.384553292915324,-24.37560272216797
2.79124989437018,-2.935626983642578
2.81101468536903,-6.016212463378906
-1.7237618714553775,9.356328010559082
-2.202886656443709,-13.924705505371094
2.369358494612781,9.332737922668457
-11.30813578108209,13.30865478515625
4.484288991501213,-1.4205284118652344
-35.8165916579592,-8.579465866088867
-5.19085420781142,-0.8999596834182739
2.86709961553106,-7.180082321166992
-4.349210006555943,-0.7998776435852051
5.029017096161708,0.20943236351013184
8.243548509216069,-5.11444091796875
-2.6184282494780104,-8.344932556152344
-5.527709296795018,-6.3016252517700195
-52.7336020518746,-16.70077896118164
6.07843040491799,-7.294354438781738
-4.396710286499547,-3.9604740142822266
6.6154810826822,1.3891472816467285
9.772192422094813,-14.189573287963867
2.099307195887115,-11.777196884155273
-12.414939844598162,-10.391807556152344
8.24149319055937,-4.2016215324401855
-1.5178355576616795,-2.4264121055603027
9.144089281431205,-10.35220718383789
1.418014053180695,-30.561641693115234
-60.92137282626391,-25.691307067871094
5.61896917638109,5.7683258056640625
-4.96580172718434,-26.29381561279297
-24.4432878855492,-3.2136192321777344
1.675381804264854,-19.23998260498047
-2.8447496930443927,2.828634262084961
-1.059512617215007,-5.106073379516602
1.41805545618482,1.2691235542297363
-7.06329362397977,-16.844255447387695
9.400493271217616,1.5994470119476318
3.1327986373042376,-4.381958484649658
4.097668935846943,-0.5605254173278809
-4.01456885639382,-14.92999267578125
-2.260381023139061,-3.271757125854492
-8.237627320974727,-12.738015174865723
-2.23616712442702,10.11177921295166
-26.79502671025515,-28.674270629882812
-10.594900847222812,-21.71932601928711
4.509456424718162,-1.429044485092163
-22.9219832537164,-15.727453231811523
-6.2026319104393295,-8.598514556884766
-4.662511414401839,-14.489814758300781
-0.4503474699443348,-4.195379257202148
-21.5531296050118,-22.010616302490234
-39.7169735486916,-13.47123908996582
-6.13466459150186,-28.017379760742188
6.093529951556334,2.162062883377075
-33.3004252633332,-24.27786636352539
-7.789052707582185,-1.7519378662109375
-61.6890402284636,-30.36455535888672
-10.613183176373598,-38.191558837890625
-12.6203596574975,-25.659103393554688
-15.2234416939723,-3.526306390762329
3.42848617073407,-10.016241073608398
-50.4820483838523,-15.042856216430664
-71.7765711158932,-24.571861267089844
4.338369925074482,-16.585460662841797
-34.0729170807354,-14.259963989257812
-10.285920522724917,-8.740951538085938
2.71808902854303,-6.2257466316223145
2.26767773086615,9.477874755859375
0.3189015990893598,-17.230241775512695
-39.873530292237,-30.49999237060547
5.053393098685065,6.34092903137207
-5.77665564868809,-1.6960203647613525
-22.4462583852743,-12.05108642578125
-10.162041561092582,-20.67119598388672
8.70853787657841,-8.800400733947754
-3.73521146317182,-12.912797927856445
-1.3326443092463092,-21.010677337646484
-5.830142578087577,-6.170829772949219
-7.815562497274902,-0.061812639236450195
-20.7558388881914,-17.15056610107422
-1.03656181464744,2.6010971069335938
-3.930469946192945,-9.573999404907227
5.391699208755202,-20.197250366210938
7.2595381633228,1.1505093574523926
9.30630078585379,-0.5862002372741699
-3.77133000272187,-14.939056396484375
-42.936846127142296,-19.219778060913086
0.5211206139658471,-6.4742431640625
0.7345204104922589,-2.743067741394043
6.86106163750481,1.8772850036621094
-21.61387508166409,-15.526066780090332
-24.577379709126298,-31.267349243164062
3.986867952152618,-0.9922831058502197
-63.2346715672369,-37.89237976074219
4.55602013063716,-6.0592498779296875
-20.3623076046531,-13.77921199798584
8.678125432705007,-3.5006017684936523
-2.1147225087047508,-9.90654182434082
-1.14890133483728,7.124118804931641
3.7921116228684086,-2.359912872314453
-1.3811964732242277,-12.143863677978516
0.1752112379752922,-2.591978073120117
3.3452637215970498,7.179084777832031
6.63109301847755,-5.92875862121582
-8.72128086410909,-19.191001892089844
-0.1160299782726794,-6.236766815185547
0.1119561526876595,-6.505435943603516
11.877856996640997,-4.7542829513549805
-3.2142130797467816,-0.3377821445465088
-3.9552380984537248,0.16533136367797852
-1.593720937577549,5.924223899841309
3.3899996482015826,6.565640926361084
7.66334596528203,-11.574579238891602
2.60625970962018,2.4280776977539062
5.006519903780723,5.1968231201171875
-58.5527340809363,-12.839466094970703
3.776985072333982,7.796367645263672
2.4866177573815964,-8.611822128295898
-0.6920482116816997,-6.459205627441406
2.1747311895065486,5.73661994934082
-13.14009076535719,-16.849811553955078
2.745769909533195,-3.0282816886901855
-10.626155896203898,-0.6403408050537109
0.0548896546292299,5.750087738037109
-69.1366966634013,-19.33126449584961
14.8508222506114,1.670196533203125
-28.3488859938485,-1.506134033203125
0.6884341878779402,-2.1430015563964844
12.566471603210276,1.9590282440185547
-5.472376660417956,-0.8601154088973999
-2.1691769605730515,-16.29193878173828
-0.3887710448227697,3.8773727416992188
9.1356503291117,8.32565689086914
4.93167956005568,-3.8613271713256836
2.713132201978397,-13.350475311279297
9.090654061652296,-9.972593307495117
1.741670982094262,3.615772008895874
-5.89266438028177,-5.080488204956055
-1.130678948105339,3.23392653465271
-46.587141393021525,-14.433486938476562
4.366245372711767,7.433794021606445
2.858782897786812,-11.4090576171875
2.53362859007723,8.887798309326172
-1.7943154401891548,-6.49562406539917
-0.6435038581465955,-1.32733154296875
5.99108205682079,-13.955580711364746
2.44728958086436,-17.417978286743164
1.5718362711845366,3.76129150390625
-55.54568697318505,-18.99703598022461
-9.231606713935047,2.762874126434326
3.547124544521316,-25.85122299194336
-73.5286754265322,-4.998714447021484
0.2047767843086013,-8.094335556030273
-10.398648228661925,-5.045642375946045
-46.9980356488569,-14.055953979492188
-62.9031214125763,-36.95755386352539
-10.35739215730591,-5.9098896980285645
1.83593808226401,0.31040287017822266
7.827394642815597,-1.3815443515777588
-9.742168339465294,-23.544307708740234
-0.29408409265346,-8.612190246582031
-5.653435188749545,-6.998218536376953
-14.57002364123529,-13.496541976928711
-18.1797235112709,-11.690622329711914
-5.45440876641342,-7.560991287231445
8.596988309863011,0.578406572341919
-5.493763326806099,1.633190631866455
-8.393586343504198,0.7562410831451416
-3.963646539183849,7.592499732971191
9.625121597198186,11.007293701171875
-6.18357684414468,-20.188495635986328
-3.41466344580097,-1.727759838104248
-4.03025121975644,-9.758926391601562
-2.66483863280114,-17.124282836914062
-0.190891674386513,2.353616714477539
16.1850033157246,12.33154296875
-7.910003358009165,-6.758705139160156
-2.07861348348741,-9.081584930419922
12.331931266595111,12.206323623657227
0.8825935384285006,-12.787147521972656
-2.1789667599796294,-12.539070129394531
3.0307168501552093,-16.110702514648438
14.8229623836697,15.467523574829102
6.795393661635613,-8.635200500488281
5.16750826555368,-8.396018028259277
-57.144820014625296,-10.663585662841797
6.167862854629888,3.508005142211914
-2.698758931910008,-6.8042755126953125
1.289294757415069,-2.8506155014038086
13.9692836454661,0.19039368629455566
-38.6438610292767,-22.53203582763672
-3.119647295186995,-14.912637710571289
-6.745372906074374,0.6226806640625
-2.7468186065138984,-7.36746072769165
