Score,Pred Score
-0.6666666666666666,-2.9403278827667236
7.333333333333333,-2.7977945804595947
-0.4444444444444444,-2.8083245754241943
-4.111111111111111,-4.088205337524414
-7.333333333333333,-1.8010607957839966
1.3333333333333333,-2.5772907733917236
-8.444444444444445,-2.0943596363067627
1.6666666666666667,-2.2215001583099365
3.333333333333333,0.6386449933052063
2.111111111111111,7.250916004180908
0.1111111111111111,-3.030247211456299
11.22222222222222,-4.1441521644592285
-3.111111111111111,-1.8263112306594849
-3.888888888888889,-2.106940507888794
14.11111111111111,2.0606353282928467
-4.444444444444445,-1.397295594215393
6.0,-1.268288493156433
12.555555555555555,-1.5528446435928345
-0.8888888888888888,-2.5915184020996094
-4.0,0.19570940732955933
-1.1111111111111112,-3.4462549686431885
-3.555555555555556,-0.8752596974372864
-10.666666666666666,-1.1248626708984375
9.11111111111111,-1.9624124765396118
-1.7777777777777777,-2.343418598175049
-3.4444444444444446,-3.0000252723693848
23.22222222222222,11.477106094360352
0.8888888888888888,-1.990247368812561
0.3333333333333333,-1.9177170991897583
-3.7777777777777777,-2.362750768661499
2.111111111111111,-3.6759629249572754
-2.2222222222222223,-3.836061716079712
-2.2222222222222223,-3.2512154579162598
3.111111111111111,-1.9870200157165527
0.1111111111111111,6.475612640380859
-2.555555555555556,-2.306654930114746
-0.2222222222222222,-1.9977283477783203
3.111111111111111,0.8672641515731812
-4.444444444444445,-2.77892804145813
-5.222222222222222,-4.317370891571045
4.0,5.268165111541748
-4.777777777777778,-2.2996716499328613
1.0,-2.0652077198028564
-4.111111111111111,-2.188798666000366
-4.777777777777778,-2.9162380695343018
14.11111111111111,-0.6108214855194092
2.2222222222222223,-2.859384536743164
-4.888888888888889,-2.29952073097229
-6.888888888888889,-3.9015250205993652
-9.444444444444445,8.364965438842773
13.666666666666666,-0.7643725275993347
3.4444444444444446,2.137632369995117
-8.222222222222221,-8.743748664855957
5.777777777777778,-2.0901296138763428
0.0,-2.327720880508423
13.666666666666666,9.50503158569336
-1.0,-0.4248359203338623
7.333333333333333,-3.0886008739471436
-2.888888888888889,0.42057642340660095
-7.111111111111111,-3.7630422115325928
-1.2222222222222223,-3.976503610610962
0.0,-1.849874496459961
-7.666666666666667,-3.6308295726776123
-1.5555555555555556,-0.5058903694152832
11.88888888888889,2.3702640533447266
-4.666666666666667,-3.8344740867614746
-10.333333333333334,-2.213911294937134
-9.555555555555555,-3.3053810596466064
-2.6666666666666665,-3.1886541843414307
-3.333333333333333,-4.28995943069458
1.8888888888888888,-1.7244553565979004
-5.666666666666667,-3.7509679794311523
-3.888888888888889,3.751868963241577
-1.5555555555555556,-2.721914052963257
-1.8888888888888888,-1.0833697319030762
-7.888888888888889,-1.943211555480957
0.4444444444444444,-3.641880989074707
3.555555555555556,-1.807198405265808
-0.8888888888888888,-2.6016011238098145
-5.777777777777778,-4.948822021484375
-2.888888888888889,-1.4851889610290527
-2.111111111111111,-5.5684685707092285
46.333333333333336,8.922926902770996
0.8888888888888888,-0.878152072429657
1.1111111111111112,-0.810733437538147
0.0,-3.1191279888153076
10.0,7.722808837890625
-1.1111111111111112,-1.7471445798873901
8.555555555555555,-1.4329369068145752
-4.777777777777778,-0.9081997275352478
0.2222222222222222,-3.1567132472991943
8.222222222222221,8.65434455871582
10.11111111111111,6.558045387268066
-2.555555555555556,-0.3079047203063965
-4.888888888888889,-0.6801445484161377
20.88888888888889,17.209917068481445
19.33333333333333,9.318081855773926
-1.3333333333333333,-2.82749605178833
-4.111111111111111,-2.6248950958251953
-2.7777777777777777,-1.896369457244873
9.0,7.653522968292236
-6.111111111111111,8.412659645080566
-3.7777777777777777,-3.6830673217773438
-5.0,-2.9249699115753174
-3.0,-2.2241463661193848
-6.222222222222222,-2.6487534046173096
-6.333333333333333,-3.2414474487304688
-1.8888888888888888,-2.013505458831787
3.111111111111111,-0.7395567893981934
-4.888888888888889,-2.7372517585754395
6.777777777777778,-1.9813432693481445
-4.444444444444445,-2.6659464836120605
7.666666666666667,8.97411823272705
0.5555555555555556,-3.7272231578826904
-7.0,-2.977786064147949
-10.0,-2.32796573638916
-0.5555555555555556,-2.1265835762023926
0.1111111111111111,0.8379040360450745
-3.4444444444444446,-1.8526263236999512
6.777777777777778,-1.943082571029663
-6.0,-2.7700181007385254
-3.333333333333333,-2.480271100997925
8.777777777777779,15.382271766662598
-6.333333333333333,-2.254817008972168
-7.444444444444445,-2.5884926319122314
0.1111111111111111,-1.731725811958313
-4.0,-0.40613895654678345
6.222222222222222,-1.085362195968628
-3.4444444444444446,-2.324920415878296
4.777777777777778,-1.67825448513031
-2.111111111111111,-3.211667776107788
-4.111111111111111,-2.0285277366638184
11.88888888888889,11.613722801208496
-0.5555555555555556,2.335484504699707
4.444444444444445,-1.449310541152954
-0.3333333333333333,-2.4109137058258057
-4.555555555555555,-3.0939719676971436
-0.7777777777777778,-3.8680331707000732
-2.2222222222222223,-3.085120439529419
-5.222222222222222,-2.5130412578582764
10.444444444444445,8.24445629119873
-3.4444444444444446,-3.305885076522827
-3.7777777777777777,-1.5733394622802734
0.2222222222222222,-0.7116284966468811
-4.0,-2.204655647277832
-22.444444444444443,-7.250463962554932
-5.777777777777778,-3.035504102706909
-4.222222222222222,-2.1284003257751465
-2.333333333333333,-2.8076364994049072
5.555555555555555,7.392089366912842
23.0,4.342493057250977
4.777777777777778,-2.7183640003204346
-18.88888888888889,-2.662534713745117
-10.22222222222222,-2.6934237480163574
5.222222222222222,2.6223418712615967
-5.0,-2.703518867492676
7.444444444444445,-3.2458956241607666
6.333333333333333,-2.037992000579834
1.4444444444444444,1.9954415559768677
-0.8888888888888888,-2.5811750888824463
3.111111111111111,-2.648015022277832
0.5555555555555556,-0.782805323600769
-1.8888888888888888,-0.5560688376426697
-11.77777777777778,-0.782805323600769
-5.555555555555555,-1.11826753616333
-1.3333333333333333,-3.006809949874878
-1.8888888888888888,-2.5697104930877686
0.0,-2.860234260559082
0.8888888888888888,0.5581372976303101
5.0,-2.348876476287842
2.4444444444444446,-1.4604411125183105
-0.1111111111111111,-1.6534355878829956
2.111111111111111,-1.8605462312698364
-0.2222222222222222,11.386627197265625
19.444444444444443,8.421642303466797
3.7777777777777777,-0.004077911376953125
-3.111111111111111,-2.4663357734680176
7.555555555555555,9.657171249389648
1.5555555555555556,-1.4270989894866943
-1.1111111111111112,-2.057511806488037
-1.6666666666666667,-3.775651693344116
3.111111111111111,-1.1877316236495972
-1.6666666666666667,-1.9644620418548584
1.3333333333333333,-3.118403673171997
-10.555555555555555,-1.3502123355865479
-5.333333333333333,-1.319258213043213
-0.8888888888888888,-4.010838031768799
-6.111111111111111,-1.4547476768493652
-12.333333333333334,-2.1286604404449463
-6.111111111111111,-1.7454506158828735
-6.111111111111111,-2.9576597213745117
-10.22222222222222,-2.414055109024048
4.444444444444445,-3.7978479862213135
-2.555555555555556,-2.658761739730835
-8.777777777777779,-1.0158135890960693
-14.555555555555555,-2.175013780593872
-15.0,10.251725196838379
31.33333333333333,11.71622085571289
-20.11111111111111,-1.5165077447891235
-3.4444444444444446,-1.2315096855163574
-0.1111111111111111,-2.2559638023376465
-1.3333333333333333,-2.8246631622314453
1.6666666666666667,-2.773221969604492
-4.888888888888889,-3.3054611682891846
2.333333333333333,-2.557873249053955
-13.333333333333334,-2.6487815380096436
0.5555555555555556,-2.4642932415008545
1.2222222222222223,-2.9361112117767334
-8.777777777777779,-2.6980926990509033
-0.2222222222222222,-0.6668656468391418
3.2222222222222223,-2.961404323577881
-2.7777777777777777,-3.397796869277954
-3.333333333333333,-3.185030221939087
-5.0,-3.4178552627563477
-3.333333333333333,-0.7633769512176514
-6.777777777777778,-2.4267873764038086
1.0,-1.7099337577819824
-4.444444444444445,-3.863568067550659
-2.111111111111111,-2.826385259628296
-20.55555555555556,-2.744697093963623
3.333333333333333,-1.6191211938858032
-4.777777777777778,-2.727100372314453
-1.4444444444444444,-1.7987388372421265
-9.11111111111111,-2.4241273403167725
-12.666666666666666,-1.827099323272705
-21.11111111111111,-0.8012222051620483
3.555555555555556,3.350562810897827
-4.777777777777778,1.7905354499816895
-5.888888888888889,-4.1060404777526855
-7.555555555555555,-3.9980382919311523
-3.555555555555556,-2.234182596206665
3.0,-1.864398717880249
4.0,-1.8249716758728027
-5.333333333333333,-2.4362547397613525
17.444444444444443,9.89438247680664
-11.77777777777778,-0.31606215238571167
-4.888888888888889,-3.2491447925567627
6.444444444444445,-1.869004487991333
4.0,-0.1333935260772705
-9.88888888888889,-0.16366046667099
15.77777777777778,9.829246520996094
0.6666666666666666,-2.6178672313690186
-9.444444444444445,-14.692140579223633
-1.7777777777777777,-0.736442506313324
2.333333333333333,9.2953519821167
-4.222222222222222,-2.62445330619812
-8.11111111111111,-4.860752105712891
1.8888888888888888,-2.606461524963379
-12.555555555555555,-2.302523374557495
5.444444444444445,-1.5108333826065063
-3.111111111111111,-2.5227694511413574
-2.555555555555556,-2.5554144382476807
5.666666666666667,-1.3198398351669312
1.4444444444444444,-2.511451005935669
-3.0,-1.5566973686218262
-0.1111111111111111,-1.3723862171173096
1.1111111111111112,-3.9433529376983643
-0.8888888888888888,-2.92423415184021
-7.333333333333333,-2.6460299491882324
-13.77777777777778,-2.1928040981292725
0.7777777777777778,-4.130561828613281
-2.6666666666666665,-4.19326639175415
-19.55555555555556,-10.839055061340332
5.0,-2.408334970474243
-2.2222222222222223,-2.691443681716919
1.0,-0.5400694608688354
-3.0,-2.7993481159210205
-3.888888888888889,2.028738498687744
-3.4444444444444446,-2.451812744140625
5.0,3.0906448364257812
19.22222222222222,11.101277351379395
-2.4444444444444446,-2.313781976699829
6.222222222222222,-2.3785130977630615
-5.333333333333333,-2.3593966960906982
-10.77777777777778,-2.008887529373169
0.0,-2.2722697257995605
1.8888888888888888,-2.0368945598602295
21.55555555555556,-1.0322449207305908
-7.777777777777778,-1.6576138734817505
-7.222222222222222,-0.879635214805603
-1.7777777777777777,-4.823099613189697
5.444444444444445,-1.5739740133285522
-3.888888888888889,-2.384540557861328
-8.222222222222221,-3.0542502403259277
6.111111111111111,-3.567629814147949
2.7777777777777777,-1.585983157157898
-6.333333333333333,-2.469080686569214
0.2222222222222222,-2.6098885536193848
-7.777777777777778,-3.220583915710449
1.2222222222222223,-0.697445273399353
3.4444444444444446,-0.11736541986465454
-2.888888888888889,-2.2154390811920166
14.88888888888889,9.302264213562012
-1.7777777777777777,-3.6977412700653076
-3.888888888888889,-1.1772483587265015
-5.777777777777778,-2.319190263748169
27.11111111111111,20.373302459716797
1.7777777777777777,-2.326975107192993
0.3333333333333333,-0.00693589448928833
-12.77777777777778,-3.169524908065796
27.88888888888889,12.759012222290039
-4.222222222222222,-2.2660725116729736
-1.2222222222222223,-2.0157127380371094
-3.0,-2.5600340366363525
3.6666666666666665,7.521264553070068
-1.5555555555555556,-0.9096829891204834
-4.222222222222222,-2.718997001647949
-0.7777777777777778,-1.575629711151123
6.777777777777778,8.656515121459961
-0.7777777777777778,-2.5362696647644043
-8.777777777777779,-3.5654852390289307
0.2222222222222222,-2.0086309909820557
-0.2222222222222222,-0.9233509302139282
-8.0,-3.445141315460205
-4.333333333333333,-1.9733864068984985
-3.0,-2.882465124130249
-7.666666666666667,-0.8223632574081421
1.1111111111111112,-1.9473689794540405
-0.5555555555555556,-2.8340487480163574
-2.111111111111111,-4.3625969886779785
-7.555555555555555,-2.5707433223724365
17.666666666666668,6.446743011474609
-8.11111111111111,-2.3634300231933594
19.55555555555556,11.418990135192871
-6.555555555555555,-1.7610242366790771
10.555555555555555,-2.0572283267974854
-14.444444444444445,-3.0243706703186035
6.666666666666667,-3.2538771629333496
-3.888888888888889,-1.031653881072998
-6.333333333333333,-2.9377777576446533
-6.666666666666667,-3.622281551361084
-4.444444444444445,-3.9342308044433594
-2.111111111111111,-2.2911217212677
-10.333333333333334,-2.326910972595215
-6.111111111111111,-1.9851995706558228
20.666666666666668,17.981977462768555
-5.444444444444445,-4.196128845214844
7.555555555555555,-0.3258298635482788
-1.4444444444444444,-2.795262336730957
-7.222222222222222,-3.2678728103637695
-3.111111111111111,-2.4027440547943115
-3.555555555555556,-3.305438756942749
-2.4444444444444446,-2.6230804920196533
-1.1111111111111112,-2.452275514602661
-7.555555555555555,-2.7254743576049805
10.11111111111111,1.8746354579925537
-1.4444444444444444,-3.5802242755889893
-2.333333333333333,-3.3609869480133057
-1.6666666666666667,-2.0434727668762207
8.88888888888889,15.349092483520508
-3.888888888888889,1.433829665184021
-6.222222222222222,-2.934832811355591
-11.88888888888889,-7.31910514831543
-1.5555555555555556,-1.5122300386428833
7.111111111111111,-2.2686259746551514
4.666666666666667,-0.49045634269714355
2.4444444444444446,-2.5809900760650635
1.5555555555555556,1.2605011463165283
3.333333333333333,-3.2225730419158936
-10.11111111111111,-2.4182116985321045
-8.444444444444445,-2.91291880607605
-2.555555555555556,-1.5837504863739014
2.4444444444444446,-3.1297693252563477
2.888888888888889,-0.9704181551933289
-4.111111111111111,-3.1341588497161865
-10.444444444444445,-8.588797569274902
17.666666666666668,4.490966796875
27.77777777777778,14.824289321899414
-1.7777777777777777,-0.759292721748352
11.88888888888889,6.146456718444824
0.5555555555555556,-2.279902696609497
6.444444444444445,10.054983139038086
-4.0,-2.570896625518799
-7.444444444444445,-3.4540581703186035
-4.555555555555555,-2.815741539001465
12.333333333333334,13.172171592712402
6.0,2.7479562759399414
-2.0,-2.5773777961730957
1.6666666666666667,-4.640913486480713
17.333333333333332,15.76321792602539
10.11111111111111,6.981698036193848
-1.2222222222222223,0.27921560406684875
5.666666666666667,8.401091575622559
-3.0,-2.130182981491089
-0.2222222222222222,5.14412784576416
6.888888888888889,-3.1744072437286377
1.4444444444444444,1.1373822689056396
-1.2222222222222223,-5.271966457366943
-2.333333333333333,-2.0037384033203125
-7.888888888888889,-4.792374134063721
20.22222222222222,16.75178337097168
-6.111111111111111,-3.1855876445770264
-12.444444444444445,-2.2097887992858887
-7.888888888888889,-2.0401835441589355
1.2222222222222223,-1.576329231262207
-2.888888888888889,-3.0228705406188965
-17.333333333333332,-2.723565101623535
0.0,-3.291686534881592
5.222222222222222,-2.4424140453338623
5.111111111111111,0.6995177268981934
-5.444444444444445,-4.557264804840088
10.22222222222222,-1.0775837898254395
-1.6666666666666667,-3.2893006801605225
-4.444444444444445,-2.4547245502471924
18.11111111111111,16.666284561157227
-4.777777777777778,-2.6218161582946777
5.333333333333333,2.909536123275757
-2.555555555555556,-2.1090807914733887
5.888888888888889,7.702685356140137
8.11111111111111,-1.6083251237869263
-0.4444444444444444,-0.6989338994026184
-5.444444444444445,-5.3243937492370605
-0.6666666666666666,-1.802691102027893
-5.444444444444445,-3.675363063812256
-17.0,-4.325770854949951
-1.0,-2.5702037811279297
2.333333333333333,-1.9713257551193237
0.2222222222222222,-2.2055282592773438
-2.7777777777777777,-1.371422290802002
-6.777777777777778,-1.5239133834838867
0.4444444444444444,1.3075642585754395
0.6666666666666666,-4.32491397857666
-0.7777777777777778,-2.00915789604187
-7.555555555555555,-2.001267194747925
-7.333333333333333,-2.694244861602783
-12.77777777777778,-3.360264301300049
0.2222222222222222,-2.02866792678833
9.77777777777778,7.385104179382324
-6.222222222222222,-1.2861591577529907
-4.888888888888889,-3.8867292404174805
-10.11111111111111,5.201544761657715
-8.777777777777779,-2.3005259037017822
-2.111111111111111,-3.0464913845062256
1.6666666666666667,-1.633589744567871
-0.7777777777777778,-0.3757702112197876
-0.1111111111111111,-2.457542657852173
-0.5555555555555556,-1.1065784692764282
-6.666666666666667,-1.0775837898254395
-9.88888888888889,-2.1190102100372314
-8.666666666666666,-3.57096529006958
0.6666666666666666,-3.4258196353912354
-0.7777777777777778,-17.51959991455078
0.3333333333333333,-0.2008541226387024
1.3333333333333333,-2.722572088241577
-2.2222222222222223,-2.912208080291748
-6.444444444444445,-2.594280958175659
2.4444444444444446,-4.815614223480225
-5.555555555555555,-3.4000771045684814
-8.444444444444445,-2.901563882827759
15.0,-4.617128372192383
2.2222222222222223,12.809625625610352
2.6666666666666665,-1.4388078451156616
-2.7777777777777777,-2.1160004138946533
-5.222222222222222,-2.8881642818450928
-8.555555555555555,-12.844738006591797
-3.0,-1.7569741010665894
-1.6666666666666667,-3.0316245555877686
-1.0,-2.7947278022766113
-0.4444444444444444,-2.7123985290527344
37.11111111111112,10.66260814666748
-4.444444444444445,-0.6278063058853149
0.5555555555555556,-2.9172189235687256
-16.0,-16.83572006225586
-10.22222222222222,-1.183650016784668
-2.333333333333333,-3.1498122215270996
-4.333333333333333,-1.3269695043563843
-1.8888888888888888,-1.6624339818954468
-4.777777777777778,-2.667790412902832
-8.666666666666666,-9.754982948303223
0.5555555555555556,-3.990180492401123
17.333333333333332,5.358323097229004
1.5555555555555556,-2.7742905616760254
-4.222222222222222,-4.541273593902588
-6.111111111111111,-1.8547130823135376
6.222222222222222,3.6527884006500244
-1.3333333333333333,-2.1719019412994385
6.333333333333333,-2.264775276184082
9.444444444444445,-3.2725260257720947
-0.1111111111111111,2.576648473739624
-6.0,-2.5707783699035645
-4.666666666666667,-6.1829962730407715
-6.666666666666667,-1.687248706817627
12.77777777777778,-0.073178231716156
0.2222222222222222,-2.9294631481170654
-14.555555555555555,-2.1001720428466797
-9.333333333333334,-5.018228530883789
2.6666666666666665,-2.405747890472412
-1.3333333333333333,-3.0459635257720947
-12.555555555555555,-2.591308832168579
-8.777777777777779,-0.3630574941635132
2.6666666666666665,-0.9985955953598022
-7.222222222222222,-2.42694091796875
2.6666666666666665,0.026266902685165405
-6.444444444444445,-2.7644262313842773
-42.55555555555556,-3.077007293701172
4.777777777777778,-2.9163670539855957
0.5555555555555556,-8.760257720947266
-9.666666666666666,-3.0682077407836914
9.77777777777778,10.666036605834961
9.444444444444445,-2.0239717960357666
-2.7777777777777777,-3.5758745670318604
2.0,-2.498218536376953
-2.111111111111111,-4.394261360168457
-10.666666666666666,8.539936065673828
-3.888888888888889,-1.9008536338806152
-0.6666666666666666,-8.848304748535156
-6.111111111111111,-1.6781259775161743
-2.555555555555556,-2.667203664779663
-5.444444444444445,-2.271261692047119
-3.6666666666666665,-2.5688040256500244
2.555555555555556,-2.0805091857910156
4.333333333333333,-3.302720546722412
-5.555555555555555,-5.974483013153076
-0.6666666666666666,-3.791031837463379
-1.6666666666666667,2.832890748977661
1.5555555555555556,-2.586029529571533
-8.0,-1.7417562007904053
1.2222222222222223,-2.534795045852661
12.333333333333334,9.516398429870605
0.4444444444444444,-3.1955981254577637
0.2222222222222222,-3.0511112213134766
0.4444444444444444,-1.139146327972412
0.1111111111111111,-3.423729658126831
0.3333333333333333,-3.3070902824401855
1.2222222222222223,-0.6377437114715576
-1.4444444444444444,-2.673321485519409
2.888888888888889,0.8449687957763672
14.88888888888889,10.713064193725586
0.1111111111111111,-2.8532943725585938
-4.888888888888889,-0.7549127340316772
19.55555555555556,11.982723236083984
-3.7777777777777777,-4.418679237365723
-2.7777777777777777,-1.7803049087524414
-4.0,-2.3264219760894775
-4.111111111111111,-2.989861011505127
-0.1111111111111111,-3.2328333854675293
2.333333333333333,-1.8925782442092896
0.6666666666666666,9.607301712036133
1.0,-1.4263688325881958
-5.111111111111111,-2.90370774269104
-1.2222222222222223,-2.9905946254730225
-3.111111111111111,-0.7549959421157837
-16.333333333333332,-1.8221925497055054
-7.555555555555555,-4.467589378356934
-7.777777777777778,-2.286179542541504
-1.5555555555555556,-3.7525906562805176
-7.333333333333333,-3.4190189838409424
1.1111111111111112,-3.161897897720337
3.333333333333333,-3.7331767082214355
-6.444444444444445,-0.07247650623321533
-6.0,-1.3826394081115723
-1.7777777777777777,-3.3454651832580566
3.2222222222222223,-1.8453651666641235
1.0,-0.17289409041404724
-8.0,-6.487894535064697
0.4444444444444444,-1.9560484886169434
1.8888888888888888,-3.9817121028900146
8.88888888888889,-1.5122277736663818
-0.5555555555555556,0.6751484274864197
-8.444444444444445,-6.135868072509766
0.4444444444444444,-2.488024950027466
-2.7777777777777777,-3.961358070373535
-3.6666666666666665,1.9100106954574585
-5.222222222222222,-3.073507070541382
-10.555555555555555,0.5515832901000977
0.6666666666666666,-1.0055184364318848
8.0,2.8146746158599854
0.2222222222222222,4.533496379852295
-2.6666666666666665,-1.4883716106414795
-5.111111111111111,-5.245181083679199
-9.333333333333334,-3.309626579284668
-0.3333333333333333,-2.9917991161346436
2.6666666666666665,-2.1325089931488037
-8.88888888888889,-3.453734874725342
-5.555555555555555,-2.948753833770752
1.5555555555555556,-3.4678239822387695
-4.444444444444445,-2.7214207649230957
-8.0,-3.6693737506866455
5.222222222222222,-2.390218734741211
-1.8888888888888888,-0.8627137541770935
-7.555555555555555,-4.131606101989746
4.0,8.152772903442383
0.1111111111111111,-2.044434070587158
1.4444444444444444,-1.9626797437667847
-2.0,2.512133836746216
-2.7777777777777777,-2.3848891258239746
-6.555555555555555,-2.8263566493988037
-8.666666666666666,-3.944516658782959
-5.0,-3.0943610668182373
-3.7777777777777777,-1.6565523147583008
9.555555555555555,-2.9304022789001465
-10.22222222222222,-2.768523693084717
9.0,6.928678035736084
-2.7777777777777777,-2.1557681560516357
-1.5555555555555556,-3.5659053325653076
-1.8888888888888888,-0.36151123046875
2.4444444444444446,-2.07423734664917
-5.222222222222222,-2.8260769844055176
-1.6666666666666667,-2.7658371925354004
5.888888888888889,7.058286666870117
-6.666666666666667,-1.5533583164215088
-0.2222222222222222,-3.7426791191101074
-6.666666666666667,-0.8509073853492737
-5.111111111111111,-3.0239787101745605
0.3333333333333333,0.1123717725276947
-0.4444444444444444,-1.7131460905075073
-4.444444444444445,-3.259218454360962
3.4444444444444446,-2.516090154647827
-0.7777777777777778,-3.8649182319641113
-9.555555555555555,-3.187955141067505
-5.333333333333333,-2.991650104522705
5.222222222222222,-3.292231321334839
6.444444444444445,-2.166438341140747
5.111111111111111,-2.439469814300537
4.888888888888889,-2.3139333724975586
-6.0,-2.008620262145996
-5.666666666666667,-3.0176188945770264
37.77777777777778,18.639938354492188
-7.111111111111111,-3.953068494796753
-1.4444444444444444,-2.4810950756073
6.777777777777778,-2.2215168476104736
-9.444444444444445,-5.562953948974609
-6.333333333333333,-1.7267807722091675
-0.4444444444444444,-0.7023753523826599
5.111111111111111,-1.816031575202942
9.11111111111111,1.0715372562408447
-1.7777777777777777,-2.8228015899658203
-7.888888888888889,3.429090738296509
-3.6666666666666665,-3.0549917221069336
-2.888888888888889,-1.2644684314727783
-8.0,-4.96553897857666
-2.4444444444444446,-2.412511110305786
7.888888888888889,7.34505558013916
-0.2222222222222222,-1.8279426097869873
-0.5555555555555556,-2.953089475631714
-2.7777777777777777,-2.8691983222961426
-3.555555555555556,-2.4252026081085205
-0.5555555555555556,-2.3096041679382324
-2.111111111111111,3.385686159133911
-1.5555555555555556,-0.3746640980243683
2.4444444444444446,-0.1798596978187561
-8.11111111111111,-3.2978107929229736
-0.6666666666666666,-2.8338816165924072
3.0,-2.6020867824554443
-1.4444444444444444,-0.6043733358383179
9.666666666666666,-2.7877559661865234
3.111111111111111,-0.1949148178100586
-12.555555555555555,-1.1654794216156006
4.666666666666667,5.660436153411865
-12.0,1.0605217218399048
-10.88888888888889,-2.6185436248779297
17.11111111111111,8.335273742675781
9.22222222222222,1.0890522003173828
-1.3333333333333333,-1.791890263557434
5.666666666666667,-1.2223409414291382
-5.666666666666667,-2.689727544784546
-3.888888888888889,-3.175126791000366
-8.11111111111111,-4.392259120941162
-9.444444444444445,-2.8242905139923096
-2.7777777777777777,-2.2909061908721924
-5.888888888888889,3.183100461959839
8.555555555555555,1.9787023067474365
-3.555555555555556,-2.116206169128418
2.555555555555556,-0.01850152015686035
-25.22222222222222,-3.377171277999878
5.888888888888889,-2.0251286029815674
-2.7777777777777777,-3.7024099826812744
-6.444444444444445,-2.567864179611206
-17.444444444444443,2.2287979125976562
-0.1111111111111111,-2.508349657058716
-4.666666666666667,-0.8681700229644775
-1.7777777777777777,0.3631475567817688
-0.2222222222222222,-2.2343945503234863
6.111111111111111,-2.1092569828033447
-5.444444444444445,-3.822129011154175
-4.222222222222222,-2.346022367477417
-3.6666666666666665,-2.5485730171203613
-2.4444444444444446,-4.413188934326172
-10.0,-2.42313551902771
8.333333333333334,4.022796630859375
25.55555555555556,26.477100372314453
-2.555555555555556,-3.9372313022613525
-4.555555555555555,2.749875545501709
-1.3333333333333333,-4.2882080078125
22.666666666666668,32.90217208862305
3.2222222222222223,2.8046135902404785
-3.2222222222222223,-4.423471927642822
-1.2222222222222223,-4.198495864868164
-1.1111111111111112,-2.2642452716827393
-6.111111111111111,-3.5160796642303467
-12.555555555555555,-5.039668083190918
13.11111111111111,3.574404716491699
8.88888888888889,-3.003784418106079
-2.2222222222222223,-3.0531699657440186
-8.666666666666666,-2.6026811599731445
-11.555555555555555,-2.5029475688934326
-3.2222222222222223,5.539829730987549
-2.0,-2.4442203044891357
-1.5555555555555556,-2.768454074859619
-6.111111111111111,-3.1603286266326904
2.0,-2.0840747356414795
-8.333333333333334,-2.5542030334472656
-2.4444444444444446,-6.080729007720947
4.222222222222222,-2.6419968605041504
26.22222222222222,2.349928379058838
-5.0,0.5816003680229187
-2.2222222222222223,-2.4593114852905273
1.1111111111111112,-2.648566961288452
-10.0,-2.510598659515381
4.555555555555555,-2.40207839012146
3.6666666666666665,-3.072944402694702
-11.666666666666666,-3.776881456375122
12.22222222222222,9.451120376586914
-0.3333333333333333,-2.589700937271118
-9.11111111111111,-3.2046213150024414
-1.4444444444444444,-2.235945463180542
-3.4444444444444446,-2.991778612136841
-10.11111111111111,-0.5931545495986938
-2.111111111111111,-4.105186939239502
15.666666666666666,11.597972869873047
-3.888888888888889,-3.2242588996887207
-3.2222222222222223,-1.8265763521194458
2.0,-1.977884292602539
-4.666666666666667,-1.7074841260910034
1.7777777777777777,-1.9723049402236938
1.0,-1.965887427330017
-1.3333333333333333,-3.175649642944336
-5.222222222222222,-2.1843268871307373
-0.2222222222222222,-1.4091432094573975
-3.0,-1.0665247440338135
-6.555555555555555,-2.966012477874756
-1.3333333333333333,-2.5673038959503174
-2.111111111111111,-2.4535818099975586
9.555555555555555,-3.368534564971924
0.7777777777777778,-10.674182891845703
38.11111111111112,21.54054069519043
0.0,-1.9550615549087524
-4.222222222222222,-4.154829025268555
1.3333333333333333,-2.58024263381958
8.555555555555555,-3.4136834144592285
-3.555555555555556,-3.8450233936309814
33.0,14.277703285217285
-4.777777777777778,-1.8607736825942993
29.0,19.618616104125977
-12.555555555555555,-3.022899627685547
2.111111111111111,-2.0931191444396973
-3.2222222222222223,-3.6819891929626465
-7.111111111111111,-2.4681663513183594
-4.222222222222222,-2.427699089050293
-7.444444444444445,-2.6540842056274414
-10.0,-3.1121861934661865
7.888888888888889,1.382547378540039
1.6666666666666667,-2.7454702854156494
-4.0,-1.4925514459609985
-2.888888888888889,-1.8782479763031006
0.5555555555555556,-3.0438146591186523
-14.333333333333334,-3.111607551574707
-9.0,-2.321847438812256
-4.888888888888889,3.0081675052642822
-4.111111111111111,-1.5147161483764648
-0.5555555555555556,-2.087275266647339
-1.6666666666666667,-2.780292510986328
-1.3333333333333333,-2.6925461292266846
-5.666666666666667,-3.243124485015869
-6.111111111111111,-1.832108974456787
0.8888888888888888,-2.537374973297119
-5.0,6.348723411560059
-14.77777777777778,-1.645145058631897
0.8888888888888888,-2.2207610607147217
2.2222222222222223,10.906482696533203
2.7777777777777777,-2.4226207733154297
7.666666666666667,-2.681688070297241
-2.555555555555556,-3.073120355606079
-5.111111111111111,-8.185335159301758
-1.1111111111111112,-1.6481926441192627
8.222222222222221,15.615593910217285
9.333333333333334,-2.5006306171417236
7.888888888888889,7.033947944641113
0.3333333333333333,-1.2828336954116821
-8.0,-4.044861316680908
-7.555555555555555,9.534597396850586
-4.777777777777778,-8.197442054748535
-0.3333333333333333,-2.3459222316741943
-5.333333333333333,-1.7691349983215332
4.333333333333333,-0.9617413878440857
-1.4444444444444444,-2.524707078933716
-2.888888888888889,-2.8104915618896484
3.111111111111111,-1.9757009744644165
17.333333333333332,16.697689056396484
2.0,-3.351440668106079
-13.88888888888889,-11.186488151550293
-4.444444444444445,-3.333970069885254
-11.666666666666666,-2.807548999786377
-4.444444444444445,-2.281534194946289
-4.222222222222222,-2.2962276935577393
-7.333333333333333,-0.2727055549621582
-3.2222222222222223,-2.2761411666870117
-3.4444444444444446,-2.5369813442230225
-3.111111111111111,-3.3864004611968994
-5.333333333333333,-1.8939343690872192
7.888888888888889,-1.7576273679733276
19.88888888888889,-0.6979645490646362
-0.1111111111111111,-4.174661159515381
-2.555555555555556,0.5579322576522827
-6.888888888888889,-2.5561788082122803
-6.111111111111111,-0.9376408457756042
-1.5555555555555556,-2.4523017406463623
-4.333333333333333,-3.406020402908325
0.6666666666666666,-4.335995674133301
-24.0,-3.3379759788513184
-4.222222222222222,-2.067225694656372
-1.0,-2.172088623046875
1.3333333333333333,9.680137634277344
-12.666666666666666,-1.8022936582565308
-7.0,-3.197726249694824
-1.3333333333333333,-2.302255868911743
-7.0,-2.5567994117736816
5.888888888888889,-2.0547358989715576
-8.11111111111111,-2.429978847503662
-5.777777777777778,-0.38741007447242737
-2.888888888888889,-2.2997524738311768
-12.77777777777778,-2.931415557861328
-6.444444444444445,-2.8503217697143555
-2.4444444444444446,-1.5074729919433594
6.0,6.493723392486572
-8.666666666666666,6.140486240386963
-2.111111111111111,-2.7289483547210693
11.11111111111111,6.987490177154541
5.333333333333333,-2.319788694381714
2.4444444444444446,10.775956153869629
-3.7777777777777777,-1.2748457193374634
-1.8888888888888888,-1.6113733053207397
-0.7777777777777778,-2.7892942428588867
-5.111111111111111,-4.286828994750977
0.6666666666666666,3.0211732387542725
-1.3333333333333333,-1.6748754978179932
18.77777777777778,13.717623710632324
7.0,7.54164457321167
-22.55555555555556,-2.2329154014587402
-5.333333333333333,-3.319624662399292
-0.7777777777777778,-2.0982718467712402
10.444444444444445,8.153787612915039
-1.4444444444444444,-4.2176384925842285
-0.8888888888888888,-4.264873504638672
10.0,-2.2412140369415283
23.0,12.036660194396973
0.1111111111111111,-1.8998541831970215
-1.6666666666666667,-2.2275047302246094
-8.88888888888889,-1.0552457571029663
-10.444444444444445,-2.562023639678955
-1.0,-2.951622486114502
0.6666666666666666,-1.5927033424377441
-4.111111111111111,-1.6544710397720337
18.11111111111111,-2.84415340423584
-1.3333333333333333,-3.555406332015991
-6.333333333333333,-2.7106852531433105
-6.666666666666667,-2.8142576217651367
-4.111111111111111,2.336289644241333
-7.555555555555555,-4.004459857940674
-10.555555555555555,-1.7222905158996582
0.5555555555555556,-0.7966843247413635
5.555555555555555,-3.1389365196228027
-0.1111111111111111,-3.5506865978240967
-2.888888888888889,-3.8986165523529053
2.4444444444444446,-2.362314224243164
-2.888888888888889,-2.3701887130737305
18.666666666666668,19.5689640045166
1.2222222222222223,2.045619249343872
-2.2222222222222223,-2.6750872135162354
-1.0,-2.936976671218872
5.222222222222222,13.242246627807617
4.222222222222222,5.904901027679443
-0.2222222222222222,-3.203822374343872
16.444444444444443,-1.142149567604065
-8.0,-2.5370419025421143
-11.666666666666666,-2.4505796432495117
0.1111111111111111,3.9402055740356445
2.2222222222222223,-0.4246070384979248
-5.333333333333333,-2.955296039581299
-2.333333333333333,-1.2409989833831787
-3.555555555555556,-3.8793811798095703
-3.111111111111111,-3.7872262001037598
-9.22222222222222,-3.865401029586792
-9.666666666666666,-2.845629930496216
-6.333333333333333,-3.6073594093322754
-8.333333333333334,-3.9141018390655518
-11.555555555555555,-3.9218766689300537
-8.333333333333334,-3.2169992923736572
25.0,7.878442764282227
-5.222222222222222,-2.972601890563965
3.555555555555556,-3.0147242546081543
-2.333333333333333,-2.6458888053894043
-13.666666666666666,-1.95963454246521
-2.333333333333333,-2.7168309688568115
-6.444444444444445,-0.2359972894191742
10.22222222222222,2.0497453212738037
-4.888888888888889,-2.014000654220581
6.444444444444445,9.596668243408203
2.0,-1.8597697019577026
15.0,-2.684967279434204
-10.0,-3.2487666606903076
-5.666666666666667,0.03746306896209717
-3.7777777777777777,-0.9296271204948425
1.2222222222222223,-3.1234493255615234
-1.4444444444444444,-1.039373755455017
-4.222222222222222,-1.7568199634552002
2.4444444444444446,-3.0074949264526367
2.333333333333333,-1.3472933769226074
-7.666666666666667,-1.5408602952957153
-0.2222222222222222,-2.5008857250213623
0.2222222222222222,-1.82198166847229
1.2222222222222223,-3.751129627227783
-4.888888888888889,-2.6856777667999268
-1.2222222222222223,-2.4619338512420654
0.7777777777777778,-2.7138094902038574
-1.5555555555555556,-2.3737895488739014
-4.444444444444445,-7.39249324798584
-1.1111111111111112,-2.849071502685547
-3.111111111111111,-3.4913415908813477
-0.2222222222222222,-2.914435386657715
3.0,-2.3603556156158447
30.0,8.181893348693848
12.88888888888889,7.311126708984375
-0.3333333333333333,-1.9130258560180664
41.55555555555556,-1.073421835899353
-13.333333333333334,-2.786670446395874
-10.555555555555555,-2.5695548057556152
0.7777777777777778,-2.463052272796631
0.3333333333333333,-3.6895618438720703
-3.555555555555556,-1.2193431854248047
7.222222222222222,4.0898027420043945
4.666666666666667,9.106922149658203
-9.88888888888889,-1.3731223344802856
-6.111111111111111,-3.298556327819824
-3.4444444444444446,-2.22128963470459
7.888888888888889,9.063318252563477
0.2222222222222222,-2.8942084312438965
-0.3333333333333333,-2.7924602031707764
2.4444444444444446,1.4988831281661987
0.3333333333333333,-2.278017044067383
-4.777777777777778,-3.87229585647583
-2.111111111111111,-2.392738103866577
-6.111111111111111,-0.6585524082183838
3.333333333333333,-2.431617259979248
0.8888888888888888,-2.6153550148010254
-4.777777777777778,1.2947945594787598
-3.888888888888889,-1.961348295211792
-10.0,-2.2436609268188477
-21.33333333333333,-13.543655395507812
-4.444444444444445,-2.0043773651123047
2.0,-2.2696609497070312
-5.222222222222222,-2.6947450637817383
1.2222222222222223,-2.6232762336730957
-9.666666666666666,2.4757027626037598
-7.222222222222222,-3.279813289642334
-6.555555555555555,-2.139028787612915
-8.777777777777779,-2.5792014598846436
-8.11111111111111,-1.4121711254119873
0.3333333333333333,-2.8346152305603027
0.4444444444444444,-2.462085247039795
0.1111111111111111,-2.7760279178619385
13.22222222222222,20.2850284576416
-3.888888888888889,-2.2978203296661377
-0.8888888888888888,-1.7852247953414917
-4.777777777777778,-3.4604334831237793
-9.22222222222222,-3.9115688800811768
3.111111111111111,-0.019999325275421143
2.2222222222222223,5.222153186798096
-10.555555555555555,-4.497053623199463
-1.0,-4.891715049743652
-11.0,-3.4964191913604736
-4.666666666666667,-3.1471171379089355
-4.0,-1.2031559944152832
3.6666666666666665,2.7724006175994873
-1.0,-0.9521453380584717
3.0,-0.28421688079833984
-9.444444444444445,-1.0589425563812256
3.333333333333333,-3.8971314430236816
-4.111111111111111,-3.146876096725464
6.555555555555555,-1.7586910724639893
3.333333333333333,8.77379035949707
-7.222222222222222,-2.2304184436798096
0.4444444444444444,-1.8073759078979492
-2.7777777777777777,-3.021921396255493
-2.2222222222222223,-2.715488910675049
-2.6666666666666665,-3.866807460784912
-1.7777777777777777,-1.6218174695968628
13.22222222222222,17.060260772705078
-3.2222222222222223,-2.787414312362671
-6.888888888888889,-2.3462610244750977
-8.666666666666666,-1.7356553077697754
2.0,-2.7451624870300293
0.0,-2.475391387939453
-2.888888888888889,-2.933671236038208
-5.888888888888889,-3.061464786529541
5.555555555555555,1.3914210796356201
-4.0,-1.8630836009979248
6.444444444444445,3.493520975112915
-3.555555555555556,-2.476656675338745
-1.3333333333333333,-1.5256822109222412
2.0,-1.5526137351989746
-6.0,-0.5255542993545532
-18.88888888888889,-2.587921142578125
-13.555555555555555,-2.9420952796936035
-2.888888888888889,0.38197165727615356
6.444444444444445,-1.816226601600647
-4.111111111111111,-2.233055591583252
-6.555555555555555,-2.7518222332000732
-3.111111111111111,-1.4563847780227661
-1.5555555555555556,-2.5173258781433105
-1.7777777777777777,-1.303683876991272
5.555555555555555,-3.060528039932251
-1.5555555555555556,-2.933671236038208
12.77777777777778,10.952620506286621
-7.777777777777778,-2.5952348709106445
1.3333333333333333,-3.894961357116699
-2.555555555555556,-3.153766632080078
19.22222222222222,17.060260772705078
4.666666666666667,-1.8630836009979248
-5.888888888888889,-1.1423957347869873
-7.888888888888889,-4.12287712097168
10.77777777777778,-2.6086490154266357
32.111111111111114,21.298370361328125
-5.666666666666667,-0.7528239488601685
9.11111111111111,-2.9022257328033447
8.777777777777779,-2.300907611846924
-9.11111111111111,-2.362962245941162
4.555555555555555,-2.1517107486724854
3.4444444444444446,-3.0383336544036865
-11.555555555555555,-1.5177984237670898
-3.0,-2.986431121826172
-5.222222222222222,-5.165924549102783
1.1111111111111112,-2.067979574203491
-9.555555555555555,-2.637272357940674
-3.888888888888889,-5.96559476852417
-0.3333333333333333,-2.103492021560669
1.6666666666666667,1.1276204586029053
-8.555555555555555,-3.8450541496276855
11.333333333333334,-3.8904521465301514
8.88888888888889,-2.6217966079711914
-4.222222222222222,-1.7097936868667603
-0.6666666666666666,-3.9922080039978027
-8.333333333333334,-8.880813598632812
-2.888888888888889,-3.2845985889434814
-9.77777777777778,-4.045246124267578
-2.4444444444444446,-1.735060214996338
7.222222222222222,-2.1375811100006104
-11.11111111111111,-3.073075294494629
-3.2222222222222223,-0.6999819874763489
3.555555555555556,-2.3734312057495117
-1.2222222222222223,-3.7109575271606445
-15.11111111111111,7.8288397789001465
-8.222222222222221,-3.0767860412597656
1.5555555555555556,-2.5803475379943848
-6.222222222222222,-2.3831822872161865
-2.888888888888889,-2.680351734161377
-1.3333333333333333,-3.528477668762207
4.0,0.4623085856437683
5.666666666666667,4.85621452331543
6.777777777777778,4.1146674156188965
-3.6666666666666665,-2.4217820167541504
-5.222222222222222,-2.6226189136505127
-6.0,-3.4605860710144043
0.4444444444444444,-4.970874309539795
-4.444444444444445,-2.4000439643859863
-6.888888888888889,-6.777591705322266
-0.1111111111111111,-2.3309035301208496
-5.555555555555555,-1.9613134860992432
-8.666666666666666,4.182243347167969
3.4444444444444446,-2.333188056945801
-0.8888888888888888,0.9278616905212402
-2.6666666666666665,-2.0117340087890625
-1.3333333333333333,-2.0055747032165527
2.4444444444444446,-4.262111663818359
-9.22222222222222,-3.532439708709717
-12.333333333333334,-0.8451692461967468
25.666666666666668,10.47044849395752
2.4444444444444446,-3.228978395462036
2.2222222222222223,-2.2467312812805176
-1.2222222222222223,0.26000821590423584
-2.6666666666666665,-3.0373528003692627
-5.333333333333333,-3.0503878593444824
0.0,-2.3051788806915283
-1.4444444444444444,-5.218658924102783
-3.555555555555556,-2.213336229324341
-0.5555555555555556,-2.8816757202148438
-5.222222222222222,-3.042142868041992
-2.0,-0.6284018754959106
3.555555555555556,-2.940934896469116
3.555555555555556,-3.065934181213379
-1.0,-5.100067138671875
5.222222222222222,-3.1555280685424805
-11.11111111111111,-2.543128490447998
-6.222222222222222,-1.0030447244644165
-8.11111111111111,-4.186001300811768
5.333333333333333,8.575754165649414
-1.8888888888888888,-2.9114322662353516
1.7777777777777777,4.639257907867432
-1.4444444444444444,-2.8922736644744873
-2.0,-2.2664124965667725
-10.22222222222222,-3.0824906826019287
2.2222222222222223,-3.269775629043579
7.111111111111111,-1.8052493333816528
-5.0,-2.741097927093506
23.33333333333333,8.385663986206055
2.888888888888889,-3.3273417949676514
-0.3333333333333333,-2.680471181869507
-2.7777777777777777,-1.7095504999160767
20.11111111111111,-2.216925621032715
-6.555555555555555,-0.9624064564704895
-5.888888888888889,-2.659031629562378
-13.0,-3.9263646602630615
-2.6666666666666665,-0.4562254548072815
-4.666666666666667,-14.632845878601074
-0.5555555555555556,-1.6453776359558105
1.8888888888888888,-2.594010591506958
-0.2222222222222222,-2.1231510639190674
-13.666666666666666,-2.972214937210083
1.6666666666666667,-2.5774331092834473
6.444444444444445,4.2429704666137695
-5.111111111111111,-2.263615608215332
-1.0,-2.3788864612579346
2.6666666666666665,-2.891218662261963
-4.111111111111111,-3.111447811126709
-2.2222222222222223,-2.860842227935791
-0.3333333333333333,-3.7843286991119385
-4.888888888888889,-3.6627306938171387
25.11111111111111,8.30533218383789
-10.88888888888889,-2.3974173069000244
2.555555555555556,-3.9907283782958984
-0.4444444444444444,-2.0431911945343018
-19.55555555555556,-2.7655282020568848
-0.8888888888888888,-3.677495002746582
-6.555555555555555,-2.9518847465515137
-4.222222222222222,-2.8589277267456055
-5.0,-2.3413937091827393
-4.444444444444445,-2.95092511177063
-2.333333333333333,-3.818016767501831
-3.888888888888889,-2.9615747928619385
-2.111111111111111,-2.1287784576416016
-6.111111111111111,-2.0572519302368164
2.2222222222222223,-3.0467562675476074
-8.88888888888889,-1.6590842008590698
1.8888888888888888,-3.9305710792541504
24.77777777777778,16.754295349121094
0.3333333333333333,-3.981790781021118
-2.2222222222222223,-2.3988001346588135
8.555555555555555,-0.6203632354736328
-2.7777777777777777,-2.439194679260254
3.4444444444444446,1.0250104665756226
-2.555555555555556,-3.2206521034240723
2.555555555555556,-2.5914554595947266
28.88888888888889,9.940349578857422
-18.11111111111111,-2.739262580871582
-5.666666666666667,7.0517497062683105
-1.0,-1.5254207849502563
0.3333333333333333,-1.7156059741973877
0.3333333333333333,-1.362839937210083
-1.3333333333333333,-2.6346263885498047
-4.888888888888889,0.14816874265670776
-7.555555555555555,-3.3414056301116943
-6.888888888888889,-3.395636796951294
-4.0,-2.074007511138916
1.6666666666666667,-1.9327621459960938
8.666666666666666,-0.4006767272949219
1.7777777777777777,-2.483368158340454
0.1111111111111111,-2.201796293258667
13.88888888888889,6.766404151916504
-0.3333333333333333,-3.2367794513702393
8.444444444444445,-3.099473714828491
-0.2222222222222222,-3.1626029014587402
-6.555555555555555,-2.5455057621002197
2.6666666666666665,-1.2524546384811401
-4.555555555555555,-2.4796531200408936
-0.5555555555555556,5.765172481536865
-1.0,-2.5803756713867188
14.666666666666666,-1.9616355895996094
-2.4444444444444446,-3.3695247173309326
-1.0,-2.035973310470581
-12.0,-2.552278518676758
-0.5555555555555556,-1.4413968324661255
-0.8888888888888888,-3.2376484870910645
-6.888888888888889,-2.5663647651672363
-4.555555555555555,-3.2999322414398193
0.1111111111111111,-1.4910075664520264
-5.333333333333333,-2.3818564414978027
-6.777777777777778,-3.2704529762268066
27.88888888888889,15.052539825439453
-7.888888888888889,-2.9440841674804688
-0.2222222222222222,-1.29595148563385
6.222222222222222,6.718217849731445
-14.444444444444445,-6.245621204376221
-5.555555555555555,-2.7793385982513428
-13.555555555555555,-2.0470263957977295
-9.88888888888889,-1.699100375175476
-7.333333333333333,-2.851942539215088
0.0,-2.641448497772217
0.1111111111111111,-1.9531116485595703
-5.555555555555555,14.924253463745117
-8.666666666666666,-2.767995595932007
-4.666666666666667,-2.588456869125366
0.4444444444444444,-1.8763166666030884
0.0,-1.999900460243225
-5.444444444444445,-7.087697982788086
0.2222222222222222,-2.0957770347595215
-16.555555555555557,-1.9981765747070312
5.222222222222222,-2.5612523555755615
-4.333333333333333,-3.1876955032348633
-2.555555555555556,-2.6791625022888184
15.11111111111111,-1.887174367904663
-0.6666666666666666,-0.830873429775238
-0.4444444444444444,-0.937619686126709
-4.333333333333333,-2.452096939086914
-3.7777777777777777,0.0006148219108581543
-2.333333333333333,-0.15126723051071167
2.555555555555556,-2.3624963760375977
15.88888888888889,11.371768951416016
-21.88888888888889,-3.57198429107666
21.444444444444443,19.994094848632812
4.333333333333333,-2.2598438262939453
-1.2222222222222223,-2.9318463802337646
1.2222222222222223,-2.5066325664520264
-3.6666666666666665,-1.8502197265625
3.0,-2.0268447399139404
-2.333333333333333,-2.444985866546631
-3.888888888888889,-2.1894137859344482
14.444444444444445,-2.8616647720336914
-4.666666666666667,-1.9037901163101196
-4.0,-3.6748783588409424
3.0,-2.070685863494873
-6.555555555555555,-2.5084776878356934
-4.333333333333333,12.247559547424316
6.888888888888889,6.015292167663574
0.4444444444444444,4.519168376922607
-3.6666666666666665,-3.8980700969696045
28.444444444444443,13.440349578857422
3.0,-0.4240337610244751
-24.11111111111111,-2.273469924926758
14.22222222222222,9.143280982971191
10.666666666666666,-3.008622884750366
3.4444444444444446,-0.022535204887390137
-6.888888888888889,4.49867582321167
0.0,-3.7261502742767334
9.11111111111111,-0.2388157844543457
-2.888888888888889,-2.8706328868865967
-11.0,-3.279801845550537
-4.111111111111111,-3.1720681190490723
-4.777777777777778,-3.4226977825164795
22.11111111111111,3.6155853271484375
8.222222222222221,-2.701951026916504
-4.777777777777778,-1.1216623783111572
-5.444444444444445,-3.3344106674194336
1.5555555555555556,-0.45376113057136536
-3.4444444444444446,-2.8363239765167236
-2.555555555555556,-1.0311583280563354
-5.111111111111111,-2.5633041858673096
-11.333333333333334,-0.7553653717041016
-5.777777777777778,-1.992539644241333
-10.555555555555555,-2.8191030025482178
-13.666666666666666,-3.7050528526306152
-4.888888888888889,-2.889392375946045
1.2222222222222223,-2.3904995918273926
-5.888888888888889,-0.7527685761451721
-2.555555555555556,-2.9786810874938965
-9.333333333333334,-2.448690414428711
-9.22222222222222,-3.6179099082946777
-8.333333333333334,-2.180473804473877
-2.0,-0.9110087156295776
-5.333333333333333,-3.42407488822937
-0.2222222222222222,-0.8041288256645203
0.4444444444444444,-1.4985260963439941
-3.333333333333333,0.6335639357566833
1.5555555555555556,3.001225709915161
-2.2222222222222223,4.6450419425964355
-3.888888888888889,-2.34425950050354
11.444444444444445,8.243752479553223
12.666666666666666,6.603198051452637
1.3333333333333333,-2.3705027103424072
-5.555555555555555,-2.440375804901123
-2.0,-2.9248647689819336
-2.0,-3.182880163192749
-5.222222222222222,-1.7790709733963013
-0.5555555555555556,-2.5688018798828125
9.333333333333334,14.428153038024902
5.333333333333333,5.2005510330200195
-6.0,-2.9209675788879395
-4.777777777777778,-3.57401442527771
-5.555555555555555,-3.057631015777588
-7.333333333333333,-3.0848677158355713
9.444444444444445,9.49328327178955
2.555555555555556,-2.759413957595825
-1.2222222222222223,-10.68661117553711
-1.1111111111111112,-4.158497333526611
-10.0,-2.9493699073791504
0.4444444444444444,-2.5120649337768555
-4.444444444444445,-2.1345369815826416
-9.666666666666666,-2.9836647510528564
1.3333333333333333,-4.053484916687012
-0.8888888888888888,-2.2722747325897217
-1.7777777777777777,-1.8921204805374146
2.2222222222222223,-0.4289977550506592
-2.2222222222222223,-2.3747494220733643
0.5555555555555556,-1.4890515804290771
-9.88888888888889,-5.206748008728027
4.444444444444445,9.799631118774414
-1.0,-3.2360687255859375
-2.888888888888889,-2.66495680809021
-6.0,-2.4557034969329834
-0.2222222222222222,0.3556308150291443
-5.222222222222222,-2.299924612045288
-3.0,3.003479480743408
0.5555555555555556,-1.2636762857437134
-5.0,-3.0219614505767822
-2.6666666666666665,-6.224537372589111
-10.444444444444445,-1.0091251134872437
-0.7777777777777778,-1.5694596767425537
7.111111111111111,-1.4777470827102661
-4.222222222222222,-5.822741985321045
2.111111111111111,-0.49141401052474976
-0.1111111111111111,1.5228160619735718
42.55555555555556,20.942873001098633
-8.11111111111111,-1.0550178289413452
-3.6666666666666665,-3.0501558780670166
-4.777777777777778,-2.872333288192749
1.7777777777777777,-2.519880533218384
7.222222222222222,-2.061321973800659
-2.111111111111111,0.6346209645271301
-9.0,1.004443883895874
1.3333333333333333,-1.5306816101074219
-1.4444444444444444,-2.2812271118164062
32.44444444444444,21.76613426208496
10.0,0.9786865711212158
-5.666666666666667,-1.8820855617523193
4.111111111111111,-3.2049505710601807
-9.0,-3.0856430530548096
21.22222222222222,15.819984436035156
-6.666666666666667,-2.94197416305542
3.0,1.9010100364685059
-1.4444444444444444,-3.099907636642456
-0.2222222222222222,-2.2819457054138184
-1.1111111111111112,-2.6556737422943115
-8.555555555555555,-1.8179744482040405
0.7777777777777778,-3.7173144817352295
4.555555555555555,-2.908599853515625
4.222222222222222,-3.0389046669006348
-41.333333333333336,-3.9098703861236572
-4.888888888888889,-7.13403844833374
4.555555555555555,23.010143280029297
2.2222222222222223,-2.570939779281616
-1.5555555555555556,-4.229997158050537
-0.4444444444444444,-2.933037519454956
-0.8888888888888888,0.2628810405731201
10.0,7.623691082000732
-8.222222222222221,-4.282474994659424
18.444444444444443,13.732756614685059
-4.888888888888889,-3.3256311416625977
0.1111111111111111,-3.7105281352996826
-5.555555555555555,-2.644625663757324
-2.4444444444444446,-3.1143741607666016
-5.222222222222222,-2.985100269317627
29.666666666666668,9.143555641174316
0.0,-3.287980556488037
2.2222222222222223,-1.552495002746582
20.88888888888889,14.772921562194824
-2.333333333333333,-1.8964345455169678
-4.111111111111111,-2.5507688522338867
-10.444444444444445,-3.6510658264160156
-10.77777777777778,1.0082812309265137
-4.666666666666667,-2.5132603645324707
8.777777777777779,-3.1200952529907227
-3.2222222222222223,-2.4428672790527344
-1.4444444444444444,-1.3833227157592773
-1.1111111111111112,-3.4303152561187744
6.888888888888889,-2.9049336910247803
-5.444444444444445,-3.3806779384613037
2.4444444444444446,-4.417856693267822
-12.555555555555555,-3.118788719177246
17.444444444444443,13.890388488769531
0.1111111111111111,-4.930225849151611
9.666666666666666,-1.3038287162780762
-3.0,-2.9830408096313477
3.0,-2.9994852542877197
-0.1111111111111111,-3.066532850265503
-10.333333333333334,-2.970409631729126
1.3333333333333333,-2.2832348346710205
-10.77777777777778,-2.9659359455108643
0.3333333333333333,-3.626789093017578
2.2222222222222223,2.2417969703674316
-4.777777777777778,-3.016202211380005
-2.4444444444444446,-1.9219707250595093
1.6666666666666667,9.478139877319336
-2.7777777777777777,-3.3871514797210693
0.2222222222222222,-4.756541728973389
-2.555555555555556,-2.517705202102661
2.333333333333333,-3.005744457244873
1.6666666666666667,-4.733911037445068
-1.6666666666666667,-3.361783027648926
-1.8888888888888888,-2.1509664058685303
-5.888888888888889,-2.3460922241210938
-0.6666666666666666,-2.087326765060425
-0.8888888888888888,-2.4572176933288574
1.5555555555555556,17.218793869018555
-4.222222222222222,-3.0732834339141846
1.7777777777777777,7.449723720550537
-6.111111111111111,-3.256680965423584
-2.4444444444444446,-0.5501238107681274
-0.7777777777777778,-2.8152945041656494
8.0,8.591032981872559
1.3333333333333333,-3.12229585647583
20.33333333333333,7.974630355834961
1.3333333333333333,-1.8627597093582153
-4.222222222222222,-4.119851589202881
-8.777777777777779,-8.217357635498047
-4.333333333333333,-2.6814088821411133
-2.7777777777777777,-1.9100446701049805
6.0,-1.1222028732299805
0.1111111111111111,-2.7528743743896484
-2.888888888888889,-2.6883037090301514
-0.1111111111111111,-0.7764757871627808
-2.7777777777777777,10.322203636169434
-10.11111111111111,-4.109481334686279
-10.0,-4.126739978790283
-2.555555555555556,-2.2087931632995605
3.4444444444444446,-2.950573682785034
3.4444444444444446,6.8099045753479
-1.6666666666666667,-0.34739816188812256
-1.6666666666666667,-2.637335777282715
1.5555555555555556,-1.1066365242004395
5.666666666666667,-2.6629035472869873
5.777777777777778,-2.5113062858581543
6.666666666666667,-3.009315013885498
5.333333333333333,-3.1156511306762695
7.222222222222222,2.833895444869995
-10.333333333333334,-4.140381336212158
0.4444444444444444,-2.55793833732605
8.666666666666666,18.827054977416992
-6.555555555555555,-4.234249591827393
1.7777777777777777,-0.9198576211929321
-6.777777777777778,-2.381824493408203
7.111111111111111,2.0259482860565186
-1.6666666666666667,-8.327062606811523
-0.6666666666666666,-1.5872689485549927
8.777777777777779,-3.2551980018615723
-0.6666666666666666,-1.4730584621429443
-7.777777777777778,-2.887312889099121
5.888888888888889,-2.0872206687927246
-4.111111111111111,-3.181159019470215
-4.111111111111111,-7.3402934074401855
0.6666666666666666,-2.0996739864349365
-7.0,-2.596503496170044
-1.0,-2.562199592590332
-0.6666666666666666,-2.460327625274658
6.777777777777778,-1.1840564012527466
0.5555555555555556,-2.6061136722564697
-1.3333333333333333,-1.9733295440673828
-2.111111111111111,-2.6860973834991455
-8.11111111111111,-3.049724817276001
3.4444444444444446,-2.167898416519165
-5.444444444444445,-2.450042486190796
-1.5555555555555556,-2.600379228591919
-3.2222222222222223,-2.460113525390625
4.444444444444445,-2.6038613319396973
-1.3333333333333333,-3.9764857292175293
-8.333333333333334,-5.665378570556641
-5.0,-2.606079339981079
1.0,11.133479118347168
0.8888888888888888,-0.6762665510177612
-8.444444444444445,-1.8063653707504272
-5.222222222222222,-1.4501675367355347
-4.888888888888889,-2.8892064094543457
8.333333333333334,5.84835147857666
7.333333333333333,-1.4649956226348877
1.2222222222222223,-2.1913836002349854
-8.88888888888889,-1.7044382095336914
4.333333333333333,-2.421114444732666
-0.6666666666666666,3.6391279697418213
3.111111111111111,-2.9636142253875732
3.555555555555556,-0.1091604232788086
-3.111111111111111,-3.3770337104797363
-1.8888888888888888,-2.5765459537506104
1.6666666666666667,-2.132457971572876
-7.666666666666667,-2.4403204917907715
-4.111111111111111,-5.105329513549805
3.4444444444444446,-1.8817203044891357
-9.333333333333334,-3.3293910026550293
1.5555555555555556,-1.7409279346466064
7.333333333333333,-2.742441177368164
-7.111111111111111,-1.947400450706482
-0.2222222222222222,-1.5640509128570557
7.333333333333333,0.19538086652755737
0.6666666666666666,-2.3631045818328857
-2.0,-0.23512107133865356
-5.888888888888889,14.130123138427734
-5.666666666666667,-3.884298801422119
1.7777777777777777,-1.9086635112762451
-14.666666666666666,-2.106666088104248
-15.333333333333334,-3.897902250289917
-7.777777777777778,-2.768558979034424
3.6666666666666665,-1.1816266775131226
-6.444444444444445,-1.1564730405807495
-1.3333333333333333,-2.5030574798583984
-11.333333333333334,-3.7419662475585938
-15.88888888888889,-3.3675901889801025
0.3333333333333333,-0.9451373219490051
5.888888888888889,-0.3007999062538147
-5.555555555555555,-2.9102611541748047
-4.222222222222222,-0.9782770276069641
-1.3333333333333333,-3.811502456665039
-3.2222222222222223,-3.114720582962036
-0.1111111111111111,-2.217184543609619
-6.666666666666667,-1.8196220397949219
-7.333333333333333,0.9899736642837524
-5.111111111111111,-1.6552362442016602
5.222222222222222,6.299725532531738
-7.444444444444445,-5.806450843811035
17.444444444444443,10.186471939086914
-3.4444444444444446,-3.8602347373962402
-5.333333333333333,-1.9722342491149902
3.6666666666666665,2.4560883045196533
-2.4444444444444446,-2.2790207862854004
-21.0,-2.1516060829162598
-8.333333333333334,-2.707786798477173
-3.333333333333333,-3.537808656692505
1.5555555555555556,-1.089847207069397
-3.0,2.0347189903259277
-14.333333333333334,-5.086374282836914
-2.2222222222222223,-2.174893856048584
5.0,11.272281646728516
0.4444444444444444,-1.6864959001541138
-8.222222222222221,-2.1460580825805664
2.7777777777777777,-3.965384006500244
-12.444444444444445,-1.754034399986267
5.555555555555555,-1.6515283584594727
-2.111111111111111,-1.954264760017395
-1.6666666666666667,-1.3989588022232056
-9.88888888888889,-0.4328187108039856
-7.333333333333333,-3.00472354888916
-10.88888888888889,-3.6423938274383545
-4.777777777777778,-0.7390327453613281
-5.111111111111111,2.836862802505493
0.8888888888888888,15.849122047424316
2.333333333333333,-2.5733799934387207
1.3333333333333333,9.610689163208008
-3.333333333333333,-0.6685813069343567
5.555555555555555,-2.1729354858398438
-2.6666666666666665,-1.3930610418319702
-4.555555555555555,-2.000875234603882
4.0,-1.7838773727416992
-1.0,-0.43583232164382935
1.3333333333333333,6.832207679748535
-21.0,-2.5309505462646484
-1.6666666666666667,-2.295337438583374
2.111111111111111,3.034834861755371
-7.888888888888889,-2.291703462600708
-0.3333333333333333,-3.1804490089416504
2.0,-1.470609426498413
26.11111111111111,8.941802024841309
-0.1111111111111111,-2.2377007007598877
-0.7777777777777778,0.44752758741378784
-11.0,-2.9822731018066406
4.222222222222222,-2.8013100624084473
-1.7777777777777777,-2.324885845184326
-9.0,-3.1843783855438232
-4.555555555555555,-3.400261640548706
-5.0,-2.214202404022217
0.7777777777777778,-3.9244894981384277
-3.333333333333333,-5.601060390472412
-3.111111111111111,-2.900184392929077
5.0,-2.0819520950317383
-1.2222222222222223,-0.580847978591919
-7.555555555555555,-1.9815760850906372
-3.4444444444444446,-2.803860902786255
-7.555555555555555,-1.2159441709518433
-8.444444444444445,-3.510542392730713
-2.555555555555556,-2.667187452316284
-2.2222222222222223,-3.081019878387451
-3.4444444444444446,-2.547618865966797
4.888888888888889,13.078164100646973
4.111111111111111,-2.6428964138031006
-11.22222222222222,-2.5880537033081055
-5.0,-2.6265969276428223
0.8888888888888888,-2.607595205307007
-0.7777777777777778,-3.7698440551757812
-5.444444444444445,-1.7287664413452148
-9.11111111111111,-2.1667287349700928
-0.8888888888888888,0.26887550950050354
-2.0,-1.8998578786849976
-2.6666666666666665,-5.380613803863525
21.55555555555556,11.823734283447266
11.77777777777778,-3.184269428253174
14.88888888888889,11.24056339263916
-0.8888888888888888,6.39607048034668
1.4444444444444444,-2.766237258911133
-2.7777777777777777,-3.1277027130126953
-2.7777777777777777,-1.9372104406356812
-8.777777777777779,-2.0047457218170166
-3.555555555555556,-2.55958890914917
-9.444444444444445,-2.982990026473999
2.0,-3.441443681716919
-7.0,-2.05203914642334
0.1111111111111111,-1.4169328212738037
-5.888888888888889,-1.7454777956008911
-11.444444444444445,-2.2012939453125
-5.777777777777778,-0.7106432914733887
-0.4444444444444444,-5.5403337478637695
-1.7777777777777777,3.297935724258423
-1.4444444444444444,-1.1391232013702393
-4.333333333333333,-2.754573106765747
-8.555555555555555,-4.061515808105469
-8.222222222222221,-7.795763969421387
0.4444444444444444,-2.936668872833252
-4.555555555555555,-3.1383588314056396
-6.0,-1.125362753868103
-1.0,-3.719618320465088
-4.333333333333333,-1.2875841856002808
-4.111111111111111,-2.5138895511627197
16.0,18.30086898803711
-3.4444444444444446,-2.6987762451171875
-3.111111111111111,-2.0530669689178467
10.77777777777778,8.618906021118164
8.222222222222221,4.127950668334961
0.3333333333333333,-2.6255462169647217
0.2222222222222222,-3.296870470046997
-14.88888888888889,-2.7471933364868164
3.333333333333333,10.851802825927734
1.0,-2.158780097961426
0.6666666666666666,-3.3987789154052734
-4.333333333333333,-0.15473198890686035
0.3333333333333333,-2.424590587615967
-4.444444444444445,-2.3864941596984863
0.2222222222222222,-1.7155895233154297
5.222222222222222,-3.768138885498047
-2.7777777777777777,-3.091506004333496
-2.0,-2.9005019664764404
28.444444444444443,11.542728424072266
-6.0,-1.646860957145691
-6.666666666666667,-2.89609956741333
-3.888888888888889,-4.318531513214111
-10.11111111111111,-1.9030182361602783
-4.777777777777778,-0.026460036635398865
1.4444444444444444,-1.9361140727996826
-5.0,-3.6108717918395996
0.1111111111111111,-1.8175702095031738
-6.444444444444445,-3.093282461166382
-2.333333333333333,-3.744603395462036
-1.6666666666666667,-4.238713264465332
-4.111111111111111,-2.4314165115356445
-10.0,-4.111685752868652
2.7777777777777777,-0.6697182059288025
-1.5555555555555556,-0.032573044300079346
-4.666666666666667,-3.31282901763916
-5.444444444444445,-2.8999955654144287
2.0,9.895099639892578
-6.222222222222222,1.4926356077194214
-10.11111111111111,-3.484590530395508
9.555555555555555,-1.475742220878601
-10.0,-3.9036309719085693
-6.444444444444445,-7.923562526702881
0.8888888888888888,-1.545711874961853
-0.5555555555555556,-2.3851537704467773
-1.8888888888888888,-3.942445993423462
3.888888888888889,-2.500556707382202
3.333333333333333,-3.9902286529541016
17.0,-3.220552921295166
-0.7777777777777778,-2.4437801837921143
-3.2222222222222223,-2.58554744720459
-4.777777777777778,-2.196218252182007
-3.2222222222222223,-3.8410837650299072
-4.222222222222222,-3.611440658569336
-9.11111111111111,-3.034752607345581
-6.333333333333333,-3.8403079509735107
-4.666666666666667,-4.128537178039551
9.444444444444445,-2.286000967025757
1.6666666666666667,-2.941413640975952
-3.0,13.9552001953125
-5.444444444444445,-0.43770864605903625
2.111111111111111,-3.0679547786712646
-5.888888888888889,-2.8649404048919678
-1.8888888888888888,-1.7947732210159302
-4.777777777777778,-1.010944128036499
2.111111111111111,-3.923755407333374
0.5555555555555556,-3.702728748321533
-3.111111111111111,-3.255686044692993
-11.88888888888889,-3.3732986450195312
-0.6666666666666666,0.4766919016838074
12.11111111111111,-1.8034169673919678
-0.5555555555555556,-0.9425734281539917
0.6666666666666666,17.430036544799805
-4.888888888888889,-1.7313225269317627
-3.111111111111111,-1.5767028331756592
-2.2222222222222223,-4.030306339263916
-3.2222222222222223,-1.4693775177001953
-6.888888888888889,-2.6918256282806396
3.4444444444444446,-2.812363862991333
24.11111111111111,17.682098388671875
-0.8888888888888888,0.26672375202178955
0.8888888888888888,-1.265525221824646
-6.555555555555555,-2.0428168773651123
-1.3333333333333333,-3.7738394737243652
-4.111111111111111,-2.1249923706054688
9.666666666666666,-0.6200188994407654
5.111111111111111,-2.628131151199341
4.333333333333333,-1.8517142534255981
0.4444444444444444,-2.5944056510925293
-15.444444444444445,-3.9568309783935547
-7.0,-3.612074136734009
1.7777777777777777,-2.184448003768921
6.777777777777778,-3.100806951522827
8.0,-1.6859132051467896
4.777777777777778,8.860457420349121
19.55555555555556,11.55533218383789
-6.777777777777778,-2.3659658432006836
-7.222222222222222,-3.099064588546753
0.1111111111111111,-3.8545150756835938
-0.4444444444444444,-4.186751842498779
-3.555555555555556,-3.0762088298797607
10.444444444444445,8.087543487548828
3.4444444444444446,10.650113105773926
-0.1111111111111111,-2.036540985107422
-7.666666666666667,-3.5340890884399414
0.1111111111111111,-3.145066022872925
-3.333333333333333,-3.611135244369507
-4.222222222222222,-1.073548436164856
-0.7777777777777778,11.026016235351562
-11.666666666666666,-2.6837947368621826
-2.333333333333333,-2.740091323852539
-0.3333333333333333,-4.231938362121582
17.88888888888889,8.263739585876465
32.55555555555556,10.602514266967773
-11.0,10.243742942810059
-4.0,-2.5999648571014404
-6.777777777777778,-8.290876388549805
-15.333333333333334,-4.621491432189941
-7.666666666666667,-2.1966025829315186
-3.555555555555556,-3.6091361045837402
-2.7777777777777777,-2.5033013820648193
0.1111111111111111,-4.6354756355285645
38.11111111111112,7.2353434562683105
-8.0,-4.119082450866699
-4.222222222222222,-3.1934690475463867
0.0,0.513296365737915
23.55555555555556,15.781293869018555
1.7777777777777777,-2.3597185611724854
-2.7777777777777777,-3.6908469200134277
-5.777777777777778,-2.671078681945801
7.333333333333333,2.2458600997924805
-6.555555555555555,-2.9068102836608887
-9.333333333333334,-5.860479831695557
5.111111111111111,-0.09885337948799133
-5.444444444444445,-1.9736443758010864
3.6666666666666665,-2.094782590866089
-6.555555555555555,-2.728102445602417
19.444444444444443,8.681230545043945
-4.777777777777778,-2.765014410018921
4.888888888888889,-2.0130293369293213
-3.2222222222222223,0.6787309646606445
-1.6666666666666667,-0.7684755325317383
-7.555555555555555,-2.5741117000579834
-3.4444444444444446,-2.3681743144989014
1.5555555555555556,-0.28502002358436584
-7.555555555555555,-3.7671735286712646
-13.333333333333334,-4.208532333374023
-5.0,-5.738988399505615
-3.111111111111111,10.195152282714844
-8.777777777777779,-1.9839587211608887
-1.1111111111111112,-2.900496482849121
1.8888888888888888,-1.4050897359848022
-6.222222222222222,-2.994018793106079
-0.1111111111111111,2.463857650756836
4.0,4.572824478149414
-18.22222222222222,-4.2579755783081055
-1.7777777777777777,-3.0691840648651123
-13.333333333333334,-2.4263813495635986
-7.666666666666667,-1.826581597328186
-1.6666666666666667,-3.9855799674987793
-4.444444444444445,0.17428478598594666
-11.444444444444445,-0.6699397563934326
2.888888888888889,1.83637273311615
27.0,15.00813102722168
1.8888888888888888,-1.9225558042526245
-8.88888888888889,-1.804983139038086
-4.888888888888889,-2.3386189937591553
-5.888888888888889,-2.2471909523010254
-3.6666666666666665,-3.062098979949951
9.555555555555555,-0.16968703269958496
-1.6666666666666667,-3.572425127029419
0.8888888888888888,-2.311845064163208
-13.666666666666666,-2.8732800483703613
-3.555555555555556,-1.367274522781372
-1.6666666666666667,-2.6526801586151123
8.88888888888889,7.214509963989258
-4.888888888888889,-2.6012258529663086
-3.888888888888889,-1.7876783609390259
-9.88888888888889,-4.273268222808838
-1.5555555555555556,-3.245347023010254
7.666666666666667,8.083831787109375
3.7777777777777777,1.5498504638671875
12.666666666666666,-2.943859815597534
-4.555555555555555,-2.936758518218994
13.555555555555555,10.273290634155273
6.777777777777778,-2.9672462940216064
-9.11111111111111,-3.586118221282959
-2.555555555555556,-3.8624932765960693
-1.4444444444444444,2.280320644378662
-6.222222222222222,-0.9750374555587769
-7.555555555555555,-3.537053346633911
1.0,12.90951919555664
-1.4444444444444444,-2.9749670028686523
-9.88888888888889,-2.3537919521331787
1.2222222222222223,-2.97381329536438
2.2222222222222223,-2.769057512283325
1.2222222222222223,0.39095228910446167
8.444444444444445,2.958120822906494
0.8888888888888888,0.6680551767349243
-10.444444444444445,-2.2773594856262207
4.444444444444445,-2.090871572494507
-1.6666666666666667,-1.8332196474075317
-3.888888888888889,-1.9800422191619873
3.2222222222222223,-3.0041909217834473
-5.666666666666667,5.470959186553955
-9.0,-3.190657138824463
8.777777777777779,16.663497924804688
1.5555555555555556,-3.896028995513916
-2.555555555555556,-2.2271599769592285
4.777777777777778,0.17024019360542297
-16.11111111111111,-3.389298439025879
-5.555555555555555,0.251749724149704
-1.8888888888888888,-2.4076170921325684
25.11111111111111,12.30145263671875
-2.555555555555556,-2.570802688598633
-12.0,-7.622791290283203
-10.333333333333334,-3.498392343521118
-7.333333333333333,-2.102442502975464
0.0,0.20684635639190674
1.8888888888888888,-2.737759828567505
1.4444444444444444,-3.7711760997772217
19.55555555555556,2.0188848972320557
-5.222222222222222,0.6342810988426208
0.3333333333333333,6.349969863891602
1.1111111111111112,-3.052351474761963
25.666666666666668,11.450432777404785
-3.0,-2.5483884811401367
3.555555555555556,-2.226813793182373
4.222222222222222,-2.104663610458374
1.7777777777777777,-2.68825364112854
31.444444444444443,-2.7052419185638428
19.33333333333333,12.262845039367676
-1.6666666666666667,-2.03251314163208
1.5555555555555556,1.2825133800506592
7.222222222222222,-1.9382085800170898
-3.7777777777777777,-2.084686756134033
-1.6666666666666667,-2.3332955837249756
0.2222222222222222,-2.4502291679382324
3.7777777777777777,8.893601417541504
-2.0,-2.869708776473999
1.6666666666666667,-2.807809352874756
1.3333333333333333,-2.2663304805755615
0.1111111111111111,-2.690837860107422
-1.0,-2.3871090412139893
7.0,-0.5785666704177856
-3.111111111111111,-1.217268466949463
9.11111111111111,0.12993550300598145
3.6666666666666665,-2.402817487716675
-4.888888888888889,-2.074519634246826
-1.6666666666666667,-2.4645402431488037
-3.555555555555556,-0.8480739593505859
-1.4444444444444444,0.11716820299625397
-15.0,-0.9063472747802734
1.0,-2.722423553466797
5.333333333333333,0.2562231421470642
5.444444444444445,-2.9315860271453857
-3.0,-3.9751181602478027
-2.333333333333333,10.064749717712402
-5.111111111111111,-1.6998060941696167
-3.6666666666666665,-1.4795310497283936
2.7777777777777777,-0.5241031050682068
-8.777777777777779,-6.032871246337891
2.333333333333333,-2.9016292095184326
3.4444444444444446,8.297751426696777
12.333333333333334,-1.8619086742401123
-1.0,-5.503970146179199
1.6666666666666667,-3.254798650741577
-1.1111111111111112,-1.3290044069290161
-5.0,-3.118095874786377
-5.222222222222222,-2.964294910430908
-4.777777777777778,-3.002683401107788
0.5555555555555556,-2.650172233581543
6.0,7.930230140686035
13.77777777777778,10.624077796936035
6.666666666666667,-1.2282592058181763
-1.0,-1.8548898696899414
-3.7777777777777777,-1.7418514490127563
-5.777777777777778,-2.6494243144989014
-3.555555555555556,-8.898297309875488
0.2222222222222222,-2.221543788909912
-3.888888888888889,5.635900497436523
-3.0,-3.6223511695861816
-5.888888888888889,-3.337160110473633
5.0,7.996222972869873
-10.666666666666666,-2.7954254150390625
-3.333333333333333,-1.1902520656585693
-9.666666666666666,-1.4202297925949097
2.7777777777777777,-1.9142351150512695
-7.333333333333333,-3.1101841926574707
19.22222222222222,17.954856872558594
-12.333333333333334,-3.4188246726989746
-5.0,-3.921794891357422
-3.555555555555556,-3.638127565383911
-13.666666666666666,-1.6620140075683594
6.777777777777778,9.976912498474121
1.3333333333333333,-2.0040173530578613
48.22222222222222,13.617480278015137
3.2222222222222223,3.345216989517212
-4.0,-2.625415563583374
10.77777777777778,-1.3588403463363647
-4.555555555555555,-5.244813442230225
10.333333333333334,-1.1963105201721191
0.8888888888888888,-1.9300776720046997
-5.111111111111111,-2.9754104614257812
5.0,13.849265098571777
-25.77777777777778,-2.7534291744232178
-6.777777777777778,-2.4591610431671143
6.111111111111111,-2.000300884246826
-9.22222222222222,-2.5185067653656006
-5.111111111111111,-0.9119552969932556
1.7777777777777777,-2.83198881149292
4.777777777777778,-2.244295120239258
16.11111111111111,-1.9911969900131226
-0.8888888888888888,-2.525420904159546
-2.888888888888889,-3.0458881855010986
4.666666666666667,4.7881269454956055
-3.2222222222222223,-1.8227486610412598
11.0,2.7904775142669678
6.777777777777778,12.976553916931152
-3.2222222222222223,-0.7420538663864136
5.111111111111111,-1.7299160957336426
-10.22222222222222,-4.284125804901123
2.333333333333333,-3.4101765155792236
2.2222222222222223,-1.6174592971801758
-14.77777777777778,-19.922740936279297
0.8888888888888888,-3.1754965782165527
-8.777777777777779,-0.7420538663864136
2.888888888888889,-2.473456859588623
-5.333333333333333,-2.6517574787139893
-2.0,-1.9449583292007446
0.1111111111111111,-2.0975334644317627
-1.0,-2.534339189529419
1.2222222222222223,-2.9060356616973877
11.444444444444445,-1.008461356163025
-2.0,-2.062411069869995
-1.4444444444444444,-2.815448045730591
-5.333333333333333,-4.1690754890441895
-4.777777777777778,-0.005655050277709961
-2.7777777777777777,-2.2075397968292236
4.333333333333333,0.9192334413528442
-0.8888888888888888,-3.000542640686035
7.222222222222222,-2.2501659393310547
-6.777777777777778,-3.7106425762176514
28.22222222222222,8.157482147216797
6.555555555555555,2.736937999725342
0.8888888888888888,2.7102720737457275
-6.555555555555555,-3.2436985969543457
1.3333333333333333,-1.2107652425765991
-1.5555555555555556,-4.5192036628723145
0.7777777777777778,-1.9420257806777954
-1.2222222222222223,-3.2484240531921387
-7.333333333333333,-0.9402121901512146
-4.333333333333333,-0.9350210428237915
-0.6666666666666666,-1.3908487558364868
-3.2222222222222223,-0.8564624786376953
-8.11111111111111,-1.515782356262207
6.666666666666667,-2.7454562187194824
-4.777777777777778,-3.2129762172698975
-7.222222222222222,-2.5678632259368896
-4.222222222222222,-5.544655799865723
3.888888888888889,-1.7495533227920532
1.7777777777777777,-5.8793044090271
-2.7777777777777777,-2.130345106124878
0.4444444444444444,-3.2143397331237793
-7.666666666666667,-1.5015791654586792
10.0,-1.893610954284668
2.0,-3.1324286460876465
1.4444444444444444,-2.11190128326416
3.2222222222222223,-1.7790157794952393
-6.111111111111111,-3.4689462184906006
-2.0,-2.37326979637146
-6.888888888888889,-2.814199209213257
6.222222222222222,-2.523181915283203
-5.111111111111111,-2.6008689403533936
-3.4444444444444446,-2.306967258453369
-3.333333333333333,-1.1710116863250732
0.5555555555555556,0.7482959032058716
-7.222222222222222,-5.0611348152160645
2.111111111111111,-0.13853657245635986
-1.6666666666666667,-3.3475663661956787
19.88888888888889,9.724023818969727
-5.666666666666667,-2.5931589603424072
0.1111111111111111,-1.5204641819000244
0.0,-4.04164981842041
-1.4444444444444444,5.295387268066406
-1.4444444444444444,-1.9161328077316284
1.1111111111111112,-3.960671901702881
-1.4444444444444444,-2.191087245941162
-4.777777777777778,-3.5784106254577637
-16.88888888888889,-2.7918472290039062
-3.2222222222222223,-4.437196254730225
3.6666666666666665,-2.5718491077423096
-5.555555555555555,-2.9628050327301025
0.7777777777777778,-3.2761175632476807
0.4444444444444444,2.8004398345947266
-1.3333333333333333,-2.3808462619781494
-1.5555555555555556,0.34529221057891846
-3.2222222222222223,-2.061145305633545
14.88888888888889,9.570857048034668
-1.4444444444444444,-3.0375423431396484
-0.6666666666666666,-3.685518741607666
-1.8888888888888888,-3.80975079536438
0.4444444444444444,-3.285205364227295
-6.0,-2.1084187030792236
-47.22222222222222,-2.0878775119781494
40.55555555555556,17.3955078125
-7.666666666666667,-2.248636245727539
2.6666666666666665,-3.708707332611084
-3.0,-2.2336440086364746
-1.5555555555555556,-3.235257625579834
2.7777777777777777,-0.372619092464447
-3.7777777777777777,-3.235008478164673
-8.555555555555555,-2.9427037239074707
-3.7777777777777777,9.521722793579102
-1.7777777777777777,-2.512307643890381
3.0,-3.907433032989502
16.22222222222222,7.649925708770752
-7.0,-5.397329330444336
-4.666666666666667,-3.934190034866333
4.111111111111111,5.127849578857422
-1.4444444444444444,-4.409584999084473
0.0,-3.246267795562744
-3.111111111111111,-1.6167405843734741
1.5555555555555556,-1.119465947151184
-1.7777777777777777,-0.5412976145744324
-6.222222222222222,-1.5760605335235596
-5.666666666666667,-2.467296600341797
-1.2222222222222223,-1.6157100200653076
-3.555555555555556,-1.6025468111038208
-12.77777777777778,0.7213653326034546
-3.0,-2.4046683311462402
-1.2222222222222223,-1.711409091949463
-10.22222222222222,-2.5855698585510254
12.444444444444445,8.595243453979492
9.22222222222222,13.817439079284668
-5.777777777777778,-2.980344295501709
-5.888888888888889,0.7123097777366638
0.3333333333333333,-3.3070309162139893
3.6666666666666665,0.31659233570098877
-3.0,-1.7019004821777344
-19.88888888888889,-3.0810441970825195
-6.333333333333333,-1.9607511758804321
-0.2222222222222222,0.1527649164199829
-4.777777777777778,-0.614737868309021
-3.888888888888889,-2.2331936359405518
1.4444444444444444,-1.957733392715454
-2.888888888888889,1.3456324338912964
1.5555555555555556,4.849189281463623
-1.7777777777777777,-2.087615728378296
-12.333333333333334,-2.8172991275787354
16.11111111111111,18.10871696472168
-3.888888888888889,-2.672553300857544
-2.555555555555556,-2.4072446823120117
2.888888888888889,-2.9127004146575928
-3.2222222222222223,-1.4660463333129883
-0.6666666666666666,-3.0287723541259766
13.666666666666666,20.005422592163086
11.333333333333334,-3.235020875930786
-7.666666666666667,-1.2823882102966309
-15.555555555555555,-2.0164918899536133
-3.555555555555556,-1.9806562662124634
-1.4444444444444444,-2.4609639644622803
-1.6666666666666667,-1.4148920774459839
-9.0,-3.685393810272217
11.666666666666666,11.771217346191406
-20.88888888888889,-4.2283501625061035
-5.777777777777778,-4.464090347290039
3.333333333333333,-2.208306074142456
1.4444444444444444,-2.3859293460845947
-3.111111111111111,-3.1303374767303467
1.2222222222222223,-2.780867338180542
3.555555555555556,10.556148529052734
-9.444444444444445,-3.07080078125
-3.0,-2.811049699783325
-8.444444444444445,-1.832957148551941
-0.6666666666666666,1.9560688734054565
-4.555555555555555,-1.8097211122512817
-2.2222222222222223,-2.9866907596588135
-0.5555555555555556,-2.650355815887451
-4.333333333333333,-3.428638458251953
-2.4444444444444446,-4.827449321746826
-8.222222222222221,1.4553792476654053
-0.7777777777777778,-2.679542064666748
-17.555555555555557,-1.719594955444336
1.1111111111111112,-3.6362364292144775
-0.1111111111111111,-2.041267156600952
-3.888888888888889,-2.982987403869629
-5.666666666666667,-2.462350845336914
0.4444444444444444,-1.4741102457046509
-11.444444444444445,-1.2823882102966309
-5.777777777777778,-2.2746896743774414
-2.4444444444444446,-3.02370023727417
-1.3333333333333333,-3.5220489501953125
-2.888888888888889,-2.5693092346191406
-0.2222222222222222,-3.9268221855163574
3.4444444444444446,6.061959743499756
-15.77777777777778,-2.939183235168457
-1.8888888888888888,-2.784236431121826
2.111111111111111,6.43501091003418
2.888888888888889,-3.23830509185791
4.333333333333333,-2.920259475708008
-4.444444444444445,-2.494166374206543
16.555555555555557,25.59397315979004
0.8888888888888888,-3.4494869709014893
-0.4444444444444444,-1.8386651277542114
-17.0,5.514923095703125
-1.7777777777777777,-2.4576528072357178
-5.888888888888889,-5.643594741821289
5.111111111111111,10.700419425964355
-1.2222222222222223,-0.02936108410358429
3.7777777777777777,-1.5828917026519775
22.77777777777778,23.53443717956543
0.5555555555555556,0.8810651302337646
4.111111111111111,-4.12988805770874
4.0,4.855712413787842
-3.2222222222222223,-2.4176979064941406
21.33333333333333,8.317070960998535
5.333333333333333,-3.738624334335327
11.11111111111111,-2.790748119354248
-3.2222222222222223,-2.8770394325256348
0.2222222222222222,2.68411922454834
-2.2222222222222223,-3.185448408126831
-24.33333333333333,-2.7266407012939453
-3.333333333333333,-1.8367836475372314
5.555555555555555,-1.8286508321762085
2.2222222222222223,-2.768446922302246
-0.3333333333333333,-3.3784232139587402
-0.3333333333333333,-3.797663688659668
-0.1111111111111111,-1.4163191318511963
-3.4444444444444446,-1.3003385066986084
-1.1111111111111112,-2.2565386295318604
-9.88888888888889,-3.328444719314575
1.4444444444444444,-2.3637311458587646
-5.555555555555555,-5.434189796447754
-12.444444444444445,-3.059185028076172
3.333333333333333,-2.1990435123443604
8.222222222222221,-4.221425533294678
-9.555555555555555,-2.2666420936584473
-0.8888888888888888,-3.2782199382781982
-2.333333333333333,-5.380837917327881
-0.6666666666666666,-2.462721824645996
-1.7777777777777777,-3.0153844356536865
17.88888888888889,2.698596715927124
-5.888888888888889,-1.3601057529449463
-0.7777777777777778,-2.14139986038208
-3.0,-0.3676300048828125
-1.2222222222222223,-1.9611321687698364
-6.555555555555555,-2.139977216720581
-5.888888888888889,8.432114601135254
1.7777777777777777,-2.231978178024292
-8.444444444444445,-2.1168885231018066
1.4444444444444444,1.3906341791152954
-0.4444444444444444,-2.9007530212402344
0.1111111111111111,-2.335080623626709
-5.111111111111111,-3.3058605194091797
-12.0,-4.677353858947754
-3.333333333333333,-2.1297659873962402
-3.333333333333333,-3.9511709213256836
5.0,-1.4927457571029663
-0.6666666666666666,-2.699863910675049
3.6666666666666665,-2.551241397857666
-6.444444444444445,-2.6166820526123047
6.111111111111111,-0.038890063762664795
-6.222222222222222,-1.4127448797225952
-3.0,-3.312091588973999
-0.3333333333333333,-1.3514344692230225
-3.555555555555556,-2.148106336593628
-7.333333333333333,-3.001788854598999
27.55555555555556,7.485909461975098
-8.444444444444445,-2.8201096057891846
-0.1111111111111111,-3.0405147075653076
2.888888888888889,-1.7051706314086914
-0.5555555555555556,-2.6183555126190186
4.777777777777778,6.952836990356445
-2.6666666666666665,-2.570935010910034
-37.888888888888886,-3.043454885482788
-0.4444444444444444,-1.903878927230835
-6.888888888888889,18.560138702392578
-6.0,-2.556708574295044
-2.888888888888889,-2.062997817993164
4.0,-3.449193000793457
-1.4444444444444444,-1.7252864837646484
-2.555555555555556,2.585254669189453
-3.0,-2.7368366718292236
1.4444444444444444,-1.960679292678833
0.3333333333333333,-2.356610059738159
-1.5555555555555556,-2.9177920818328857
-2.888888888888889,-2.8685693740844727
-5.888888888888889,-2.6280319690704346
1.7777777777777777,-3.0879311561584473
-6.444444444444445,-2.8581788539886475
12.333333333333334,8.03511905670166
1.1111111111111112,-2.117664098739624
-2.555555555555556,-2.128849744796753
-3.111111111111111,-1.8735990524291992
-1.4444444444444444,-1.5926728248596191
-12.333333333333334,-2.7334280014038086
12.555555555555555,14.391813278198242
-6.777777777777778,-2.7134687900543213
-0.8888888888888888,-3.7427244186401367
5.222222222222222,-2.6035830974578857
-2.111111111111111,-0.03797495365142822
0.0,5.314009189605713
-0.8888888888888888,-2.6919116973876953
1.4444444444444444,-1.4129772186279297
0.4444444444444444,-3.807978630065918
1.3333333333333333,-3.309021234512329
-6.777777777777778,-3.011201858520508
-7.777777777777778,-3.452575206756592
7.555555555555555,-1.3105669021606445
-24.55555555555556,-3.774101972579956
32.22222222222222,32.516868591308594
9.333333333333334,-2.2929327487945557
8.777777777777779,2.9920899868011475
-4.777777777777778,-3.8730058670043945
-6.333333333333333,-2.2723984718322754
