Score,Pred Score
-0.6666666666666666,-1.8105477094650269
7.333333333333333,-1.7143828868865967
-0.4444444444444444,-2.088595151901245
-4.111111111111111,-3.8873980045318604
-7.333333333333333,-2.017895460128784
1.3333333333333333,-1.6710295677185059
-8.444444444444445,-1.6378580331802368
1.6666666666666667,-1.6052837371826172
3.333333333333333,-1.042669415473938
2.111111111111111,12.117263793945312
0.1111111111111111,-1.3477108478546143
11.22222222222222,-3.227367639541626
-3.111111111111111,-3.2224910259246826
-3.888888888888889,-1.6850517988204956
14.11111111111111,3.943080425262451
-4.444444444444445,-1.76240873336792
6.0,-1.7735941410064697
12.555555555555555,3.8488481044769287
-0.8888888888888888,-1.7304953336715698
-4.0,-1.2989404201507568
-1.1111111111111112,-2.530583620071411
-3.555555555555556,-2.516173839569092
-10.666666666666666,-1.7845827341079712
9.11111111111111,-3.1574113368988037
-1.7777777777777777,-1.6754062175750732
-3.4444444444444446,-1.7710559368133545
23.22222222222222,-1.338719129562378
0.8888888888888888,-1.6412460803985596
0.3333333333333333,-1.3217313289642334
-3.7777777777777777,-1.7598730325698853
2.111111111111111,-2.310774087905884
-2.2222222222222223,-2.8930275440216064
-2.2222222222222223,-2.507452964782715
3.111111111111111,-2.0579726696014404
0.1111111111111111,3.2250616550445557
-2.555555555555556,-1.2685325145721436
-0.2222222222222222,-1.5778052806854248
3.111111111111111,-0.3328748941421509
-4.444444444444445,-2.2932217121124268
-5.222222222222222,-1.6173508167266846
4.0,-0.8520987033843994
-4.777777777777778,-2.1409945487976074
1.0,-1.7760790586471558
-4.111111111111111,-1.6466257572174072
-4.777777777777778,-2.3364222049713135
14.11111111111111,-2.6324846744537354
2.2222222222222223,-1.5898455381393433
-4.888888888888889,-1.4670807123184204
-6.888888888888889,-2.580209255218506
-9.444444444444445,10.225823402404785
13.666666666666666,-1.8529646396636963
3.4444444444444446,3.5811312198638916
-8.222222222222221,-2.3930165767669678
5.777777777777778,-2.257795810699463
0.0,-4.775412082672119
13.666666666666666,10.290668487548828
-1.0,-1.1566298007965088
7.333333333333333,-1.9040403366088867
-2.888888888888889,-1.3279656171798706
-7.111111111111111,-3.3744142055511475
-1.2222222222222223,-3.0543100833892822
0.0,-1.4770334959030151
-7.666666666666667,-2.044583320617676
-1.5555555555555556,-1.6006264686584473
11.88888888888889,11.049233436584473
-4.666666666666667,-1.803274154663086
-10.333333333333334,-1.646848440170288
-9.555555555555555,-2.1351265907287598
-2.6666666666666665,-2.4084277153015137
-3.333333333333333,-2.3339760303497314
1.8888888888888888,-1.124386191368103
-5.666666666666667,-1.7226223945617676
-3.888888888888889,4.6138529777526855
-1.5555555555555556,-1.5519766807556152
-1.8888888888888888,-1.4571177959442139
-7.888888888888889,-1.4343825578689575
0.4444444444444444,-1.9297125339508057
3.555555555555556,-1.3532205820083618
-0.8888888888888888,-1.7041747570037842
-5.777777777777778,-4.376654624938965
-2.888888888888889,-1.4904170036315918
-2.111111111111111,-2.3122215270996094
46.333333333333336,3.368938684463501
0.8888888888888888,-0.6377772092819214
1.1111111111111112,-1.9346874952316284
0.0,-1.284562349319458
10.0,4.521185398101807
-1.1111111111111112,-1.7169915437698364
8.555555555555555,-1.827514886856079
-4.777777777777778,-1.4191383123397827
0.2222222222222222,-2.5364670753479004
8.222222222222221,5.419196128845215
10.11111111111111,6.236541271209717
-2.555555555555556,-1.2471866607666016
-4.888888888888889,-1.1856825351715088
20.88888888888889,-1.4549018144607544
19.33333333333333,4.915085315704346
-1.3333333333333333,-1.080639362335205
-4.111111111111111,-1.7268604040145874
-2.7777777777777777,-4.75152063369751
9.0,4.73300838470459
-6.111111111111111,-0.6299679279327393
-3.7777777777777777,-2.8286643028259277
-5.0,-1.656650185585022
-3.0,-1.4787211418151855
-6.222222222222222,-1.4978891611099243
-6.333333333333333,-2.6160521507263184
-1.8888888888888888,-1.9042184352874756
3.111111111111111,-4.703551292419434
-4.888888888888889,-1.6013214588165283
6.777777777777778,-1.9537891149520874
-4.444444444444445,-1.8405882120132446
7.666666666666667,8.234121322631836
0.5555555555555556,-4.629497528076172
-7.0,-1.0513702630996704
-10.0,-1.325148582458496
-0.5555555555555556,-1.2368520498275757
0.1111111111111111,-1.6825225353240967
-3.4444444444444446,-1.5051820278167725
6.777777777777778,-1.6222856044769287
-6.0,-4.335517883300781
-3.333333333333333,-1.6012086868286133
8.777777777777779,4.597484111785889
-6.333333333333333,-1.1920132637023926
-7.444444444444445,-1.410029649734497
0.1111111111111111,-1.6764260530471802
-4.0,-1.4131780862808228
6.222222222222222,-3.451714038848877
-3.4444444444444446,-1.7730430364608765
4.777777777777778,-1.9454355239868164
-2.111111111111111,-3.068969964981079
-4.111111111111111,-1.559105634689331
11.88888888888889,10.212047576904297
-0.5555555555555556,7.54150915145874
4.444444444444445,-1.6266071796417236
-0.3333333333333333,-2.6062347888946533
-4.555555555555555,-1.3752038478851318
-0.7777777777777778,-4.4513654708862305
-2.2222222222222223,-2.154475450515747
-5.222222222222222,-1.6403220891952515
10.444444444444445,8.027915000915527
-3.4444444444444446,-2.2401015758514404
-3.7777777777777777,-1.8528140783309937
0.2222222222222222,-4.1038641929626465
-4.0,6.1671857833862305
-22.444444444444443,-1.9221299886703491
-5.777777777777778,-1.517755389213562
-4.222222222222222,-1.6067167520523071
-2.333333333333333,-1.3684622049331665
5.555555555555555,10.793405532836914
23.0,-2.255495548248291
4.777777777777778,-1.796061396598816
-18.88888888888889,-1.271031141281128
-10.22222222222222,-1.3876053094863892
5.222222222222222,7.354623317718506
-5.0,-2.5941267013549805
7.444444444444445,-1.4615410566329956
6.333333333333333,-1.7689846754074097
1.4444444444444444,-3.411573886871338
-0.8888888888888888,-1.748665690422058
3.111111111111111,-1.3640499114990234
0.5555555555555556,-1.7626193761825562
-1.8888888888888888,-1.8012317419052124
-11.77777777777778,-1.7626193761825562
-5.555555555555555,-2.2690765857696533
-1.3333333333333333,-1.8694953918457031
-1.8888888888888888,0.10838127136230469
0.0,-1.4115098714828491
0.8888888888888888,-0.3626280426979065
5.0,-2.037832498550415
2.4444444444444446,-1.617287516593933
-0.1111111111111111,-1.3310484886169434
2.111111111111111,-1.774515151977539
-0.2222222222222222,10.031837463378906
19.444444444444443,7.723622798919678
3.7777777777777777,-1.3957490921020508
-3.111111111111111,-1.4461334943771362
7.555555555555555,4.575634002685547
1.5555555555555556,-1.0866985321044922
-1.1111111111111112,-1.2441877126693726
-1.6666666666666667,-3.9313478469848633
3.111111111111111,-2.5450594425201416
-1.6666666666666667,-1.4482917785644531
1.3333333333333333,-1.3198870420455933
-10.555555555555555,-1.8459227085113525
-5.333333333333333,-2.105586528778076
-0.8888888888888888,-1.7840869426727295
-6.111111111111111,-1.1991032361984253
-12.333333333333334,-2.4716291427612305
-6.111111111111111,-2.157755136489868
-6.111111111111111,-2.8371665477752686
-10.22222222222222,-1.8737742900848389
4.444444444444445,-2.415163516998291
-2.555555555555556,-2.073725938796997
-8.777777777777779,-1.3177313804626465
-14.555555555555555,-1.9209442138671875
-15.0,-1.024932861328125
31.33333333333333,-0.5433593988418579
-20.11111111111111,3.060136556625366
-3.4444444444444446,-1.7351070642471313
-0.1111111111111111,-1.356385350227356
-1.3333333333333333,2.3320367336273193
1.6666666666666667,-1.960214376449585
-4.888888888888889,-2.0599865913391113
2.333333333333333,-1.476119875907898
-13.333333333333334,-1.6545813083648682
0.5555555555555556,-1.3041408061981201
1.2222222222222223,-1.4732856750488281
-8.777777777777779,-0.6010504364967346
-0.2222222222222222,-2.038557767868042
3.2222222222222223,-3.1935813426971436
-2.7777777777777777,-1.148067593574524
-3.333333333333333,-1.9807261228561401
-5.0,-1.479350209236145
-3.333333333333333,-1.0788921117782593
-6.777777777777778,-1.4702173471450806
1.0,-1.8213785886764526
-4.444444444444445,-1.8532023429870605
-2.111111111111111,-2.8536369800567627
-20.55555555555556,-1.829038381576538
3.333333333333333,-1.8838733434677124
-4.777777777777778,-0.49531352519989014
-1.4444444444444444,-1.199578881263733
-9.11111111111111,-1.4626076221466064
-12.666666666666666,-1.152923345565796
-21.11111111111111,-1.2583816051483154
3.555555555555556,-1.7910760641098022
-4.777777777777778,-1.4982361793518066
-5.888888888888889,-2.6139070987701416
-7.555555555555555,-0.7991801500320435
-3.555555555555556,-2.8806891441345215
3.0,-1.640405535697937
4.0,-1.7403836250305176
-5.333333333333333,-1.6078189611434937
17.444444444444443,5.638468265533447
-11.77777777777778,-1.1463807821273804
-4.888888888888889,-2.1457393169403076
6.444444444444445,-1.704041838645935
4.0,-1.0053398609161377
-9.88888888888889,-0.044008493423461914
15.77777777777778,4.097329616546631
0.6666666666666666,-0.9816288948059082
-9.444444444444445,-1.0346599817276
-1.7777777777777777,-1.9330871105194092
2.333333333333333,6.494650840759277
-4.222222222222222,-4.786035060882568
-8.11111111111111,-2.7849605083465576
1.8888888888888888,-1.2155274152755737
-12.555555555555555,-1.4688655138015747
5.444444444444445,-1.9430608749389648
-3.111111111111111,-1.916599154472351
-2.555555555555556,-1.9855979681015015
5.666666666666667,-1.4824495315551758
1.4444444444444444,-1.8102946281433105
-3.0,-9.385972023010254
-0.1111111111111111,-1.8837891817092896
1.1111111111111112,-2.5829806327819824
-0.8888888888888888,-1.9722188711166382
-7.333333333333333,-2.1885221004486084
-13.77777777777778,-1.7930227518081665
0.7777777777777778,-1.6739792823791504
-2.6666666666666665,-2.0566420555114746
-19.55555555555556,-8.23087215423584
5.0,-3.6799659729003906
-2.2222222222222223,-2.165240526199341
1.0,-1.9908370971679688
-3.0,-1.9456993341445923
-3.888888888888889,-1.6963175535202026
-3.4444444444444446,-1.6758480072021484
5.0,-1.9262429475784302
19.22222222222222,7.543251037597656
-2.4444444444444446,-2.2946488857269287
6.222222222222222,-1.7068378925323486
-5.333333333333333,-1.4964691400527954
-10.77777777777778,-1.920140266418457
0.0,-1.9278634786605835
1.8888888888888888,-1.8637644052505493
21.55555555555556,-1.6321336030960083
-7.777777777777778,-1.7382774353027344
-7.222222222222222,-1.3102165460586548
-1.7777777777777777,-2.6312100887298584
5.444444444444445,-1.6454681158065796
-3.888888888888889,-2.074503183364868
-8.222222222222221,-1.9395625591278076
6.111111111111111,-2.3723983764648438
2.7777777777777777,-1.6422873735427856
-6.333333333333333,-1.8599812984466553
0.2222222222222222,-1.8488094806671143
-7.777777777777778,-1.5462839603424072
1.2222222222222223,-1.7757923603057861
3.4444444444444446,-1.2721424102783203
-2.888888888888889,-1.321446418762207
14.88888888888889,2.4729440212249756
-1.7777777777777777,-2.0128333568573
-3.888888888888889,-1.646457552909851
-5.777777777777778,-1.9428004026412964
27.11111111111111,8.07534122467041
1.7777777777777777,-2.0461411476135254
0.3333333333333333,-1.8280755281448364
-12.77777777777778,-1.8711100816726685
27.88888888888889,3.5738749504089355
-4.222222222222222,-1.5497474670410156
-1.2222222222222223,-1.7705721855163574
-3.0,-1.8642010688781738
3.6666666666666665,0.44874879717826843
-1.5555555555555556,-2.179631471633911
-4.222222222222222,-1.7699711322784424
-0.7777777777777778,-1.6666500568389893
6.777777777777778,6.266811370849609
-0.7777777777777778,-2.0935845375061035
-8.777777777777779,-2.549283742904663
0.2222222222222222,-1.7799997329711914
-0.2222222222222222,-1.8381452560424805
-8.0,-1.8354110717773438
-4.333333333333333,-2.051471710205078
-3.0,-1.8143963813781738
-7.666666666666667,-1.7783044576644897
1.1111111111111112,-1.4736276865005493
-0.5555555555555556,-1.746329426765442
-2.111111111111111,-2.792268753051758
-7.555555555555555,-1.751327395439148
17.666666666666668,4.5462188720703125
-8.11111111111111,-1.6397725343704224
19.55555555555556,9.562579154968262
-6.555555555555555,-1.998063087463379
10.555555555555555,-1.8611351251602173
-14.444444444444445,-1.835226058959961
6.666666666666667,-2.4068710803985596
-3.888888888888889,-1.5507699251174927
-6.333333333333333,-2.1105856895446777
-6.666666666666667,-3.2361016273498535
-4.444444444444445,-1.427079677581787
-2.111111111111111,-2.6698853969573975
-10.333333333333334,-1.969791293144226
-6.111111111111111,-1.7824013233184814
20.666666666666668,-1.704399824142456
-5.444444444444445,-2.214266777038574
7.555555555555555,-1.9892770051956177
-1.4444444444444444,-1.9494750499725342
-7.222222222222222,-2.3312642574310303
-3.111111111111111,-1.639959692955017
-3.555555555555556,-0.19948679208755493
-2.4444444444444446,-3.1050171852111816
-1.1111111111111112,-2.103900194168091
-7.555555555555555,-2.220691442489624
10.11111111111111,2.179924249649048
-1.4444444444444444,-2.283813953399658
-2.333333333333333,-1.5965076684951782
-1.6666666666666667,-1.9639123678207397
8.88888888888889,-1.8598343133926392
-3.888888888888889,-2.0446314811706543
-6.222222222222222,-2.2097439765930176
-11.88888888888889,-1.9784409999847412
-1.5555555555555556,-2.155783176422119
7.111111111111111,-1.8581701517105103
4.666666666666667,-1.9290095567703247
2.4444444444444446,-1.747518539428711
1.5555555555555556,-0.900801956653595
3.333333333333333,-5.519550800323486
-10.11111111111111,-2.317216634750366
-8.444444444444445,-1.8972381353378296
-2.555555555555556,-1.8788138628005981
2.4444444444444446,-2.2281618118286133
2.888888888888889,-1.3936418294906616
-4.111111111111111,-2.2180912494659424
-10.444444444444445,-2.951835870742798
17.666666666666668,-1.4713349342346191
27.77777777777778,11.865224838256836
-1.7777777777777777,0.27760374546051025
11.88888888888889,-0.9250813722610474
0.5555555555555556,-1.958681583404541
6.444444444444445,15.548785209655762
-4.0,-1.8926403522491455
-7.444444444444445,-3.0444438457489014
-4.555555555555555,-1.9154250621795654
12.333333333333334,16.66057014465332
6.0,2.2117629051208496
-2.0,-1.914162039756775
1.6666666666666667,-2.6944503784179688
17.333333333333332,6.877115249633789
10.11111111111111,4.663959503173828
-1.2222222222222223,-1.5652722120285034
5.666666666666667,4.187587738037109
-3.0,-1.4035311937332153
-0.2222222222222222,-0.8217546939849854
6.888888888888889,-2.1284568309783936
1.4444444444444444,-1.7971956729888916
-1.2222222222222223,-2.545257091522217
-2.333333333333333,-1.88835871219635
-7.888888888888889,-2.648547410964966
20.22222222222222,8.699139595031738
-6.111111111111111,-1.953783631324768
-12.444444444444445,-1.997661828994751
-7.888888888888889,-2.13713002204895
1.2222222222222223,-1.815040111541748
-2.888888888888889,-2.3520193099975586
-17.333333333333332,-2.053647756576538
0.0,-2.508526086807251
5.222222222222222,-1.9699838161468506
5.111111111111111,-1.3136062622070312
-5.444444444444445,-3.401684045791626
10.22222222222222,-2.5456089973449707
-1.6666666666666667,-2.6430115699768066
-4.444444444444445,-1.7652708292007446
18.11111111111111,2.0376579761505127
-4.777777777777778,-2.199950695037842
5.333333333333333,1.3928033113479614
-2.555555555555556,-1.4627231359481812
5.888888888888889,-1.555346131324768
8.11111111111111,-1.6353896856307983
-0.4444444444444444,-1.6648049354553223
-5.444444444444445,-3.070093870162964
-0.6666666666666666,-1.4414314031600952
-5.444444444444445,-1.8086841106414795
-17.0,-3.1293375492095947
-1.0,-2.0328898429870605
2.333333333333333,-1.4375083446502686
0.2222222222222222,-1.9123461246490479
-2.7777777777777777,-2.035865545272827
-6.777777777777778,-2.0371103286743164
0.4444444444444444,-1.4391628503799438
0.6666666666666666,-1.3875231742858887
-0.7777777777777778,-1.6679853200912476
-7.555555555555555,-2.393281936645508
-7.333333333333333,-2.158661127090454
-12.77777777777778,-2.668848991394043
0.2222222222222222,-1.3974279165267944
9.77777777777778,0.43941012024879456
-6.222222222222222,-1.8415274620056152
-4.888888888888889,-4.629002571105957
-10.11111111111111,0.6099207997322083
-8.777777777777779,-1.4002153873443604
-2.111111111111111,-2.1788856983184814
1.6666666666666667,-1.2902354001998901
-0.7777777777777778,-1.010573387145996
-0.1111111111111111,-0.06512690335512161
-0.5555555555555556,-1.1678011417388916
-6.666666666666667,-2.5456089973449707
-9.88888888888889,-1.9890047311782837
-8.666666666666666,-1.9023603200912476
0.6666666666666666,-2.506326913833618
-0.7777777777777778,0.08986818790435791
0.3333333333333333,-1.07428777217865
1.3333333333333333,-1.5488907098770142
-2.2222222222222223,8.1676664352417
-6.444444444444445,-1.7323668003082275
2.4444444444444446,-3.047865867614746
-5.555555555555555,-1.8313465118408203
-8.444444444444445,-2.0508360862731934
15.0,-1.9951854944229126
2.2222222222222223,10.9618558883667
2.6666666666666665,-1.126510500907898
-2.7777777777777777,-2.2981250286102295
-5.222222222222222,-2.9059479236602783
-8.555555555555555,5.573398113250732
-3.0,-1.6842442750930786
-1.6666666666666667,-2.8580586910247803
-1.0,-1.843169927597046
-0.4444444444444444,-1.975806713104248
37.11111111111112,6.173842430114746
-4.444444444444445,-1.5602717399597168
0.5555555555555556,-1.971696138381958
-16.0,2.661757707595825
-10.22222222222222,-2.415853500366211
-2.333333333333333,-2.9892971515655518
-4.333333333333333,-2.3538506031036377
-1.8888888888888888,-2.111086845397949
-4.777777777777778,-2.3467423915863037
-8.666666666666666,-3.020420551300049
0.5555555555555556,-2.5089938640594482
17.333333333333332,4.89380407333374
1.5555555555555556,-2.5010509490966797
-4.222222222222222,-1.722819209098816
-6.111111111111111,-1.7614368200302124
6.222222222222222,-1.7687374353408813
-1.3333333333333333,6.472126483917236
6.333333333333333,-2.3500983715057373
9.444444444444445,-2.4958901405334473
-0.1111111111111111,-2.3462297916412354
-6.0,-2.6044094562530518
-4.666666666666667,-3.146350145339966
-6.666666666666667,-2.8299787044525146
12.77777777777778,-1.806217074394226
0.2222222222222222,-1.91977858543396
-14.555555555555555,-2.060704469680786
-9.333333333333334,-18.873167037963867
2.6666666666666665,-4.1755571365356445
-1.3333333333333333,-2.3707327842712402
-12.555555555555555,-1.5251127481460571
-8.777777777777779,-1.483132004737854
2.6666666666666665,-1.8231593370437622
-7.222222222222222,-2.1234750747680664
2.6666666666666665,-1.3853839635849
-6.444444444444445,-2.7964015007019043
-42.55555555555556,-2.208789110183716
4.777777777777778,-1.9710432291030884
0.5555555555555556,-3.4772205352783203
-9.666666666666666,-2.323988199234009
9.77777777777778,11.661605834960938
9.444444444444445,-2.1329240798950195
-2.7777777777777777,-6.363400936126709
2.0,-1.715040683746338
-2.111111111111111,-2.6313648223876953
-10.666666666666666,7.4729156494140625
-3.888888888888889,-2.241748571395874
-0.6666666666666666,1.666831374168396
-6.111111111111111,-2.347877264022827
-2.555555555555556,-1.8379830121994019
-5.444444444444445,-1.7312527894973755
-3.6666666666666665,-2.005688428878784
2.555555555555556,-2.1229088306427
4.333333333333333,-2.449709415435791
-5.555555555555555,-3.115018844604492
-0.6666666666666666,-3.3791258335113525
-1.6666666666666667,0.17828267812728882
1.5555555555555556,-2.3184382915496826
-8.0,-1.2666467428207397
1.2222222222222223,-1.6218520402908325
12.333333333333334,1.5715000629425049
0.4444444444444444,-1.7534801959991455
0.2222222222222222,-2.4068429470062256
0.4444444444444444,-1.8401256799697876
0.1111111111111111,-2.3218460083007812
0.3333333333333333,-2.151975631713867
1.2222222222222223,-1.5402995347976685
-1.4444444444444444,-2.1291627883911133
2.888888888888889,-1.5799620151519775
14.88888888888889,9.556767463684082
0.1111111111111111,-1.2179070711135864
-4.888888888888889,-1.7936606407165527
19.55555555555556,9.491560935974121
-3.7777777777777777,-2.880936861038208
-2.7777777777777777,-1.682420253753662
-4.0,-2.1453466415405273
-4.111111111111111,-2.1777760982513428
-0.1111111111111111,-2.168840169906616
2.333333333333333,-1.641019582748413
0.6666666666666666,-1.3288387060165405
1.0,-1.6856454610824585
-5.111111111111111,-2.0024168491363525
-1.2222222222222223,-1.9079208374023438
-3.111111111111111,-2.022770404815674
-16.333333333333332,-1.997401475906372
-7.555555555555555,-3.8626487255096436
-7.777777777777778,-2.227363109588623
-1.5555555555555556,-2.7661702632904053
-7.333333333333333,-2.382507085800171
1.1111111111111112,-2.10123610496521
3.333333333333333,-1.8398357629776
-6.444444444444445,-1.0918811559677124
-6.0,-1.9151346683502197
-1.7777777777777777,-1.7067029476165771
3.2222222222222223,-2.106412887573242
1.0,-1.8090226650238037
-8.0,-3.996946334838867
0.4444444444444444,-1.4841430187225342
1.8888888888888888,-3.9344539642333984
8.88888888888889,-1.7631407976150513
-0.5555555555555556,-3.1440746784210205
-8.444444444444445,-3.142110824584961
0.4444444444444444,-1.876657485961914
-2.7777777777777777,-3.553525686264038
-3.6666666666666665,5.542633533477783
-5.222222222222222,-2.2815089225769043
-10.555555555555555,-1.2206841707229614
0.6666666666666666,-1.7858527898788452
8.0,-0.05771076679229736
0.2222222222222222,13.893495559692383
-2.6666666666666665,-1.3906404972076416
-5.111111111111111,-2.9521923065185547
-9.333333333333334,-2.278658628463745
-0.3333333333333333,-3.0240230560302734
2.6666666666666665,-1.9772900342941284
-8.88888888888889,-2.109114170074463
-5.555555555555555,-2.2044143676757812
1.5555555555555556,-2.6900789737701416
-4.444444444444445,-1.7853052616119385
-8.0,-2.2345213890075684
5.222222222222222,-2.736340045928955
-1.8888888888888888,-1.50852370262146
-7.555555555555555,-2.218381881713867
4.0,-0.6273333430290222
0.1111111111111111,-2.08801007270813
1.4444444444444444,-1.3218499422073364
-2.0,1.6429072618484497
-2.7777777777777777,-1.8177580833435059
-6.555555555555555,-2.2755990028381348
-8.666666666666666,-1.488409399986267
-5.0,-0.25453656911849976
-3.7777777777777777,-2.048956871032715
9.555555555555555,-1.8469396829605103
-10.22222222222222,-1.538815975189209
9.0,5.004935264587402
-2.7777777777777777,-1.5771510601043701
-1.5555555555555556,-2.3483328819274902
-1.8888888888888888,6.572965621948242
2.4444444444444446,-8.052257537841797
-5.222222222222222,-1.2724380493164062
-1.6666666666666667,-2.3548660278320312
5.888888888888889,4.080410957336426
-6.666666666666667,-1.643031120300293
-0.2222222222222222,-2.3016297817230225
-6.666666666666667,-1.7325643301010132
-5.111111111111111,-1.5788360834121704
0.3333333333333333,-1.5648592710494995
-0.4444444444444444,-1.9710015058517456
-4.444444444444445,-2.348088264465332
3.4444444444444446,-2.551597833633423
-0.7777777777777778,-2.0217013359069824
-9.555555555555555,-1.908692479133606
-5.333333333333333,-2.6078970432281494
5.222222222222222,-2.025912046432495
6.444444444444445,-1.8333793878555298
5.111111111111111,-1.7847387790679932
4.888888888888889,-1.7572530508041382
-6.0,-1.8350988626480103
-5.666666666666667,-2.588857889175415
37.77777777777778,-1.9387248754501343
-7.111111111111111,-2.205153703689575
-1.4444444444444444,-2.0195834636688232
6.777777777777778,-1.8497295379638672
-9.444444444444445,-1.4151586294174194
-6.333333333333333,-2.050870418548584
-0.4444444444444444,-1.5301647186279297
5.111111111111111,-1.73673677444458
9.11111111111111,-1.7896541357040405
-1.7777777777777777,-2.2297186851501465
-7.888888888888889,3.1335232257843018
-3.6666666666666665,-2.0986883640289307
-2.888888888888889,1.6088529825210571
-8.0,-2.0563666820526123
-2.4444444444444446,-1.748240351676941
7.888888888888889,-0.3880431056022644
-0.2222222222222222,-1.5314427614212036
-0.5555555555555556,-3.1998109817504883
-2.7777777777777777,-2.064821243286133
-3.555555555555556,-1.683703064918518
-0.5555555555555556,-2.0423710346221924
-2.111111111111111,3.0686123371124268
-1.5555555555555556,-5.464150905609131
2.4444444444444446,-1.1906745433807373
-8.11111111111111,-1.9565383195877075
-0.6666666666666666,-1.8620805740356445
3.0,-1.615012764930725
-1.4444444444444444,-0.8570446968078613
9.666666666666666,-2.032761812210083
3.111111111111111,-1.789476990699768
-12.555555555555555,-0.5894204378128052
4.666666666666667,0.20534920692443848
-12.0,-0.6794188022613525
-10.88888888888889,-1.4976720809936523
17.11111111111111,1.7004626989364624
9.22222222222222,2.04919171333313
-1.3333333333333333,-1.0934795141220093
5.666666666666667,-1.6496102809906006
-5.666666666666667,-1.7438033819198608
-3.888888888888889,-1.9479217529296875
-8.11111111111111,-1.8884855508804321
-9.444444444444445,-1.7896519899368286
-2.7777777777777777,-1.2881698608398438
-5.888888888888889,-0.46464574337005615
8.555555555555555,-1.9126862287521362
-3.555555555555556,-1.4981485605239868
2.555555555555556,-1.9008586406707764
-25.22222222222222,-1.6781655550003052
5.888888888888889,-1.175272822380066
-2.7777777777777777,-2.013528347015381
-6.444444444444445,-1.0577999353408813
-17.444444444444443,2.948223114013672
-0.1111111111111111,-1.7223317623138428
-4.666666666666667,-0.7515018582344055
-1.7777777777777777,-0.8184710144996643
-0.2222222222222222,-1.4931524991989136
6.111111111111111,-0.9258467555046082
-5.444444444444445,-1.6269747018814087
-4.222222222222222,-1.710503101348877
-3.6666666666666665,-1.5125744342803955
-2.4444444444444446,-1.6323695182800293
-10.0,-1.8430790901184082
8.333333333333334,-2.57566237449646
25.55555555555556,35.16056823730469
-2.555555555555556,-2.935885190963745
-4.555555555555555,2.562868118286133
-1.3333333333333333,-1.8699941635131836
22.666666666666668,6.961354732513428
3.2222222222222223,-1.765579342842102
-3.2222222222222223,-3.0039219856262207
-1.2222222222222223,-2.9259579181671143
-1.1111111111111112,-1.620840311050415
-6.111111111111111,-3.023374557495117
-12.555555555555555,-1.4764149188995361
13.11111111111111,2.0072901248931885
8.88888888888889,-1.7814123630523682
-2.2222222222222223,-1.3386080265045166
-8.666666666666666,-2.4634506702423096
-11.555555555555555,-1.3225387334823608
-3.2222222222222223,0.2331668883562088
-2.0,3.0909416675567627
-1.5555555555555556,-1.8715063333511353
-6.111111111111111,-1.399219274520874
2.0,-1.8974125385284424
-8.333333333333334,-2.3546817302703857
-2.4444444444444446,-3.3619608879089355
4.222222222222222,-1.2447059154510498
26.22222222222222,-1.070926547050476
-5.0,-1.115148663520813
-2.2222222222222223,-1.9165043830871582
1.1111111111111112,-1.2923825979232788
-10.0,-1.658652663230896
4.555555555555555,-1.6549428701400757
3.6666666666666665,-1.8996453285217285
-11.666666666666666,-1.803561806678772
12.22222222222222,11.452729225158691
-0.3333333333333333,-1.6233834028244019
-9.11111111111111,-1.8718113899230957
-1.4444444444444444,-1.7617815732955933
-3.4444444444444446,-1.7331231832504272
-10.11111111111111,-2.0925557613372803
-2.111111111111111,-4.457072734832764
15.666666666666666,-1.4404151439666748
-3.888888888888889,-1.76798415184021
-3.2222222222222223,-1.6554750204086304
2.0,-1.1564252376556396
-4.666666666666667,-1.2377029657363892
1.7777777777777777,-2.9999983310699463
1.0,-2.3704848289489746
-1.3333333333333333,-1.4906784296035767
-5.222222222222222,-1.6182684898376465
-0.2222222222222222,-7.89656925201416
-3.0,0.8592723608016968
-6.555555555555555,-1.4784948825836182
-1.3333333333333333,-1.6542867422103882
-2.111111111111111,-1.6235605478286743
9.555555555555555,-2.0497241020202637
0.7777777777777778,-5.608100414276123
38.11111111111112,-1.6372967958450317
0.0,-1.5839266777038574
-4.222222222222222,-1.8718304634094238
1.3333333333333333,-1.2965648174285889
8.555555555555555,-1.7796109914779663
-3.555555555555556,-2.86775541305542
33.0,-1.5171024799346924
-4.777777777777778,-2.5732336044311523
29.0,-1.7432941198349
-12.555555555555555,-2.164428472518921
2.111111111111111,-1.3981473445892334
-3.2222222222222223,-1.7191357612609863
-7.111111111111111,-1.7148053646087646
-4.222222222222222,-2.0812342166900635
-7.444444444444445,-1.173635721206665
-10.0,-2.1534647941589355
7.888888888888889,1.4983774423599243
1.6666666666666667,-1.838483214378357
-4.0,-0.6989103555679321
-2.888888888888889,-1.7732937335968018
0.5555555555555556,-1.4793801307678223
-14.333333333333334,-2.141327381134033
-9.0,-1.6847376823425293
-4.888888888888889,-0.629269003868103
-4.111111111111111,-1.7793071269989014
-0.5555555555555556,-2.072273015975952
-1.6666666666666667,-2.191894054412842
-1.3333333333333333,-2.250819444656372
-5.666666666666667,0.5704354643821716
-6.111111111111111,-1.6764750480651855
0.8888888888888888,-1.7629835605621338
-5.0,-0.2137642502784729
-14.77777777777778,-1.6338372230529785
0.8888888888888888,-2.499319314956665
2.2222222222222223,-0.6065530180931091
2.7777777777777777,-1.3210465908050537
7.666666666666667,-1.6797221899032593
-2.555555555555556,-1.6901378631591797
-5.111111111111111,-0.6375141739845276
-1.1111111111111112,-2.3588130474090576
8.222222222222221,7.879356861114502
9.333333333333334,-1.5733089447021484
7.888888888888889,8.685225486755371
0.3333333333333333,-1.1836167573928833
-8.0,-1.4915472269058228
-7.555555555555555,4.642463207244873
-4.777777777777778,-1.8198131322860718
-0.3333333333333333,-1.70563805103302
-5.333333333333333,-1.7047512531280518
4.333333333333333,-1.4617406129837036
-1.4444444444444444,-1.8348920345306396
-2.888888888888889,-2.353577136993408
3.111111111111111,-1.5155441761016846
17.333333333333332,10.504121780395508
2.0,-1.5411286354064941
-13.88888888888889,-8.758166313171387
-4.444444444444445,-1.5122731924057007
-11.666666666666666,-1.5305167436599731
-4.444444444444445,-1.235190987586975
-4.222222222222222,-1.3569831848144531
-7.333333333333333,-26.412399291992188
-3.2222222222222223,-1.4611622095108032
-3.4444444444444446,-1.0460797548294067
-3.111111111111111,-0.8029893636703491
-5.333333333333333,-1.7075591087341309
7.888888888888889,-1.7512153387069702
19.88888888888889,-0.7053992748260498
-0.1111111111111111,-1.968308687210083
-2.555555555555556,-1.1921310424804688
-6.888888888888889,-2.1246132850646973
-6.111111111111111,-0.5002549886703491
-1.5555555555555556,-1.387987732887268
-4.333333333333333,-1.5608266592025757
0.6666666666666666,-2.167551279067993
-24.0,-2.2569124698638916
-4.222222222222222,-2.6681783199310303
-1.0,-1.3388311862945557
1.3333333333333333,-1.7252215147018433
-12.666666666666666,-1.0624862909317017
-7.0,-1.8555618524551392
-1.3333333333333333,-1.8843138217926025
-7.0,-2.600224733352661
5.888888888888889,-1.3973209857940674
-8.11111111111111,-1.5598182678222656
-5.777777777777778,-1.195735216140747
-2.888888888888889,-3.6713168621063232
-12.77777777777778,-1.564715027809143
-6.444444444444445,-1.7513912916183472
-2.4444444444444446,-1.0171128511428833
6.0,0.19609850645065308
-8.666666666666666,0.6247851848602295
-2.111111111111111,-1.3557629585266113
11.11111111111111,1.175397276878357
5.333333333333333,-2.2317416667938232
2.4444444444444446,-1.6578534841537476
-3.7777777777777777,-0.9433311223983765
-1.8888888888888888,-0.6401858329772949
-0.7777777777777778,-2.0942306518554688
-5.111111111111111,-2.3892667293548584
0.6666666666666666,-2.6724414825439453
-1.3333333333333333,-1.372524380683899
18.77777777777778,8.71859359741211
7.0,7.99907112121582
-22.55555555555556,-1.613399863243103
-5.333333333333333,-1.6510392427444458
-0.7777777777777778,-1.954718828201294
10.444444444444445,0.749880850315094
-1.4444444444444444,-1.6481690406799316
-0.8888888888888888,-1.6625088453292847
10.0,-1.5982491970062256
23.0,-1.37956964969635
0.1111111111111111,-1.4315396547317505
-1.6666666666666667,-1.4228817224502563
-8.88888888888889,-1.864542007446289
-10.444444444444445,-1.7316768169403076
-1.0,-1.9333018064498901
0.6666666666666666,-1.6357848644256592
-4.111111111111111,-1.6710156202316284
18.11111111111111,-3.896916627883911
-1.3333333333333333,-1.4338550567626953
-6.333333333333333,-1.7574397325515747
-6.666666666666667,-2.5194365978240967
-4.111111111111111,-1.0754873752593994
-7.555555555555555,-2.5345113277435303
-10.555555555555555,-1.0449445247650146
0.5555555555555556,-1.9582754373550415
5.555555555555555,-2.0785889625549316
-0.1111111111111111,-0.905453622341156
-2.888888888888889,-2.9258201122283936
2.4444444444444446,-2.021916389465332
-2.888888888888889,-1.65763258934021
18.666666666666668,6.565001964569092
1.2222222222222223,3.242642641067505
-2.2222222222222223,-1.7492750883102417
-1.0,-1.7593427896499634
5.222222222222222,-1.5669111013412476
4.222222222222222,-0.34564366936683655
-0.2222222222222222,-1.88449227809906
16.444444444444443,-1.94188392162323
-8.0,-1.7024635076522827
-11.666666666666666,-2.4247734546661377
0.1111111111111111,-7.780452728271484
2.2222222222222223,1.6413589715957642
-5.333333333333333,-1.8224685192108154
-2.333333333333333,-1.2505353689193726
-3.555555555555556,-2.1267919540405273
-3.111111111111111,-2.9239919185638428
-9.22222222222222,-1.9796075820922852
-9.666666666666666,-2.085230827331543
-6.333333333333333,-2.534874200820923
-8.333333333333334,-1.7893725633621216
-11.555555555555555,-1.9689186811447144
-8.333333333333334,-2.176300048828125
25.0,3.9110894203186035
-5.222222222222222,-2.0658416748046875
3.555555555555556,-1.6979047060012817
-2.333333333333333,-2.7611947059631348
-13.666666666666666,-1.7320590019226074
-2.333333333333333,-1.985148549079895
-6.444444444444445,-1.8905311822891235
10.22222222222222,2.260770082473755
-4.888888888888889,-2.313037872314453
6.444444444444445,9.69131851196289
2.0,-1.8650946617126465
15.0,-1.6815425157546997
-10.0,-0.8539671897888184
-5.666666666666667,-1.2833025455474854
-3.7777777777777777,-2.0193629264831543
1.2222222222222223,-2.245227575302124
-1.4444444444444444,-1.8421214818954468
-4.222222222222222,-2.1871416568756104
2.4444444444444446,-1.8988689184188843
2.333333333333333,-1.545932650566101
-7.666666666666667,-20.98125648498535
-0.2222222222222222,-1.6319223642349243
0.2222222222222222,-1.724528193473816
1.2222222222222223,-2.858316659927368
-4.888888888888889,-1.8461601734161377
-1.2222222222222223,-1.8023231029510498
0.7777777777777778,-1.1317304372787476
-1.5555555555555556,-1.405478596687317
-4.444444444444445,-1.6607156991958618
-1.1111111111111112,-2.193063735961914
-3.111111111111111,-3.094270944595337
-0.2222222222222222,-2.1892409324645996
3.0,-1.5057148933410645
30.0,2.542646646499634
12.88888888888889,1.5653395652770996
-0.3333333333333333,-1.7029653787612915
41.55555555555556,-1.9006792306900024
-13.333333333333334,-2.09578275680542
-10.555555555555555,-2.7234253883361816
0.7777777777777778,-1.742081642150879
0.3333333333333333,-2.3293752670288086
-3.555555555555556,8.96419620513916
7.222222222222222,3.2208850383758545
4.666666666666667,-0.7923022508621216
-9.88888888888889,-1.2670561075210571
-6.111111111111111,-2.381775140762329
-3.4444444444444446,-1.6407731771469116
7.888888888888889,1.2209699153900146
0.2222222222222222,-1.9510680437088013
-0.3333333333333333,-2.4789135456085205
2.4444444444444446,-0.7406052947044373
0.3333333333333333,-1.5439225435256958
-4.777777777777778,-2.341724395751953
-2.111111111111111,-1.9290016889572144
-6.111111111111111,-1.7636092901229858
3.333333333333333,-1.7539241313934326
0.8888888888888888,-1.9572954177856445
-4.777777777777778,1.8140010833740234
-3.888888888888889,-1.3469964265823364
-10.0,-1.5920134782791138
-21.33333333333333,-9.771177291870117
-4.444444444444445,-1.6763886213302612
2.0,-1.9924795627593994
-5.222222222222222,-2.079525947570801
1.2222222222222223,-1.170417308807373
-9.666666666666666,4.498472213745117
-7.222222222222222,-1.921477198600769
-6.555555555555555,-1.5124129056930542
-8.777777777777779,-1.5082428455352783
-8.11111111111111,-2.0625438690185547
0.3333333333333333,-3.6781296730041504
0.4444444444444444,-1.4975652694702148
0.1111111111111111,-1.6269135475158691
13.22222222222222,13.19343090057373
-3.888888888888889,-2.3217198848724365
-0.8888888888888888,-1.62090003490448
-4.777777777777778,-2.51497483253479
-9.22222222222222,-2.69193696975708
3.111111111111111,-1.4187480211257935
2.2222222222222223,3.0936388969421387
-10.555555555555555,-2.719153642654419
-1.0,-3.4367055892944336
-11.0,-2.546421527862549
-4.666666666666667,-1.5347269773483276
-4.0,-0.7909743189811707
3.6666666666666665,-1.7909387350082397
-1.0,-1.9382039308547974
3.0,-2.679194450378418
-9.444444444444445,-1.522207498550415
3.333333333333333,-2.4111292362213135
-4.111111111111111,-2.3048818111419678
6.555555555555555,-1.975358486175537
3.333333333333333,-0.8267451524734497
-7.222222222222222,-4.207942485809326
0.4444444444444444,-1.797226071357727
-2.7777777777777777,-2.6691882610321045
-2.2222222222222223,-4.949183940887451
-2.6666666666666665,-1.5884205102920532
-1.7777777777777777,-3.577625036239624
13.22222222222222,5.735617637634277
-3.2222222222222223,-1.6735824346542358
-6.888888888888889,-1.0434590578079224
-8.666666666666666,-2.058868646621704
2.0,-1.4948457479476929
0.0,-2.0384624004364014
-2.888888888888889,2.331272840499878
-5.888888888888889,-2.161538600921631
5.555555555555555,-1.8903499841690063
-4.0,-2.2189462184906006
6.444444444444445,4.160243988037109
-3.555555555555556,-2.0326337814331055
-1.3333333333333333,-2.501366376876831
2.0,-2.1037726402282715
-6.0,1.025039792060852
-18.88888888888889,-1.2531541585922241
-13.555555555555555,-1.768038272857666
-2.888888888888889,0.1549273133277893
6.444444444444445,-1.9471626281738281
-4.111111111111111,-1.5868128538131714
-6.555555555555555,-1.8404715061187744
-3.111111111111111,-1.2044248580932617
-1.5555555555555556,-1.6815571784973145
-1.7777777777777777,-1.8741672039031982
5.555555555555555,-1.53159761428833
-1.5555555555555556,2.331272840499878
12.77777777777778,3.594163656234741
-7.777777777777778,-1.365071415901184
1.3333333333333333,-3.9981088638305664
-2.555555555555556,-1.7985416650772095
19.22222222222222,5.735617637634277
4.666666666666667,-2.2189462184906006
-5.888888888888889,-1.4036939144134521
-7.888888888888889,-2.622845411300659
10.77777777777778,-1.5117257833480835
32.111111111111114,13.706982612609863
-5.666666666666667,-0.7817161679267883
9.11111111111111,-2.4803285598754883
8.777777777777779,-2.3633038997650146
-9.11111111111111,-2.038252115249634
4.555555555555555,-1.7130674123764038
3.4444444444444446,-2.015151262283325
-11.555555555555555,-0.7646037936210632
-3.0,-2.066972255706787
-5.222222222222222,-3.133385419845581
1.1111111111111112,-0.9402419328689575
-9.555555555555555,-1.5470553636550903
-3.888888888888889,0.7515832185745239
-0.3333333333333333,-1.4271368980407715
1.6666666666666667,-1.1131742000579834
-8.555555555555555,-2.2077531814575195
11.333333333333334,-2.408910036087036
8.88888888888889,-3.314380168914795
-4.222222222222222,5.023394584655762
-0.6666666666666666,-2.4606406688690186
-8.333333333333334,-0.5992550849914551
-2.888888888888889,-2.8484761714935303
-9.77777777777778,-3.1065468788146973
-2.4444444444444446,-2.873767137527466
7.222222222222222,-2.2271578311920166
-11.11111111111111,-1.5874766111373901
-3.2222222222222223,-3.309225559234619
3.555555555555556,-1.4685262441635132
-1.2222222222222223,-1.5979392528533936
-15.11111111111111,5.50691032409668
-8.222222222222221,-2.166746139526367
1.5555555555555556,-3.0578410625457764
-6.222222222222222,-1.8157856464385986
-2.888888888888889,-1.1714462041854858
-1.3333333333333333,-2.0567867755889893
4.0,-2.051900625228882
5.666666666666667,-1.5286489725112915
6.777777777777778,-1.3132085800170898
-3.6666666666666665,-2.2730793952941895
-5.222222222222222,2.172452926635742
-6.0,-1.7037467956542969
0.4444444444444444,-2.5704190731048584
-4.444444444444445,-1.6117979288101196
-6.888888888888889,9.52499771118164
-0.1111111111111111,-2.147571563720703
-5.555555555555555,-2.386521816253662
-8.666666666666666,-1.2489213943481445
3.4444444444444446,-1.6290631294250488
-0.8888888888888888,1.5503225326538086
-2.6666666666666665,-1.8257488012313843
-1.3333333333333333,3.3396735191345215
2.4444444444444446,-2.360266923904419
-9.22222222222222,-1.8141331672668457
-12.333333333333334,-1.672094464302063
25.666666666666668,6.079338550567627
2.4444444444444446,-2.4625484943389893
2.2222222222222223,-1.871400237083435
-1.2222222222222223,-1.4229720830917358
-2.6666666666666665,-2.6007537841796875
-5.333333333333333,5.3930888175964355
0.0,-1.882692813873291
-1.4444444444444444,2.3627655506134033
-3.555555555555556,-1.5349007844924927
-0.5555555555555556,-2.6081137657165527
-5.222222222222222,-2.212536573410034
-2.0,-1.7618948221206665
3.555555555555556,-1.5250403881072998
3.555555555555556,-1.808068037033081
-1.0,8.501677513122559
5.222222222222222,-1.7433875799179077
-11.11111111111111,-2.0468034744262695
-6.222222222222222,-1.6394574642181396
-8.11111111111111,-1.950842261314392
5.333333333333333,-0.5213370323181152
-1.8888888888888888,-1.7847846746444702
1.7777777777777777,-0.6746982336044312
-1.4444444444444444,-2.226477861404419
-2.0,-1.5105990171432495
-10.22222222222222,-1.914747953414917
2.2222222222222223,-1.947771430015564
7.111111111111111,-1.66664719581604
-5.0,0.7052583694458008
23.33333333333333,1.966110110282898
2.888888888888889,-1.8197468519210815
-0.3333333333333333,-2.2719993591308594
-2.7777777777777777,-2.096639633178711
20.11111111111111,-2.2104578018188477
-6.555555555555555,2.0378005504608154
-5.888888888888889,-2.0052645206451416
-13.0,-1.1141208410263062
-2.6666666666666665,-1.9235581159591675
-4.666666666666667,-31.709548950195312
-0.5555555555555556,-1.3173516988754272
1.8888888888888888,-2.552999496459961
-0.2222222222222222,-2.450747489929199
-13.666666666666666,-1.7028446197509766
1.6666666666666667,-2.2975597381591797
6.444444444444445,3.947021245956421
-5.111111111111111,-1.4878275394439697
-1.0,-1.6813054084777832
2.6666666666666665,-2.2818734645843506
-4.111111111111111,-1.5631588697433472
-2.2222222222222223,-1.7984938621520996
-0.3333333333333333,-2.3870174884796143
-4.888888888888889,-1.7692220211029053
25.11111111111111,11.152336120605469
-10.88888888888889,-1.7006721496582031
2.555555555555556,-2.4308910369873047
-0.4444444444444444,-2.5066730976104736
-19.55555555555556,-2.4913206100463867
-0.8888888888888888,-2.4630684852600098
-6.555555555555555,-2.1728250980377197
-4.222222222222222,-2.017167091369629
-5.0,-1.2542719841003418
-4.444444444444445,-1.3559194803237915
-2.333333333333333,-3.2959794998168945
-3.888888888888889,-1.529774785041809
-2.111111111111111,-1.5601134300231934
-6.111111111111111,-1.7409865856170654
2.2222222222222223,-1.7540520429611206
-8.88888888888889,-1.6024863719940186
1.8888888888888888,-2.934988498687744
24.77777777777778,14.556663513183594
0.3333333333333333,-2.5885367393493652
-2.2222222222222223,-1.9471466541290283
8.555555555555555,-0.6228929758071899
-2.7777777777777777,-1.9404218196868896
3.4444444444444446,-1.8678290843963623
-2.555555555555556,-2.578388214111328
2.555555555555556,-2.120176315307617
28.88888888888889,7.145162105560303
-18.11111111111111,-2.038411855697632
-5.666666666666667,-1.1750524044036865
-1.0,-2.2424726486206055
0.3333333333333333,-1.1164798736572266
0.3333333333333333,-1.5882110595703125
-1.3333333333333333,-1.8808608055114746
-4.888888888888889,-1.271567940711975
-7.555555555555555,-1.4797990322113037
-6.888888888888889,-2.0299317836761475
-4.0,-1.9197391271591187
1.6666666666666667,-1.6415610313415527
8.666666666666666,-1.7871161699295044
1.7777777777777777,-1.879478931427002
0.1111111111111111,-1.5083873271942139
13.88888888888889,3.909870147705078
-0.3333333333333333,-2.1140682697296143
8.444444444444445,-1.3491641283035278
-0.2222222222222222,-2.749929666519165
-6.555555555555555,-0.8411718010902405
2.6666666666666665,4.9165778160095215
-4.555555555555555,-1.895697832107544
-0.5555555555555556,-0.011313319206237793
-1.0,-2.216705799102783
14.666666666666666,-2.035659074783325
-2.4444444444444446,-1.9956520795822144
-1.0,-1.8167961835861206
-12.0,-2.569485664367676
-0.5555555555555556,-1.4727504253387451
-0.8888888888888888,-1.748128890991211
-6.888888888888889,-1.6109461784362793
-4.555555555555555,-2.191988706588745
0.1111111111111111,-1.8291850090026855
-5.333333333333333,-1.806187391281128
-6.777777777777778,-2.5503525733947754
27.88888888888889,35.443443298339844
-7.888888888888889,-1.6833391189575195
-0.2222222222222222,-3.8076906204223633
6.222222222222222,5.815447807312012
-14.444444444444445,0.6323795318603516
-5.555555555555555,-1.882574439048767
-13.555555555555555,-2.302422046661377
-9.88888888888889,-1.226643681526184
-7.333333333333333,-1.7135756015777588
0.0,-3.1798388957977295
0.1111111111111111,-1.99564528465271
-5.555555555555555,11.115910530090332
-8.666666666666666,-1.8662065267562866
-4.666666666666667,-2.028714656829834
0.4444444444444444,-1.7828296422958374
0.0,-1.8084609508514404
-5.444444444444445,-0.8409448862075806
0.2222222222222222,-1.7674598693847656
-16.555555555555557,-1.3770979642868042
5.222222222222222,-1.7428104877471924
-4.333333333333333,-2.342028856277466
-2.555555555555556,-1.4923726320266724
15.11111111111111,-2.1546833515167236
-0.6666666666666666,0.1586197316646576
-0.4444444444444444,-1.928783655166626
-4.333333333333333,-1.3201756477355957
-3.7777777777777777,-1.857573390007019
-2.333333333333333,-1.8858797550201416
2.555555555555556,-1.268468976020813
15.88888888888889,5.735729694366455
-21.88888888888889,-1.8640437126159668
21.444444444444443,-1.8679178953170776
4.333333333333333,-1.5075234174728394
-1.2222222222222223,-2.860142707824707
1.2222222222222223,-2.798393964767456
-3.6666666666666665,-1.0592740774154663
3.0,-2.1415483951568604
-2.333333333333333,-1.8191604614257812
-3.888888888888889,-2.008979558944702
14.444444444444445,-1.7076503038406372
-4.666666666666667,-1.3640797138214111
-4.0,-2.12522292137146
3.0,-1.7295128107070923
-6.555555555555555,-2.06059193611145
-4.333333333333333,11.313959121704102
6.888888888888889,6.752470016479492
0.4444444444444444,-1.677106499671936
-3.6666666666666665,-2.723161220550537
28.444444444444443,5.649221897125244
3.0,-1.5754425525665283
-24.11111111111111,-1.4978200197219849
14.22222222222222,8.27812385559082
10.666666666666666,-2.0789051055908203
3.4444444444444446,-1.5103235244750977
-6.888888888888889,6.409278392791748
0.0,-2.2546563148498535
9.11111111111111,0.16356325149536133
-2.888888888888889,-1.702972412109375
-11.0,-3.1081037521362305
-4.111111111111111,-2.2807374000549316
-4.777777777777778,-2.6490678787231445
22.11111111111111,0.002476811408996582
8.222222222222221,-1.961549162864685
-4.777777777777778,-1.3053886890411377
-5.444444444444445,-1.7138006687164307
1.5555555555555556,-2.0204107761383057
-3.4444444444444446,-4.017824172973633
-2.555555555555556,-1.4426658153533936
-5.111111111111111,-2.1690759658813477
-11.333333333333334,-1.241365909576416
-5.777777777777778,-1.7725359201431274
-10.555555555555555,-2.4098799228668213
-13.666666666666666,-2.4489336013793945
-4.888888888888889,-2.0199713706970215
1.2222222222222223,-1.1592087745666504
-5.888888888888889,-2.2279744148254395
-2.555555555555556,-2.505150079727173
-9.333333333333334,-1.527218222618103
-9.22222222222222,-2.209595203399658
-8.333333333333334,-1.5182766914367676
-2.0,-1.3920767307281494
-5.333333333333333,-2.2807400226593018
-0.2222222222222222,-2.212980031967163
0.4444444444444444,-1.755241870880127
-3.333333333333333,6.449777603149414
1.5555555555555556,-3.982398271560669
-2.2222222222222223,5.161461353302002
-3.888888888888889,-2.178619384765625
11.444444444444445,9.02380657196045
12.666666666666666,-1.5665959119796753
1.3333333333333333,-1.4984129667282104
-5.555555555555555,-3.5075786113739014
-2.0,-2.7723846435546875
-2.0,-1.9712193012237549
-5.222222222222222,-1.9594550132751465
-0.5555555555555556,-1.9152257442474365
9.333333333333334,-1.6730901002883911
5.333333333333333,-1.307763934135437
-6.0,-3.1587023735046387
-4.777777777777778,-2.0140199661254883
-5.555555555555555,-1.8632824420928955
-7.333333333333333,-2.213367223739624
9.444444444444445,-2.1647844314575195
2.555555555555556,-2.3365519046783447
-1.2222222222222223,0.5053337812423706
-1.1111111111111112,-2.3030636310577393
-10.0,-2.179309606552124
0.4444444444444444,-2.3334128856658936
-4.444444444444445,-1.871356725692749
-9.666666666666666,-2.2013986110687256
1.3333333333333333,-3.2981197834014893
-0.8888888888888888,-1.272017478942871
-1.7777777777777777,-0.39360499382019043
2.2222222222222223,-0.93354332447052
-2.2222222222222223,-2.2830748558044434
0.5555555555555556,-1.6017394065856934
-9.88888888888889,-4.786774635314941
4.444444444444445,14.295866966247559
-1.0,-1.994477391242981
-2.888888888888889,-2.2741312980651855
-6.0,-1.888419508934021
-0.2222222222222222,1.7964916229248047
-5.222222222222222,-1.8925763368606567
-3.0,-3.052262783050537
0.5555555555555556,-0.6441205143928528
-5.0,-1.8081870079040527
-2.6666666666666665,-3.406611919403076
-10.444444444444445,-1.167209267616272
-0.7777777777777778,-1.9596741199493408
7.111111111111111,-1.6690160036087036
-4.222222222222222,-0.6954836845397949
2.111111111111111,-1.9060074090957642
-0.1111111111111111,-1.3071575164794922
42.55555555555556,-0.7936304211616516
-8.11111111111111,-1.7193456888198853
-3.6666666666666665,-1.8529884815216064
-4.777777777777778,-2.4934191703796387
1.7777777777777777,-1.9111027717590332
7.222222222222222,-1.7584664821624756
-2.111111111111111,1.1289236545562744
-9.0,0.6667823791503906
1.3333333333333333,0.7342898845672607
-1.4444444444444444,-2.9455723762512207
32.44444444444444,6.557921409606934
10.0,8.24356460571289
-5.666666666666667,-2.1999197006225586
4.111111111111111,-2.235417604446411
-9.0,-2.2720861434936523
21.22222222222222,-1.5166304111480713
-6.666666666666667,-1.7910854816436768
3.0,1.7069826126098633
-1.4444444444444444,-1.473328948020935
-0.2222222222222222,-1.9024863243103027
-1.1111111111111112,2.7389307022094727
-8.555555555555555,-1.9465434551239014
0.7777777777777778,-1.838226556777954
4.555555555555555,-2.4916980266571045
4.222222222222222,-1.3449229001998901
-41.333333333333336,-1.7621476650238037
-4.888888888888889,-5.562216281890869
4.555555555555555,-0.5156947374343872
2.2222222222222223,-1.7076317071914673
-1.5555555555555556,-1.7357699871063232
-0.4444444444444444,-1.2781184911727905
-0.8888888888888888,0.23033738136291504
10.0,4.010791778564453
-8.222222222222221,-1.6960526704788208
18.444444444444443,3.2623977661132812
-4.888888888888889,-1.854826807975769
0.1111111111111111,-5.067971706390381
-5.555555555555555,-1.6699671745300293
-2.4444444444444446,-4.144505500793457
-5.222222222222222,-1.8388593196868896
29.666666666666668,15.404662132263184
0.0,19.091474533081055
2.2222222222222223,-1.081242322921753
20.88888888888889,4.576823711395264
-2.333333333333333,-2.0834662914276123
-4.111111111111111,-1.9281145334243774
-10.444444444444445,-1.682239055633545
-10.77777777777778,3.213782787322998
-4.666666666666667,-1.8253440856933594
8.777777777777779,-1.5770847797393799
-3.2222222222222223,-2.3902859687805176
-1.4444444444444444,-1.223868727684021
-1.1111111111111112,-0.8044948577880859
6.888888888888889,-1.5397528409957886
-5.444444444444445,-1.849915623664856
2.4444444444444446,-1.8612407445907593
-12.555555555555555,-3.320845603942871
17.444444444444443,15.248265266418457
0.1111111111111111,-1.5020521879196167
9.666666666666666,-2.496521472930908
-3.0,-1.8105448484420776
3.0,-1.7186588048934937
-0.1111111111111111,-1.5273408889770508
-10.333333333333334,-1.4630764722824097
1.3333333333333333,-1.233560562133789
-10.77777777777778,-2.1513800621032715
0.3333333333333333,-4.132085800170898
2.2222222222222223,0.4190549850463867
-4.777777777777778,-1.5758224725723267
-2.4444444444444446,-1.840653657913208
1.6666666666666667,-1.5130419731140137
-2.7777777777777777,-1.5522584915161133
0.2222222222222222,-0.7235231399536133
-2.555555555555556,-2.0044496059417725
2.333333333333333,-1.586359977722168
1.6666666666666667,-1.9905375242233276
-1.6666666666666667,-1.6855348348617554
-1.8888888888888888,-1.8479684591293335
-5.888888888888889,-1.5599380731582642
-0.6666666666666666,-2.3582231998443604
-0.8888888888888888,-1.1829649209976196
1.5555555555555556,13.938151359558105
-4.222222222222222,-1.919392466545105
1.7777777777777777,0.11757711321115494
-6.111111111111111,-2.2779955863952637
-2.4444444444444446,0.4782017767429352
-0.7777777777777778,-1.5598726272583008
8.0,-1.3056137561798096
1.3333333333333333,-1.5678009986877441
20.33333333333333,0.969329297542572
1.3333333333333333,-1.24470055103302
-4.222222222222222,-1.593313217163086
-8.777777777777779,-3.6411640644073486
-4.333333333333333,-1.3461419343948364
-2.7777777777777777,-3.105670928955078
6.0,-1.2432963848114014
0.1111111111111111,-1.3544440269470215
-2.888888888888889,-1.8278464078903198
-0.1111111111111111,-1.7118890285491943
-2.7777777777777777,6.305829048156738
-10.11111111111111,-1.575785517692566
-10.0,-2.7275617122650146
-2.555555555555556,-1.2339491844177246
3.4444444444444446,-1.3914071321487427
3.4444444444444446,-0.8957929015159607
-1.6666666666666667,-1.865103006362915
-1.6666666666666667,-1.5681473016738892
1.5555555555555556,-1.2276995182037354
5.666666666666667,-1.5838491916656494
5.777777777777778,-1.39412522315979
6.666666666666667,-0.8768835067749023
5.333333333333333,-1.5177538394927979
7.222222222222222,4.294041633605957
-10.333333333333334,-1.4758177995681763
0.4444444444444444,-1.439152717590332
8.666666666666666,11.287014961242676
-6.555555555555555,-2.5112314224243164
1.7777777777777777,-1.347660779953003
-6.777777777777778,-1.4957741498947144
7.111111111111111,-2.9771552085876465
-1.6666666666666667,-1.9384511709213257
-0.6666666666666666,-0.9885686635971069
8.777777777777779,-2.403228759765625
-0.6666666666666666,-1.2473756074905396
-7.777777777777778,-2.8666718006134033
5.888888888888889,-1.6672790050506592
-4.111111111111111,-1.4326239824295044
-4.111111111111111,-3.42803955078125
0.6666666666666666,-2.474569082260132
-7.0,-1.7671278715133667
-1.0,-2.0020430088043213
-0.6666666666666666,-1.9080694913864136
6.777777777777778,-1.1815199851989746
0.5555555555555556,-3.3541197776794434
-1.3333333333333333,-1.3902459144592285
-2.111111111111111,-1.7515281438827515
-8.11111111111111,-1.7874133586883545
3.4444444444444446,-0.22451284527778625
-5.444444444444445,-1.5651166439056396
-1.5555555555555556,-1.2174906730651855
-3.2222222222222223,-0.7493844032287598
4.444444444444445,-1.4640215635299683
-1.3333333333333333,-2.409724473953247
-8.333333333333334,-4.214105129241943
-5.0,-0.8546561598777771
1.0,6.167330265045166
0.8888888888888888,-1.7930623292922974
-8.444444444444445,-2.0232880115509033
-5.222222222222222,-1.1894824504852295
-4.888888888888889,-1.0074865818023682
8.333333333333334,0.946854293346405
7.333333333333333,-1.3788471221923828
1.2222222222222223,-1.1839641332626343
-8.88888888888889,-1.703226089477539
4.333333333333333,-3.4072062969207764
-0.6666666666666666,-3.682734966278076
3.111111111111111,-1.8634815216064453
3.555555555555556,3.027101516723633
-3.111111111111111,-2.1260950565338135
-1.8888888888888888,-1.264082670211792
1.6666666666666667,-1.157666802406311
-7.666666666666667,-1.0144634246826172
-4.111111111111111,-1.0109727382659912
3.4444444444444446,-1.1316043138504028
-9.333333333333334,-1.024100661277771
1.5555555555555556,-2.8297948837280273
7.333333333333333,-1.3143353462219238
-7.111111111111111,-0.7714298367500305
-0.2222222222222222,-0.994882345199585
7.333333333333333,-7.536558628082275
0.6666666666666666,-2.776130437850952
-2.0,-2.295436382293701
-5.888888888888889,0.5564258694648743
-5.666666666666667,-2.71688175201416
1.7777777777777777,-1.2265156507492065
-14.666666666666666,-1.582329273223877
-15.333333333333334,-2.060757637023926
-7.777777777777778,-1.7347065210342407
3.6666666666666665,-1.4589065313339233
-6.444444444444445,-1.892805814743042
-1.3333333333333333,-2.530524253845215
-11.333333333333334,-1.6436806917190552
-15.88888888888889,-1.0095090866088867
0.3333333333333333,-1.022800326347351
5.888888888888889,-1.6768691539764404
-5.555555555555555,-1.4705710411071777
-4.222222222222222,-0.9949907064437866
-1.3333333333333333,-1.8213523626327515
-3.2222222222222223,-1.867542028427124
-0.1111111111111111,-1.2522186040878296
-6.666666666666667,-1.0872814655303955
-7.333333333333333,-1.6675516366958618
-5.111111111111111,-1.55778169631958
5.222222222222222,-0.5962450504302979
-7.444444444444445,-4.5005083084106445
17.444444444444443,8.864391326904297
-3.4444444444444446,-2.007702589035034
-5.333333333333333,-1.4955174922943115
3.6666666666666665,0.93431156873703
-2.4444444444444446,-1.5317236185073853
-21.0,-1.0107972621917725
-8.333333333333334,-1.2186564207077026
-3.333333333333333,-4.874865531921387
1.5555555555555556,-0.5974676609039307
-3.0,-0.38062983751296997
-14.333333333333334,-5.861423492431641
-2.2222222222222223,-1.0343915224075317
5.0,1.1792080402374268
0.4444444444444444,-1.8789767026901245
-8.222222222222221,-1.6345198154449463
2.7777777777777777,-2.490788459777832
-12.444444444444445,-2.000432252883911
5.555555555555555,-0.9370366930961609
-2.111111111111111,-0.7083715200424194
-1.6666666666666667,-3.0085275173187256
-9.88888888888889,-0.778573215007782
-7.333333333333333,-2.3759400844573975
-10.88888888888889,-1.616224765777588
-4.777777777777778,0.16785600781440735
-5.111111111111111,-1.1397676467895508
0.8888888888888888,-1.0738791227340698
2.333333333333333,-1.85036039352417
1.3333333333333333,17.40912628173828
-3.333333333333333,-0.9044382572174072
5.555555555555555,-1.7454060316085815
-2.6666666666666665,-1.3956637382507324
-4.555555555555555,-1.4750406742095947
4.0,-1.1799122095108032
-1.0,-2.013772487640381
1.3333333333333333,103.17274475097656
-21.0,-2.9853947162628174
-1.6666666666666667,-2.48806095123291
2.111111111111111,4.782930850982666
-7.888888888888889,-1.4242514371871948
-0.3333333333333333,-2.042166233062744
2.0,-1.4186012744903564
26.11111111111111,9.923439979553223
-0.1111111111111111,-1.4579910039901733
-0.7777777777777778,-1.7621347904205322
-11.0,-3.629603385925293
4.222222222222222,-1.625596523284912
-1.7777777777777777,-1.923597812652588
-9.0,-2.190058946609497
-4.555555555555555,-1.6226955652236938
-5.0,-1.9376503229141235
0.7777777777777778,-3.291931629180908
-3.333333333333333,-3.1330618858337402
-3.111111111111111,-1.3677977323532104
5.0,-1.8995872735977173
-1.2222222222222223,-1.2035911083221436
-7.555555555555555,-1.0497689247131348
-3.4444444444444446,-3.27485990524292
-7.555555555555555,1.4869863986968994
-8.444444444444445,-2.2199227809906006
-2.555555555555556,-1.923720121383667
-2.2222222222222223,-2.0026097297668457
-3.4444444444444446,-1.2921572923660278
4.888888888888889,1.5931847095489502
4.111111111111111,-1.498496174812317
-11.22222222222222,-1.3733725547790527
-5.0,-1.618298888206482
0.8888888888888888,-1.5544131994247437
-0.7777777777777778,-1.515747308731079
-5.444444444444445,0.5799741744995117
-9.11111111111111,-1.874974012374878
-0.8888888888888888,-1.0385645627975464
-2.0,-1.29780912399292
-2.6666666666666665,-7.1420674324035645
21.55555555555556,-0.7071552872657776
11.77777777777778,-1.4843637943267822
14.88888888888889,6.872656345367432
-0.8888888888888888,3.763925790786743
1.4444444444444444,-1.9166457653045654
-2.7777777777777777,-1.8699778318405151
-2.7777777777777777,-1.6324090957641602
-8.777777777777779,-1.44969642162323
-3.555555555555556,-1.4218553304672241
-9.444444444444445,-1.4188145399093628
2.0,-0.6281490921974182
-7.0,-1.5636675357818604
0.1111111111111111,-1.4955823421478271
-5.888888888888889,-1.686034083366394
-11.444444444444445,-2.17966365814209
-5.777777777777778,-1.230878472328186
-0.4444444444444444,7.22791862487793
-1.7777777777777777,3.2004776000976562
-1.4444444444444444,-4.980307579040527
-4.333333333333333,-1.2556122541427612
-8.555555555555555,-2.6101648807525635
-8.222222222222221,-2.967891216278076
0.4444444444444444,-1.3157470226287842
-4.555555555555555,-1.8326938152313232
-6.0,-1.1436285972595215
-1.0,-1.5855010747909546
-4.333333333333333,-2.1922192573547363
-4.111111111111111,-1.411130666732788
16.0,-0.498273640871048
-3.4444444444444446,-1.366546869277954
-3.111111111111111,-1.4121394157409668
10.77777777777778,-0.3681428134441376
8.222222222222221,3.4444568157196045
0.3333333333333333,-0.993698000907898
0.2222222222222222,-1.836763620376587
-14.88888888888889,-1.0734665393829346
3.333333333333333,8.411734580993652
1.0,-1.88729727268219
0.6666666666666666,-1.0786397457122803
-4.333333333333333,-1.3232723474502563
0.3333333333333333,-1.636429786682129
-4.444444444444445,-3.523911476135254
0.2222222222222222,1.9565885066986084
5.222222222222222,-2.0397181510925293
-2.7777777777777777,-1.1881824731826782
-2.0,-1.7518516778945923
28.444444444444443,-0.9251648783683777
-6.0,-1.6741570234298706
-6.666666666666667,-1.8947099447250366
-3.888888888888889,-2.1999659538269043
-10.11111111111111,-1.3381054401397705
-4.777777777777778,-1.6987985372543335
1.4444444444444444,-1.6085902452468872
-5.0,-2.2389135360717773
0.1111111111111111,0.9819468855857849
-6.444444444444445,-1.9587558507919312
-2.333333333333333,-1.8625307083129883
-1.6666666666666667,-3.485769510269165
-4.111111111111111,-1.2024405002593994
-10.0,-2.133091688156128
2.7777777777777777,-0.8061572313308716
-1.5555555555555556,-1.163379430770874
-4.666666666666667,-3.5794198513031006
-5.444444444444445,-1.4697273969650269
2.0,9.241317749023438
-6.222222222222222,0.22864416241645813
-10.11111111111111,-3.475045919418335
9.555555555555555,-1.4529845714569092
-10.0,-2.311227560043335
-6.444444444444445,6.840944766998291
0.8888888888888888,-1.4065406322479248
-0.5555555555555556,-1.9569772481918335
-1.8888888888888888,-1.8268721103668213
3.888888888888889,-1.59278404712677
3.333333333333333,-2.1347463130950928
17.0,-1.7630174160003662
-0.7777777777777778,-1.3959976434707642
-3.2222222222222223,-1.7702089548110962
-4.777777777777778,-1.040001630783081
-3.2222222222222223,-2.2167253494262695
-4.222222222222222,-2.3877196311950684
-9.11111111111111,-1.3603938817977905
-6.333333333333333,-2.1486101150512695
-4.666666666666667,-3.1361608505249023
9.444444444444445,-1.6976033449172974
1.6666666666666667,-2.5696353912353516
-3.0,-1.4516786336898804
-5.444444444444445,-0.7786535620689392
2.111111111111111,-2.2362754344940186
-5.888888888888889,-1.1881221532821655
-1.8888888888888888,-0.6562842726707458
-4.777777777777778,-1.6449670791625977
2.111111111111111,-1.5234111547470093
0.5555555555555556,-2.1298553943634033
-3.111111111111111,-1.5939865112304688
-11.88888888888889,-1.7601288557052612
-0.6666666666666666,-0.9692551493644714
12.11111111111111,-1.8777416944503784
-0.5555555555555556,-1.3234018087387085
0.6666666666666666,-0.8303380012512207
-4.888888888888889,-0.9119086861610413
-3.111111111111111,-4.892043113708496
-2.2222222222222223,-2.0672507286071777
-3.2222222222222223,-1.3994710445404053
-6.888888888888889,-1.1979950666427612
3.4444444444444446,-2.508302688598633
24.11111111111111,11.176837921142578
-0.8888888888888888,-1.6239439249038696
0.8888888888888888,-0.7984715700149536
-6.555555555555555,0.3803585469722748
-1.3333333333333333,-4.126945495605469
-4.111111111111111,-14.647950172424316
9.666666666666666,-1.5799250602722168
5.111111111111111,-0.5038724541664124
4.333333333333333,-1.0505627393722534
0.4444444444444444,-1.3216049671173096
-15.444444444444445,-3.127948045730591
-7.0,-2.386030912399292
1.7777777777777777,-1.8295447826385498
6.777777777777778,-1.750604510307312
8.0,-1.2218960523605347
4.777777777777778,3.0451207160949707
19.55555555555556,9.935744285583496
-6.777777777777778,-1.2061967849731445
-7.222222222222222,-3.132984161376953
0.1111111111111111,-3.854071855545044
-0.4444444444444444,-2.4207584857940674
-3.555555555555556,-1.6917580366134644
10.444444444444445,0.36144542694091797
3.4444444444444446,8.485310554504395
-0.1111111111111111,-1.1154407262802124
-7.666666666666667,-3.133915662765503
0.1111111111111111,-1.7151352167129517
-3.333333333333333,-2.459604501724243
-4.222222222222222,-1.327744722366333
-0.7777777777777778,12.441044807434082
-11.666666666666666,-1.5323582887649536
-2.333333333333333,-1.273674726486206
-0.3333333333333333,-2.69144868850708
17.88888888888889,1.6575195789337158
32.55555555555556,6.877555847167969
-11.0,4.168069839477539
-4.0,-1.854019045829773
-6.777777777777778,-1.3084956407546997
-15.333333333333334,-1.9546445608139038
-7.666666666666667,-1.8013852834701538
-3.555555555555556,-1.9552556276321411
-2.7777777777777777,-1.3570505380630493
0.1111111111111111,-1.1354734897613525
38.11111111111112,5.654835224151611
-8.0,-6.737488746643066
-4.222222222222222,-3.374284029006958
0.0,-1.0340454578399658
23.55555555555556,-1.1912835836410522
1.7777777777777777,-1.3490461111068726
-2.7777777777777777,-5.421489715576172
-5.777777777777778,-1.7436915636062622
7.333333333333333,1.843217134475708
-6.555555555555555,-1.593002438545227
-9.333333333333334,-3.8918216228485107
5.111111111111111,-0.6920121908187866
-5.444444444444445,-1.5953456163406372
3.6666666666666665,-1.1750770807266235
-6.555555555555555,-1.3815162181854248
19.444444444444443,1.4514617919921875
-4.777777777777778,-1.7606843709945679
4.888888888888889,-1.2263821363449097
-3.2222222222222223,-0.2627410888671875
-1.6666666666666667,-3.5350589752197266
-7.555555555555555,-1.774795413017273
-3.4444444444444446,-1.1026090383529663
1.5555555555555556,-0.09132803976535797
-7.555555555555555,-2.4499824047088623
-13.333333333333334,-2.6398260593414307
-5.0,-3.3796112537384033
-3.111111111111111,-0.89750736951828
-8.777777777777779,-1.2915629148483276
-1.1111111111111112,-1.371651530265808
1.8888888888888888,-1.5293114185333252
-6.222222222222222,-2.8779687881469727
-0.1111111111111111,1.3297264575958252
4.0,6.39636754989624
-18.22222222222222,-1.4495713710784912
-1.7777777777777777,-1.3553401231765747
-13.333333333333334,-1.2930567264556885
-7.666666666666667,-1.7932409048080444
-1.6666666666666667,-1.0905730724334717
-4.444444444444445,-0.6249991655349731
-11.444444444444445,-3.2301270961761475
2.888888888888889,11.98220443725586
27.0,-0.7112005352973938
1.8888888888888888,-1.4658886194229126
-8.88888888888889,-0.891259491443634
-4.888888888888889,-0.6627479791641235
-5.888888888888889,-2.0270490646362305
-3.6666666666666665,-1.712628960609436
9.555555555555555,3.4053051471710205
-1.6666666666666667,-1.3051961660385132
0.8888888888888888,-1.7700269222259521
-13.666666666666666,-1.371928095817566
-3.555555555555556,-1.9981502294540405
-1.6666666666666667,-2.5645952224731445
8.88888888888889,11.051965713500977
-4.888888888888889,-1.4432390928268433
-3.888888888888889,-1.053444504737854
-9.88888888888889,-2.770836353302002
-1.5555555555555556,-0.9240200519561768
7.666666666666667,1.36086905002594
3.7777777777777777,-0.8062200546264648
12.666666666666666,-1.673579216003418
-4.555555555555555,-1.9200266599655151
13.555555555555555,12.1771821975708
6.777777777777778,-1.6463676691055298
-9.11111111111111,-2.379018545150757
-2.555555555555556,-2.57806396484375
-1.4444444444444444,1.5879896879196167
-6.222222222222222,-2.6885502338409424
-7.555555555555555,-3.174757957458496
1.0,-1.2255088090896606
-1.4444444444444444,-1.9515745639801025
-9.88888888888889,-1.765743374824524
1.2222222222222223,-1.3342766761779785
2.2222222222222223,-1.1959075927734375
1.2222222222222223,-1.6957926750183105
8.444444444444445,-2.4609909057617188
0.8888888888888888,-1.2275794744491577
-10.444444444444445,-1.5415486097335815
4.444444444444445,-1.7626192569732666
-1.6666666666666667,-1.6881643533706665
-3.888888888888889,-1.0745233297348022
3.2222222222222223,-1.3699593544006348
-5.666666666666667,-0.9294900894165039
-9.0,-3.29842209815979
8.777777777777779,5.676449298858643
1.5555555555555556,-3.992155075073242
-2.555555555555556,-1.6600018739700317
4.777777777777778,-1.3405259847640991
-16.11111111111111,-4.956191539764404
-5.555555555555555,-1.0945545434951782
-1.8888888888888888,-1.5411858558654785
25.11111111111111,5.288092613220215
-2.555555555555556,-0.9531291723251343
-12.0,-2.413207530975342
-10.333333333333334,-2.970186710357666
-7.333333333333333,-1.0740371942520142
0.0,-1.3105943202972412
1.8888888888888888,-3.2726449966430664
1.4444444444444444,-2.749328136444092
19.55555555555556,-1.1703534126281738
-5.222222222222222,2.1543972492218018
0.3333333333333333,8.893096923828125
1.1111111111111112,-3.498411178588867
25.666666666666668,-0.5200716257095337
-3.0,-0.42812684178352356
3.555555555555556,-1.2011245489120483
4.222222222222222,-1.9236819744110107
1.7777777777777777,-1.068365216255188
31.444444444444443,-1.6306625604629517
19.33333333333333,11.699503898620605
-1.6666666666666667,-1.1061328649520874
1.5555555555555556,-0.9781206250190735
7.222222222222222,-1.820011854171753
-3.7777777777777777,-1.6571043729782104
-1.6666666666666667,-1.2583649158477783
0.2222222222222222,-1.3497605323791504
3.7777777777777777,1.362009882926941
-2.0,-1.840549349784851
1.6666666666666667,-1.5335032939910889
1.3333333333333333,-2.1681582927703857
0.1111111111111111,-1.0782406330108643
-1.0,-1.0776866674423218
7.0,-1.1624637842178345
-3.111111111111111,-1.3352158069610596
9.11111111111111,-1.3549631834030151
3.6666666666666665,-1.1692922115325928
-4.888888888888889,0.9431432485580444
-1.6666666666666667,-0.9019816517829895
-3.555555555555556,-7.864081859588623
-1.4444444444444444,-0.8360223174095154
-15.0,-1.720211148262024
1.0,-1.299515724182129
5.333333333333333,-0.9963304996490479
5.444444444444445,-1.2446348667144775
-3.0,-3.3333420753479004
-2.333333333333333,4.3234968185424805
-5.111111111111111,0.8062099814414978
-3.6666666666666665,-1.3906490802764893
2.7777777777777777,-3.1058104038238525
-8.777777777777779,-2.739927291870117
2.333333333333333,-2.177074432373047
3.4444444444444446,5.329000949859619
12.333333333333334,-1.3533868789672852
-1.0,-0.6579804420471191
1.6666666666666667,-1.791135549545288
-1.1111111111111112,-1.5325037240982056
-5.0,-1.4981565475463867
-5.222222222222222,-1.4956175088882446
-4.777777777777778,-3.0190465450286865
0.5555555555555556,-1.2722229957580566
6.0,3.958913564682007
13.77777777777778,4.811896800994873
6.666666666666667,-0.9287028312683105
-1.0,-0.5227867960929871
-3.7777777777777777,-2.1639468669891357
-5.777777777777778,-0.9014617800712585
-3.555555555555556,-0.7023005485534668
0.2222222222222222,-0.6118434071540833
-3.888888888888889,-0.6837989091873169
-3.0,-0.828472375869751
-5.888888888888889,-1.4853121042251587
5.0,-1.1105329990386963
-10.666666666666666,-1.609851598739624
-3.333333333333333,-1.9055695533752441
-9.666666666666666,-0.670578122138977
2.7777777777777777,-1.2671152353286743
-7.333333333333333,-0.8518349528312683
19.22222222222222,4.564988613128662
-12.333333333333334,-1.0152589082717896
-5.0,-3.5317742824554443
-3.555555555555556,-3.459852695465088
-13.666666666666666,-1.2897645235061646
6.777777777777778,-0.7263447642326355
1.3333333333333333,-1.325019359588623
48.22222222222222,0.25842395424842834
3.2222222222222223,5.421558380126953
-4.0,-2.6477906703948975
10.77777777777778,-1.94277822971344
-4.555555555555555,-2.8454174995422363
10.333333333333334,-1.2563390731811523
0.8888888888888888,-1.1765378713607788
-5.111111111111111,-1.644794225692749
5.0,4.313695907592773
-25.77777777777778,-1.171828031539917
-6.777777777777778,-0.8052072525024414
6.111111111111111,-1.648173451423645
-9.22222222222222,-1.924380898475647
-5.111111111111111,-0.49108994007110596
1.7777777777777777,-1.0693901777267456
4.777777777777778,-1.1710199117660522
16.11111111111111,-0.7867993116378784
-0.8888888888888888,-0.8425440788269043
-2.888888888888889,-0.8482274413108826
4.666666666666667,20.648357391357422
-3.2222222222222223,-1.9649330377578735
11.0,8.399887084960938
6.777777777777778,30.848661422729492
-3.2222222222222223,-1.5043988227844238
5.111111111111111,1.287530541419983
-10.22222222222222,11.385649681091309
2.333333333333333,-1.3297027349472046
2.2222222222222223,-1.3849167823791504
-14.77777777777778,-7.166729927062988
0.8888888888888888,1.8292587995529175
-8.777777777777779,-1.5043988227844238
2.888888888888889,4.74251651763916
-5.333333333333333,-1.1229406595230103
-2.0,-2.7276501655578613
0.1111111111111111,-2.0957412719726562
-1.0,-0.7686282396316528
1.2222222222222223,-0.683513343334198
11.444444444444445,-0.3863928020000458
-2.0,-1.2036194801330566
-1.4444444444444444,-2.9020156860351562
-5.333333333333333,-0.387519508600235
-4.777777777777778,4.569852352142334
-2.7777777777777777,-1.1764556169509888
4.333333333333333,8.948969841003418
-0.8888888888888888,-1.0942720174789429
7.222222222222222,-0.4737699329853058
-6.777777777777778,-1.3978996276855469
28.22222222222222,3.2433724403381348
6.555555555555555,17.320566177368164
0.8888888888888888,-0.32327938079833984
-6.555555555555555,-1.58626127243042
1.3333333333333333,-1.6605433225631714
-1.5555555555555556,1.5026044845581055
0.7777777777777778,-0.9549949169158936
-1.2222222222222223,-3.478698968887329
-7.333333333333333,-1.7464468479156494
-4.333333333333333,-1.7234243154525757
-0.6666666666666666,-1.7575656175613403
-3.2222222222222223,-10.31946086883545
-8.11111111111111,-1.2176871299743652
6.666666666666667,-0.7786930203437805
-4.777777777777778,-1.2338061332702637
-7.222222222222222,-0.7968809008598328
-4.222222222222222,-0.592914879322052
3.888888888888889,0.10328309237957001
1.7777777777777777,-12.40469741821289
-2.7777777777777777,0.7107616066932678
0.4444444444444444,-3.09314227104187
-7.666666666666667,1.1201132535934448
10.0,-1.3527320623397827
2.0,-2.5720250606536865
1.4444444444444444,-0.5056353211402893
3.2222222222222223,-4.093385219573975
-6.111111111111111,-4.116833209991455
-2.0,-0.8843979239463806
-6.888888888888889,-1.2734102010726929
6.222222222222222,-1.1813715696334839
-5.111111111111111,-0.7152482271194458
-3.4444444444444446,-1.5134543180465698
-3.333333333333333,-0.3519437611103058
0.5555555555555556,-0.2051827311515808
-7.222222222222222,0.0979415774345398
2.111111111111111,-0.3427610695362091
-1.6666666666666667,-3.043544292449951
19.88888888888889,6.916081428527832
-5.666666666666667,-1.3425369262695312
0.1111111111111111,-1.0944186449050903
0.0,0.3203796148300171
-1.4444444444444444,0.12681704759597778
-1.4444444444444444,-1.004778504371643
1.1111111111111112,-2.9125096797943115
-1.4444444444444444,-0.9509132504463196
-4.777777777777778,-1.6532012224197388
-16.88888888888889,-1.1354846954345703
-3.2222222222222223,-1.6241406202316284
3.6666666666666665,-1.0870792865753174
-5.555555555555555,-7.890413761138916
0.7777777777777778,-2.2619686126708984
0.4444444444444444,-0.3357754349708557
-1.3333333333333333,-0.7680505514144897
-1.5555555555555556,2.22540020942688
-3.2222222222222223,-13.740336418151855
14.88888888888889,6.031926155090332
-1.4444444444444444,-2.2357754707336426
-0.6666666666666666,-2.476331949234009
-1.8888888888888888,-3.455070972442627
0.4444444444444444,-4.785712718963623
-6.0,-0.5818423628807068
-47.22222222222222,-1.3636915683746338
40.55555555555556,6.647456169128418
-7.666666666666667,-1.0534697771072388
2.6666666666666665,-2.1806085109710693
-3.0,-0.6873927712440491
-1.5555555555555556,-6.288143157958984
2.7777777777777777,-0.10854065418243408
-3.7777777777777777,-1.9843686819076538
-8.555555555555555,-1.1599470376968384
-3.7777777777777777,4.643588542938232
-1.7777777777777777,-1.6137481927871704
3.0,-3.863861322402954
16.22222222222222,-1.7462958097457886
-7.0,-1.0431509017944336
-4.666666666666667,-1.8550512790679932
4.111111111111111,-0.05713623762130737
-1.4444444444444444,-3.1957106590270996
0.0,-2.1813573837280273
-3.111111111111111,-1.1843093633651733
1.5555555555555556,-0.9679442644119263
-1.7777777777777777,-1.7854650020599365
-6.222222222222222,-2.010234832763672
-5.666666666666667,-1.337794542312622
-1.2222222222222223,-0.9866443276405334
-3.555555555555556,-1.0912225246429443
-12.77777777777778,4.811182022094727
-3.0,-3.057952880859375
-1.2222222222222223,-3.1242895126342773
-10.22222222222222,-0.1657940298318863
12.444444444444445,4.920898914337158
9.22222222222222,2.0122733116149902
-5.777777777777778,-3.3679850101470947
-5.888888888888889,-0.43877995014190674
0.3333333333333333,-2.471773862838745
3.6666666666666665,0.038096070289611816
-3.0,-2.056271553039551
-19.88888888888889,-0.6684061288833618
-6.333333333333333,-1.791790246963501
-0.2222222222222222,-0.42396432161331177
-4.777777777777778,-0.967888355255127
-3.888888888888889,-2.814554452896118
1.4444444444444444,-0.2334737777709961
-2.888888888888889,-0.9208176136016846
1.5555555555555556,-2.234597682952881
-1.7777777777777777,-1.7492296695709229
-12.333333333333334,-4.339159965515137
16.11111111111111,1.1151944398880005
-3.888888888888889,-1.3560549020767212
-2.555555555555556,-1.5740666389465332
2.888888888888889,-1.207066297531128
-3.2222222222222223,-7.680197238922119
-0.6666666666666666,-1.771461844444275
13.666666666666666,11.674385070800781
11.333333333333334,-0.3067302703857422
-7.666666666666667,-1.8326281309127808
-15.555555555555555,-1.4020839929580688
-3.555555555555556,-1.5938780307769775
-1.4444444444444444,-4.318549633026123
-1.6666666666666667,-1.1581153869628906
-9.0,-2.5154383182525635
11.666666666666666,12.371400833129883
-20.88888888888889,-2.5683069229125977
-5.777777777777778,-2.7857048511505127
3.333333333333333,-1.2066067457199097
1.4444444444444444,-1.0100276470184326
-3.111111111111111,-2.3719191551208496
1.2222222222222223,-1.3214832544326782
3.555555555555556,4.493759632110596
-9.444444444444445,-4.455251693725586
-3.0,-3.9162180423736572
-8.444444444444445,-2.117117166519165
-0.6666666666666666,6.939231872558594
-4.555555555555555,-1.5779740810394287
-2.2222222222222223,-1.3855278491973877
-0.5555555555555556,-3.9207916259765625
-4.333333333333333,-1.0588114261627197
-2.4444444444444446,-1.5434787273406982
-8.222222222222221,-3.757416248321533
-0.7777777777777778,-1.418033242225647
-17.555555555555557,-0.145160973072052
1.1111111111111112,-2.9443705081939697
-0.1111111111111111,0.625998854637146
-3.888888888888889,-1.4756501913070679
-5.666666666666667,-1.4230538606643677
0.4444444444444444,-1.499916434288025
-11.444444444444445,-1.8326281309127808
-5.777777777777778,-2.7992420196533203
-2.4444444444444446,-1.1995539665222168
-1.3333333333333333,-3.0588018894195557
-2.888888888888889,-3.320845603942871
-0.2222222222222222,-1.4265000820159912
3.4444444444444446,1.319184422492981
-15.77777777777778,-1.4959838390350342
-1.8888888888888888,-1.0833741426467896
2.111111111111111,-4.054662704467773
2.888888888888889,-1.0854915380477905
4.333333333333333,-1.1049829721450806
-4.444444444444445,-1.2286734580993652
16.555555555555557,1.1930004358291626
0.8888888888888888,-1.3005629777908325
-0.4444444444444444,-1.8175256252288818
-17.0,6.563577175140381
-1.7777777777777777,-3.6289873123168945
-5.888888888888889,-4.417878150939941
5.111111111111111,16.89043426513672
-1.2222222222222223,-0.44699832797050476
3.7777777777777777,-2.006965398788452
22.77777777777778,13.571614265441895
0.5555555555555556,17.311201095581055
4.111111111111111,8.530972480773926
4.0,0.6677243113517761
-3.2222222222222223,-2.3408591747283936
21.33333333333333,2.465059280395508
5.333333333333333,-2.9251248836517334
11.11111111111111,-1.2283097505569458
-3.2222222222222223,-1.3354101181030273
0.2222222222222222,-2.1564347743988037
-2.2222222222222223,-3.81109356880188
-24.33333333333333,-1.3299357891082764
-3.333333333333333,-0.576107919216156
5.555555555555555,-1.541308045387268
2.2222222222222223,-1.2992887496948242
-0.3333333333333333,-3.5477817058563232
-0.3333333333333333,0.2632905840873718
-0.1111111111111111,-2.08042311668396
-3.4444444444444446,-1.668079137802124
-1.1111111111111112,-1.519803524017334
-9.88888888888889,-6.943953990936279
1.4444444444444444,-1.23589026927948
-5.555555555555555,-0.7738639116287231
-12.444444444444445,-3.539193630218506
3.333333333333333,-1.1918326616287231
8.222222222222221,-2.457594394683838
-9.555555555555555,-1.343716025352478
-0.8888888888888888,-3.0961716175079346
-2.333333333333333,-6.491404056549072
-0.6666666666666666,-1.7970176935195923
-1.7777777777777777,-1.2190897464752197
17.88888888888889,6.62699556350708
-5.888888888888889,-2.504901170730591
-0.7777777777777778,-1.0272889137268066
-3.0,-2.9713778495788574
-1.2222222222222223,-0.885848343372345
-6.555555555555555,-0.576755166053772
-5.888888888888889,13.707802772521973
1.7777777777777777,-1.2576043605804443
-8.444444444444445,-0.6408807039260864
1.4444444444444444,3.5155036449432373
-0.4444444444444444,-1.345902919769287
0.1111111111111111,-2.204169273376465
-5.111111111111111,-1.5139387845993042
-12.0,-2.715848445892334
-3.333333333333333,-1.013698935508728
-3.333333333333333,-0.6298627853393555
5.0,-1.961903691291809
-0.6666666666666666,-0.9734471440315247
3.6666666666666665,-1.2031439542770386
-6.444444444444445,-1.8037610054016113
6.111111111111111,-1.336100459098816
-6.222222222222222,-1.8576828241348267
-3.0,-1.8120335340499878
-0.3333333333333333,-2.016160488128662
-3.555555555555556,-2.036020040512085
-7.333333333333333,-3.2971878051757812
27.55555555555556,9.456319808959961
-8.444444444444445,-1.320134162902832
-0.1111111111111111,-1.391800880432129
2.888888888888889,-1.7056779861450195
-0.5555555555555556,-2.974539041519165
4.777777777777778,6.403162002563477
-2.6666666666666665,-2.240731954574585
-37.888888888888886,-1.315400242805481
-0.4444444444444444,-1.4513607025146484
-6.888888888888889,1.9765053987503052
-6.0,-1.958875298500061
-2.888888888888889,-1.0481284856796265
4.0,2.6144134998321533
-1.4444444444444444,-0.49937790632247925
-2.555555555555556,7.716876983642578
-3.0,-1.9228384494781494
1.4444444444444444,-1.8862870931625366
0.3333333333333333,0.057615816593170166
-1.5555555555555556,-1.3412458896636963
-2.888888888888889,-4.286838531494141
-5.888888888888889,-0.8238430023193359
1.7777777777777777,-1.8611129522323608
-6.444444444444445,-1.4861207008361816
12.333333333333334,0.20271441340446472
1.1111111111111112,-1.3019490242004395
-2.555555555555556,-1.2971259355545044
-3.111111111111111,-1.924465298652649
-1.4444444444444444,-1.9447671175003052
-12.333333333333334,-1.209571361541748
12.555555555555555,-1.1145020723342896
-6.777777777777778,-2.0288846492767334
-0.8888888888888888,-0.674325704574585
5.222222222222222,-1.8325551748275757
-2.111111111111111,-3.7817556858062744
0.0,3.9991884231567383
-0.8888888888888888,3.3637099266052246
1.4444444444444444,-1.6962419748306274
0.4444444444444444,1.8439946174621582
1.3333333333333333,-0.9288508892059326
-6.777777777777778,-1.4031494855880737
-7.777777777777778,-2.279482364654541
7.555555555555555,-1.6506599187850952
-24.55555555555556,-1.5971096754074097
32.22222222222222,12.383708000183105
9.333333333333334,-1.8288425207138062
8.777777777777779,4.283639430999756
-4.777777777777778,-1.591130018234253
-6.333333333333333,-0.6372633576393127
