Score,Pred Score
-0.6666666666666666,-3.031492233276367
7.333333333333333,-2.894962787628174
-0.4444444444444444,-2.9247193336486816
-4.111111111111111,-4.150659561157227
-7.333333333333333,-1.5859273672103882
1.3333333333333333,-2.6371030807495117
-8.444444444444445,-2.1453404426574707
1.6666666666666667,-2.2314202785491943
3.333333333333333,-0.26842552423477173
2.111111111111111,7.14461612701416
0.1111111111111111,-3.1629903316497803
11.22222222222222,-4.243221759796143
-3.111111111111111,-1.8433972597122192
-3.888888888888889,-2.198249578475952
14.11111111111111,2.0376853942871094
-4.444444444444445,-1.6171773672103882
6.0,-0.7619273066520691
12.555555555555555,-1.4471360445022583
-0.8888888888888888,-2.6193740367889404
-4.0,0.1742282509803772
-1.1111111111111112,-3.5936172008514404
-3.555555555555556,-0.23147177696228027
-10.666666666666666,-1.2752119302749634
9.11111111111111,-1.7867214679718018
-1.7777777777777777,-2.4451465606689453
-3.4444444444444446,-3.126099109649658
23.22222222222222,11.065698623657227
0.8888888888888888,-2.0181374549865723
0.3333333333333333,-1.7528812885284424
-3.7777777777777777,-2.7658352851867676
2.111111111111111,-3.7986297607421875
-2.2222222222222223,-3.8970484733581543
-2.2222222222222223,-3.255657196044922
3.111111111111111,-2.0485923290252686
0.1111111111111111,6.360300540924072
-2.555555555555556,-2.337644577026367
-0.2222222222222222,-1.9982895851135254
3.111111111111111,0.36308109760284424
-4.444444444444445,-2.5939126014709473
-5.222222222222222,-0.9518365859985352
4.0,4.575649261474609
-4.777777777777778,-2.320317268371582
1.0,-2.0804388523101807
-4.111111111111111,-2.032339572906494
-4.777777777777778,-2.883932113647461
14.11111111111111,-0.09319356083869934
2.2222222222222223,-2.92057204246521
-4.888888888888889,-2.3058879375457764
-6.888888888888889,-3.7038211822509766
-9.444444444444445,8.174973487854004
13.666666666666666,-0.5583606362342834
3.4444444444444446,2.0827348232269287
-8.222222222222221,-9.78164291381836
5.777777777777778,-2.1643013954162598
0.0,-2.5707502365112305
13.666666666666666,9.353537559509277
-1.0,-0.440247118473053
7.333333333333333,-3.2060084342956543
-2.888888888888889,0.2983439266681671
-7.111111111111111,-3.4388935565948486
-1.2222222222222223,-3.966049909591675
0.0,-1.9426627159118652
-7.666666666666667,-3.483856201171875
-1.5555555555555556,-0.6697652339935303
11.88888888888889,3.790893316268921
-4.666666666666667,-4.013188362121582
-10.333333333333334,-2.2786865234375
-9.555555555555555,-3.23880934715271
-2.6666666666666665,-3.258657932281494
-3.333333333333333,-4.221635341644287
1.8888888888888888,-1.7566795349121094
-5.666666666666667,-3.372979164123535
-3.888888888888889,3.979740619659424
-1.5555555555555556,-2.837676525115967
-1.8888888888888888,-1.2335947751998901
-7.888888888888889,-1.9294626712799072
0.4444444444444444,-3.915187358856201
3.555555555555556,-1.8751380443572998
-0.8888888888888888,-2.6336307525634766
-5.777777777777778,-4.883329391479492
-2.888888888888889,-1.8505452871322632
-2.111111111111111,-4.5842695236206055
46.333333333333336,10.110291481018066
0.8888888888888888,-0.9491922855377197
1.1111111111111112,-1.0465189218521118
0.0,-3.1963682174682617
10.0,8.171060562133789
-1.1111111111111112,-1.8344240188598633
8.555555555555555,-2.073408842086792
-4.777777777777778,-1.0109750032424927
0.2222222222222222,-3.240762233734131
8.222222222222221,8.314838409423828
10.11111111111111,6.008036136627197
-2.555555555555556,-0.3865547180175781
-4.888888888888889,-0.865166962146759
20.88888888888889,17.075576782226562
19.33333333333333,9.474496841430664
-1.3333333333333333,-3.0321662425994873
-4.111111111111111,-2.733562469482422
-2.7777777777777777,-2.0751640796661377
9.0,7.898714065551758
-6.111111111111111,8.55250358581543
-3.7777777777777777,-3.6367130279541016
-5.0,-3.0285496711730957
-3.0,-2.354755163192749
-6.222222222222222,-2.746027708053589
-6.333333333333333,-3.340561628341675
-1.8888888888888888,-1.9724795818328857
3.111111111111111,-0.18644320964813232
-4.888888888888889,-2.839506149291992
6.777777777777778,-2.0607693195343018
-4.444444444444445,-2.7612292766571045
7.666666666666667,9.259224891662598
0.5555555555555556,-3.858383893966675
-7.0,-3.1676247119903564
-10.0,-2.3555030822753906
-0.5555555555555556,-2.1318795680999756
0.1111111111111111,0.8354929089546204
-3.4444444444444446,-1.898285984992981
6.777777777777778,-2.04555606842041
-6.0,-2.657062530517578
-3.333333333333333,-2.568498134613037
8.777777777777779,14.951664924621582
-6.333333333333333,-2.3534319400787354
-7.444444444444445,-2.7157347202301025
0.1111111111111111,-1.6936836242675781
-4.0,-0.9196863174438477
6.222222222222222,-1.1663188934326172
-3.4444444444444446,-2.4646048545837402
4.777777777777778,-1.7628217935562134
-2.111111111111111,-3.077254295349121
-4.111111111111111,-2.107144355773926
11.88888888888889,12.788415908813477
-0.5555555555555556,1.9965543746948242
4.444444444444445,-1.5191447734832764
-0.3333333333333333,-2.4195406436920166
-4.555555555555555,-3.1760802268981934
-0.7777777777777778,-4.300634384155273
-2.2222222222222223,-3.0460779666900635
-5.222222222222222,-2.575727701187134
10.444444444444445,8.917081832885742
-3.4444444444444446,-3.421248435974121
-3.7777777777777777,-1.6743721961975098
0.2222222222222222,-0.889909565448761
-4.0,-0.9188172817230225
-22.444444444444443,-6.311184883117676
-5.777777777777778,-3.226497173309326
-4.222222222222222,-2.2168121337890625
-2.333333333333333,-2.847381830215454
5.555555555555555,7.257620811462402
23.0,4.259876728057861
4.777777777777778,-2.8084356784820557
-18.88888888888889,-2.667802095413208
-10.22222222222222,-2.7993152141571045
5.222222222222222,2.37872576713562
-5.0,-2.903916120529175
7.444444444444445,-3.2492318153381348
6.333333333333333,-2.0711007118225098
1.4444444444444444,3.1679158210754395
-0.8888888888888888,-2.6735692024230957
3.111111111111111,-2.7649974822998047
0.5555555555555556,-0.8668290972709656
-1.8888888888888888,-0.30164721608161926
-11.77777777777778,-0.8668290972709656
-5.555555555555555,-0.2626466751098633
-1.3333333333333333,-3.1254842281341553
-1.8888888888888888,-2.584073781967163
0.0,-2.8597538471221924
0.8888888888888888,0.7561219930648804
5.0,-2.347292423248291
2.4444444444444446,-1.3287380933761597
-0.1111111111111111,-1.6572023630142212
2.111111111111111,-1.979862928390503
-0.2222222222222222,12.020215034484863
19.444444444444443,9.040305137634277
3.7777777777777777,0.7571066617965698
-3.111111111111111,-2.4386191368103027
7.555555555555555,9.556917190551758
1.5555555555555556,-1.247589349746704
-1.1111111111111112,-2.0627102851867676
-1.6666666666666667,-3.6907265186309814
3.111111111111111,-1.1241371631622314
-1.6666666666666667,-2.0300493240356445
1.3333333333333333,-3.14955735206604
-10.555555555555555,-1.2368918657302856
-5.333333333333333,-1.3185802698135376
-0.8888888888888888,-4.143884181976318
-6.111111111111111,-1.3403582572937012
-12.333333333333334,-1.970890760421753
-6.111111111111111,-1.7241013050079346
-6.111111111111111,-3.0214288234710693
-10.22222222222222,-2.400360107421875
4.444444444444445,-3.871678113937378
-2.555555555555556,-2.5563769340515137
-8.777777777777779,-0.970943808555603
-14.555555555555555,-2.1380937099456787
-15.0,9.471695899963379
31.33333333333333,12.557132720947266
-20.11111111111111,-1.2189767360687256
-3.4444444444444446,-1.3446294069290161
-0.1111111111111111,-2.317996025085449
-1.3333333333333333,-2.876709222793579
1.6666666666666667,-2.8434340953826904
-4.888888888888889,-3.222181558609009
2.333333333333333,-2.482372760772705
-13.333333333333334,-2.7335073947906494
0.5555555555555556,-2.555534601211548
1.2222222222222223,-3.096691846847534
-8.777777777777779,-2.8318541049957275
-0.2222222222222222,-0.42261630296707153
3.2222222222222223,-3.018752098083496
-2.7777777777777777,-3.4237115383148193
-3.333333333333333,-3.2167179584503174
-5.0,-3.4588654041290283
-3.333333333333333,-0.14276444911956787
-6.777777777777778,-2.3027050495147705
1.0,-1.7320327758789062
-4.444444444444445,-3.9877490997314453
-2.111111111111111,-2.869028329849243
-20.55555555555556,-2.664778232574463
3.333333333333333,-1.4334977865219116
-4.777777777777778,-2.529977321624756
-1.4444444444444444,-1.657300591468811
-9.11111111111111,-2.4590775966644287
-12.666666666666666,-1.8030482530593872
-21.11111111111111,-1.2515428066253662
3.555555555555556,1.1607600450515747
-4.777777777777778,1.2840396165847778
-5.888888888888889,-2.9273524284362793
-7.555555555555555,-4.214323043823242
-3.555555555555556,-3.015523910522461
3.0,-1.9405741691589355
4.0,-1.8923662900924683
-5.333333333333333,-2.467214345932007
17.444444444444443,9.975682258605957
-11.77777777777778,-0.12463405728340149
-4.888888888888889,-3.1452784538269043
6.444444444444445,-1.9616589546203613
4.0,-0.16732370853424072
-9.88888888888889,-0.15866702795028687
15.77777777777778,9.580820083618164
0.6666666666666666,-2.7830522060394287
-9.444444444444445,-11.213216781616211
-1.7777777777777777,-0.4277059733867645
2.333333333333333,6.298733711242676
-4.222222222222222,-2.753657102584839
-8.11111111111111,-4.964376449584961
1.8888888888888888,-2.5532143115997314
-12.555555555555555,-2.313781976699829
5.444444444444445,-1.4255778789520264
-3.111111111111111,-2.5775835514068604
-2.555555555555556,-2.6147072315216064
5.666666666666667,-1.2811734676361084
1.4444444444444444,-2.620931386947632
-3.0,-1.3384127616882324
-0.1111111111111111,-1.1666207313537598
1.1111111111111112,-3.798184871673584
-0.8888888888888888,-2.9422945976257324
-7.333333333333333,-2.786529064178467
-13.77777777777778,-2.0304760932922363
0.7777777777777778,-4.198919296264648
-2.6666666666666665,-4.2887282371521
-19.55555555555556,-11.198647499084473
5.0,-0.07396352291107178
-2.2222222222222223,-2.722590684890747
1.0,-0.4663769602775574
-3.0,-2.7965571880340576
-3.888888888888889,1.2516142129898071
-3.4444444444444446,-2.478693962097168
5.0,2.931453227996826
19.22222222222222,12.260581016540527
-2.4444444444444446,-2.2236454486846924
6.222222222222222,-2.276535987854004
-5.333333333333333,-2.038365125656128
-10.77777777777778,-1.9856631755828857
0.0,-2.230299234390259
1.8888888888888888,-2.010132074356079
21.55555555555556,-0.4307466149330139
-7.777777777777778,-1.3742111921310425
-7.222222222222222,-0.6767074465751648
-1.7777777777777777,-4.998736381530762
5.444444444444445,-1.4884761571884155
-3.888888888888889,-2.5338938236236572
-8.222222222222221,-3.6820411682128906
6.111111111111111,-3.6025547981262207
2.7777777777777777,-1.5131136178970337
-6.333333333333333,-2.404611587524414
0.2222222222222222,-2.6340959072113037
-7.777777777777778,-3.1554765701293945
1.2222222222222223,-0.8538122773170471
3.4444444444444446,-0.3165711760520935
-2.888888888888889,-2.2108170986175537
14.88888888888889,10.096443176269531
-1.7777777777777777,-3.7725415229797363
-3.888888888888889,-1.0030300617218018
-5.777777777777778,-2.3155393600463867
27.11111111111111,19.306791305541992
1.7777777777777777,-2.200721502304077
0.3333333333333333,0.13570496439933777
-12.77777777777778,-3.0194408893585205
27.88888888888889,13.250937461853027
-4.222222222222222,-1.8785405158996582
-1.2222222222222223,-2.02762770652771
-3.0,-2.5811994075775146
3.6666666666666665,2.9355318546295166
-1.5555555555555556,-0.9178448915481567
-4.222222222222222,-1.7252076864242554
-0.7777777777777778,-1.5900647640228271
6.777777777777778,9.970553398132324
-0.7777777777777778,-2.475332021713257
-8.777777777777779,-3.644803047180176
0.2222222222222222,-2.002089500427246
-0.2222222222222222,-0.854406476020813
-8.0,-3.4184467792510986
-4.333333333333333,-1.9380478858947754
-3.0,-2.8755767345428467
-7.666666666666667,-0.8178753852844238
1.1111111111111112,-1.7979755401611328
-0.5555555555555556,-2.824045181274414
-2.111111111111111,-4.327999591827393
-7.555555555555555,-2.4972071647644043
17.666666666666668,6.898848533630371
-8.11111111111111,-2.1728668212890625
19.55555555555556,10.743221282958984
-6.555555555555555,-1.727535605430603
10.555555555555555,-2.055199146270752
-14.444444444444445,-2.87972354888916
6.666666666666667,-3.3224875926971436
-3.888888888888889,-0.9617795944213867
-6.333333333333333,-3.0009255409240723
-6.666666666666667,-3.378129005432129
-4.444444444444445,-4.724592685699463
-2.111111111111111,-2.1377599239349365
-10.333333333333334,-2.37087345123291
-6.111111111111111,-1.8565524816513062
20.666666666666668,17.20634651184082
-5.444444444444445,-5.3760247230529785
7.555555555555555,0.6081774234771729
-1.4444444444444444,-2.433905601501465
-7.222222222222222,-3.1252026557922363
-3.111111111111111,-2.0594990253448486
-3.555555555555556,-3.21657395362854
-2.4444444444444446,-2.195089817047119
-1.1111111111111112,-2.521620512008667
-7.555555555555555,-2.6522774696350098
10.11111111111111,2.1258022785186768
-1.4444444444444444,-3.706942081451416
-2.333333333333333,-3.522395610809326
-1.6666666666666667,-2.2476072311401367
8.88888888888889,15.661301612854004
-3.888888888888889,1.010316252708435
-6.222222222222222,-3.0284676551818848
-11.88888888888889,-5.9888386726379395
-1.5555555555555556,-1.4272241592407227
7.111111111111111,-2.2403247356414795
4.666666666666667,-0.6174967288970947
2.4444444444444446,-2.3000893592834473
1.5555555555555556,1.2232060432434082
3.333333333333333,-2.9514269828796387
-10.11111111111111,-2.0941765308380127
-8.444444444444445,-2.9424545764923096
-2.555555555555556,-1.5003732442855835
2.4444444444444446,-3.2013447284698486
2.888888888888889,-0.6808279752731323
-4.111111111111111,-3.210953950881958
-10.444444444444445,-7.746927261352539
17.666666666666668,5.339975357055664
27.77777777777778,14.855393409729004
-1.7777777777777777,-0.7234000563621521
11.88888888888889,6.1099162101745605
0.5555555555555556,-2.3252909183502197
6.444444444444445,10.746278762817383
-4.0,-2.6055078506469727
-7.444444444444445,-3.298192024230957
-4.555555555555555,-2.8451716899871826
12.333333333333334,14.008306503295898
6.0,2.971247911453247
-2.0,-2.2549681663513184
1.6666666666666667,-3.3374123573303223
17.333333333333332,16.541799545288086
10.11111111111111,7.59730863571167
-1.2222222222222223,0.4914543330669403
5.666666666666667,8.804436683654785
-3.0,-2.1662724018096924
-0.2222222222222222,4.0403828620910645
6.888888888888889,-3.353222608566284
1.4444444444444444,1.3560367822647095
-1.2222222222222223,-5.356626987457275
-2.333333333333333,-1.8468363285064697
-7.888888888888889,-5.231020927429199
20.22222222222222,17.092426300048828
-6.111111111111111,-3.207009792327881
-12.444444444444445,-2.019012928009033
-7.888888888888889,-1.8746588230133057
1.2222222222222223,-1.5582821369171143
-2.888888888888889,-2.7358224391937256
-17.333333333333332,-2.7889299392700195
0.0,-2.3679189682006836
5.222222222222222,-2.316042900085449
5.111111111111111,0.3128764033317566
-5.444444444444445,-4.661840915679932
10.22222222222222,-1.170369267463684
-1.6666666666666667,-3.0756373405456543
-4.444444444444445,-2.3726511001586914
18.11111111111111,17.30292510986328
-4.777777777777778,-2.647678852081299
5.333333333333333,2.288322925567627
-2.555555555555556,-1.9638370275497437
5.888888888888889,8.411396026611328
8.11111111111111,-1.4833950996398926
-0.4444444444444444,-0.7700612545013428
-5.444444444444445,-5.052829265594482
-0.6666666666666666,-1.8794515132904053
-5.444444444444445,-3.725072145462036
-17.0,-4.292582988739014
-1.0,-2.5930521488189697
2.333333333333333,-1.899949550628662
0.2222222222222222,-1.7432783842086792
-2.7777777777777777,-1.3431800603866577
-6.777777777777778,-1.3542988300323486
0.4444444444444444,1.1092268228530884
0.6666666666666666,-4.354271411895752
-0.7777777777777778,-1.2133921384811401
-7.555555555555555,-1.6238714456558228
-7.333333333333333,-2.6423091888427734
-12.77777777777778,-3.404022216796875
0.2222222222222222,-1.9640591144561768
9.77777777777778,7.270264148712158
-6.222222222222222,-1.154829978942871
-4.888888888888889,-4.258762359619141
-10.11111111111111,6.069217205047607
-8.777777777777779,-2.0108611583709717
-2.111111111111111,-3.014784097671509
1.6666666666666667,-1.587155818939209
-0.7777777777777778,0.08704531192779541
-0.1111111111111111,-2.560933828353882
-0.5555555555555556,-0.9274209141731262
-6.666666666666667,-1.170369267463684
-9.88888888888889,-2.14994740486145
-8.666666666666666,-3.57511568069458
0.6666666666666666,-3.16703724861145
-0.7777777777777778,2.5211915969848633
0.3333333333333333,0.03424704074859619
1.3333333333333333,-2.75374698638916
-2.2222222222222223,-3.2892003059387207
-6.444444444444445,-2.573960304260254
2.4444444444444446,-4.2340569496154785
-5.555555555555555,-3.495417833328247
-8.444444444444445,-2.914013147354126
15.0,-4.766221046447754
2.2222222222222223,13.414335250854492
2.6666666666666665,-1.5675959587097168
-2.7777777777777777,-2.272181749343872
-5.222222222222222,-2.8794004917144775
-8.555555555555555,-6.455136299133301
-3.0,-2.3392508029937744
-1.6666666666666667,-2.9950685501098633
-1.0,-2.856151580810547
-0.4444444444444444,-2.728856086730957
37.11111111111112,13.295239448547363
-4.444444444444445,-0.5316381454467773
0.5555555555555556,-2.915799856185913
-16.0,-14.766311645507812
-10.22222222222222,-1.1415510177612305
-2.333333333333333,-3.357832670211792
-4.333333333333333,-1.38316011428833
-1.8888888888888888,-1.3059980869293213
-4.777777777777778,-2.6104938983917236
-8.666666666666666,-10.38730525970459
0.5555555555555556,-4.102713108062744
17.333333333333332,7.608698844909668
1.5555555555555556,-2.7626004219055176
-4.222222222222222,-4.649069309234619
-6.111111111111111,-1.751198410987854
6.222222222222222,5.288703918457031
-1.3333333333333333,-2.337822914123535
6.333333333333333,-2.2816720008850098
9.444444444444445,-3.2827718257904053
-0.1111111111111111,2.8620738983154297
-6.0,-2.6870906352996826
-4.666666666666667,-7.20857572555542
-6.666666666666667,-2.0317211151123047
12.77777777777778,2.2339396476745605
0.2222222222222222,-3.025472402572632
-14.555555555555555,-2.0705952644348145
-9.333333333333334,-5.447105407714844
2.6666666666666665,-2.8773555755615234
-1.3333333333333333,-3.045032024383545
-12.555555555555555,-2.725959062576294
-8.777777777777779,-0.38966500759124756
2.6666666666666665,-0.6583638191223145
-7.222222222222222,-2.3990142345428467
2.6666666666666665,1.4502134323120117
-6.444444444444445,-3.0233118534088135
-42.55555555555556,-3.2428934574127197
4.777777777777778,-2.9679698944091797
0.5555555555555556,-9.669466018676758
-9.666666666666666,-3.1082661151885986
9.77777777777778,11.115704536437988
9.444444444444445,-2.070585250854492
-2.7777777777777777,-3.8062260150909424
2.0,-2.3565945625305176
-2.111111111111111,-4.413397789001465
-10.666666666666666,9.522177696228027
-3.888888888888889,-1.7836370468139648
-0.6666666666666666,-8.271217346191406
-6.111111111111111,-2.600982666015625
-2.555555555555556,-2.6869001388549805
-5.444444444444445,-2.276374101638794
-3.6666666666666665,-2.572681188583374
2.555555555555556,-2.180363655090332
4.333333333333333,-3.3685572147369385
-5.555555555555555,-6.150382995605469
-0.6666666666666666,-3.679227590560913
-1.6666666666666667,3.1001358032226562
1.5555555555555556,-2.7098851203918457
-8.0,-1.9006983041763306
1.2222222222222223,-2.4810004234313965
12.333333333333334,10.142746925354004
0.4444444444444444,-3.2384676933288574
0.2222222222222222,-3.444823741912842
0.4444444444444444,-1.7884445190429688
0.1111111111111111,-3.478771209716797
0.3333333333333333,-3.420367956161499
1.2222222222222223,-0.5357141494750977
-1.4444444444444444,-2.8028457164764404
2.888888888888889,1.0405263900756836
14.88888888888889,11.215197563171387
0.1111111111111111,-2.9215943813323975
-4.888888888888889,-0.7507474422454834
19.55555555555556,12.523677825927734
-3.7777777777777777,-4.440019130706787
-2.7777777777777777,-1.6824992895126343
-4.0,-2.2745354175567627
-4.111111111111111,-3.0889220237731934
-0.1111111111111111,-3.249587059020996
2.333333333333333,-1.9895302057266235
0.6666666666666666,10.446575164794922
1.0,-1.330025553703308
-5.111111111111111,-2.9205217361450195
-1.2222222222222223,-3.00740647315979
-3.111111111111111,-0.4773387312889099
-16.333333333333332,-1.857093095779419
-7.555555555555555,-4.369783878326416
-7.777777777777778,-2.322863817214966
-1.5555555555555556,-3.896176338195801
-7.333333333333333,-3.472038984298706
1.1111111111111112,-3.18381929397583
3.333333333333333,-3.649224042892456
-6.444444444444445,0.11187565326690674
-6.0,-1.357400894165039
-1.7777777777777777,-3.2669193744659424
3.2222222222222223,-1.8501887321472168
1.0,-0.12220245599746704
-8.0,-7.104531764984131
0.4444444444444444,-1.7198389768600464
1.8888888888888888,-4.022598743438721
8.88888888888889,-1.4846938848495483
-0.5555555555555556,0.633620023727417
-8.444444444444445,-6.015498638153076
0.4444444444444444,-2.487546682357788
-2.7777777777777777,-3.9714417457580566
-3.6666666666666665,3.442228078842163
-5.222222222222222,-3.1133229732513428
-10.555555555555555,0.4784160852432251
0.6666666666666666,-0.7664515972137451
8.0,2.090249538421631
0.2222222222222222,5.776103973388672
-2.6666666666666665,-1.5938374996185303
-5.111111111111111,-5.849292278289795
-9.333333333333334,-3.3675549030303955
-0.3333333333333333,-2.986732244491577
2.6666666666666665,-2.12199068069458
-8.88888888888889,-3.507762908935547
-5.555555555555555,-3.0848910808563232
1.5555555555555556,-3.4403865337371826
-4.444444444444445,-2.821712017059326
-8.0,-3.6771090030670166
5.222222222222222,-2.3637192249298096
-1.8888888888888888,-0.527646541595459
-7.555555555555555,-4.155767917633057
4.0,7.012759685516357
0.1111111111111111,-2.1873257160186768
1.4444444444444444,-2.024845838546753
-2.0,2.374397039413452
-2.7777777777777777,-2.382723331451416
-6.555555555555555,-2.8671040534973145
-8.666666666666666,-3.9754629135131836
-5.0,-2.9474716186523438
-3.7777777777777777,-1.6358238458633423
9.555555555555555,-2.8963654041290283
-10.22222222222222,-2.684321403503418
9.0,8.9852876663208
-2.7777777777777777,-2.339787006378174
-1.5555555555555556,-3.5617682933807373
-1.8888888888888888,-2.3350772857666016
2.4444444444444446,-2.016627788543701
-5.222222222222222,-2.746856451034546
-1.6666666666666667,-2.770958662033081
5.888888888888889,5.152956485748291
-6.666666666666667,-1.3137192726135254
-0.2222222222222222,-3.703848361968994
-6.666666666666667,-0.6783700585365295
-5.111111111111111,-2.924619197845459
0.3333333333333333,0.12544196844100952
-0.4444444444444444,-1.2929892539978027
-4.444444444444445,-3.1979548931121826
3.4444444444444446,-2.1218929290771484
-0.7777777777777778,-3.866248369216919
-9.555555555555555,-3.1465108394622803
-5.333333333333333,-2.868090867996216
5.222222222222222,-3.248779058456421
6.444444444444445,-2.0942792892456055
5.111111111111111,-2.349085807800293
4.888888888888889,-2.7280490398406982
-6.0,-1.8515956401824951
-5.666666666666667,-3.144800901412964
37.77777777777778,17.89808464050293
-7.111111111111111,-3.761772394180298
-1.4444444444444444,-2.4175400733947754
6.777777777777778,-2.165855884552002
-9.444444444444445,-5.045763969421387
-6.333333333333333,-1.6751371622085571
-0.4444444444444444,-0.3465437889099121
5.111111111111111,-1.6710501909255981
9.11111111111111,0.9403583407402039
-1.7777777777777777,-2.8511874675750732
-7.888888888888889,5.478007793426514
-3.6666666666666665,-3.0893850326538086
-2.888888888888889,-1.3953704833984375
-8.0,-4.5171284675598145
-2.4444444444444446,-2.2894604206085205
7.888888888888889,6.970586776733398
-0.2222222222222222,-1.7519456148147583
-0.5555555555555556,-3.033045768737793
-2.7777777777777777,-2.763657569885254
-3.555555555555556,-2.2877273559570312
-0.5555555555555556,-2.384950876235962
-2.111111111111111,5.3100481033325195
-1.5555555555555556,1.6717263460159302
2.4444444444444446,-0.35965174436569214
-8.11111111111111,-3.4114575386047363
-0.6666666666666666,-2.5605270862579346
3.0,-2.5969011783599854
-1.4444444444444444,-0.5456499457359314
9.666666666666666,-2.7443127632141113
3.111111111111111,-0.2734551429748535
-12.555555555555555,-1.076908826828003
4.666666666666667,5.3047966957092285
-12.0,0.9257764220237732
-10.88888888888889,-2.6155810356140137
17.11111111111111,13.37687873840332
9.22222222222222,0.8492226600646973
-1.3333333333333333,-2.0993833541870117
5.666666666666667,-1.3254530429840088
-5.666666666666667,-2.6231472492218018
-3.888888888888889,-3.0779502391815186
-8.11111111111111,-4.488296031951904
-9.444444444444445,-2.8713510036468506
-2.7777777777777777,-2.2285473346710205
-5.888888888888889,2.729179620742798
8.555555555555555,-0.08389854431152344
-3.555555555555556,-2.487492322921753
2.555555555555556,-0.5741245746612549
-25.22222222222222,-3.295708417892456
5.888888888888889,-2.3942503929138184
-2.7777777777777777,-3.9968159198760986
-6.444444444444445,-2.5923655033111572
-17.444444444444443,0.8481137752532959
-0.1111111111111111,-2.484595775604248
-4.666666666666667,-0.6037333607673645
-1.7777777777777777,0.79410719871521
-0.2222222222222222,-2.122718095779419
6.111111111111111,-2.046090602874756
-5.444444444444445,-3.843597412109375
-4.222222222222222,-2.307981491088867
-3.6666666666666665,-1.7582656145095825
-2.4444444444444446,-5.461291313171387
-10.0,-2.3967626094818115
8.333333333333334,2.5837104320526123
25.55555555555556,22.16576385498047
-2.555555555555556,-2.700017213821411
-4.555555555555555,4.158690929412842
-1.3333333333333333,-4.409461975097656
22.666666666666668,32.88554000854492
3.2222222222222223,3.99406099319458
-3.2222222222222223,-4.452442169189453
-1.2222222222222223,-3.6194987297058105
-1.1111111111111112,-2.413158893585205
-6.111111111111111,-3.4387779235839844
-12.555555555555555,-4.660032749176025
13.11111111111111,4.864928245544434
8.88888888888889,-3.095219373703003
-2.2222222222222223,-2.9383440017700195
-8.666666666666666,-2.5847928524017334
-11.555555555555555,-2.883434534072876
-3.2222222222222223,6.514252185821533
-2.0,-4.281806945800781
-1.5555555555555556,-2.8023838996887207
-6.111111111111111,-3.189964771270752
2.0,-2.0023248195648193
-8.333333333333334,-2.5569021701812744
-2.4444444444444446,-5.798964500427246
4.222222222222222,-2.716583013534546
26.22222222222222,2.8895201683044434
-5.0,0.47384724020957947
-2.2222222222222223,-2.479997158050537
1.1111111111111112,-2.759613037109375
-10.0,-2.455953359603882
4.555555555555555,-2.30265736579895
3.6666666666666665,-3.01065993309021
-11.666666666666666,-3.622450828552246
12.22222222222222,8.202332496643066
-0.3333333333333333,-0.5520939230918884
-9.11111111111111,-3.1282458305358887
-1.4444444444444444,-2.3332276344299316
-3.4444444444444446,-2.8266804218292236
-10.11111111111111,-1.7155076265335083
-2.111111111111111,-4.792037487030029
15.666666666666666,12.799859046936035
-3.888888888888889,-3.1014106273651123
-3.2222222222222223,-2.2457380294799805
2.0,-1.773267388343811
-4.666666666666667,-1.8661177158355713
1.7777777777777777,-2.434206485748291
1.0,-1.5613807439804077
-1.3333333333333333,-3.13495135307312
-5.222222222222222,-1.8451881408691406
-0.2222222222222222,-1.8695751428604126
-3.0,0.1357550024986267
-6.555555555555555,-2.9803671836853027
-1.3333333333333333,-2.526057243347168
-2.111111111111111,-2.334158420562744
9.555555555555555,-3.3272483348846436
0.7777777777777778,-9.409518241882324
38.11111111111112,19.91038703918457
0.0,-1.8676948547363281
-4.222222222222222,-4.180604934692383
1.3333333333333333,-2.4911880493164062
8.555555555555555,-3.32838773727417
-3.555555555555556,-3.6313350200653076
33.0,15.19552230834961
-4.777777777777778,-1.79599130153656
29.0,18.193490982055664
-12.555555555555555,-2.971712827682495
2.111111111111111,-2.007150650024414
-3.2222222222222223,-3.812445878982544
-7.111111111111111,-2.4054219722747803
-4.222222222222222,-2.420454978942871
-7.444444444444445,-2.6887879371643066
-10.0,-3.0150771141052246
7.888888888888889,2.7166974544525146
1.6666666666666667,-2.7074227333068848
-4.0,-1.3777841329574585
-2.888888888888889,-1.6830610036849976
0.5555555555555556,-2.9294886589050293
-14.333333333333334,-3.013418436050415
-9.0,-2.723573923110962
-4.888888888888889,2.3849713802337646
-4.111111111111111,-1.9792886972427368
-0.5555555555555556,-2.04958438873291
-1.6666666666666667,-2.8049306869506836
-1.3333333333333333,-2.5636022090911865
-5.666666666666667,-2.9572691917419434
-6.111111111111111,-1.9259090423583984
0.8888888888888888,-2.474236488342285
-5.0,6.538741588592529
-14.77777777777778,-1.8478947877883911
0.8888888888888888,-2.219330310821533
2.2222222222222223,10.885102272033691
2.7777777777777777,-2.582812547683716
7.666666666666667,-2.4839446544647217
-2.555555555555556,-3.0785746574401855
-5.111111111111111,-6.762502670288086
-1.1111111111111112,-1.6471467018127441
8.222222222222221,14.880215644836426
9.333333333333334,-2.4556009769439697
7.888888888888889,8.157752990722656
0.3333333333333333,-1.361054539680481
-8.0,-4.194004535675049
-7.555555555555555,13.403200149536133
-4.777777777777778,-8.585984230041504
-0.3333333333333333,-2.3029913902282715
-5.333333333333333,-1.8647642135620117
4.333333333333333,-1.9587392807006836
-1.4444444444444444,-2.5314407348632812
-2.888888888888889,-2.7132601737976074
3.111111111111111,-1.915980339050293
17.333333333333332,16.920883178710938
2.0,-3.3273189067840576
-13.88888888888889,-11.021430015563965
-4.444444444444445,-3.293940544128418
-11.666666666666666,-2.7729151248931885
-4.444444444444445,-2.177835702896118
-4.222222222222222,-2.1994550228118896
-7.333333333333333,-1.473853588104248
-3.2222222222222223,-2.3396236896514893
-3.4444444444444446,-3.1738877296447754
-3.111111111111111,-3.3386640548706055
-5.333333333333333,-1.9353467226028442
7.888888888888889,-1.7445945739746094
19.88888888888889,-1.3301494121551514
-0.1111111111111111,-4.2635297775268555
-2.555555555555556,0.3002598285675049
-6.888888888888889,-2.2903571128845215
-6.111111111111111,-1.5617961883544922
-1.5555555555555556,-2.1540279388427734
-4.333333333333333,-3.3541181087493896
0.6666666666666666,-4.4262471199035645
-24.0,-3.166991710662842
-4.222222222222222,-1.5437759160995483
-1.0,-2.0915908813476562
1.3333333333333333,8.34901237487793
-12.666666666666666,-2.0726120471954346
-7.0,-3.2552266120910645
-1.3333333333333333,-2.2290639877319336
-7.0,-2.050440549850464
5.888888888888889,-2.001420736312866
-8.11111111111111,-2.4166760444641113
-5.777777777777778,-0.4473274350166321
-2.888888888888889,-2.1442031860351562
-12.77777777777778,-2.838031053543091
-6.444444444444445,-2.79750657081604
-2.4444444444444446,-1.4688479900360107
6.0,2.7552449703216553
-8.666666666666666,6.167206764221191
-2.111111111111111,-2.831134080886841
11.11111111111111,8.380095481872559
5.333333333333333,-2.5334928035736084
2.4444444444444446,10.898235321044922
-3.7777777777777777,-1.1934884786605835
-1.8888888888888888,-1.581496238708496
-0.7777777777777778,-2.7752017974853516
-5.111111111111111,-4.171921730041504
0.6666666666666666,2.7803614139556885
-1.3333333333333333,-1.2252856492996216
18.77777777777778,13.702640533447266
7.0,7.7898478507995605
-22.55555555555556,-1.9857796430587769
-5.333333333333333,-3.2285358905792236
-0.7777777777777778,-2.063659906387329
10.444444444444445,6.33832311630249
-1.4444444444444444,-4.215332984924316
-0.8888888888888888,-4.416130065917969
10.0,-2.556605815887451
23.0,12.713593482971191
0.1111111111111111,-1.3866113424301147
-1.6666666666666667,-2.0703742504119873
-8.88888888888889,-1.1194536685943604
-10.444444444444445,-2.508810520172119
-1.0,-2.9020144939422607
0.6666666666666666,-1.5718351602554321
-4.111111111111111,-2.1854727268218994
18.11111111111111,-3.189011573791504
-1.3333333333333333,-3.5893421173095703
-6.333333333333333,-2.6527390480041504
-6.666666666666667,-2.4878039360046387
-4.111111111111111,1.496870994567871
-7.555555555555555,-3.8494534492492676
-10.555555555555555,-1.6544848680496216
0.5555555555555556,-0.6448950171470642
5.555555555555555,-3.1914849281311035
-0.1111111111111111,-3.7603085041046143
-2.888888888888889,-3.816649913787842
2.4444444444444446,-2.349959373474121
-2.888888888888889,-2.2607595920562744
18.666666666666668,18.463594436645508
1.2222222222222223,3.5250885486602783
-2.2222222222222223,-2.5959653854370117
-1.0,-2.9264066219329834
5.222222222222222,13.97003173828125
4.222222222222222,5.8756279945373535
-0.2222222222222222,-3.1443099975585938
16.444444444444443,-1.193218469619751
-8.0,-2.520541191101074
-11.666666666666666,-2.341655731201172
0.1111111111111111,-1.5229458808898926
2.2222222222222223,1.6121251583099365
-5.333333333333333,-2.850877046585083
-2.333333333333333,-1.129096269607544
-3.555555555555556,-3.9872987270355225
-3.111111111111111,-3.5740866661071777
-9.22222222222222,-3.8898372650146484
-9.666666666666666,-2.938727855682373
-6.333333333333333,-3.3991758823394775
-8.333333333333334,-3.841191291809082
-11.555555555555555,-3.8176114559173584
-8.333333333333334,-3.221426486968994
25.0,11.627811431884766
-5.222222222222222,-2.8997156620025635
3.555555555555556,-2.945075035095215
-2.333333333333333,-2.453279495239258
-13.666666666666666,-1.842972755432129
-2.333333333333333,-2.5323402881622314
-6.444444444444445,-0.3925812244415283
10.22222222222222,3.3430018424987793
-4.888888888888889,-2.2023708820343018
6.444444444444445,8.61563777923584
2.0,-1.8495283126831055
15.0,-2.6601758003234863
-10.0,-3.263545513153076
-5.666666666666667,-0.1457805037498474
-3.7777777777777777,-1.0755391120910645
1.2222222222222223,-2.9678640365600586
-1.4444444444444444,-1.3112070560455322
-4.222222222222222,-1.5965640544891357
2.4444444444444446,-2.977311372756958
2.333333333333333,-2.2406861782073975
-7.666666666666667,-1.710451364517212
-0.2222222222222222,-2.4764461517333984
0.2222222222222222,-1.759963870048523
1.2222222222222223,-3.569082736968994
-4.888888888888889,-2.646106719970703
-1.2222222222222223,-2.4506638050079346
0.7777777777777778,-2.6800734996795654
-1.5555555555555556,-1.790738582611084
-4.444444444444445,-6.786114692687988
-1.1111111111111112,-2.824019193649292
-3.111111111111111,-3.3418102264404297
-0.2222222222222222,-2.8833119869232178
3.0,-2.325249433517456
30.0,7.977251052856445
12.88888888888889,6.710101127624512
-0.3333333333333333,-1.9921014308929443
41.55555555555556,-1.2638026475906372
-13.333333333333334,-2.7911624908447266
-10.555555555555555,-2.5757217407226562
0.7777777777777778,-2.4161126613616943
0.3333333333333333,-3.8820061683654785
-3.555555555555556,-0.868380069732666
7.222222222222222,5.089842796325684
4.666666666666667,7.320857524871826
-9.88888888888889,-1.1394473314285278
-6.111111111111111,-3.1223347187042236
-3.4444444444444446,-2.139857053756714
7.888888888888889,7.710572719573975
0.2222222222222222,-2.938189744949341
-0.3333333333333333,-3.3311376571655273
2.4444444444444446,1.0587769746780396
0.3333333333333333,-2.2146177291870117
-4.777777777777778,-3.7070064544677734
-2.111111111111111,-2.429483413696289
-6.111111111111111,-0.629974365234375
3.333333333333333,-2.408778429031372
0.8888888888888888,-2.6410887241363525
-4.777777777777778,1.6470258235931396
-3.888888888888889,-1.9896477460861206
-10.0,-2.1795454025268555
-21.33333333333333,-13.531421661376953
-4.444444444444445,-1.9538217782974243
2.0,-2.3089451789855957
-5.222222222222222,-2.766103744506836
1.2222222222222223,-2.470797538757324
-9.666666666666666,2.7592344284057617
-7.222222222222222,-3.278412103652954
-6.555555555555555,-2.0615878105163574
-8.777777777777779,-2.620418071746826
-8.11111111111111,-1.6058127880096436
0.3333333333333333,-2.973402500152588
0.4444444444444444,-2.558887243270874
0.1111111111111111,-2.7669713497161865
13.22222222222222,19.885927200317383
-3.888888888888889,-2.305163860321045
-0.8888888888888888,-1.5433509349822998
-4.777777777777778,-3.624406099319458
-9.22222222222222,-3.8506059646606445
3.111111111111111,0.237411230802536
2.2222222222222223,6.15831995010376
-10.555555555555555,-4.679831027984619
-1.0,-4.74017333984375
-11.0,-3.7272870540618896
-4.666666666666667,-3.111630916595459
-4.0,-1.075728178024292
3.6666666666666665,2.2601916790008545
-1.0,0.07886195182800293
3.0,0.15541887283325195
-9.444444444444445,-1.078372836112976
3.333333333333333,-3.665313482284546
-4.111111111111111,-2.498610734939575
6.555555555555555,-1.788246750831604
3.333333333333333,8.55793571472168
-7.222222222222222,-2.328019618988037
0.4444444444444444,-1.8579975366592407
-2.7777777777777777,-2.794053077697754
-2.2222222222222223,-2.598151922225952
-2.6666666666666665,-3.7782750129699707
-1.7777777777777777,-1.6032878160476685
13.22222222222222,15.802696228027344
-3.2222222222222223,-2.763883352279663
-6.888888888888889,-2.313856840133667
-8.666666666666666,-2.080026388168335
2.0,-3.053474187850952
0.0,-2.398186445236206
-2.888888888888889,-2.8998873233795166
-5.888888888888889,-2.976543426513672
5.555555555555555,0.8621790409088135
-4.0,-1.9178112745285034
6.444444444444445,4.801075458526611
-3.555555555555556,-3.012871026992798
-1.3333333333333333,-1.7371746301651
2.0,-1.0953246355056763
-6.0,-0.16824805736541748
-18.88888888888889,-0.47042468190193176
-13.555555555555555,-2.998687982559204
-2.888888888888889,1.400700330734253
6.444444444444445,-1.6580561399459839
-4.111111111111111,-2.1672301292419434
-6.555555555555555,-2.742380142211914
-3.111111111111111,-1.7558289766311646
-1.5555555555555556,-2.4764130115509033
-1.7777777777777777,-1.5185763835906982
5.555555555555555,-3.0657529830932617
-1.5555555555555556,-2.8998873233795166
12.77777777777778,15.129487037658691
-7.777777777777778,-2.692803382873535
1.3333333333333333,-3.6564908027648926
-2.555555555555556,-3.0900347232818604
19.22222222222222,15.802696228027344
4.666666666666667,-1.9178112745285034
-5.888888888888889,-0.9367552399635315
-7.888888888888889,-4.341236114501953
10.77777777777778,-2.534987449645996
32.111111111111114,20.72368049621582
-5.666666666666667,-1.0000139474868774
9.11111111111111,-3.15309739112854
8.777777777777779,-2.139643907546997
-9.11111111111111,-2.193380117416382
4.555555555555555,-2.0116465091705322
3.4444444444444446,-2.8042893409729004
-11.555555555555555,-0.5782060623168945
-3.0,-3.178325891494751
-5.222222222222222,-5.124488830566406
1.1111111111111112,-2.0483152866363525
-9.555555555555555,-2.5280704498291016
-3.888888888888889,-5.544726848602295
-0.3333333333333333,-1.8794984817504883
1.6666666666666667,1.2578363418579102
-8.555555555555555,-3.7582356929779053
11.333333333333334,-3.9963128566741943
8.88888888888889,-2.5007517337799072
-4.222222222222222,-1.0601787567138672
-0.6666666666666666,-4.141804218292236
-8.333333333333334,-10.422408103942871
-2.888888888888889,-3.208564281463623
-9.77777777777778,-4.056465148925781
-2.4444444444444446,-2.167696952819824
7.222222222222222,-2.1462934017181396
-11.11111111111111,-2.876797676086426
-3.2222222222222223,-0.7262210845947266
3.555555555555556,-2.2317216396331787
-1.2222222222222223,-3.6105825901031494
-15.11111111111111,11.364802360534668
-8.222222222222221,-2.8753855228424072
1.5555555555555556,-2.961766242980957
-6.222222222222222,-2.280700445175171
-2.888888888888889,-2.5687501430511475
-1.3333333333333333,-3.4652745723724365
4.0,-0.006651848554611206
5.666666666666667,6.112144947052002
6.777777777777778,5.307873249053955
-3.6666666666666665,-2.1895859241485596
-5.222222222222222,-2.4793992042541504
-6.0,-3.261134147644043
0.4444444444444444,-4.900802135467529
-4.444444444444445,-2.2634427547454834
-6.888888888888889,-7.530992031097412
-0.1111111111111111,-2.250016927719116
-5.555555555555555,-2.000324010848999
-8.666666666666666,5.6317620277404785
3.4444444444444446,-2.2210376262664795
-0.8888888888888888,0.5652980804443359
-2.6666666666666665,-1.7922894954681396
-1.3333333333333333,-2.15350079536438
2.4444444444444446,-4.255670070648193
-9.22222222222222,-3.3559982776641846
-12.333333333333334,-0.6725010275840759
25.666666666666668,14.314298629760742
2.4444444444444446,-3.4561641216278076
2.2222222222222223,-2.075268030166626
-1.2222222222222223,0.9621349573135376
-2.6666666666666665,-2.9868438243865967
-5.333333333333333,-2.996793270111084
0.0,-2.533137559890747
-1.4444444444444444,-4.8595147132873535
-3.555555555555556,-2.1019110679626465
-0.5555555555555556,-3.066964626312256
-5.222222222222222,-2.5785598754882812
-2.0,-0.936163067817688
3.555555555555556,-2.838503122329712
3.555555555555556,-2.9428741931915283
-1.0,-5.317258358001709
5.222222222222222,-3.0734751224517822
-11.11111111111111,-2.477503776550293
-6.222222222222222,-0.9911998510360718
-8.11111111111111,-3.982713222503662
5.333333333333333,5.671084880828857
-1.8888888888888888,-2.822568416595459
1.7777777777777777,4.963768482208252
-1.4444444444444444,-2.8282105922698975
-2.0,-2.31636643409729
-10.22222222222222,-2.948197364807129
2.2222222222222223,-3.2886366844177246
7.111111111111111,-1.768886685371399
-5.0,-2.6393208503723145
23.33333333333333,12.013872146606445
2.888888888888889,-3.2528469562530518
-0.3333333333333333,-2.6546053886413574
-2.7777777777777777,-1.6346246004104614
20.11111111111111,-2.1704084873199463
-6.555555555555555,-0.18019628524780273
-5.888888888888889,-2.4704086780548096
-13.0,-3.831129789352417
-2.6666666666666665,-0.7112375497817993
-4.666666666666667,-2.341496467590332
-0.5555555555555556,-1.4841156005859375
1.8888888888888888,-2.414862632751465
-0.2222222222222222,-1.8977031707763672
-13.666666666666666,-2.8494246006011963
1.6666666666666667,0.2858922481536865
6.444444444444445,7.780016899108887
-5.111111111111111,-2.1621460914611816
-1.0,-2.6160640716552734
2.6666666666666665,-2.7896251678466797
-4.111111111111111,-2.887035846710205
-2.2222222222222223,-2.7794950008392334
-0.3333333333333333,-3.805635690689087
-4.888888888888889,-3.8346285820007324
25.11111111111111,10.936553955078125
-10.88888888888889,-2.448805093765259
2.555555555555556,-4.294190406799316
-0.4444444444444444,-1.809234380722046
-19.55555555555556,-3.5877623558044434
-0.8888888888888888,-3.8169686794281006
-6.555555555555555,-2.7995493412017822
-4.222222222222222,-2.5729970932006836
-5.0,-2.2880561351776123
-4.444444444444445,-2.7881155014038086
-2.333333333333333,-3.5939409732818604
-3.888888888888889,-2.8759055137634277
-2.111111111111111,-2.1004316806793213
-6.111111111111111,-1.9704872369766235
2.2222222222222223,-2.9364237785339355
-8.88888888888889,-1.9357255697250366
1.8888888888888888,-4.377849578857422
24.77777777777778,15.283039093017578
0.3333333333333333,-4.231582164764404
-2.2222222222222223,-2.4257898330688477
8.555555555555555,-0.5663554668426514
-2.7777777777777777,-2.347555160522461
3.4444444444444446,0.5149471163749695
-2.555555555555556,-3.0378661155700684
2.555555555555556,-2.8356947898864746
28.88888888888889,9.196624755859375
-18.11111111111111,-2.583564519882202
-5.666666666666667,6.833160400390625
-1.0,-1.943818211555481
0.3333333333333333,-1.676124930381775
0.3333333333333333,-1.6248388290405273
-1.3333333333333333,-2.5726237297058105
-4.888888888888889,0.0026835501194000244
-7.555555555555555,-3.246657371520996
-6.888888888888889,-3.342118263244629
-4.0,-2.249753713607788
1.6666666666666667,-1.9002763032913208
8.666666666666666,-0.6376920938491821
1.7777777777777777,-2.485860586166382
0.1111111111111111,-2.0957043170928955
13.88888888888889,11.307947158813477
-0.3333333333333333,-3.1390979290008545
8.444444444444445,-3.1455705165863037
-0.2222222222222222,-2.986067771911621
-6.555555555555555,-2.385211944580078
2.6666666666666665,-1.7891161441802979
-4.555555555555555,-2.7651126384735107
-0.5555555555555556,7.573907852172852
-1.0,-2.450866222381592
14.666666666666666,-1.9414082765579224
-2.4444444444444446,-2.7591359615325928
-1.0,-1.8720042705535889
-12.0,-2.4957475662231445
-0.5555555555555556,-1.4037853479385376
-0.8888888888888888,-3.1775574684143066
-6.888888888888889,-2.4629433155059814
-4.555555555555555,-3.141688108444214
0.1111111111111111,-1.6504217386245728
-5.333333333333333,-2.375875473022461
-6.777777777777778,-4.104864597320557
27.88888888888889,19.208759307861328
-7.888888888888889,-2.840312957763672
-0.2222222222222222,-1.0614174604415894
6.222222222222222,6.400663375854492
-14.444444444444445,-6.820991039276123
-5.555555555555555,-2.6636860370635986
-13.555555555555555,-1.992819905281067
-9.88888888888889,-3.257742166519165
-7.333333333333333,-2.768631935119629
0.0,-3.4907398223876953
0.1111111111111111,-1.9503895044326782
-5.555555555555555,15.715173721313477
-8.666666666666666,-2.6602730751037598
-4.666666666666667,-2.350926160812378
0.4444444444444444,-1.6925255060195923
0.0,-2.2202227115631104
-5.444444444444445,-8.374687194824219
0.2222222222222222,-2.03810977935791
-16.555555555555557,-1.6799721717834473
5.222222222222222,-2.7240521907806396
-4.333333333333333,-3.8556101322174072
-2.555555555555556,-2.555628538131714
15.11111111111111,-1.825549840927124
-0.6666666666666666,-0.147487610578537
-0.4444444444444444,-1.2752498388290405
-4.333333333333333,-2.383462429046631
-3.7777777777777777,-0.08147376775741577
-2.333333333333333,-0.23946347832679749
2.555555555555556,-2.254410743713379
15.88888888888889,11.486381530761719
-21.88888888888889,-3.4761862754821777
21.444444444444443,21.039636611938477
4.333333333333333,-2.2746100425720215
-1.2222222222222223,-2.8329176902770996
1.2222222222222223,-3.334500551223755
-3.6666666666666665,-1.9058688879013062
3.0,-1.99466073513031
-2.333333333333333,-2.6197125911712646
-3.888888888888889,-2.350027322769165
14.444444444444445,-2.8275673389434814
-4.666666666666667,-2.056363344192505
-4.0,-3.6320719718933105
3.0,-2.0459656715393066
-6.555555555555555,-2.7621772289276123
-4.333333333333333,13.434732437133789
6.888888888888889,5.593081951141357
0.4444444444444444,4.692513942718506
-3.6666666666666665,-4.497560501098633
28.444444444444443,13.509600639343262
3.0,-0.5824679136276245
-24.11111111111111,-2.2613577842712402
14.22222222222222,7.219943046569824
10.666666666666666,-3.060354709625244
3.4444444444444446,0.1827010214328766
-6.888888888888889,4.401725769042969
0.0,-3.378035545349121
9.11111111111111,8.093639373779297
-2.888888888888889,-2.8425493240356445
-11.0,-3.3353705406188965
-4.111111111111111,-3.0977206230163574
-4.777777777777778,-3.8640735149383545
22.11111111111111,3.0738346576690674
8.222222222222221,-2.873595714569092
-4.777777777777778,-1.317984700202942
-5.444444444444445,-3.1907577514648438
1.5555555555555556,-0.6061586141586304
-3.4444444444444446,-2.711850643157959
-2.555555555555556,-1.311124563217163
-5.111111111111111,-2.5340359210968018
-11.333333333333334,-0.8542572259902954
-5.777777777777778,-1.8166183233261108
-10.555555555555555,-2.6630239486694336
-13.666666666666666,-4.082903861999512
-4.888888888888889,-3.57472562789917
1.2222222222222223,-2.3641955852508545
-5.888888888888889,-0.9944983124732971
-2.555555555555556,-3.309129476547241
-9.333333333333334,-2.576138973236084
-9.22222222222222,-3.8664114475250244
-8.333333333333334,-2.2172484397888184
-2.0,-1.4075978994369507
-5.333333333333333,-4.0274577140808105
-0.2222222222222222,-1.0015546083450317
0.4444444444444444,-1.8598835468292236
-3.333333333333333,0.277474045753479
1.5555555555555556,2.8100645542144775
-2.2222222222222223,4.553557395935059
-3.888888888888889,-2.2960002422332764
11.444444444444445,7.320690631866455
12.666666666666666,4.602621555328369
1.3333333333333333,-2.368802309036255
-5.555555555555555,-3.0002779960632324
-2.0,-3.7525157928466797
-2.0,-3.1222283840179443
-5.222222222222222,-2.324993848800659
-0.5555555555555556,-2.554258346557617
9.333333333333334,15.629044532775879
5.333333333333333,6.056530952453613
-6.0,-2.7071304321289062
-4.777777777777778,-3.4361555576324463
-5.555555555555555,-3.073439121246338
-7.333333333333333,-2.977670669555664
9.444444444444445,7.589283466339111
2.555555555555556,-2.654378890991211
-1.2222222222222223,-10.04266357421875
-1.1111111111111112,-4.080928325653076
-10.0,-2.6305038928985596
0.4444444444444444,-2.3194005489349365
-4.444444444444445,-2.029930830001831
-9.666666666666666,-2.900998115539551
1.3333333333333333,-3.8319506645202637
-0.8888888888888888,-2.327744245529175
-1.7777777777777777,-2.0157928466796875
2.2222222222222223,-0.7526801824569702
-2.2222222222222223,-2.393200635910034
0.5555555555555556,-1.4651520252227783
-9.88888888888889,-4.246226787567139
4.444444444444445,9.907580375671387
-1.0,-3.2400004863739014
-2.888888888888889,-2.5990216732025146
-6.0,-2.429776906967163
-0.2222222222222222,0.06216323375701904
-5.222222222222222,-2.3977386951446533
-3.0,2.3194613456726074
0.5555555555555556,-1.2575736045837402
-5.0,-2.974018096923828
-2.6666666666666665,-4.860029697418213
-10.444444444444445,-1.1855432987213135
-0.7777777777777778,-1.4990391731262207
7.111111111111111,-1.4780069589614868
-4.222222222222222,-4.841183185577393
2.111111111111111,-0.7868938446044922
-0.1111111111111111,1.6750705242156982
42.55555555555556,20.47899055480957
-8.11111111111111,-1.2850509881973267
-3.6666666666666665,-3.0000741481781006
-4.777777777777778,-3.029487371444702
1.7777777777777777,-2.4799282550811768
7.222222222222222,-2.004939556121826
-2.111111111111111,-0.5099065899848938
-9.0,1.980924129486084
1.3333333333333333,-0.12746930122375488
-1.4444444444444444,-2.119570732116699
32.44444444444444,23.32158851623535
10.0,1.87087881565094
-5.666666666666667,-1.8347094058990479
4.111111111111111,-2.8890442848205566
-9.0,-3.007106065750122
21.22222222222222,16.973695755004883
-6.666666666666667,-2.8964953422546387
3.0,2.181109666824341
-1.4444444444444444,-3.2113122940063477
-0.2222222222222222,-2.350645065307617
-1.1111111111111112,-2.645089864730835
-8.555555555555555,-1.788973093032837
0.7777777777777778,-3.6430304050445557
4.555555555555555,-2.634920358657837
4.222222222222222,-2.979010820388794
-41.333333333333336,-3.8298823833465576
-4.888888888888889,-6.192250728607178
4.555555555555555,22.075057983398438
2.2222222222222223,-2.5418038368225098
-1.5555555555555556,-4.045271396636963
-0.4444444444444444,-2.85693097114563
-0.8888888888888888,-0.36812853813171387
10.0,8.777999877929688
-8.222222222222221,-4.243535041809082
18.444444444444443,12.955822944641113
-4.888888888888889,-3.2195017337799072
0.1111111111111111,-3.577756881713867
-5.555555555555555,-2.6570401191711426
-2.4444444444444446,-2.966900110244751
-5.222222222222222,-2.9623091220855713
29.666666666666668,8.259757995605469
0.0,-3.709883689880371
2.2222222222222223,-1.9002947807312012
20.88888888888889,13.966946601867676
-2.333333333333333,-2.0736777782440186
-4.111111111111111,-1.461125373840332
-10.444444444444445,-3.581953525543213
-10.77777777777778,0.6526899337768555
-4.666666666666667,-2.4573988914489746
8.777777777777779,-3.0504255294799805
-3.2222222222222223,-1.9412072896957397
-1.4444444444444444,-1.9349071979522705
-1.1111111111111112,-2.514190912246704
6.888888888888889,-2.9371321201324463
-5.444444444444445,-3.311112880706787
2.4444444444444446,-4.292335510253906
-12.555555555555555,-3.0519895553588867
17.444444444444443,13.575583457946777
0.1111111111111111,-4.80004358291626
9.666666666666666,-1.367818832397461
-3.0,-2.9567153453826904
3.0,-2.9330902099609375
-0.1111111111111111,-2.982579231262207
-10.333333333333334,-3.082866907119751
1.3333333333333333,-2.413416624069214
-10.77777777777778,-2.8400795459747314
0.3333333333333333,-3.548914909362793
2.2222222222222223,-2.3591837882995605
-4.777777777777778,-2.953913688659668
-2.4444444444444446,-1.8148986101150513
1.6666666666666667,8.975165367126465
-2.7777777777777777,-3.2420389652252197
0.2222222222222222,-2.323822021484375
-2.555555555555556,-2.547036647796631
2.333333333333333,-2.9604198932647705
1.6666666666666667,-4.639807224273682
-1.6666666666666667,-3.3035430908203125
-1.8888888888888888,-1.9321597814559937
-5.888888888888889,-2.3557257652282715
-0.6666666666666666,-2.1269848346710205
-0.8888888888888888,-2.461204767227173
1.5555555555555556,16.64838981628418
-4.222222222222222,-3.113022804260254
1.7777777777777777,3.60239577293396
-6.111111111111111,-3.1004509925842285
-2.4444444444444446,-0.982406497001648
-0.7777777777777778,-2.847667694091797
8.0,8.138410568237305
1.3333333333333333,-3.070282220840454
20.33333333333333,9.054739952087402
1.3333333333333333,-1.8935543298721313
-4.222222222222222,-3.916607618331909
-8.777777777777779,-7.044295787811279
-4.333333333333333,-2.5398876667022705
-2.7777777777777777,-2.835968255996704
6.0,-1.447986125946045
0.1111111111111111,-2.746187210083008
-2.888888888888889,-2.560487985610962
-0.1111111111111111,-0.823316752910614
-2.7777777777777777,9.083625793457031
-10.11111111111111,-4.06771993637085
-10.0,-4.126124382019043
-2.555555555555556,-2.2478132247924805
3.4444444444444446,-2.925658702850342
3.4444444444444446,5.510245323181152
-1.6666666666666667,-0.6573064923286438
-1.6666666666666667,-2.592975616455078
1.5555555555555556,-0.8959375023841858
5.666666666666667,-2.637897253036499
5.777777777777778,-1.55171799659729
6.666666666666667,-2.978543996810913
5.333333333333333,-3.062189817428589
7.222222222222222,2.5458807945251465
-10.333333333333334,-4.140789031982422
0.4444444444444444,-2.5172948837280273
8.666666666666666,17.939006805419922
-6.555555555555555,-3.9059524536132812
1.7777777777777777,-1.8272196054458618
-6.777777777777778,-2.3980464935302734
7.111111111111111,2.12361478805542
-1.6666666666666667,-8.193300247192383
-0.6666666666666666,-1.9667390584945679
8.777777777777779,-3.1769351959228516
-0.6666666666666666,-1.7686141729354858
-7.777777777777778,-2.810507297515869
5.888888888888889,-2.0864553451538086
-4.111111111111111,-3.5529346466064453
-4.111111111111111,-6.144357681274414
0.6666666666666666,-1.8476301431655884
-7.0,-2.493997812271118
-1.0,-2.93190336227417
-0.6666666666666666,-2.4038772583007812
6.777777777777778,-0.7808099389076233
0.5555555555555556,-3.576394557952881
-1.3333333333333333,-1.9255627393722534
-2.111111111111111,-2.641620635986328
-8.11111111111111,-3.0142242908477783
3.4444444444444446,-2.2924227714538574
-5.444444444444445,-2.4438207149505615
-1.5555555555555556,-2.553783416748047
-3.2222222222222223,-2.142193078994751
4.444444444444445,-2.5745697021484375
-1.3333333333333333,-3.829944372177124
-8.333333333333334,-4.615156173706055
-5.0,-2.6280243396759033
1.0,9.976837158203125
0.8888888888888888,-0.9961115121841431
-8.444444444444445,-1.7440185546875
-5.222222222222222,-1.5801758766174316
-4.888888888888889,-2.8694326877593994
8.333333333333334,6.8229193687438965
7.333333333333333,-1.5119860172271729
1.2222222222222223,-2.2154273986816406
-8.88888888888889,-1.6647179126739502
4.333333333333333,-2.242150068283081
-0.6666666666666666,2.8525898456573486
3.111111111111111,-2.9802052974700928
3.555555555555556,0.28472939133644104
-3.111111111111111,-3.1132454872131348
-1.8888888888888888,-2.547027349472046
1.6666666666666667,-2.1564667224884033
-7.666666666666667,-2.4161159992218018
-4.111111111111111,-4.83613395690918
3.4444444444444446,-1.9155538082122803
-9.333333333333334,-3.7929489612579346
1.5555555555555556,-1.9422746896743774
7.333333333333333,-2.7177670001983643
-7.111111111111111,-2.080864906311035
-0.2222222222222222,-1.4758752584457397
7.333333333333333,0.00453677773475647
0.6666666666666666,-2.2608041763305664
-2.0,-0.7928318381309509
-5.888888888888889,13.829293251037598
-5.666666666666667,-3.6985292434692383
1.7777777777777777,-1.8840960264205933
-14.666666666666666,-2.887423276901245
-15.333333333333334,-3.8838562965393066
-7.777777777777778,-2.6736996173858643
3.6666666666666665,-1.1250461339950562
-6.444444444444445,-1.2592800855636597
-1.3333333333333333,-1.4700427055358887
-11.333333333333334,-3.640860080718994
-15.88888888888889,-3.3408451080322266
0.3333333333333333,-1.2262753248214722
5.888888888888889,-0.38794824481010437
-5.555555555555555,-2.888028144836426
-4.222222222222222,-0.9714993238449097
-1.3333333333333333,-3.827524423599243
-3.2222222222222223,-3.101339340209961
-0.1111111111111111,-2.2332866191864014
-6.666666666666667,-1.8478357791900635
-7.333333333333333,1.4960541725158691
-5.111111111111111,-1.347351312637329
5.222222222222222,5.736196041107178
-7.444444444444445,-6.2839674949646
17.444444444444443,10.612974166870117
-3.4444444444444446,-3.0642290115356445
-5.333333333333333,-1.9821562767028809
3.6666666666666665,1.7098535299301147
-2.4444444444444446,-2.3900036811828613
-21.0,-2.1639819145202637
-8.333333333333334,-2.6810452938079834
-3.333333333333333,-3.5010979175567627
1.5555555555555556,-0.9579039812088013
-3.0,1.653546929359436
-14.333333333333334,-4.543577194213867
-2.2222222222222223,-2.193951368331909
5.0,8.958094596862793
0.4444444444444444,-1.5760890245437622
-8.222222222222221,-2.2430498600006104
2.7777777777777777,-3.748258590698242
-12.444444444444445,-1.8003344535827637
5.555555555555555,-1.5679157972335815
-2.111111111111111,-2.2083144187927246
-1.6666666666666667,-1.7595423460006714
-9.88888888888889,-0.22792759537696838
-7.333333333333333,-2.9105803966522217
-10.88888888888889,-3.6045081615448
-4.777777777777778,-3.569930076599121
-5.111111111111111,2.1513919830322266
0.8888888888888888,14.917402267456055
2.333333333333333,-2.6047115325927734
1.3333333333333333,10.15805721282959
-3.333333333333333,-0.7919735312461853
5.555555555555555,-2.3014771938323975
-2.6666666666666665,-1.4556254148483276
-4.555555555555555,-1.9774364233016968
4.0,-1.8098191022872925
-1.0,-0.35055333375930786
1.3333333333333333,7.052938938140869
-21.0,-2.810394048690796
-1.6666666666666667,-2.347357988357544
2.111111111111111,2.657506227493286
-7.888888888888889,-2.266862630844116
-0.3333333333333333,-3.1450071334838867
2.0,-1.481305718421936
26.11111111111111,8.599308013916016
-0.1111111111111111,-2.279212713241577
-0.7777777777777778,0.46551597118377686
-11.0,-2.9451184272766113
4.222222222222222,-2.778350830078125
-1.7777777777777777,-2.2805724143981934
-9.0,-3.0605554580688477
-4.555555555555555,-3.378711462020874
-5.0,-2.1963114738464355
0.7777777777777778,-3.8703649044036865
-3.333333333333333,-5.086398601531982
-3.111111111111111,-2.978595018386841
5.0,-2.0117061138153076
-1.2222222222222223,-0.764602541923523
-7.555555555555555,-1.958021640777588
-3.4444444444444446,-2.756800889968872
-7.555555555555555,-2.1271209716796875
-8.444444444444445,-3.435407876968384
-2.555555555555556,-2.6928210258483887
-2.2222222222222223,-3.141127824783325
-3.4444444444444446,-2.5458695888519287
4.888888888888889,12.881213188171387
4.111111111111111,-2.5702409744262695
-11.22222222222222,-2.5999131202697754
-5.0,-2.722114324569702
0.8888888888888888,-2.559122323989868
-0.7777777777777778,-3.7774405479431152
-5.444444444444445,-1.781195044517517
-9.11111111111111,-2.1957554817199707
-0.8888888888888888,0.07066693902015686
-2.0,-1.9140373468399048
-2.6666666666666665,-4.46351957321167
21.55555555555556,12.55431079864502
11.77777777777778,-3.1421597003936768
14.88888888888889,10.473261833190918
-0.8888888888888888,5.346181392669678
1.4444444444444444,-2.720201253890991
-2.7777777777777777,-3.0311784744262695
-2.7777777777777777,-2.0325019359588623
-8.777777777777779,-1.974022626876831
-3.555555555555556,-2.699982166290283
-9.444444444444445,-2.9672226905822754
2.0,-3.5466160774230957
-7.0,-2.0586018562316895
0.1111111111111111,-1.6640630960464478
-5.888888888888889,-1.6211483478546143
-11.444444444444445,-2.1046369075775146
-5.777777777777778,-0.7319186925888062
-0.4444444444444444,-2.5098633766174316
-1.7777777777777777,3.395338773727417
-1.4444444444444444,-0.8410640358924866
-4.333333333333333,-2.7012627124786377
-8.555555555555555,-4.151797294616699
-8.222222222222221,-5.8694329261779785
0.4444444444444444,-2.8944404125213623
-4.555555555555555,-3.31837797164917
-6.0,-1.271298885345459
-1.0,-3.6359100341796875
-4.333333333333333,-1.418027400970459
-4.111111111111111,-2.4849939346313477
16.0,17.85105323791504
-3.4444444444444446,-2.666783332824707
-3.111111111111111,-1.9988479614257812
10.77777777777778,9.24873161315918
8.222222222222221,3.971543550491333
0.3333333333333333,-2.8455262184143066
0.2222222222222222,-3.142185688018799
-14.88888888888889,-2.762688398361206
3.333333333333333,10.678611755371094
1.0,-2.0897252559661865
0.6666666666666666,-3.3884470462799072
-4.333333333333333,-0.44791141152381897
0.3333333333333333,-2.7113518714904785
-4.444444444444445,-2.774815320968628
0.2222222222222222,-2.453254461288452
5.222222222222222,-3.65332293510437
-2.7777777777777777,-2.8848683834075928
-2.0,-2.882689952850342
28.444444444444443,10.778464317321777
-6.0,-1.5981369018554688
-6.666666666666667,-2.7898223400115967
-3.888888888888889,-4.228892803192139
-10.11111111111111,-1.9236414432525635
-4.777777777777778,-0.23111745715141296
1.4444444444444444,-1.8710697889328003
-5.0,-3.684251308441162
0.1111111111111111,-1.9623724222183228
-6.444444444444445,-2.967416524887085
-2.333333333333333,-3.63258695602417
-1.6666666666666667,-4.132892608642578
-4.111111111111111,-2.3965940475463867
-10.0,-3.9619693756103516
2.7777777777777777,-1.0569199323654175
-1.5555555555555556,-0.3166339695453644
-4.666666666666667,-3.152465581893921
-5.444444444444445,-2.8317453861236572
2.0,9.126420021057129
-6.222222222222222,2.0392842292785645
-10.11111111111111,-3.5137767791748047
9.555555555555555,-1.6991370916366577
-10.0,-3.932713747024536
-6.444444444444445,-5.971263408660889
0.8888888888888888,-1.1966992616653442
-0.5555555555555556,-2.373486280441284
-1.8888888888888888,-3.7941982746124268
3.888888888888889,-2.4207658767700195
3.333333333333333,-4.125270366668701
17.0,-3.259993553161621
-0.7777777777777778,-2.3683438301086426
-3.2222222222222223,-2.500903606414795
-4.777777777777778,-2.3389790058135986
-3.2222222222222223,-3.7968556880950928
-4.222222222222222,-3.578338623046875
-9.11111111111111,-2.9717161655426025
-6.333333333333333,-3.512963056564331
-4.666666666666667,-4.1378254890441895
9.444444444444445,-2.253380060195923
1.6666666666666667,-3.290863513946533
-3.0,4.887992858886719
-5.444444444444445,-0.1409284472465515
2.111111111111111,-3.330233097076416
-5.888888888888889,-2.8136603832244873
-1.8888888888888888,-1.8972934484481812
-4.777777777777778,-1.2747665643692017
2.111111111111111,-3.902772903442383
0.5555555555555556,-3.747652292251587
-3.111111111111111,-3.20345139503479
-11.88888888888889,-3.249545097351074
-0.6666666666666666,0.24789951741695404
12.11111111111111,-1.7738239765167236
-0.5555555555555556,-1.0126231908798218
0.6666666666666666,13.953322410583496
-4.888888888888889,-1.7295151948928833
-3.111111111111111,-1.7740579843521118
-2.2222222222222223,-3.9110093116760254
-3.2222222222222223,-1.7400144338607788
-6.888888888888889,-2.644965648651123
3.4444444444444446,-2.875554084777832
24.11111111111111,17.7912540435791
-0.8888888888888888,0.06568235158920288
0.8888888888888888,-1.5551148653030396
-6.555555555555555,-2.079360008239746
-1.3333333333333333,-3.6566741466522217
-4.111111111111111,-3.74863862991333
9.666666666666666,-0.8952937722206116
5.111111111111111,-2.6936280727386475
4.333333333333333,-1.8063344955444336
0.4444444444444444,-2.6789820194244385
-15.444444444444445,-3.891767978668213
-7.0,-3.783609628677368
1.7777777777777777,-2.1166369915008545
6.777777777777778,-3.0591161251068115
8.0,-1.9671707153320312
4.777777777777778,7.782057762145996
19.55555555555556,13.337676048278809
-6.777777777777778,-2.4114296436309814
-7.222222222222222,-3.2357611656188965
0.1111111111111111,-3.712846040725708
-0.4444444444444444,-4.438103675842285
-3.555555555555556,-2.9679343700408936
10.444444444444445,10.809937477111816
3.4444444444444446,9.232207298278809
-0.1111111111111111,-2.0145506858825684
-7.666666666666667,-3.425459623336792
0.1111111111111111,-3.162968873977661
-3.333333333333333,-3.7044146060943604
-4.222222222222222,-1.1757045984268188
-0.7777777777777778,11.104537963867188
-11.666666666666666,-2.6141247749328613
-2.333333333333333,-2.6991782188415527
-0.3333333333333333,-4.353420734405518
17.88888888888889,8.10297966003418
32.55555555555556,11.002666473388672
-11.0,9.786822319030762
-4.0,-2.738741397857666
-6.777777777777778,-8.153443336486816
-15.333333333333334,-4.570799350738525
-7.666666666666667,-2.1369500160217285
-3.555555555555556,-3.593842029571533
-2.7777777777777777,-2.4959309101104736
0.1111111111111111,-4.364220142364502
38.11111111111112,7.447342395782471
-8.0,-4.592351913452148
-4.222222222222222,-3.2320709228515625
0.0,0.4810992479324341
23.55555555555556,15.545225143432617
1.7777777777777777,-2.260266065597534
-2.7777777777777777,-4.235040664672852
-5.777777777777778,-2.5418782234191895
7.333333333333333,1.9168678522109985
-6.555555555555555,-2.9027276039123535
-9.333333333333334,-5.322189807891846
5.111111111111111,0.9801406860351562
-5.444444444444445,-1.9133689403533936
3.6666666666666665,-2.1334314346313477
-6.555555555555555,-2.700129270553589
19.444444444444443,9.456832885742188
-4.777777777777778,-2.8198306560516357
4.888888888888889,-2.044816255569458
-3.2222222222222223,-0.7662863731384277
-1.6666666666666667,-1.0176388025283813
-7.555555555555555,-2.5507822036743164
-3.4444444444444446,-2.3451545238494873
1.5555555555555556,0.37644192576408386
-7.555555555555555,-3.630319595336914
-13.333333333333334,-4.172373294830322
-5.0,-5.244175910949707
-3.111111111111111,9.85221004486084
-8.777777777777779,-1.941179871559143
-1.1111111111111112,-2.8521108627319336
1.8888888888888888,-1.487074851989746
-6.222222222222222,-3.01947021484375
-0.1111111111111111,3.5487356185913086
4.0,4.417168617248535
-18.22222222222222,-4.516514778137207
-1.7777777777777777,-3.1635971069335938
-13.333333333333334,-2.4031476974487305
-7.666666666666667,-1.7956883907318115
-1.6666666666666667,-4.158988952636719
-4.444444444444445,0.3705154061317444
-11.444444444444445,-0.6912188529968262
2.888888888888889,1.5919990539550781
27.0,14.675192832946777
1.8888888888888888,-2.3513247966766357
-8.88888888888889,-1.7779605388641357
-4.888888888888889,-2.1721367835998535
-5.888888888888889,-2.35966157913208
-3.6666666666666665,-2.989649772644043
9.555555555555555,0.067154660820961
-1.6666666666666667,-3.4994747638702393
0.8888888888888888,-2.2931344509124756
-13.666666666666666,-2.8584952354431152
-3.555555555555556,-1.5178124904632568
-1.6666666666666667,-2.5950558185577393
8.88888888888889,7.93935489654541
-4.888888888888889,-2.6142046451568604
-3.888888888888889,-1.8426107168197632
-9.88888888888889,-4.323204040527344
-1.5555555555555556,-3.267674446105957
7.666666666666667,7.8445281982421875
3.7777777777777777,0.3684108257293701
12.666666666666666,-2.8953757286071777
-4.555555555555555,-2.8275792598724365
13.555555555555555,11.741788864135742
6.777777777777778,-2.975736379623413
-9.11111111111111,-3.5801491737365723
-2.555555555555556,-3.750795602798462
-1.4444444444444444,2.1280269622802734
-6.222222222222222,-0.6868499517440796
-7.555555555555555,-3.599196672439575
1.0,12.96658706665039
-1.4444444444444444,-2.891953945159912
-9.88888888888889,-2.3094379901885986
1.2222222222222223,-3.00417423248291
2.2222222222222223,-2.777752637863159
1.2222222222222223,0.2817595601081848
8.444444444444445,2.891326427459717
0.8888888888888888,0.471460223197937
-10.444444444444445,-2.311091184616089
4.444444444444445,-2.05232310295105
-1.6666666666666667,-1.7383126020431519
-3.888888888888889,-1.9781793355941772
3.2222222222222223,-2.9919991493225098
-5.666666666666667,5.666563034057617
-9.0,-3.169982433319092
8.777777777777779,17.145565032958984
1.5555555555555556,-4.041882038116455
-2.555555555555556,-2.2547082901000977
4.777777777777778,0.4006868004798889
-16.11111111111111,-3.347519874572754
-5.555555555555555,0.11668087542057037
-1.8888888888888888,-2.4651803970336914
25.11111111111111,12.37237548828125
-2.555555555555556,-2.6643903255462646
-12.0,-8.0476713180542
-10.333333333333334,-3.522047758102417
-7.333333333333333,-2.135739803314209
0.0,0.4460429549217224
1.8888888888888888,-2.6637330055236816
1.4444444444444444,-3.6053338050842285
19.55555555555556,1.6894891262054443
-5.222222222222222,0.8686192035675049
0.3333333333333333,7.663204669952393
1.1111111111111112,-3.151411533355713
25.666666666666668,11.157166481018066
-3.0,-2.5814573764801025
3.555555555555556,-2.21085262298584
4.222222222222222,-2.0318691730499268
1.7777777777777777,-2.729586362838745
31.444444444444443,-2.723841428756714
19.33333333333333,11.00710678100586
-1.6666666666666667,-2.0674197673797607
1.5555555555555556,0.9013387560844421
7.222222222222222,-1.901872992515564
-3.7777777777777777,-2.3702704906463623
-1.6666666666666667,-2.331468343734741
0.2222222222222222,-2.5662612915039062
3.7777777777777777,8.608757972717285
-2.0,-2.894683599472046
1.6666666666666667,-2.762516498565674
1.3333333333333333,-2.356782913208008
0.1111111111111111,-2.722870111465454
-1.0,-2.4110891819000244
7.0,-0.536261796951294
-3.111111111111111,-1.295717716217041
9.11111111111111,-0.12498021125793457
3.6666666666666665,-2.377974510192871
-4.888888888888889,-2.039444923400879
-1.6666666666666667,-2.448197841644287
-3.555555555555556,-0.48429012298583984
-1.4444444444444444,0.03677409887313843
-15.0,-1.030709981918335
1.0,-2.728508710861206
5.333333333333333,0.14472684264183044
5.444444444444445,-2.949759006500244
-3.0,-4.013401985168457
-2.333333333333333,10.99647045135498
-5.111111111111111,-1.6624650955200195
-3.6666666666666665,-1.4514780044555664
2.7777777777777777,0.5398695468902588
-8.777777777777779,-6.182379722595215
2.333333333333333,-2.887840986251831
3.4444444444444446,8.108048439025879
12.333333333333334,-2.168617010116577
-1.0,-5.261078834533691
1.6666666666666667,-3.2383906841278076
-1.1111111111111112,-1.2726686000823975
-5.0,-3.1063849925994873
-5.222222222222222,-2.9549341201782227
-4.777777777777778,-3.082395553588867
0.5555555555555556,-2.6644537448883057
6.0,7.618288993835449
13.77777777777778,11.452693939208984
6.666666666666667,-1.4393644332885742
-1.0,-2.0540261268615723
-3.7777777777777777,-1.7304390668869019
-5.777777777777778,-2.7032108306884766
-3.555555555555556,-8.024429321289062
0.2222222222222222,-2.465985059738159
-3.888888888888889,5.386722087860107
-3.0,-3.612464189529419
-5.888888888888889,-3.3691978454589844
5.0,8.61374568939209
-10.666666666666666,-2.80673885345459
-3.333333333333333,-1.0692251920700073
-9.666666666666666,-1.8376127481460571
2.7777777777777777,-2.04931640625
-7.333333333333333,-2.8449814319610596
19.22222222222222,12.826128959655762
-12.333333333333334,-3.416811943054199
-5.0,-3.965580701828003
-3.555555555555556,-3.7439699172973633
-13.666666666666666,-1.5134878158569336
6.777777777777778,10.219438552856445
1.3333333333333333,-1.9649579524993896
48.22222222222222,13.680038452148438
3.2222222222222223,3.197805881500244
-4.0,-2.532038450241089
10.77777777777778,-1.3117523193359375
-4.555555555555555,-6.065550804138184
10.333333333333334,-1.5697013139724731
0.8888888888888888,-1.803534746170044
-5.111111111111111,-2.0249218940734863
5.0,9.990327835083008
-25.77777777777778,-2.7075483798980713
-6.777777777777778,-2.429428815841675
6.111111111111111,-2.1114377975463867
-9.22222222222222,-2.6026663780212402
-5.111111111111111,-0.9774039387702942
1.7777777777777777,-2.7927069664001465
4.777777777777778,-2.2280232906341553
16.11111111111111,-1.9607903957366943
-0.8888888888888888,-2.524186372756958
-2.888888888888889,-3.075334072113037
4.666666666666667,4.410025119781494
-3.2222222222222223,-1.9305131435394287
11.0,2.957409143447876
6.777777777777778,12.15413761138916
-3.2222222222222223,-1.0173002481460571
5.111111111111111,-1.7438468933105469
-10.22222222222222,-4.401050090789795
2.333333333333333,-3.468050956726074
2.2222222222222223,-1.8602004051208496
-14.77777777777778,-19.270381927490234
0.8888888888888888,-3.064389228820801
-8.777777777777779,-1.0173002481460571
2.888888888888889,-2.5974767208099365
-5.333333333333333,-2.6415843963623047
-2.0,-1.3431596755981445
0.1111111111111111,-2.126535177230835
-1.0,-2.520369529724121
1.2222222222222223,-2.8948209285736084
11.444444444444445,-1.2214967012405396
-2.0,-2.0234215259552
-1.4444444444444444,-3.178354501724243
-5.333333333333333,-4.3036580085754395
-4.777777777777778,0.12857234477996826
-2.7777777777777777,-2.1700868606567383
4.333333333333333,1.2839369773864746
-0.8888888888888888,-2.920090675354004
7.222222222222222,-2.255485773086548
-6.777777777777778,-3.7353451251983643
28.22222222222222,8.727739334106445
6.555555555555555,4.207696914672852
0.8888888888888888,2.333639621734619
-6.555555555555555,-2.647841691970825
1.3333333333333333,-1.297980785369873
-1.5555555555555556,-4.3532609939575195
0.7777777777777778,-1.9759761095046997
-1.2222222222222223,-3.154597043991089
-7.333333333333333,-0.7203198075294495
-4.333333333333333,-0.862611711025238
-0.6666666666666666,-1.1025855541229248
-3.2222222222222223,-0.8738803863525391
-8.11111111111111,-1.5356258153915405
6.666666666666667,-2.649045467376709
-4.777777777777778,-3.425130605697632
-7.222222222222222,-2.7354204654693604
-4.222222222222222,-6.364157676696777
3.888888888888889,-1.7093576192855835
1.7777777777777777,-2.3858180046081543
-2.7777777777777777,-2.433764696121216
0.4444444444444444,-3.1654915809631348
-7.666666666666667,-1.48129141330719
10.0,-1.8807811737060547
2.0,-3.1183321475982666
1.4444444444444444,-2.163780450820923
3.2222222222222223,-1.5431277751922607
-6.111111111111111,-2.951726198196411
-2.0,-2.402885913848877
-6.888888888888889,-2.798344612121582
6.222222222222222,-2.5516116619110107
-5.111111111111111,-2.631227970123291
-3.4444444444444446,-2.3994033336639404
-3.333333333333333,-1.473242163658142
0.5555555555555556,0.915243923664093
-7.222222222222222,-4.928866863250732
2.111111111111111,0.1695215106010437
-1.6666666666666667,-3.340320110321045
19.88888888888889,9.85226058959961
-5.666666666666667,-2.5823910236358643
0.1111111111111111,-1.56532883644104
0.0,-4.3517022132873535
-1.4444444444444444,5.187320232391357
-1.4444444444444444,-1.918533444404602
1.1111111111111112,-4.055652141571045
-1.4444444444444444,-2.271872043609619
-4.777777777777778,-3.917146682739258
-16.88888888888889,-2.8179779052734375
-3.2222222222222223,-4.523390769958496
3.6666666666666665,-2.562502861022949
-5.555555555555555,-2.0295703411102295
0.7777777777777778,-3.006153106689453
0.4444444444444444,2.221390724182129
-1.3333333333333333,-2.4720253944396973
-1.5555555555555556,3.0526955127716064
-3.2222222222222223,-1.9216127395629883
14.88888888888889,9.520742416381836
-1.4444444444444444,-2.91349196434021
-0.6666666666666666,-3.841632604598999
-1.8888888888888888,-3.9184958934783936
0.4444444444444444,-3.610297203063965
-6.0,-2.3759255409240723
-47.22222222222222,-2.061306953430176
40.55555555555556,18.056289672851562
-7.666666666666667,-2.1783676147460938
2.6666666666666665,-3.855633020401001
-3.0,-2.2510323524475098
-1.5555555555555556,-3.2179837226867676
2.7777777777777777,0.03486347198486328
-3.7777777777777777,-3.2861127853393555
-8.555555555555555,-2.88686466217041
-3.7777777777777777,12.004440307617188
-1.7777777777777777,-2.989065647125244
3.0,-4.151225566864014
16.22222222222222,7.208352088928223
-7.0,-5.223635196685791
-4.666666666666667,-3.893638849258423
4.111111111111111,6.0094146728515625
-1.4444444444444444,-4.611055374145508
0.0,-3.1913371086120605
-3.111111111111111,-1.6336390972137451
1.5555555555555556,-0.891588568687439
-1.7777777777777777,-0.5182787179946899
-6.222222222222222,-1.1415849924087524
-5.666666666666667,-2.4749038219451904
-1.2222222222222223,-1.6243078708648682
-3.555555555555556,-1.6473774909973145
-12.77777777777778,0.23692800104618073
-3.0,-2.5693957805633545
-1.2222222222222223,-1.270614743232727
-10.22222222222222,-2.772766590118408
12.444444444444445,10.748312950134277
9.22222222222222,14.50903034210205
-5.777777777777778,-2.7899961471557617
-5.888888888888889,0.12198807299137115
0.3333333333333333,-3.4809036254882812
3.6666666666666665,0.8348104953765869
-3.0,-1.6839649677276611
-19.88888888888889,-3.0602922439575195
-6.333333333333333,-1.812034249305725
-0.2222222222222222,0.2618339955806732
-4.777777777777778,-0.7541207075119019
-3.888888888888889,-2.224884271621704
1.4444444444444444,-1.841103196144104
-2.888888888888889,1.7312387228012085
1.5555555555555556,5.73877477645874
-1.7777777777777777,-2.089290142059326
-12.333333333333334,-2.51102352142334
16.11111111111111,18.07537269592285
-3.888888888888889,-2.6895744800567627
-2.555555555555556,-2.440558433532715
2.888888888888889,-2.906090259552002
-3.2222222222222223,-0.9706248044967651
-0.6666666666666666,-2.984611988067627
13.666666666666666,27.878103256225586
11.333333333333334,-3.316859722137451
-7.666666666666667,-1.289072036743164
-15.555555555555555,-1.9593825340270996
-3.555555555555556,-2.030702590942383
-1.4444444444444444,-2.6520674228668213
-1.6666666666666667,-1.2301536798477173
-9.0,-3.6890358924865723
11.666666666666666,11.806905746459961
-20.88888888888889,-4.109797477722168
-5.777777777777778,-4.718667984008789
3.333333333333333,-2.151538372039795
1.4444444444444444,-2.453613042831421
-3.111111111111111,-3.10080623626709
1.2222222222222223,-2.8128974437713623
3.555555555555556,10.72563362121582
-9.444444444444445,-3.1959376335144043
-3.0,-3.19883131980896
-8.444444444444445,-1.5752427577972412
-0.6666666666666666,2.2577829360961914
-4.555555555555555,-1.7508786916732788
-2.2222222222222223,-2.8483922481536865
-0.5555555555555556,-2.7309517860412598
-4.333333333333333,-3.399030923843384
-2.4444444444444446,-4.470280647277832
-8.222222222222221,2.3787407875061035
-0.7777777777777778,-2.622220754623413
-17.555555555555557,-1.788465142250061
1.1111111111111112,-3.729672431945801
-0.1111111111111111,-1.9909157752990723
-3.888888888888889,-2.92089581489563
-5.666666666666667,-2.5257749557495117
0.4444444444444444,-1.613353967666626
-11.444444444444445,-1.289072036743164
-5.777777777777778,-2.3025758266448975
-2.4444444444444446,-3.0725104808807373
-1.3333333333333333,-3.570434808731079
-2.888888888888889,-2.7611746788024902
-0.2222222222222222,-4.280584812164307
3.4444444444444446,5.869439601898193
-15.77777777777778,-2.840376615524292
-1.8888888888888888,-2.7125096321105957
2.111111111111111,8.735236167907715
2.888888888888889,-3.4411089420318604
4.333333333333333,-1.7547550201416016
-4.444444444444445,-2.4276227951049805
16.555555555555557,23.550180435180664
0.8888888888888888,-3.4644479751586914
-0.4444444444444444,-1.797527551651001
-17.0,7.224140644073486
-1.7777777777777777,-2.243311882019043
-5.888888888888889,-5.2669196128845215
5.111111111111111,10.719781875610352
-1.2222222222222223,-0.0979994386434555
3.7777777777777777,-1.6326771974563599
22.77777777777778,27.293140411376953
0.5555555555555556,-1.252074122428894
4.111111111111111,-5.293030738830566
4.0,-0.42925405502319336
-3.2222222222222223,-2.3216195106506348
21.33333333333333,6.950863361358643
5.333333333333333,-3.720418930053711
11.11111111111111,-2.7364325523376465
-3.2222222222222223,-2.9776158332824707
0.2222222222222222,2.557708740234375
-2.2222222222222223,-3.1339685916900635
-24.33333333333333,-2.6636552810668945
-3.333333333333333,-1.8257105350494385
5.555555555555555,-1.7668887376785278
2.2222222222222223,-2.713717460632324
-0.3333333333333333,-3.2498552799224854
-0.3333333333333333,-3.8690707683563232
-0.1111111111111111,-1.2836825847625732
-3.4444444444444446,-1.403555154800415
-1.1111111111111112,-2.168823003768921
-9.88888888888889,-3.2260491847991943
1.4444444444444444,-2.3141143321990967
-5.555555555555555,-4.735513687133789
-12.444444444444445,-3.0821549892425537
3.333333333333333,-2.1874048709869385
8.222222222222221,-4.3773651123046875
-9.555555555555555,-2.2006618976593018
-0.8888888888888888,-3.3233883380889893
-2.333333333333333,-5.169659614562988
-0.6666666666666666,-2.3907628059387207
-1.7777777777777777,-2.901772975921631
17.88888888888889,3.359961748123169
-5.888888888888889,-1.3912569284439087
-0.7777777777777778,-2.182957887649536
-3.0,-0.13475769758224487
-1.2222222222222223,-1.9645682573318481
-6.555555555555555,-2.280198812484741
-5.888888888888889,8.285901069641113
1.7777777777777777,-2.1941800117492676
-8.444444444444445,-2.205536365509033
1.4444444444444444,1.7820897102355957
-0.4444444444444444,-2.8349051475524902
0.1111111111111111,-2.3118579387664795
-5.111111111111111,-3.505718231201172
-12.0,-4.831701755523682
-3.333333333333333,-2.1027722358703613
-3.333333333333333,-3.9303476810455322
5.0,-1.4131697416305542
-0.6666666666666666,-2.693129062652588
3.6666666666666665,-2.514857053756714
-6.444444444444445,-2.5853264331817627
6.111111111111111,0.2426421344280243
-6.222222222222222,-1.3612457513809204
-3.0,-3.2507877349853516
-0.3333333333333333,-1.6818898916244507
-3.555555555555556,-2.19726300239563
-7.333333333333333,-3.246204137802124
27.55555555555556,10.053061485290527
-8.444444444444445,-2.762727975845337
-0.1111111111111111,-2.9665725231170654
2.888888888888889,-1.6862066984176636
-0.5555555555555556,-2.711275577545166
4.777777777777778,7.120614528656006
-2.6666666666666665,-2.5264065265655518
-37.888888888888886,-2.9840996265411377
-0.4444444444444444,-2.2775092124938965
-6.888888888888889,17.71042823791504
-6.0,-2.468005418777466
-2.888888888888889,-2.2399344444274902
4.0,-1.7192505598068237
-1.4444444444444444,-1.6818222999572754
-2.555555555555556,2.6583094596862793
-3.0,-2.7273597717285156
1.4444444444444444,-1.879058599472046
0.3333333333333333,-1.2324331998825073
-1.5555555555555556,-2.8818256855010986
-2.888888888888889,-2.9777626991271973
-5.888888888888889,-2.58550763130188
1.7777777777777777,-3.068894386291504
-6.444444444444445,-2.810260057449341
12.333333333333334,8.700604438781738
1.1111111111111112,-2.048570394515991
-2.555555555555556,-1.8860793113708496
-3.111111111111111,-1.806841492652893
-1.4444444444444444,-1.7590141296386719
-12.333333333333334,-2.75058650970459
12.555555555555555,12.49914836883545
-6.777777777777778,-2.737199306488037
-0.8888888888888888,-3.9362854957580566
5.222222222222222,-2.5279700756073
-2.111111111111111,-0.8703998327255249
0.0,7.367867469787598
-0.8888888888888888,-2.5108227729797363
1.4444444444444444,-1.6716803312301636
0.4444444444444444,-3.853010892868042
1.3333333333333333,-3.568020820617676
-6.777777777777778,-2.934858798980713
-7.777777777777778,-3.806678056716919
7.555555555555555,-1.4443137645721436
-24.55555555555556,-3.7515604496002197
32.22222222222222,31.518693923950195
9.333333333333334,-2.206930637359619
8.777777777777779,4.966485500335693
-4.777777777777778,-4.003641128540039
-6.333333333333333,-2.1877832412719727
