Score,Pred Score
-0.6666666666666666,4.529690742492676
7.333333333333333,8.34754753112793
-0.4444444444444444,16.070178985595703
-4.111111111111111,16.851207733154297
-7.333333333333333,8.406476020812988
1.3333333333333333,9.07494068145752
-8.444444444444445,18.16091537475586
1.6666666666666667,39.41374206542969
3.333333333333333,18.688522338867188
2.111111111111111,2.576740264892578
0.1111111111111111,37.50473403930664
11.22222222222222,0.9754577875137329
-3.111111111111111,7.973769664764404
-3.888888888888889,-3.012646198272705
14.11111111111111,6.89418888092041
-4.444444444444445,10.02843189239502
6.0,14.091689109802246
12.555555555555555,10.682209014892578
-0.8888888888888888,10.589781761169434
-4.0,5.910917282104492
-1.1111111111111112,23.999235153198242
-3.555555555555556,-2.5031142234802246
-10.666666666666666,10.485030174255371
9.11111111111111,-2.2158374786376953
-1.7777777777777777,16.594985961914062
-3.4444444444444446,9.394643783569336
23.22222222222222,11.15792465209961
0.8888888888888888,-5.274665832519531
0.3333333333333333,-4.336500644683838
-3.7777777777777777,88.85844421386719
2.111111111111111,12.14678955078125
-2.2222222222222223,9.298233985900879
-2.2222222222222223,-0.16915607452392578
3.111111111111111,9.682494163513184
0.1111111111111111,9.866155624389648
-2.555555555555556,26.367034912109375
-0.2222222222222222,-1.772560715675354
3.111111111111111,13.991087913513184
-4.444444444444445,23.417015075683594
-5.222222222222222,11.662212371826172
4.0,13.921539306640625
-4.777777777777778,11.114880561828613
1.0,1.0093402862548828
-4.111111111111111,-48.23966979980469
-4.777777777777778,8.607507705688477
14.11111111111111,-0.20005130767822266
2.2222222222222223,-51.37675857543945
-4.888888888888889,24.50830841064453
-6.888888888888889,8.235590934753418
-9.444444444444445,4.9932708740234375
13.666666666666666,-16.71175193786621
3.4444444444444446,7.362788200378418
-8.222222222222221,-5.205489635467529
5.777777777777778,12.211552619934082
0.0,16.558364868164062
13.666666666666666,11.253087043762207
-1.0,-1.3312311172485352
7.333333333333333,-6.032604217529297
-2.888888888888889,-13.874406814575195
-7.111111111111111,19.12626075744629
-1.2222222222222223,11.206439018249512
0.0,13.309497833251953
-7.666666666666667,14.765274047851562
-1.5555555555555556,7.097074508666992
11.88888888888889,4.792927265167236
-4.666666666666667,-6.311678409576416
-10.333333333333334,-18.094703674316406
-9.555555555555555,-9.200937271118164
-2.6666666666666665,0.022107958793640137
-3.333333333333333,-12.026926040649414
1.8888888888888888,5.618727684020996
-5.666666666666667,-11.551888465881348
-3.888888888888889,-1.5520319938659668
-1.5555555555555556,13.546806335449219
-1.8888888888888888,1.9927148818969727
-7.888888888888889,-18.575448989868164
0.4444444444444444,-25.46018409729004
3.555555555555556,-7.19127082824707
-0.8888888888888888,4.009438514709473
-5.777777777777778,-5.175119876861572
-2.888888888888889,-8.038113594055176
-2.111111111111111,-3.33121657371521
46.333333333333336,-18.880651473999023
0.8888888888888888,-3.8666067123413086
1.1111111111111112,-1.5143413543701172
0.0,-13.064942359924316
10.0,5.164002418518066
-1.1111111111111112,10.319320678710938
8.555555555555555,2.4534759521484375
-4.777777777777778,6.604581832885742
0.2222222222222222,-1.4051413536071777
8.222222222222221,-7.752798080444336
10.11111111111111,6.95344352722168
-2.555555555555556,-4.2935333251953125
-4.888888888888889,0.2853517532348633
20.88888888888889,3.4246134757995605
19.33333333333333,6.516407489776611
-1.3333333333333333,0.7549014091491699
-4.111111111111111,12.811201095581055
-2.7777777777777777,-17.443588256835938
9.0,1.2815947532653809
-6.111111111111111,4.578622341156006
-3.7777777777777777,-12.093650817871094
-5.0,-1.7405576705932617
-3.0,2.260883331298828
-6.222222222222222,10.403083801269531
-6.333333333333333,4.2176642417907715
-1.8888888888888888,-79.5130386352539
3.111111111111111,-26.795337677001953
-4.888888888888889,-0.5724630355834961
6.777777777777778,13.512345314025879
-4.444444444444445,-11.619913101196289
7.666666666666667,-14.507526397705078
0.5555555555555556,-13.555021286010742
-7.0,-12.151965141296387
-10.0,-4.781414985656738
-0.5555555555555556,-0.47130340337753296
0.1111111111111111,-1.0416946411132812
-3.4444444444444446,-3.971527099609375
6.777777777777778,-5.940094470977783
-6.0,-13.577925682067871
-3.333333333333333,-0.16850519180297852
8.777777777777779,1.8526573181152344
-6.333333333333333,2.6044139862060547
-7.444444444444445,-8.575180053710938
0.1111111111111111,-4.258412837982178
-4.0,-29.808671951293945
6.222222222222222,-2.563267707824707
-3.4444444444444446,10.975052833557129
4.777777777777778,0.306640625
-2.111111111111111,15.53774642944336
-4.111111111111111,199.8184356689453
11.88888888888889,2.609001874923706
-0.5555555555555556,-2.6424546241760254
4.444444444444445,-19.543533325195312
-0.3333333333333333,-0.60345458984375
-4.555555555555555,0.11641073226928711
-0.7777777777777778,-1.0203709602355957
-2.2222222222222223,108.31420135498047
-5.222222222222222,-23.74266815185547
10.444444444444445,12.151188850402832
-3.4444444444444446,22.181482315063477
-3.7777777777777777,9.335625648498535
0.2222222222222222,-9.653352737426758
-4.0,13.575177192687988
-22.444444444444443,8.434195518493652
-5.777777777777778,-3.2948198318481445
-4.222222222222222,217.77906799316406
-2.333333333333333,3.8330078125
5.555555555555555,5.644996166229248
23.0,6.675054550170898
4.777777777777778,13.953569412231445
-18.88888888888889,-3.97812557220459
-10.22222222222222,-14.819527626037598
5.222222222222222,1.3430590629577637
-5.0,291.1150817871094
7.444444444444445,-3.9327802658081055
6.333333333333333,14.729972839355469
1.4444444444444444,-0.7308139801025391
-0.8888888888888888,16.19686508178711
3.111111111111111,17.418792724609375
0.5555555555555556,0.498687744140625
-1.8888888888888888,-9.514671325683594
-11.77777777777778,0.498687744140625
-5.555555555555555,10.611413955688477
-1.3333333333333333,4.455447673797607
-1.8888888888888888,1.2465238571166992
0.0,9.072229385375977
0.8888888888888888,-1.749481201171875
5.0,1.3416286706924438
2.4444444444444446,8.981839179992676
-0.1111111111111111,39.62126159667969
2.111111111111111,15.053613662719727
-0.2222222222222222,9.211216926574707
19.444444444444443,12.142234802246094
3.7777777777777777,-15.658525466918945
-3.111111111111111,8.270090103149414
7.555555555555555,10.535150527954102
1.5555555555555556,-2.4616165161132812
-1.1111111111111112,4.241062164306641
-1.6666666666666667,3.3384780883789062
3.111111111111111,16.262659072875977
-1.6666666666666667,136.48301696777344
1.3333333333333333,2.277582883834839
-10.555555555555555,-7.1730146408081055
-5.333333333333333,136.73973083496094
-0.8888888888888888,13.721463203430176
-6.111111111111111,9.445849418640137
-12.333333333333334,17.907047271728516
-6.111111111111111,9.879100799560547
-6.111111111111111,11.329496383666992
-10.22222222222222,274.3090515136719
4.444444444444445,-10.38139820098877
-2.555555555555556,13.486562728881836
-8.777777777777779,7.607366561889648
-14.555555555555555,13.502320289611816
-15.0,3.286952018737793
31.33333333333333,10.615791320800781
-20.11111111111111,-1.0305614471435547
-3.4444444444444446,-1.3550255298614502
-0.1111111111111111,3.261089324951172
-1.3333333333333333,4.744841575622559
1.6666666666666667,14.719791412353516
-4.888888888888889,12.499042510986328
2.333333333333333,2.2776222229003906
-13.333333333333334,-5.127399444580078
0.5555555555555556,0.09370613098144531
1.2222222222222223,-2.9447708129882812
-8.777777777777779,-3.777118444442749
-0.2222222222222222,8.293701171875
3.2222222222222223,-6.130801200866699
-2.7777777777777777,-8.226422309875488
-3.333333333333333,10.142073631286621
-5.0,-9.852531433105469
-3.333333333333333,0.5281181335449219
-6.777777777777778,-39.44125747680664
1.0,8.157737731933594
-4.444444444444445,-7.937134742736816
-2.111111111111111,9.98325252532959
-20.55555555555556,-1.623453140258789
3.333333333333333,-3.0371108055114746
-4.777777777777778,0.4275088310241699
-1.4444444444444444,-16.341394424438477
-9.11111111111111,-1.9630699157714844
-12.666666666666666,3.230304718017578
-21.11111111111111,3.351024627685547
3.555555555555556,-10.203258514404297
-4.777777777777778,-2.8999197483062744
-5.888888888888889,1.9138976335525513
-7.555555555555555,-2.3559796810150146
-3.555555555555556,-3.504772186279297
3.0,13.736506462097168
4.0,14.803120613098145
-5.333333333333333,12.810670852661133
17.444444444444443,9.186542510986328
-11.77777777777778,-2.218210220336914
-4.888888888888889,8.176006317138672
6.444444444444445,-5.620701789855957
4.0,-8.637434005737305
-9.88888888888889,-1.48917818069458
15.77777777777778,8.249805450439453
0.6666666666666666,-3.4179978370666504
-9.444444444444445,5.9261603355407715
-1.7777777777777777,10.297017097473145
2.333333333333333,3.866488456726074
-4.222222222222222,7.3732099533081055
-8.11111111111111,-8.222092628479004
1.8888888888888888,-3.5141115188598633
-12.555555555555555,-1.8546557426452637
5.444444444444445,-1.4494123458862305
-3.111111111111111,4.150355339050293
-2.555555555555556,5.321798324584961
5.666666666666667,-23.54117202758789
1.4444444444444444,8.192419052124023
-3.0,-19.34703826904297
-0.1111111111111111,4.958967685699463
1.1111111111111112,8.550350189208984
-0.8888888888888888,11.796948432922363
-7.333333333333333,3.895887851715088
-13.77777777777778,-23.8861083984375
0.7777777777777778,-1.8630170822143555
-2.6666666666666665,9.95993709564209
-19.55555555555556,-8.046638488769531
5.0,1.4105228185653687
-2.2222222222222223,1.9563632011413574
1.0,-0.7833085060119629
-3.0,12.256772994995117
-3.888888888888889,0.9897515773773193
-3.4444444444444446,45.042640686035156
5.0,-7.6443939208984375
19.22222222222222,2.57100772857666
-2.4444444444444446,-13.031892776489258
6.222222222222222,-1.0864284038543701
-5.333333333333333,1.7975016832351685
-10.77777777777778,-11.805351257324219
0.0,-3.579808235168457
1.8888888888888888,5.696393966674805
21.55555555555556,-0.6565189361572266
-7.777777777777778,-7.2017621994018555
-7.222222222222222,28.192304611206055
-1.7777777777777777,14.130464553833008
5.444444444444445,-2.134136199951172
-3.888888888888889,-0.4657055139541626
-8.222222222222221,37.23009490966797
6.111111111111111,21.9520206451416
2.7777777777777777,6.613065719604492
-6.333333333333333,1.1863479614257812
0.2222222222222222,-5.549676418304443
-7.777777777777778,21.524944305419922
1.2222222222222223,-10.83856201171875
3.4444444444444446,-9.917237281799316
-2.888888888888889,21.765609741210938
14.88888888888889,1.5404744148254395
-1.7777777777777777,15.327662467956543
-3.888888888888889,-5.920647621154785
-5.777777777777778,-1.8929452896118164
27.11111111111111,-5.511165618896484
1.7777777777777777,-0.6265792846679688
0.3333333333333333,-13.622526168823242
-12.77777777777778,-9.234798431396484
27.88888888888889,2.641348361968994
-4.222222222222222,4.085315704345703
-1.2222222222222223,-6.36216926574707
-3.0,3.522641658782959
3.6666666666666665,-2.403935194015503
-1.5555555555555556,6.029316425323486
-4.222222222222222,-3.44834303855896
-0.7777777777777778,-0.37502169609069824
6.777777777777778,1.8800983428955078
-0.7777777777777778,87.45347595214844
-8.777777777777779,-2.3374173641204834
0.2222222222222222,3.4535598754882812
-0.2222222222222222,-7.43223762512207
-8.0,11.130146026611328
-4.333333333333333,-6.197183609008789
-3.0,-0.06278419494628906
-7.666666666666667,8.628164291381836
1.1111111111111112,25.608436584472656
-0.5555555555555556,1.2316350936889648
-2.111111111111111,14.929755210876465
-7.555555555555555,-3.2148051261901855
17.666666666666668,1.6277618408203125
-8.11111111111111,-18.670284271240234
19.55555555555556,-5.650251388549805
-6.555555555555555,7.165855884552002
10.555555555555555,-11.229451179504395
-14.444444444444445,-21.14542007446289
6.666666666666667,-9.741682052612305
-3.888888888888889,-0.6758031845092773
-6.333333333333333,-7.639026641845703
-6.666666666666667,-8.395512580871582
-4.444444444444445,-2.5305709838867188
-2.111111111111111,-20.340240478515625
-10.333333333333334,-67.729736328125
-6.111111111111111,-3.2302498817443848
20.666666666666668,-0.31861209869384766
-5.444444444444445,-4.950046062469482
7.555555555555555,-6.81321382522583
-1.4444444444444444,0.04390668869018555
-7.222222222222222,-7.516329765319824
-3.111111111111111,-9.42418384552002
-3.555555555555556,-13.301015853881836
-2.4444444444444446,-132.78692626953125
-1.1111111111111112,11.706686019897461
-7.555555555555555,-72.35013580322266
10.11111111111111,-2.8611388206481934
-1.4444444444444444,-37.4298210144043
-2.333333333333333,-6.01133394241333
-1.6666666666666667,1.557652473449707
8.88888888888889,-8.994420051574707
-3.888888888888889,-8.958847045898438
-6.222222222222222,2.801870346069336
-11.88888888888889,-47.70789337158203
-1.5555555555555556,-116.23823547363281
7.111111111111111,5.73406982421875
4.666666666666667,-3.847261428833008
2.4444444444444446,-10.571004867553711
1.5555555555555556,-35.23040771484375
3.333333333333333,-1.4111862182617188
-10.11111111111111,-17.20268440246582
-8.444444444444445,-19.668407440185547
-2.555555555555556,-9.579094886779785
2.4444444444444446,5.345097064971924
2.888888888888889,-5.524508953094482
-4.111111111111111,1.4487886428833008
-10.444444444444445,-20.957406997680664
17.666666666666668,-0.8236045837402344
27.77777777777778,-5.92190408706665
-1.7777777777777777,-46.072628021240234
11.88888888888889,-11.739692687988281
0.5555555555555556,1.1002306938171387
6.444444444444445,-6.88686466217041
-4.0,-21.933151245117188
-7.444444444444445,-16.46463966369629
-4.555555555555555,-3.1428160667419434
12.333333333333334,-0.6155898571014404
6.0,-2.1694765090942383
-2.0,-0.14299726486206055
1.6666666666666667,-5.652571678161621
17.333333333333332,-2.541889190673828
10.11111111111111,1.596163272857666
-1.2222222222222223,6.082809925079346
5.666666666666667,0.17781394720077515
-3.0,-10.001786231994629
-0.2222222222222222,0.42213916778564453
6.888888888888889,3.7143936157226562
1.4444444444444444,-9.691987991333008
-1.2222222222222223,-62.09833908081055
-2.333333333333333,3.692654609680176
-7.888888888888889,0.06159472465515137
20.22222222222222,4.258018970489502
-6.111111111111111,7.384221076965332
-12.444444444444445,8.52807331085205
-7.888888888888889,9.77493667602539
1.2222222222222223,-2.8657236099243164
-2.888888888888889,7.153086185455322
-17.333333333333332,4.271396160125732
0.0,-2.9328246116638184
5.222222222222222,6.511175155639648
5.111111111111111,-7.111611843109131
-5.444444444444445,1.7354001998901367
10.22222222222222,-5.9290690422058105
-1.6666666666666667,13.835416793823242
-4.444444444444445,22.377660751342773
18.11111111111111,-3.8165478706359863
-4.777777777777778,6.004295349121094
5.333333333333333,-4.437840461730957
-2.555555555555556,-0.5669550895690918
5.888888888888889,4.6650495529174805
8.11111111111111,4.567261695861816
-0.4444444444444444,6.20188570022583
-5.444444444444445,11.232433319091797
-0.6666666666666666,4.385040283203125
-5.444444444444445,-12.591146469116211
-17.0,4.089846611022949
-1.0,34.430049896240234
2.333333333333333,-2.414613723754883
0.2222222222222222,-4.228253364562988
-2.7777777777777777,4.647163391113281
-6.777777777777778,3.2779531478881836
0.4444444444444444,-0.016077041625976562
0.6666666666666666,-103.92778778076172
-0.7777777777777778,5.3082404136657715
-7.555555555555555,33.648193359375
-7.333333333333333,5.391540050506592
-12.77777777777778,19.104379653930664
0.2222222222222222,4.4553680419921875
9.77777777777778,-4.807920932769775
-6.222222222222222,0.3046302795410156
-4.888888888888889,-5.683291435241699
-10.11111111111111,-1.2942547798156738
-8.777777777777779,3.6002964973449707
-2.111111111111111,8.277298927307129
1.6666666666666667,27.884275436401367
-0.7777777777777778,-0.25815248489379883
-0.1111111111111111,-5.802520751953125
-0.5555555555555556,6.822894096374512
-6.666666666666667,-5.9290690422058105
-9.88888888888889,23.511730194091797
-8.666666666666666,-14.08798599243164
0.6666666666666666,2.9755029678344727
-0.7777777777777778,2.148125171661377
0.3333333333333333,-0.34967315196990967
1.3333333333333333,6.3488311767578125
-2.2222222222222223,15.937278747558594
-6.444444444444445,97.52720642089844
2.4444444444444446,-19.42926788330078
-5.555555555555555,-9.670573234558105
-8.444444444444445,-0.5922689437866211
15.0,-6.3458709716796875
2.2222222222222223,-26.294925689697266
2.6666666666666665,-10.8468599319458
-2.7777777777777777,-53.91720962524414
-5.222222222222222,1.6217327117919922
-8.555555555555555,14.474501609802246
-3.0,6.824675559997559
-1.6666666666666667,3.3491029739379883
-1.0,-4.53756046295166
-0.4444444444444444,3.3044795989990234
37.11111111111112,-1.4593257904052734
-4.444444444444445,-0.9111795425415039
0.5555555555555556,-10.893518447875977
-16.0,-31.993831634521484
-10.22222222222222,-13.394110679626465
-2.333333333333333,-8.997527122497559
-4.333333333333333,-1.6195716857910156
-1.8888888888888888,-1.643928050994873
-4.777777777777778,-4.120612621307373
-8.666666666666666,-2.400496482849121
0.5555555555555556,-2.781902551651001
17.333333333333332,-7.855168342590332
1.5555555555555556,-1.5749337673187256
-4.222222222222222,-0.9599332809448242
-6.111111111111111,-5.74098014831543
6.222222222222222,-24.41885757446289
-1.3333333333333333,-40.60328674316406
6.333333333333333,14.691817283630371
9.444444444444445,-14.01508617401123
-0.1111111111111111,-51.65343475341797
-6.0,-5.533314228057861
-4.666666666666667,-7.376761436462402
-6.666666666666667,-7.3800787925720215
12.77777777777778,-10.035006523132324
0.2222222222222222,0.15012168884277344
-14.555555555555555,-1.7219691276550293
-9.333333333333334,-17.576942443847656
2.6666666666666665,-1.735260009765625
-1.3333333333333333,8.98883056640625
-12.555555555555555,-3.767120361328125
-8.777777777777779,-9.684782981872559
2.6666666666666665,1.355459213256836
-7.222222222222222,-136.10813903808594
2.6666666666666665,-20.395769119262695
-6.444444444444445,2.931774139404297
-42.55555555555556,-22.4229793548584
4.777777777777778,3.5020370483398438
0.5555555555555556,21.13345718383789
-9.666666666666666,-7.235912322998047
9.77777777777778,1.608555793762207
9.444444444444445,-0.22334599494934082
-2.7777777777777777,-26.304529190063477
2.0,-4.712968826293945
-2.111111111111111,-20.434179306030273
-10.666666666666666,-4.656826496124268
-3.888888888888889,-8.862544059753418
-0.6666666666666666,-12.544986724853516
-6.111111111111111,-1.2080575227737427
-2.555555555555556,-7.326992034912109
-5.444444444444445,5.850585460662842
-3.6666666666666665,-5.109823703765869
2.555555555555556,-0.29923105239868164
4.333333333333333,-1.243025302886963
-5.555555555555555,-5.46050500869751
-0.6666666666666666,111.55860137939453
-1.6666666666666667,-2.8195102214813232
1.5555555555555556,8.940902709960938
-8.0,11.010490417480469
1.2222222222222223,5.376719951629639
12.333333333333334,0.9398508071899414
0.4444444444444444,19.7393798828125
0.2222222222222222,0.15143060684204102
0.4444444444444444,6.929291248321533
0.1111111111111111,14.719367980957031
0.3333333333333333,1.632994294166565
1.2222222222222223,7.039334297180176
-1.4444444444444444,10.971768379211426
2.888888888888889,1.1100578308105469
14.88888888888889,10.770341873168945
0.1111111111111111,11.329519271850586
-4.888888888888889,7.3393659591674805
19.55555555555556,7.562160968780518
-3.7777777777777777,26.377361297607422
-2.7777777777777777,0.6782941818237305
-4.0,54.88835144042969
-4.111111111111111,-0.3578314781188965
-0.1111111111111111,-1.9454936981201172
2.333333333333333,16.429794311523438
0.6666666666666666,8.820513725280762
1.0,1.561226725578308
-5.111111111111111,9.77227783203125
-1.2222222222222223,11.889701843261719
-3.111111111111111,-4.669964790344238
-16.333333333333332,10.795188903808594
-7.555555555555555,15.02674674987793
-7.777777777777778,4.595609664916992
-1.5555555555555556,6.364648342132568
-7.333333333333333,19.145851135253906
1.1111111111111112,19.015274047851562
3.333333333333333,1.535146713256836
-6.444444444444445,-3.4077377319335938
-6.0,16.814239501953125
-1.7777777777777777,2.239354133605957
3.2222222222222223,-2.0172243118286133
1.0,6.595575332641602
-8.0,56.10718536376953
0.4444444444444444,7.026756286621094
1.8888888888888888,22.38030433654785
8.88888888888889,10.474152565002441
-0.5555555555555556,8.796375274658203
-8.444444444444445,0.8603487014770508
0.4444444444444444,-14.618979454040527
-2.7777777777777777,-2.5955610275268555
-3.6666666666666665,3.0197319984436035
-5.222222222222222,17.77716827392578
-10.555555555555555,22.96207046508789
0.6666666666666666,1.9760980606079102
8.0,26.23558807373047
0.2222222222222222,0.519127368927002
-2.6666666666666665,1.9513850212097168
-5.111111111111111,-2.5519604682922363
-9.333333333333334,15.894991874694824
-0.3333333333333333,4.840628147125244
2.6666666666666665,-9.774246215820312
-8.88888888888889,-6.046611785888672
-5.555555555555555,7.972980976104736
1.5555555555555556,18.20268440246582
-4.444444444444445,0.37452030181884766
-8.0,-22.603042602539062
5.222222222222222,16.15058708190918
-1.8888888888888888,-3.0011937618255615
-7.555555555555555,-2.779606819152832
4.0,-5.870272636413574
0.1111111111111111,0.6320757865905762
1.4444444444444444,5.811309337615967
-2.0,-9.90775203704834
-2.7777777777777777,-3.9871957302093506
-6.555555555555555,1.8384456634521484
-8.666666666666666,-14.771135330200195
-5.0,-2.1665878295898438
-3.7777777777777777,6.971802234649658
9.555555555555555,-3.879403591156006
-10.22222222222222,6.127730369567871
9.0,1.0600887537002563
-2.7777777777777777,4.534441947937012
-1.5555555555555556,4.788520336151123
-1.8888888888888888,-1.9125590324401855
2.4444444444444446,-2.4625866413116455
-5.222222222222222,6.728023529052734
-1.6666666666666667,2.1335673332214355
5.888888888888889,-6.088677406311035
-6.666666666666667,0.2983570098876953
-0.2222222222222222,-6.833817481994629
-6.666666666666667,-1.4217338562011719
-5.111111111111111,-11.009845733642578
0.3333333333333333,-2.3718338012695312
-0.4444444444444444,1.0700888633728027
-4.444444444444445,-1.9158854484558105
3.4444444444444446,-4.296454906463623
-0.7777777777777778,0.19369983673095703
-9.555555555555555,-2.371337890625
-5.333333333333333,-0.48933839797973633
5.222222222222222,1.6334972381591797
6.444444444444445,-5.230963706970215
5.111111111111111,-16.660383224487305
4.888888888888889,-4.364020824432373
-6.0,-0.6638917922973633
-5.666666666666667,0.4499410390853882
37.77777777777778,0.7545409202575684
-7.111111111111111,1.335540771484375
-1.4444444444444444,-79.0820541381836
6.777777777777778,4.347908020019531
-9.444444444444445,-69.12846374511719
-6.333333333333333,-0.2425658106803894
-0.4444444444444444,-3.6307625770568848
5.111111111111111,2.759665012359619
9.11111111111111,-86.54434204101562
-1.7777777777777777,-53.59770584106445
-7.888888888888889,2.0685439109802246
-3.6666666666666665,0.3375868797302246
-2.888888888888889,-5.445216178894043
-8.0,2.850958824157715
-2.4444444444444446,-10.649192810058594
7.888888888888889,-2.738068103790283
-0.2222222222222222,3.0010461807250977
-0.5555555555555556,5.92354679107666
-2.7777777777777777,-7.368956089019775
-3.555555555555556,-4.093702793121338
-0.5555555555555556,9.731917381286621
-2.111111111111111,-3.288660764694214
-1.5555555555555556,-0.6448745727539062
2.4444444444444446,12.459096908569336
-8.11111111111111,7.9365949630737305
-0.6666666666666666,42.79718780517578
3.0,-0.08134841918945312
-1.4444444444444444,4.788128852844238
9.666666666666666,8.770028114318848
3.111111111111111,0.14763116836547852
-12.555555555555555,-3.353891611099243
4.666666666666667,4.752120494842529
-12.0,-2.8084278106689453
-10.88888888888889,3.7181520462036133
17.11111111111111,4.324769496917725
9.22222222222222,-0.1689291000366211
-1.3333333333333333,-5.600796222686768
5.666666666666667,3.2596001625061035
-5.666666666666667,5.014385223388672
-3.888888888888889,-2.8458900451660156
-8.11111111111111,7.236855506896973
-9.444444444444445,8.771468162536621
-2.7777777777777777,-3.5618762969970703
-5.888888888888889,-1.8106927871704102
8.555555555555555,-5.895223140716553
-3.555555555555556,7.565250396728516
2.555555555555556,1.940408706665039
-25.22222222222222,-2.1283836364746094
5.888888888888889,4.123739242553711
-2.7777777777777777,7.055212497711182
-6.444444444444445,4.734470367431641
-17.444444444444443,5.026373386383057
-0.1111111111111111,7.2496442794799805
-4.666666666666667,31.780059814453125
-1.7777777777777777,-8.219295501708984
-0.2222222222222222,11.419161796569824
6.111111111111111,0.0776968002319336
-5.444444444444445,5.579931259155273
-4.222222222222222,-11.408123016357422
-3.6666666666666665,12.893274307250977
-2.4444444444444446,-1.0513935089111328
-10.0,-3.602785110473633
8.333333333333334,2.1859683990478516
25.55555555555556,6.887412071228027
-2.555555555555556,9.666070938110352
-4.555555555555555,-1.8020577430725098
-1.3333333333333333,5.939271926879883
22.666666666666668,3.1904497146606445
3.2222222222222223,5.468106746673584
-3.2222222222222223,6.715992450714111
-1.2222222222222223,17.212421417236328
-1.1111111111111112,-1.4338464736938477
-6.111111111111111,-5.490893363952637
-12.555555555555555,4.151712417602539
13.11111111111111,2.560364246368408
8.88888888888889,-0.17592811584472656
-2.2222222222222223,1.6664061546325684
-8.666666666666666,7.19004487991333
-11.555555555555555,5.2473907470703125
-3.2222222222222223,4.470834255218506
-2.0,1.354780673980713
-1.5555555555555556,-1.7073445320129395
-6.111111111111111,39.62158203125
2.0,6.030027389526367
-8.333333333333334,8.040627479553223
-2.4444444444444446,71.51995849609375
4.222222222222222,1.6924347877502441
26.22222222222222,-11.453182220458984
-5.0,-5.897881507873535
-2.2222222222222223,5.504842758178711
1.1111111111111112,-13.523162841796875
-10.0,-5.797584533691406
4.555555555555555,-24.212093353271484
3.6666666666666665,-5.135462760925293
-11.666666666666666,-17.078304290771484
12.22222222222222,-36.0623779296875
-0.3333333333333333,-6.721838474273682
-9.11111111111111,-7.242937088012695
-1.4444444444444444,-0.7801744937896729
-3.4444444444444446,-11.64639663696289
-10.11111111111111,-14.163064002990723
-2.111111111111111,-62.85813522338867
15.666666666666666,-4.558506488800049
-3.888888888888889,-4.123738765716553
-3.2222222222222223,-2.505979537963867
2.0,-12.363921165466309
-4.666666666666667,-10.69333553314209
1.7777777777777777,4.859467506408691
1.0,-138.2244873046875
-1.3333333333333333,-15.812051773071289
-5.222222222222222,-11.446572303771973
-0.2222222222222222,3.235502004623413
-3.0,-2.5983238220214844
-6.555555555555555,-10.314067840576172
-1.3333333333333333,-57.61964797973633
-2.111111111111111,-7.398608684539795
9.555555555555555,3.5326476097106934
0.7777777777777778,-6.511438369750977
38.11111111111112,-1.3180947303771973
0.0,-9.308890342712402
-4.222222222222222,-12.911308288574219
1.3333333333333333,-60.4469108581543
8.555555555555555,-8.826437950134277
-3.555555555555556,-7.374007225036621
33.0,-0.00508880615234375
-4.777777777777778,-9.661211967468262
29.0,-6.205688953399658
-12.555555555555555,0.3171515464782715
2.111111111111111,-7.05363130569458
-3.2222222222222223,-21.0943546295166
-7.111111111111111,-8.045499801635742
-4.222222222222222,1.227461338043213
-7.444444444444445,-28.932897567749023
-10.0,-2.333613872528076
7.888888888888889,-14.726399421691895
1.6666666666666667,-16.314817428588867
-4.0,-2.8721699714660645
-2.888888888888889,2.0729026794433594
0.5555555555555556,-35.16286849975586
-14.333333333333334,-6.62621545791626
-9.0,-8.246589660644531
-4.888888888888889,0.41002559661865234
-4.111111111111111,-4.7786736488342285
-0.5555555555555556,-0.4412992000579834
-1.6666666666666667,-5.767716407775879
-1.3333333333333333,-23.923933029174805
-5.666666666666667,-5.324075698852539
-6.111111111111111,-8.439597129821777
0.8888888888888888,0.11195564270019531
-5.0,-13.828705787658691
-14.77777777777778,-3.1989309787750244
0.8888888888888888,90.00196838378906
2.2222222222222223,3.0548155307769775
2.7777777777777777,-3.8141098022460938
7.666666666666667,-3.8073225021362305
-2.555555555555556,1.6513755321502686
-5.111111111111111,-3.4583044052124023
-1.1111111111111112,-0.7129040956497192
8.222222222222221,-2.2805614471435547
9.333333333333334,6.0487470626831055
7.888888888888889,2.7414896488189697
0.3333333333333333,-6.63684606552124
-8.0,-1.197092056274414
-7.555555555555555,-1.7870044708251953
-4.777777777777778,91.4063491821289
-0.3333333333333333,9.44055461883545
-5.333333333333333,5.590170383453369
4.333333333333333,9.37158489227295
-1.4444444444444444,3.1534979343414307
-2.888888888888889,-4.553441047668457
3.111111111111111,-7.176370620727539
17.333333333333332,-3.6318929195404053
2.0,6.2417097091674805
-13.88888888888889,3.9065370559692383
-4.444444444444445,-32.473575592041016
-11.666666666666666,-9.800362586975098
-4.444444444444445,-5.011440753936768
-4.222222222222222,-6.360866546630859
-7.333333333333333,-3.167510509490967
-3.2222222222222223,31.758317947387695
-3.4444444444444446,-2.654372215270996
-3.111111111111111,0.5604853630065918
-5.333333333333333,7.054651260375977
7.888888888888889,4.028465747833252
19.88888888888889,5.295143127441406
-0.1111111111111111,5.884472846984863
-2.555555555555556,-4.803311347961426
-6.888888888888889,-3.1199729442596436
-6.111111111111111,2.852954864501953
-1.5555555555555556,-2.7407636642456055
-4.333333333333333,-11.6878662109375
0.6666666666666666,0.37846851348876953
-24.0,14.018845558166504
-4.222222222222222,7.187498569488525
-1.0,-7.00593900680542
1.3333333333333333,12.293862342834473
-12.666666666666666,3.592111587524414
-7.0,9.116175651550293
-1.3333333333333333,92.71482849121094
-7.0,-5.489858627319336
5.888888888888889,34.95315933227539
-8.11111111111111,-17.578828811645508
-5.777777777777778,-4.468116283416748
-2.888888888888889,0.7302327156066895
-12.77777777777778,7.4078168869018555
-6.444444444444445,8.753445625305176
-2.4444444444444446,0.15027189254760742
6.0,0.5320672988891602
-8.666666666666666,-1.9815850257873535
-2.111111111111111,1.652078628540039
11.11111111111111,-4.072454929351807
5.333333333333333,4.966490268707275
2.4444444444444446,3.2470226287841797
-3.7777777777777777,3.1221609115600586
-1.8888888888888888,185.90621948242188
-0.7777777777777778,6.808581352233887
-5.111111111111111,-11.221894264221191
0.6666666666666666,-9.408520698547363
-1.3333333333333333,-80.91503143310547
18.77777777777778,3.3463406562805176
7.0,-12.865453720092773
-22.55555555555556,-12.977252960205078
-5.333333333333333,-6.6319427490234375
-0.7777777777777778,2.4928908348083496
10.444444444444445,-9.369216918945312
-1.4444444444444444,-54.58997344970703
-0.8888888888888888,-4.561322212219238
10.0,1.2193278074264526
23.0,-3.0985593795776367
0.1111111111111111,-6.698533535003662
-1.6666666666666667,4.704424858093262
-8.88888888888889,7.11424446105957
-10.444444444444445,-2.502532958984375
-1.0,6.528128623962402
0.6666666666666666,-13.720954895019531
-4.111111111111111,-22.88433074951172
18.11111111111111,-5.476757049560547
-1.3333333333333333,-8.979092597961426
-6.333333333333333,-0.606065034866333
-6.666666666666667,-29.389944076538086
-4.111111111111111,-5.043499946594238
-7.555555555555555,-10.394776344299316
-10.555555555555555,-5.333717346191406
0.5555555555555556,-16.688310623168945
5.555555555555555,12.533509254455566
-0.1111111111111111,-43.20872116088867
-2.888888888888889,-20.107295989990234
2.4444444444444446,11.873861312866211
-2.888888888888889,-5.293028831481934
18.666666666666668,-0.9645617008209229
1.2222222222222223,-7.8702545166015625
-2.2222222222222223,0.5522117614746094
-1.0,-4.408994197845459
5.222222222222222,-8.84610652923584
4.222222222222222,-4.1849212646484375
-0.2222222222222222,4.738685131072998
16.444444444444443,-9.711750984191895
-8.0,-4.887460708618164
-11.666666666666666,-31.713294982910156
0.1111111111111111,-73.92864227294922
2.2222222222222223,-14.800508499145508
-5.333333333333333,-3.095046043395996
-2.333333333333333,-3.776745319366455
-3.555555555555556,-7.112977981567383
-3.111111111111111,-6.146528720855713
-9.22222222222222,3.1184616088867188
-9.666666666666666,-29.456554412841797
-6.333333333333333,-3.4104747772216797
-8.333333333333334,-11.660799026489258
-11.555555555555555,-48.191856384277344
-8.333333333333334,-19.325132369995117
25.0,3.1807422637939453
-5.222222222222222,4.447237491607666
3.555555555555556,2.4113922119140625
-2.333333333333333,-16.169910430908203
-13.666666666666666,-1.3704071044921875
-2.333333333333333,2.567099094390869
-6.444444444444445,-2.689973831176758
10.22222222222222,-6.490780353546143
-4.888888888888889,10.708561897277832
6.444444444444445,7.30628776550293
2.0,2.817159652709961
15.0,8.536526679992676
-10.0,6.882537841796875
-5.666666666666667,4.008885860443115
-3.7777777777777777,2.147210121154785
1.2222222222222223,2.488827705383301
-1.4444444444444444,75.8302001953125
-4.222222222222222,13.345646858215332
2.4444444444444446,19.00519371032715
2.333333333333333,7.77119255065918
-7.666666666666667,-8.822355270385742
-0.2222222222222222,-2.8290610313415527
0.2222222222222222,9.197507858276367
1.2222222222222223,16.371051788330078
-4.888888888888889,0.3199758529663086
-1.2222222222222223,9.48599910736084
0.7777777777777778,0.35677528381347656
-1.5555555555555556,7.4868292808532715
-4.444444444444445,1.6743578910827637
-1.1111111111111112,9.209955215454102
-3.111111111111111,6.420050144195557
-0.2222222222222222,9.415727615356445
3.0,2.947660207748413
30.0,4.753690242767334
12.88888888888889,10.407122611999512
-0.3333333333333333,8.00584602355957
41.55555555555556,4.49998664855957
-13.333333333333334,2.641442060470581
-10.555555555555555,37.20655059814453
0.7777777777777778,7.682476043701172
0.3333333333333333,16.606075286865234
-3.555555555555556,-14.40576171875
7.222222222222222,3.613368034362793
4.666666666666667,7.430420875549316
-9.88888888888889,7.1785569190979
-6.111111111111111,12.005838394165039
-3.4444444444444446,-6.919139862060547
7.888888888888889,8.095104217529297
0.2222222222222222,9.27453899383545
-0.3333333333333333,0.11972332000732422
2.4444444444444446,7.227750778198242
0.3333333333333333,-6.64362096786499
-4.777777777777778,-8.797086715698242
-2.111111111111111,10.50594711303711
-6.111111111111111,-4.7777814865112305
3.333333333333333,7.358713150024414
0.8888888888888888,6.429586887359619
-4.777777777777778,0.310727596282959
-3.888888888888889,0.8947177529335022
-10.0,-9.0637845993042
-21.33333333333333,5.112992286682129
-4.444444444444445,-10.051312446594238
2.0,6.960714340209961
-5.222222222222222,8.52823257446289
1.2222222222222223,-4.611281394958496
-9.666666666666666,4.909795761108398
-7.222222222222222,2.0974159240722656
-6.555555555555555,-7.021750450134277
-8.777777777777779,-5.74909782409668
-8.11111111111111,8.712824821472168
0.3333333333333333,2.4253134727478027
0.4444444444444444,-2.5775861740112305
0.1111111111111111,-5.7595415115356445
13.22222222222222,-9.24987506866455
-3.888888888888889,-25.179946899414062
-0.8888888888888888,-76.49705505371094
-4.777777777777778,-12.290996551513672
-9.22222222222222,-30.225778579711914
3.111111111111111,-0.17332935333251953
2.2222222222222223,-7.223937034606934
-10.555555555555555,10.1771821975708
-1.0,-3.54547381401062
-11.0,-9.098827362060547
-4.666666666666667,-31.048686981201172
-4.0,-4.199631214141846
3.6666666666666665,-19.180347442626953
-1.0,1.6378328800201416
3.0,-11.2882661819458
-9.444444444444445,-10.42951774597168
3.333333333333333,-13.780402183532715
-4.111111111111111,-8.477213859558105
6.555555555555555,-1.8657983541488647
3.333333333333333,-6.010041236877441
-7.222222222222222,-28.969711303710938
0.4444444444444444,-9.7161226272583
-2.7777777777777777,-95.12806701660156
-2.2222222222222223,-8.731600761413574
-2.6666666666666665,-17.474061965942383
-1.7777777777777777,-16.605295181274414
13.22222222222222,1.1038827896118164
-3.2222222222222223,-3.6988959312438965
-6.888888888888889,-18.561328887939453
-8.666666666666666,-5.548341751098633
2.0,-3.737717628479004
0.0,-6.606090545654297
-2.888888888888889,-7.339065074920654
-5.888888888888889,1.830035924911499
5.555555555555555,-6.112979888916016
-4.0,2.692965507507324
6.444444444444445,-0.8263781070709229
-3.555555555555556,2.876476764678955
-1.3333333333333333,-2.1671223640441895
2.0,-33.3287239074707
-6.0,-6.935796737670898
-18.88888888888889,-6.302371501922607
-13.555555555555555,-1.156682014465332
-2.888888888888889,-4.964526176452637
6.444444444444445,-13.059995651245117
-4.111111111111111,-7.614797592163086
-6.555555555555555,-5.444337844848633
-3.111111111111111,2.1591246128082275
-1.5555555555555556,-2.969454288482666
-1.7777777777777777,-8.32890796661377
5.555555555555555,-2.9454407691955566
-1.5555555555555556,-7.339065074920654
12.77777777777778,1.3987834453582764
-7.777777777777778,-11.011556625366211
1.3333333333333333,-8.584214210510254
-2.555555555555556,-4.168092250823975
19.22222222222222,1.1038827896118164
4.666666666666667,2.692965507507324
-5.888888888888889,-7.700673580169678
-7.888888888888889,-17.679489135742188
10.77777777777778,-6.52949333190918
32.111111111111114,0.7189121246337891
-5.666666666666667,-1.5617047548294067
9.11111111111111,12.362671852111816
8.777777777777779,66.2362289428711
-9.11111111111111,7.824670314788818
4.555555555555555,17.451671600341797
3.4444444444444446,8.176370620727539
-11.555555555555555,-7.040073394775391
-3.0,7.186863899230957
-5.222222222222222,2.1371641159057617
1.1111111111111112,-3.909552812576294
-9.555555555555555,-10.59282398223877
-3.888888888888889,0.5993812084197998
-0.3333333333333333,-5.653777122497559
1.6666666666666667,6.995723724365234
-8.555555555555555,11.990633010864258
11.333333333333334,5.805065155029297
8.88888888888889,-0.6149144172668457
-4.222222222222222,-28.176921844482422
-0.6666666666666666,3.2689528465270996
-8.333333333333334,5.840742111206055
-2.888888888888889,14.766218185424805
-9.77777777777778,1.2438087463378906
-2.4444444444444446,-5.728504657745361
7.222222222222222,3.9485342502593994
-11.11111111111111,2.3462276458740234
-3.2222222222222223,25.000812530517578
3.555555555555556,4.994439125061035
-1.2222222222222223,-2.532604217529297
-15.11111111111111,4.599278450012207
-8.222222222222221,11.88575553894043
1.5555555555555556,2.3162765502929688
-6.222222222222222,20.644845962524414
-2.888888888888889,2.5069665908813477
-1.3333333333333333,10.919889450073242
4.0,4.443093299865723
5.666666666666667,4.036520004272461
6.777777777777778,0.5704803466796875
-3.6666666666666665,5.482873439788818
-5.222222222222222,-19.43781280517578
-6.0,-0.35715675354003906
0.4444444444444444,13.849409103393555
-4.444444444444445,-8.511028289794922
-6.888888888888889,4.231500625610352
-0.1111111111111111,5.065814018249512
-5.555555555555555,6.659682750701904
-8.666666666666666,-2.4596669673919678
3.4444444444444446,65.6559066772461
-0.8888888888888888,0.7483201026916504
-2.6666666666666665,5.726495265960693
-1.3333333333333333,154.4446258544922
2.4444444444444446,12.242145538330078
-9.22222222222222,-1.6400671005249023
-12.333333333333334,6.458362579345703
25.666666666666668,5.354369163513184
2.4444444444444446,4.092311859130859
2.2222222222222223,0.3756585121154785
-1.2222222222222223,3.5505285263061523
-2.6666666666666665,0.5501718521118164
-5.333333333333333,-11.00613784790039
0.0,6.022790431976318
-1.4444444444444444,-9.592422485351562
-3.555555555555556,-6.053340435028076
-0.5555555555555556,-1.7245261669158936
-5.222222222222222,-0.7302365303039551
-2.0,-0.25412702560424805
3.555555555555556,-61.39915084838867
3.555555555555556,8.208638191223145
-1.0,-72.57218933105469
5.222222222222222,3.956265926361084
-11.11111111111111,5.650206565856934
-6.222222222222222,-9.19328784942627
-8.11111111111111,2.3760757446289062
5.333333333333333,-1.605900764465332
-1.8888888888888888,26.899303436279297
1.7777777777777777,1.2715173959732056
-1.4444444444444444,-2.5337955951690674
-2.0,-4.1791300773620605
-10.22222222222222,0.28124046325683594
2.2222222222222223,-19.287405014038086
7.111111111111111,1.992058515548706
-5.0,-65.8689956665039
23.33333333333333,0.6541547775268555
2.888888888888889,5.7550740242004395
-0.3333333333333333,5.651224613189697
-2.7777777777777777,3.4068105220794678
20.11111111111111,1.1144003868103027
-6.555555555555555,-0.33805346488952637
-5.888888888888889,4.124527454376221
-13.0,5.1524338722229
-2.6666666666666665,5.133609771728516
-4.666666666666667,-9.455732345581055
-0.5555555555555556,5.899008274078369
1.8888888888888888,-3.1442251205444336
-0.2222222222222222,-23.97762680053711
-13.666666666666666,0.5175666809082031
1.6666666666666667,-36.355262756347656
6.444444444444445,1.8039627075195312
-5.111111111111111,2.907674789428711
-1.0,-60.30112838745117
2.6666666666666665,2.05540132522583
-4.111111111111111,-2.1121463775634766
-2.2222222222222223,2.588463544845581
-0.3333333333333333,2.9106924533843994
-4.888888888888889,-21.573896408081055
25.11111111111111,4.764213562011719
-10.88888888888889,6.672299385070801
2.555555555555556,2.901103973388672
-0.4444444444444444,-2.1136534214019775
-19.55555555555556,-7.785379409790039
-0.8888888888888888,-3.8569576740264893
-6.555555555555555,0.3058280944824219
-4.222222222222222,4.829289436340332
-5.0,0.7503042221069336
-4.444444444444445,-17.450551986694336
-2.333333333333333,-4.046236991882324
-3.888888888888889,-87.34269714355469
-2.111111111111111,2.419510841369629
-6.111111111111111,-13.653054237365723
2.2222222222222223,6.924836158752441
-8.88888888888889,1.0444984436035156
1.8888888888888888,-1.1425262689590454
24.77777777777778,4.331355094909668
0.3333333333333333,3.5779836177825928
-2.2222222222222223,-29.215482711791992
8.555555555555555,-42.2801513671875
-2.7777777777777777,-1.3409900665283203
3.4444444444444446,-2.8153672218322754
-2.555555555555556,10.708258628845215
2.555555555555556,1.9203546047210693
28.88888888888889,5.534181118011475
-18.11111111111111,10.248149871826172
-5.666666666666667,1.110762596130371
-1.0,6.742645263671875
0.3333333333333333,-0.6939692497253418
0.3333333333333333,-7.054644584655762
-1.3333333333333333,7.400754451751709
-4.888888888888889,1.8567285537719727
-7.555555555555555,-2.4557132720947266
-6.888888888888889,1.593064546585083
-4.0,-7.251766204833984
1.6666666666666667,15.717235565185547
8.666666666666666,-0.013414144515991211
1.7777777777777777,0.32456398010253906
0.1111111111111111,1.9147695302963257
13.88888888888889,6.890929222106934
-0.3333333333333333,13.684468269348145
8.444444444444445,0.16743755340576172
-0.2222222222222222,21.791545867919922
-6.555555555555555,-3.8653194904327393
2.6666666666666665,7.281817436218262
-4.555555555555555,2.440493106842041
-0.5555555555555556,5.2021660804748535
-1.0,52.378536224365234
14.666666666666666,-2.274857997894287
-2.4444444444444446,-2.7801361083984375
-1.0,43.38263702392578
-12.0,6.742872714996338
-0.5555555555555556,-4.67915153503418
-0.8888888888888888,2.6046133041381836
-6.888888888888889,-9.38464641571045
-4.555555555555555,10.195807456970215
0.1111111111111111,8.214876174926758
-5.333333333333333,0.5130271911621094
-6.777777777777778,10.856929779052734
27.88888888888889,6.696097373962402
-7.888888888888889,8.46160888671875
-0.2222222222222222,14.998833656311035
6.222222222222222,5.94588041305542
-14.444444444444445,-0.9429478645324707
-5.555555555555555,2.75856876373291
-13.555555555555555,31.015581130981445
-9.88888888888889,-0.5471353530883789
-7.333333333333333,11.183021545410156
0.0,21.233173370361328
0.1111111111111111,101.23313903808594
-5.555555555555555,-3.453773021697998
-8.666666666666666,-2.9950437545776367
-4.666666666666667,9.381917953491211
0.4444444444444444,3.568100929260254
0.0,4.494891166687012
-5.444444444444445,6.7391839027404785
0.2222222222222222,-8.962300300598145
-16.555555555555557,83.70928192138672
5.222222222222222,4.06413459777832
-4.333333333333333,2.2216339111328125
-2.555555555555556,13.557476043701172
15.11111111111111,6.504583358764648
-0.6666666666666666,2.8544931411743164
-0.4444444444444444,2.345625162124634
-4.333333333333333,3.476471424102783
-3.7777777777777777,-2.730031967163086
-2.333333333333333,2.158731460571289
2.555555555555556,-5.771440029144287
15.88888888888889,3.9680142402648926
-21.88888888888889,-28.622962951660156
21.444444444444443,1.8913686275482178
4.333333333333333,-16.672088623046875
-1.2222222222222223,-10.857829093933105
1.2222222222222223,1.524515151977539
-3.6666666666666665,8.842560768127441
3.0,-10.188960075378418
-2.333333333333333,4.381189346313477
-3.888888888888889,-2.043626546859741
14.444444444444445,-3.0070629119873047
-4.666666666666667,-9.175487518310547
-4.0,-29.828359603881836
3.0,11.667247772216797
-6.555555555555555,9.746671676635742
-4.333333333333333,0.5394649505615234
6.888888888888889,-6.9871826171875
0.4444444444444444,-0.1031951904296875
-3.6666666666666665,-25.92084312438965
28.444444444444443,4.36431884765625
3.0,-7.308722972869873
-24.11111111111111,-92.81290435791016
14.22222222222222,0.9223425388336182
10.666666666666666,-3.0130577087402344
3.4444444444444446,-103.26071166992188
-6.888888888888889,7.475924491882324
0.0,-13.477575302124023
9.11111111111111,-0.3607078790664673
-2.888888888888889,8.013527870178223
-11.0,-7.666106700897217
-4.111111111111111,-1.4984794855117798
-4.777777777777778,-2.1654629707336426
22.11111111111111,-8.247919082641602
8.222222222222221,-0.9462070465087891
-4.777777777777778,1.9057334661483765
-5.444444444444445,-8.081780433654785
1.5555555555555556,1.6830520629882812
-3.4444444444444446,7.015308856964111
-2.555555555555556,4.477336883544922
-5.111111111111111,6.161612510681152
-11.333333333333334,0.8252200484275818
-5.777777777777778,0.6294240951538086
-10.555555555555555,-11.185614585876465
-13.666666666666666,-4.8442063331604
-4.888888888888889,2.6988108158111572
1.2222222222222223,-5.909300327301025
-5.888888888888889,-24.87885856628418
-2.555555555555556,-1.1750879287719727
-9.333333333333334,-43.10970687866211
-9.22222222222222,0.8841352462768555
-8.333333333333334,-5.388726711273193
-2.0,5.107165336608887
-5.333333333333333,5.100247859954834
-0.2222222222222222,-4.893186569213867
0.4444444444444444,-11.149258613586426
-3.333333333333333,30.68720245361328
1.5555555555555556,-0.5017518997192383
-2.2222222222222223,9.498976707458496
-3.888888888888889,2.8079159259796143
11.444444444444445,3.2982754707336426
12.666666666666666,0.8896646499633789
1.3333333333333333,-8.531323432922363
-5.555555555555555,1.0166041851043701
-2.0,3.2694201469421387
-2.0,3.1834137439727783
-5.222222222222222,50.95953369140625
-0.5555555555555556,10.040724754333496
9.333333333333334,-1.2165546417236328
5.333333333333333,4.985715866088867
-6.0,-1.7818973064422607
-4.777777777777778,2.6776323318481445
-5.555555555555555,1.8519370555877686
-7.333333333333333,-1.0696220397949219
9.444444444444445,-12.816580772399902
2.555555555555556,8.111989974975586
-1.2222222222222223,61.09415054321289
-1.1111111111111112,-6.701329231262207
-10.0,41.547386169433594
0.4444444444444444,7.718280792236328
-4.444444444444445,11.452445983886719
-9.666666666666666,7.781665802001953
1.3333333333333333,2.0302224159240723
-0.8888888888888888,17.152339935302734
-1.7777777777777777,3.6950526237487793
2.2222222222222223,-3.536296844482422
-2.2222222222222223,5.927839279174805
0.5555555555555556,13.78563117980957
-9.88888888888889,-6.061793804168701
4.444444444444445,6.294288635253906
-1.0,6.710091590881348
-2.888888888888889,1.1649771928787231
-6.0,0.18213987350463867
-0.2222222222222222,5.12638521194458
-5.222222222222222,8.850852966308594
-3.0,6.302541255950928
0.5555555555555556,42.108577728271484
-5.0,1.4103889465332031
-2.6666666666666665,8.527374267578125
-10.444444444444445,-0.3282485008239746
-0.7777777777777778,16.91761589050293
7.111111111111111,-2.080352783203125
-4.222222222222222,4.581683158874512
2.111111111111111,-6.035045146942139
-0.1111111111111111,9.685649871826172
42.55555555555556,7.956056594848633
-8.11111111111111,0.569819450378418
-3.6666666666666665,11.83443832397461
-4.777777777777778,20.15774917602539
1.7777777777777777,0.7538928985595703
7.222222222222222,1.9457969665527344
-2.111111111111111,-0.30190467834472656
-9.0,5.486405372619629
1.3333333333333333,11.464186668395996
-1.4444444444444444,4.223594665527344
32.44444444444444,4.757769584655762
10.0,1.454420804977417
-5.666666666666667,-3.5170090198516846
4.111111111111111,85.48291778564453
-9.0,7.175225257873535
21.22222222222222,4.3050737380981445
-6.666666666666667,11.854944229125977
3.0,1.279271125793457
-1.4444444444444444,7.0190887451171875
-0.2222222222222222,6.1734466552734375
-1.1111111111111112,36.529422760009766
-8.555555555555555,8.989547729492188
0.7777777777777778,-1.4061470031738281
4.555555555555555,6.5918450355529785
4.222222222222222,-11.844621658325195
-41.333333333333336,4.299869537353516
-4.888888888888889,-9.685757637023926
4.555555555555555,-8.02023983001709
2.2222222222222223,4.916933536529541
-1.5555555555555556,5.263660430908203
-0.4444444444444444,-0.17445659637451172
-0.8888888888888888,-5.282458782196045
10.0,-0.7279459238052368
-8.222222222222221,6.021944999694824
18.444444444444443,3.4320597648620605
-4.888888888888889,-16.105600357055664
0.1111111111111111,-16.234529495239258
-5.555555555555555,-8.023924827575684
-2.4444444444444446,-1.6298105716705322
-5.222222222222222,-23.720455169677734
29.666666666666668,1.2085590362548828
0.0,0.31444716453552246
2.2222222222222223,-10.970252990722656
20.88888888888889,6.004440784454346
-2.333333333333333,-8.743626594543457
-4.111111111111111,-4.284568786621094
-10.444444444444445,3.7085981369018555
-10.77777777777778,5.972947597503662
-4.666666666666667,-8.336602210998535
8.777777777777779,-11.787240028381348
-3.2222222222222223,-0.8533768653869629
-1.4444444444444444,19.151023864746094
-1.1111111111111112,1.1903972625732422
6.888888888888889,2.062650442123413
-5.444444444444445,5.10062837600708
2.4444444444444446,2.3414173126220703
-12.555555555555555,-7.9867634773254395
17.444444444444443,2.61896014213562
0.1111111111111111,-57.414222717285156
9.666666666666666,-6.475460529327393
-3.0,-20.603466033935547
3.0,3.716836929321289
-0.1111111111111111,6.729628562927246
-10.333333333333334,3.586160898208618
1.3333333333333333,-0.5822165012359619
-10.77777777777778,-5.543351173400879
0.3333333333333333,-6.986423492431641
2.2222222222222223,2.0295450687408447
-4.777777777777778,-6.0647687911987305
-2.4444444444444446,-6.105757713317871
1.6666666666666667,-19.93179702758789
-2.7777777777777777,7.106432914733887
0.2222222222222222,1.0082459449768066
-2.555555555555556,-1.366786241531372
2.333333333333333,-5.066038131713867
1.6666666666666667,-0.6393494606018066
-1.6666666666666667,-4.245272636413574
-1.8888888888888888,-27.79648208618164
-5.888888888888889,-16.649381637573242
-0.6666666666666666,-2.6260766983032227
-0.8888888888888888,-2.988015651702881
1.5555555555555556,-7.06655740737915
-4.222222222222222,-4.363136291503906
1.7777777777777777,0.4261631965637207
-6.111111111111111,-13.291336059570312
-2.4444444444444446,-8.82207202911377
-0.7777777777777778,6.216963768005371
8.0,4.724745750427246
1.3333333333333333,7.25415563583374
20.33333333333333,5.778473854064941
1.3333333333333333,1.1636505126953125
-4.222222222222222,1.843052864074707
-8.777777777777779,-16.7180118560791
-4.333333333333333,12.894835472106934
-2.7777777777777777,1.7409329414367676
6.0,1.478921890258789
0.1111111111111111,12.793619155883789
-2.888888888888889,2.7142176628112793
-0.1111111111111111,15.73450756072998
-2.7777777777777777,1.338477611541748
-10.11111111111111,-6.872053146362305
-10.0,9.847308158874512
-2.555555555555556,6.066438674926758
3.4444444444444446,8.66873550415039
3.4444444444444446,19.068199157714844
-1.6666666666666667,2.290811538696289
-1.6666666666666667,43.12892532348633
1.5555555555555556,1.9546852111816406
5.666666666666667,10.994064331054688
5.777777777777778,4.3915557861328125
6.666666666666667,10.736831665039062
5.333333333333333,11.286401748657227
7.222222222222222,7.20416784286499
-10.333333333333334,3.2518718242645264
0.4444444444444444,-4.020251750946045
8.666666666666666,4.050915241241455
-6.555555555555555,13.261214256286621
1.7777777777777777,13.179664611816406
-6.777777777777778,9.67606258392334
7.111111111111111,0.03659796714782715
-1.6666666666666667,6.333499908447266
-0.6666666666666666,3.182166576385498
8.777777777777779,18.4047908782959
-0.6666666666666666,8.982442855834961
-7.777777777777778,26.884750366210938
5.888888888888889,33.42544174194336
-4.111111111111111,-3.6239013671875
-4.111111111111111,-19.55657196044922
0.6666666666666666,12.032524108886719
-7.0,2.409038543701172
-1.0,21.169837951660156
-0.6666666666666666,24.520233154296875
6.777777777777778,1.2316932678222656
0.5555555555555556,-0.7100090980529785
-1.3333333333333333,-20.07709503173828
-2.111111111111111,18.4168643951416
-8.11111111111111,4.033411979675293
3.4444444444444446,4.573337554931641
-5.444444444444445,2.312220573425293
-1.5555555555555556,1.489527702331543
-3.2222222222222223,-7.823051452636719
4.444444444444445,0.5868687629699707
-1.3333333333333333,15.698662757873535
-8.333333333333334,-4.465384483337402
-5.0,9.02049446105957
1.0,22.469465255737305
0.8888888888888888,-1.6406059265136719
-8.444444444444445,19.763391494750977
-5.222222222222222,-3.254161834716797
-4.888888888888889,7.350400447845459
8.333333333333334,-0.42700862884521484
7.333333333333333,-13.519210815429688
1.2222222222222223,1.7033042907714844
-8.88888888888889,-9.095793724060059
4.333333333333333,0.1202239990234375
-0.6666666666666666,-3.626666784286499
3.111111111111111,-3.0548670291900635
3.555555555555556,-0.22360539436340332
-3.111111111111111,1.6987868547439575
-1.8888888888888888,11.376909255981445
1.6666666666666667,-5.626040935516357
-7.666666666666667,-36.31922912597656
-4.111111111111111,6.377584934234619
3.4444444444444446,5.855488300323486
-9.333333333333334,-4.254250526428223
1.5555555555555556,4.216467380523682
7.333333333333333,-16.33307647705078
-7.111111111111111,-16.76006317138672
-0.2222222222222222,37.58392333984375
7.333333333333333,-3.4687976837158203
0.6666666666666666,-72.7217025756836
-2.0,-9.763999938964844
-5.888888888888889,2.1008825302124023
-5.666666666666667,6.110693454742432
1.7777777777777777,-8.983394622802734
-14.666666666666666,3.945284366607666
-15.333333333333334,-14.660656929016113
-7.777777777777778,-0.24211537837982178
3.6666666666666665,-0.7029155492782593
-6.444444444444445,-5.992022514343262
-1.3333333333333333,-76.4391860961914
-11.333333333333334,21.110862731933594
-15.88888888888889,3.932453155517578
0.3333333333333333,2.3858938217163086
5.888888888888889,7.647622108459473
-5.555555555555555,-7.665029525756836
-4.222222222222222,0.10535621643066406
-1.3333333333333333,0.4747875928878784
-3.2222222222222223,-5.389604091644287
-0.1111111111111111,-7.466159820556641
-6.666666666666667,-2.432077646255493
-7.333333333333333,-32.44853973388672
-5.111111111111111,-9.090946197509766
5.222222222222222,-3.5033326148986816
-7.444444444444445,-16.055768966674805
17.444444444444443,0.8991947174072266
-3.4444444444444446,-88.20789337158203
-5.333333333333333,-19.47112464904785
3.6666666666666665,-61.543190002441406
-2.4444444444444446,-84.27140808105469
-21.0,-0.4049217700958252
-8.333333333333334,-6.414901256561279
-3.333333333333333,8.255000114440918
1.5555555555555556,-14.137788772583008
-3.0,-82.51820373535156
-14.333333333333334,-8.84190845489502
-2.2222222222222223,-12.370195388793945
5.0,-1.4989773035049438
0.4444444444444444,-64.29409790039062
-8.222222222222221,-1.931990623474121
2.7777777777777777,-0.7870833873748779
-12.444444444444445,-0.5214875936508179
5.555555555555555,-117.04313659667969
-2.111111111111111,-1.4204609394073486
-1.6666666666666667,-0.9266894459724426
-9.88888888888889,4.116219520568848
-7.333333333333333,-9.891535758972168
-10.88888888888889,-5.613998889923096
-4.777777777777778,7.297220706939697
-5.111111111111111,-8.273920059204102
0.8888888888888888,-3.9479801654815674
2.333333333333333,2.631300926208496
1.3333333333333333,-6.016357421875
-3.333333333333333,-0.8166623115539551
5.555555555555555,-12.699317932128906
-2.6666666666666665,-3.1159920692443848
-4.555555555555555,-0.45641398429870605
4.0,0.7435789108276367
-1.0,-0.8597297668457031
1.3333333333333333,-0.40109992027282715
-21.0,2.947338581085205
-1.6666666666666667,1.797882080078125
2.111111111111111,1.5579228401184082
-7.888888888888889,-6.710148811340332
-0.3333333333333333,3.02229642868042
2.0,-0.05656576156616211
26.11111111111111,4.11246395111084
-0.1111111111111111,-10.278477668762207
-0.7777777777777778,-9.430238723754883
-11.0,5.964851379394531
4.222222222222222,4.6198225021362305
-1.7777777777777777,0.7360212802886963
-9.0,-6.726251602172852
-4.555555555555555,2.4411702156066895
-5.0,0.8943768739700317
0.7777777777777778,2.3156418800354004
-3.333333333333333,5.344686508178711
-3.111111111111111,-1.4657773971557617
5.0,-2.566819667816162
-1.2222222222222223,-3.96541690826416
-7.555555555555555,4.602341175079346
-3.4444444444444446,1.095527172088623
-7.555555555555555,0.3913102149963379
-8.444444444444445,2.9114267826080322
-2.555555555555556,-20.38118553161621
-2.2222222222222223,-0.7402372360229492
-3.4444444444444446,1.5312652587890625
4.888888888888889,-5.566755771636963
4.111111111111111,5.5939130783081055
-11.22222222222222,35.59749221801758
-5.0,0.0107269287109375
0.8888888888888888,1.038611888885498
-0.7777777777777778,4.529973983764648
-5.444444444444445,1.558840274810791
-9.11111111111111,-3.598411798477173
-0.8888888888888888,9.62321662902832
-2.0,-7.37144136428833
-2.6666666666666665,-4.484281063079834
21.55555555555556,4.34507942199707
11.77777777777778,-6.674649238586426
14.88888888888889,-0.3275707960128784
-0.8888888888888888,3.7048568725585938
1.4444444444444444,9.222797393798828
-2.7777777777777777,2.7675647735595703
-2.7777777777777777,5.000976085662842
-8.777777777777779,-5.959508895874023
-3.555555555555556,-7.218588829040527
-9.444444444444445,2.5605239868164062
2.0,-10.571578979492188
-7.0,4.713080406188965
0.1111111111111111,0.1634197235107422
-5.888888888888889,-4.105290412902832
-11.444444444444445,-5.10685920715332
-5.777777777777778,-3.738555431365967
-0.4444444444444444,-3.079047441482544
-1.7777777777777777,0.6602344512939453
-1.4444444444444444,0.360504150390625
-4.333333333333333,-14.897675514221191
-8.555555555555555,-9.582468032836914
-8.222222222222221,-23.837505340576172
0.4444444444444444,0.16579341888427734
-4.555555555555555,5.145488739013672
-6.0,-5.747275352478027
-1.0,-4.828364849090576
-4.333333333333333,-8.00150203704834
-4.111111111111111,-7.1941328048706055
16.0,0.27697885036468506
-3.4444444444444446,-4.640639305114746
-3.111111111111111,-17.255615234375
10.77777777777778,-1.9494786262512207
8.222222222222221,-6.5516743659973145
0.3333333333333333,13.817464828491211
0.2222222222222222,23.405471801757812
-14.88888888888889,-15.244483947753906
3.333333333333333,-1.292055368423462
1.0,-6.534019470214844
0.6666666666666666,-2.9279603958129883
-4.333333333333333,-4.089550018310547
0.3333333333333333,-18.578344345092773
-4.444444444444445,2.712435483932495
0.2222222222222222,-9.379321098327637
5.222222222222222,-6.378998279571533
-2.7777777777777777,-14.668152809143066
-2.0,0.6261649131774902
28.444444444444443,-2.530691146850586
-6.0,-42.84819030761719
-6.666666666666667,0.33200955390930176
-3.888888888888889,-9.792941093444824
-10.11111111111111,-0.40291786193847656
-4.777777777777778,0.5901236534118652
1.4444444444444444,-7.157351016998291
-5.0,1.3517932891845703
0.1111111111111111,-5.393848419189453
-6.444444444444445,-3.596137762069702
-2.333333333333333,-11.247895240783691
-1.6666666666666667,1.4215831756591797
-4.111111111111111,1.1171131134033203
-10.0,-20.102413177490234
2.7777777777777777,-10.327544212341309
-1.5555555555555556,1.1887810230255127
-4.666666666666667,-14.465808868408203
-5.444444444444445,4.801155090332031
2.0,-0.719292163848877
-6.222222222222222,-1.0700783729553223
-10.11111111111111,-0.32003021240234375
9.555555555555555,2.2995083332061768
-10.0,-2.342784881591797
-6.444444444444445,-10.487854957580566
0.8888888888888888,-7.328224182128906
-0.5555555555555556,-31.49540901184082
-1.8888888888888888,-10.194608688354492
3.888888888888889,-49.40986251831055
3.333333333333333,1.9153101444244385
17.0,-5.150935173034668
-0.7777777777777778,68.80815124511719
-3.2222222222222223,4.385736465454102
-4.777777777777778,-6.675254821777344
-3.2222222222222223,-0.8181233406066895
-4.222222222222222,-3.67568302154541
-9.11111111111111,6.132165431976318
-6.333333333333333,-1.9322967529296875
-4.666666666666667,14.506896018981934
9.444444444444445,24.290138244628906
1.6666666666666667,4.855443477630615
-3.0,2.8111572265625
-5.444444444444445,-0.8614611625671387
2.111111111111111,-11.535200119018555
-5.888888888888889,-4.435837745666504
-1.8888888888888888,-2.9609525203704834
-4.777777777777778,3.066710948944092
2.111111111111111,0.12993073463439941
0.5555555555555556,-1.8466459512710571
-3.111111111111111,12.468701362609863
-11.88888888888889,0.41336822509765625
-0.6666666666666666,-12.108795166015625
12.11111111111111,-8.705326080322266
-0.5555555555555556,-7.010772228240967
0.6666666666666666,14.962150573730469
-4.888888888888889,0.8190958499908447
-3.111111111111111,6.4990692138671875
-2.2222222222222223,-1.9711227416992188
-3.2222222222222223,0.7673122882843018
-6.888888888888889,-2.448780059814453
3.4444444444444446,2.6595659255981445
24.11111111111111,2.5833864212036133
-0.8888888888888888,-1.9414615631103516
0.8888888888888888,-0.9592885971069336
-6.555555555555555,1.2174720764160156
-1.3333333333333333,7.5367889404296875
-4.111111111111111,2.9073543548583984
9.666666666666666,1.0890254974365234
5.111111111111111,3.70835018157959
4.333333333333333,-3.6822328567504883
0.4444444444444444,4.8741350173950195
-15.444444444444445,6.038268089294434
-7.0,10.549519538879395
1.7777777777777777,4.365893363952637
6.777777777777778,0.035660624504089355
8.0,83.26298522949219
4.777777777777778,0.004919767379760742
19.55555555555556,-3.6080217361450195
-6.777777777777778,-1.0819783210754395
-7.222222222222222,-6.085540771484375
0.1111111111111111,-1.1446484327316284
-0.4444444444444444,2.178743600845337
-3.555555555555556,4.542119026184082
10.444444444444445,-1.6026077270507812
3.4444444444444446,-9.274063110351562
-0.1111111111111111,3.6928882598876953
-7.666666666666667,36.07362747192383
0.1111111111111111,-5.39836311340332
-3.333333333333333,-1.075829267501831
-4.222222222222222,14.010442733764648
-0.7777777777777778,-23.078853607177734
-11.666666666666666,-12.415276527404785
-2.333333333333333,-10.898956298828125
-0.3333333333333333,-8.965259552001953
17.88888888888889,0.6905527114868164
32.55555555555556,-1.2914543151855469
-11.0,-3.8792080879211426
-4.0,2.392791748046875
-6.777777777777778,-17.19092559814453
-15.333333333333334,-4.840991973876953
-7.666666666666667,-3.032787561416626
-3.555555555555556,-9.146937370300293
-2.7777777777777777,-13.707368850708008
0.1111111111111111,-40.47313690185547
38.11111111111112,-0.058078765869140625
-8.0,-5.595565319061279
-4.222222222222222,-36.271671295166016
0.0,-5.966760158538818
23.55555555555556,-2.674767017364502
1.7777777777777777,-21.257282257080078
-2.7777777777777777,-78.97150421142578
-5.777777777777778,-6.493131160736084
7.333333333333333,-3.306215524673462
-6.555555555555555,1.0296378135681152
-9.333333333333334,-25.316946029663086
5.111111111111111,-4.506111145019531
-5.444444444444445,0.35486507415771484
3.6666666666666665,-9.804733276367188
-6.555555555555555,-6.9140625
19.444444444444443,-2.0293831825256348
-4.777777777777778,-9.88842487335205
4.888888888888889,-0.8365898132324219
-3.2222222222222223,3.7317285537719727
-1.6666666666666667,-0.7854633331298828
-7.555555555555555,-15.479594230651855
-3.4444444444444446,-11.923362731933594
1.5555555555555556,0.6105728149414062
-7.555555555555555,-0.15675067901611328
-13.333333333333334,-4.449849605560303
-5.0,-16.742515563964844
-3.111111111111111,-5.695314407348633
-8.777777777777779,-14.422920227050781
-1.1111111111111112,-10.856534004211426
1.8888888888888888,-2.733915090560913
-6.222222222222222,-9.958627700805664
-0.1111111111111111,0.5896335244178772
4.0,-1.492828607559204
-18.22222222222222,-12.509574890136719
-1.7777777777777777,-1.5305711030960083
-13.333333333333334,-7.2992658615112305
-7.666666666666667,3.485750198364258
-1.6666666666666667,-6.836981773376465
-4.444444444444445,-70.00696563720703
-11.444444444444445,-9.28338623046875
2.888888888888889,-11.893149375915527
27.0,-1.5494556427001953
1.8888888888888888,-2.1109981536865234
-8.88888888888889,-18.319673538208008
-4.888888888888889,-13.255687713623047
-5.888888888888889,-11.213510513305664
-3.6666666666666665,3.16383695602417
9.555555555555555,-0.1133875846862793
-1.6666666666666667,0.7224574089050293
0.8888888888888888,0.25735294818878174
-13.666666666666666,-1.7883129119873047
-3.555555555555556,-76.87105560302734
-1.6666666666666667,-12.015350341796875
8.88888888888889,-1.9558286666870117
-4.888888888888889,-12.043046951293945
-3.888888888888889,25.60462760925293
-9.88888888888889,11.781304359436035
-1.5555555555555556,-4.457173824310303
7.666666666666667,-1.2058779001235962
3.7777777777777777,7.218623638153076
12.666666666666666,7.283053398132324
-4.555555555555555,-9.676180839538574
13.555555555555555,3.483246326446533
6.777777777777778,77.0615005493164
-9.11111111111111,-10.664846420288086
-2.555555555555556,1.6725163459777832
-1.4444444444444444,3.619652271270752
-6.222222222222222,-4.7160139083862305
-7.555555555555555,-9.511322975158691
1.0,-6.442392826080322
-1.4444444444444444,8.327081680297852
-9.88888888888889,-0.24716055393218994
1.2222222222222223,1.9837398529052734
2.2222222222222223,-6.0406036376953125
1.2222222222222223,-5.6161088943481445
8.444444444444445,43.73029327392578
0.8888888888888888,-2.283637523651123
-10.444444444444445,19.13814353942871
4.444444444444445,-7.111303806304932
-1.6666666666666667,4.972040176391602
-3.888888888888889,-8.517045021057129
3.2222222222222223,4.6161112785339355
-5.666666666666667,0.3516354560852051
-9.0,-3.944284439086914
8.777777777777779,3.605757713317871
1.5555555555555556,0.1967620849609375
-2.555555555555556,-1.556715726852417
4.777777777777778,3.8306102752685547
-16.11111111111111,-26.174758911132812
-5.555555555555555,6.75321102142334
-1.8888888888888888,-7.950191497802734
25.11111111111111,4.524940490722656
-2.555555555555556,-3.606567621231079
-12.0,-1.892799973487854
-10.333333333333334,-0.007214546203613281
-7.333333333333333,-1.4602720737457275
0.0,3.0002715587615967
1.8888888888888888,26.586463928222656
1.4444444444444444,-1.69293212890625
19.55555555555556,-0.7495522499084473
-5.222222222222222,32.844566345214844
0.3333333333333333,1.7364411354064941
1.1111111111111112,0.032932281494140625
25.666666666666668,4.796181678771973
-3.0,57.65736389160156
3.555555555555556,-18.207475662231445
4.222222222222222,3.8955297470092773
1.7777777777777777,2.548656463623047
31.444444444444443,-5.308619976043701
19.33333333333333,0.8275914192199707
-1.6666666666666667,23.149715423583984
1.5555555555555556,-3.087162733078003
7.222222222222222,-2.321054458618164
-3.7777777777777777,18.102191925048828
-1.6666666666666667,2.1965434551239014
0.2222222222222222,2.3964858055114746
3.7777777777777777,2.152729034423828
-2.0,3.976213216781616
1.6666666666666667,14.87451171875
1.3333333333333333,-2.869112968444824
0.1111111111111111,-2.2627146244049072
-1.0,-16.689434051513672
7.0,-15.566614151000977
-3.111111111111111,4.70679235458374
9.11111111111111,-2.241682529449463
3.6666666666666665,-3.0144500732421875
-4.888888888888889,1.5819392204284668
-1.6666666666666667,-8.898457527160645
-3.555555555555556,-22.821186065673828
-1.4444444444444444,-2.1007769107818604
-15.0,-6.484991550445557
1.0,-0.3631789982318878
5.333333333333333,-0.6619434356689453
5.444444444444445,-8.107274055480957
-3.0,-63.76239776611328
-2.333333333333333,2.3915719985961914
-5.111111111111111,-10.403186798095703
-3.6666666666666665,4.651426315307617
2.7777777777777777,5.012326717376709
-8.777777777777779,-24.31072998046875
2.333333333333333,-23.13469886779785
3.4444444444444446,-9.33568000793457
12.333333333333334,1.3435511589050293
-1.0,-19.981599807739258
1.6666666666666667,32.458797454833984
-1.1111111111111112,5.186982154846191
-5.0,1.2307816743850708
-5.222222222222222,-1.2912201881408691
-4.777777777777778,5.113083839416504
0.5555555555555556,3.0184152126312256
6.0,3.9025163650512695
13.77777777777778,0.5235080718994141
6.666666666666667,4.847290992736816
-1.0,-7.527734279632568
-3.7777777777777777,13.065528869628906
-5.777777777777778,-11.326817512512207
-3.555555555555556,-13.758560180664062
0.2222222222222222,-3.6202855110168457
-3.888888888888889,-0.18712902069091797
-3.0,-5.348943710327148
-5.888888888888889,-25.600595474243164
5.0,0.8120489120483398
-10.666666666666666,0.8365491628646851
-3.333333333333333,0.996924638748169
-9.666666666666666,-3.185579776763916
2.7777777777777777,0.27950572967529297
-7.333333333333333,4.297876358032227
19.22222222222222,0.4551706314086914
-12.333333333333334,-2.2073261737823486
-5.0,0.2978849411010742
-3.555555555555556,-4.3594160079956055
-13.666666666666666,4.352973937988281
6.777777777777778,-1.359032392501831
1.3333333333333333,-18.49195671081543
48.22222222222222,2.5295684337615967
3.2222222222222223,1.7276146411895752
-4.0,4.705386161804199
10.77777777777778,6.318062782287598
-4.555555555555555,3.550835609436035
10.333333333333334,3.6780319213867188
0.8888888888888888,0.1817033290863037
-5.111111111111111,-0.816154956817627
5.0,-10.305694580078125
-25.77777777777778,5.984112739562988
-6.777777777777778,29.08444595336914
6.111111111111111,2.124687910079956
-9.22222222222222,10.91183090209961
-5.111111111111111,-4.783608913421631
1.7777777777777777,7.314373970031738
4.777777777777778,-0.36670684814453125
16.11111111111111,-2.926156520843506
-0.8888888888888888,54.188209533691406
-2.888888888888889,4.508968353271484
4.666666666666667,-0.8489313125610352
-3.2222222222222223,1.747899055480957
11.0,8.684164047241211
6.777777777777778,-12.731147766113281
-3.2222222222222223,8.180852890014648
5.111111111111111,5.385719299316406
-10.22222222222222,-3.659346342086792
2.333333333333333,-8.202972412109375
2.2222222222222223,-0.6047343611717224
-14.77777777777778,8.218049049377441
0.8888888888888888,-15.902961730957031
-8.777777777777779,8.180852890014648
2.888888888888889,8.329258918762207
-5.333333333333333,-3.937465190887451
-2.0,-15.946781158447266
0.1111111111111111,0.5639762878417969
-1.0,1.8082470893859863
1.2222222222222223,4.9487457275390625
11.444444444444445,2.2448971271514893
-2.0,3.8998188972473145
-1.4444444444444444,8.96605396270752
-5.333333333333333,2.4471006393432617
-4.777777777777778,3.7472567558288574
-2.7777777777777777,0.31544697284698486
4.333333333333333,3.484600067138672
-0.8888888888888888,-12.69594955444336
7.222222222222222,5.4311842918396
-6.777777777777778,9.208186149597168
28.22222222222222,0.8984739184379578
6.555555555555555,-17.13538360595703
0.8888888888888888,4.1378374099731445
-6.555555555555555,-52.91004180908203
1.3333333333333333,-12.042060852050781
-1.5555555555555556,20.80446434020996
0.7777777777777778,0.3569400906562805
-1.2222222222222223,9.48632526397705
-7.333333333333333,-3.0630767345428467
-4.333333333333333,-4.19369649887085
-0.6666666666666666,7.887528419494629
-3.2222222222222223,-1.3552637100219727
-8.11111111111111,6.111830234527588
6.666666666666667,55.461055755615234
-4.777777777777778,5.374114513397217
-7.222222222222222,7.974433422088623
-4.222222222222222,9.805068969726562
3.888888888888889,-6.767934799194336
1.7777777777777777,11.210062026977539
-2.7777777777777777,1.8517646789550781
0.4444444444444444,9.150588035583496
-7.666666666666667,-2.198117971420288
10.0,3.642498254776001
2.0,8.295654296875
1.4444444444444444,12.394248962402344
3.2222222222222223,8.29863452911377
-6.111111111111111,5.786745548248291
-2.0,1.0638740062713623
-6.888888888888889,10.415032386779785
6.222222222222222,11.84889030456543
-5.111111111111111,15.270330429077148
-3.4444444444444446,10.926712989807129
-3.333333333333333,0.9927482604980469
0.5555555555555556,27.14202117919922
-7.222222222222222,-9.628758430480957
2.111111111111111,13.409812927246094
-1.6666666666666667,-10.474366188049316
19.88888888888889,5.536345958709717
-5.666666666666667,3.6998441219329834
0.1111111111111111,6.994170188903809
0.0,11.355870246887207
-1.4444444444444444,6.857526779174805
-1.4444444444444444,1.4865913391113281
1.1111111111111112,10.472878456115723
-1.4444444444444444,12.483063697814941
-4.777777777777778,0.8466375470161438
-16.88888888888889,-2.3818881511688232
-3.2222222222222223,3.090589761734009
3.6666666666666665,6.562822341918945
-5.555555555555555,9.809898376464844
0.7777777777777778,0.9296232461929321
0.4444444444444444,1.8570780754089355
-1.3333333333333333,-3.8246965408325195
-1.5555555555555556,2.6142773628234863
-3.2222222222222223,3.0473403930664062
14.88888888888889,0.15271836519241333
-1.4444444444444444,-5.737601280212402
-0.6666666666666666,1.3819527626037598
-1.8888888888888888,-4.933211326599121
0.4444444444444444,-24.043140411376953
-6.0,8.436239242553711
-47.22222222222222,5.01375150680542
40.55555555555556,6.737064361572266
-7.666666666666667,3.2041306495666504
2.6666666666666665,-104.7511978149414
-3.0,-143.24822998046875
-1.5555555555555556,-17.365737915039062
2.7777777777777777,3.2402453422546387
-3.7777777777777777,14.677788734436035
-8.555555555555555,5.6811299324035645
-3.7777777777777777,9.378952980041504
-1.7777777777777777,8.670451164245605
3.0,-1.9766652584075928
16.22222222222222,-38.145870208740234
-7.0,-2.672015428543091
-4.666666666666667,-6.347672462463379
4.111111111111111,-1.1332974433898926
-1.4444444444444444,1.0827808380126953
0.0,2.846501350402832
-3.111111111111111,1.4500203132629395
1.5555555555555556,20.446876525878906
-1.7777777777777777,9.08810806274414
-6.222222222222222,6.717952728271484
-5.666666666666667,-3.086256742477417
-1.2222222222222223,-53.86179733276367
-3.555555555555556,6.711359977722168
-12.77777777777778,-0.5062127113342285
-3.0,-60.50346755981445
-1.2222222222222223,2.5099668502807617
-10.22222222222222,2.8694112300872803
12.444444444444445,4.841784477233887
9.22222222222222,0.6799865365028381
-5.777777777777778,0.1789226531982422
-5.888888888888889,-6.128451824188232
0.3333333333333333,7.967233657836914
3.6666666666666665,1.1892075538635254
-3.0,-7.923347473144531
-19.88888888888889,4.88886833190918
-6.333333333333333,-5.433671951293945
-0.2222222222222222,-8.417058944702148
-4.777777777777778,-8.642592430114746
-3.888888888888889,-11.519771575927734
1.4444444444444444,-2.878281593322754
-2.888888888888889,-3.3236546516418457
1.5555555555555556,5.131750583648682
-1.7777777777777777,12.224535942077637
-12.333333333333334,-0.8650078773498535
16.11111111111111,0.7395424842834473
-3.888888888888889,0.08577179908752441
-2.555555555555556,-2.176218032836914
2.888888888888889,7.857331275939941
-3.2222222222222223,-4.703485488891602
-0.6666666666666666,-1.0549118518829346
13.666666666666666,1.3343884944915771
11.333333333333334,1.4958405494689941
-7.666666666666667,-0.2044353485107422
-15.555555555555555,14.295164108276367
-3.555555555555556,3.1741926670074463
-1.4444444444444444,-0.41388797760009766
-1.6666666666666667,1.159942626953125
-9.0,-1.6665157079696655
11.666666666666666,7.520099639892578
-20.88888888888889,3.7379984855651855
-5.777777777777778,-1.9523388147354126
3.333333333333333,6.118514060974121
1.4444444444444444,0.5896620750427246
-3.111111111111111,6.358355522155762
1.2222222222222223,14.655169486999512
3.555555555555556,4.2978620529174805
-9.444444444444445,-21.247507095336914
-3.0,-1.4450531005859375
-8.444444444444445,35.209739685058594
-0.6666666666666666,-4.077342510223389
-4.555555555555555,3.2007460594177246
-2.2222222222222223,5.869227886199951
-0.5555555555555556,10.310696601867676
-4.333333333333333,4.9664306640625
-2.4444444444444446,-0.8901596069335938
-8.222222222222221,-1.4708948135375977
-0.7777777777777778,7.3026556968688965
-17.555555555555557,0.08036613464355469
1.1111111111111112,7.423325061798096
-0.1111111111111111,-7.582637786865234
-3.888888888888889,9.584426879882812e-05
-5.666666666666667,3.120123863220215
0.4444444444444444,6.23011589050293
-11.444444444444445,-0.2044353485107422
-5.777777777777778,4.175488471984863
-2.4444444444444446,3.473780632019043
-1.3333333333333333,3.0402817726135254
-2.888888888888889,10.339995384216309
-0.2222222222222222,-6.568264961242676
3.4444444444444446,-7.361272811889648
-15.77777777777778,1.1071836948394775
-1.8888888888888888,-14.043190956115723
2.111111111111111,-18.569005966186523
2.888888888888889,-30.263219833374023
4.333333333333333,-3.367741584777832
-4.444444444444445,-6.845332622528076
16.555555555555557,-0.9429507255554199
0.8888888888888888,-8.055831909179688
-0.4444444444444444,8.441387176513672
-17.0,-8.939592361450195
-1.7777777777777777,-5.917520046234131
-5.888888888888889,0.8856115341186523
5.111111111111111,-5.03091287612915
-1.2222222222222223,-38.95861053466797
3.7777777777777777,-2.1453723907470703
22.77777777777778,-4.597982406616211
0.5555555555555556,-0.18183773756027222
4.111111111111111,-12.7650785446167
4.0,-5.3309831619262695
-3.2222222222222223,-6.270617961883545
21.33333333333333,-2.268312931060791
5.333333333333333,-9.896749496459961
11.11111111111111,3.166794776916504
-3.2222222222222223,-35.252296447753906
0.2222222222222222,-19.94403076171875
-2.2222222222222223,-14.741096496582031
-24.33333333333333,-14.15460205078125
-3.333333333333333,-5.0785675048828125
5.555555555555555,-30.356002807617188
2.2222222222222223,-4.757451057434082
-0.3333333333333333,-6.577575206756592
-0.3333333333333333,-10.330367088317871
-0.1111111111111111,-2.2254867553710938
-3.4444444444444446,4.666897773742676
-1.1111111111111112,-19.06678009033203
-9.88888888888889,-14.445813179016113
1.4444444444444444,-9.872522354125977
-5.555555555555555,-40.057613372802734
-12.444444444444445,-34.835235595703125
3.333333333333333,-7.942054271697998
8.222222222222221,-14.40466594696045
-9.555555555555555,-7.756645679473877
-0.8888888888888888,0.8352189064025879
-2.333333333333333,-7.706029415130615
-0.6666666666666666,-6.415428161621094
-1.7777777777777777,-6.75400972366333
17.88888888888889,-3.5946872234344482
-5.888888888888889,-1.633718490600586
-0.7777777777777778,-15.513751983642578
-3.0,-10.25881290435791
-1.2222222222222223,4.020385265350342
-6.555555555555555,-12.908613204956055
-5.888888888888889,-3.4993205070495605
1.7777777777777777,-6.530544757843018
-8.444444444444445,-9.776443481445312
1.4444444444444444,-40.738502502441406
-0.4444444444444444,-1.670048475265503
0.1111111111111111,-10.853653907775879
-5.111111111111111,0.9282107353210449
-12.0,-6.616922855377197
-3.333333333333333,7.134002685546875
-3.333333333333333,4.758812427520752
5.0,-0.10783100128173828
-0.6666666666666666,-8.589689254760742
3.6666666666666665,-4.588633060455322
-6.444444444444445,0.011980563402175903
6.111111111111111,-3.6613006591796875
-6.222222222222222,3.3693699836730957
-3.0,2.604137420654297
-0.3333333333333333,4.46093225479126
-3.555555555555556,5.418938159942627
-7.333333333333333,5.067217826843262
27.55555555555556,4.022650718688965
-8.444444444444445,-5.868274688720703
-0.1111111111111111,1.531479835510254
2.888888888888889,-3.695331335067749
-0.5555555555555556,-3.2029824256896973
4.777777777777778,3.2566263675689697
-2.6666666666666665,11.053800582885742
-37.888888888888886,-5.022809982299805
-0.4444444444444444,7.23867654800415
-6.888888888888889,0.750996470451355
-6.0,1.994640827178955
-2.888888888888889,-5.461288928985596
4.0,-3.0930004119873047
-1.4444444444444444,0.7793983221054077
-2.555555555555556,0.16064691543579102
-3.0,0.8310966491699219
1.4444444444444444,5.269535064697266
0.3333333333333333,3.4054770469665527
-1.5555555555555556,2.3945512771606445
-2.888888888888889,4.810091018676758
-5.888888888888889,2.944490432739258
1.7777777777777777,2.6560282707214355
-6.444444444444445,-2.541384220123291
12.333333333333334,6.566651344299316
1.1111111111111112,11.258990287780762
-2.555555555555556,-20.532806396484375
-3.111111111111111,1.1615277528762817
-1.4444444444444444,14.863032341003418
-12.333333333333334,-3.0210516452789307
12.555555555555555,-1.780158519744873
-6.777777777777778,9.956429481506348
-0.8888888888888888,1.8412984609603882
5.222222222222222,2.6821343898773193
-2.111111111111111,2.365401268005371
0.0,2.928013801574707
-0.8888888888888888,3.558061122894287
1.4444444444444444,7.235330104827881
0.4444444444444444,5.114337921142578
1.3333333333333333,11.549033164978027
-6.777777777777778,-6.5053534507751465
-7.777777777777778,7.642828464508057
7.555555555555555,12.145257949829102
-24.55555555555556,-3.5274453163146973
32.22222222222222,6.341455459594727
9.333333333333334,5.650184154510498
8.777777777777779,4.451067924499512
-4.777777777777778,-1.8162899017333984
-6.333333333333333,-3.420168876647949
