Score,Pred Score
4.219145585451182,9.414094924926758
-2.588665914009158,-4.075821399688721
-3.0703466753296,-2.278956651687622
2.1112971208509976,-10.486507415771484
-19.1693792779686,-5.922610759735107
-0.9096556467231308,1.9585621356964111
-5.316952415477393,0.6247854232788086
-5.39913759737588,-1.2921746969223022
6.1026124307435,4.24321174621582
-1.6005087696864486,0.6118192672729492
-51.6773231694491,-45.608211517333984
0.51700222845629,3.297434091567993
-1.6521884315998507,4.969398021697998
2.11024229353816,7.279341220855713
17.2594267615487,9.687714576721191
-1.73607437190069,0.8537176847457886
-5.77436797253085,-7.6432600021362305
-0.568998602339841,-16.745769500732422
-1.289264920121349,-6.275169849395752
-14.1813773041305,-15.542240142822266
-3.31847606547329,-6.282652854919434
11.710679650337616,-1.1052603721618652
2.046344769010002,1.629719853401184
-2.77042962989298,-0.12597215175628662
9.014890317831036,5.648375511169434
2.726862934921635,0.7519359588623047
-3.4922781726655696,-2.6847386360168457
1.292753014965791,2.297060966491699
8.16191414696451,6.259333610534668
-8.251107402184557,-4.8379974365234375
7.262818938793504,-3.7267308235168457
4.14054171285972,4.927916526794434
-13.546032832554804,-5.9952168464660645
-16.8307740899425,-17.02581214904785
-0.2642143205483515,-4.234313011169434
-6.135426654744688,-2.8301639556884766
-7.187555808667961,-5.558748245239258
8.149714042401495,2.332221508026123
-6.426376983867103,-2.2884480953216553
13.9953943577381,10.488653182983398
-6.31868596379813,6.536965847015381
5.321680837772678,0.6797835230827332
11.9978624338519,5.960393905639648
7.909526276907584,6.396016597747803
7.206977941743588,5.840481758117676
-7.378812419643663,-5.954619884490967
0.2475632146873464,-1.488762617111206
12.7359625054994,10.767617225646973
5.220668557811489,5.6749467849731445
1.3318185914773402,5.150855541229248
2.776867734737273,-2.4555628299713135
-27.8178569354009,-34.83733367919922
-4.20883890972707,-3.742215156555176
2.78743688363977,2.583784341812134
-9.657849716236,-14.86906909942627
4.071661498679735,-4.456979274749756
-10.586292641023492,-9.234241485595703
2.578081311550471,3.0976037979125977
-42.2483635713802,-46.081932067871094
8.204494762209066,5.894587516784668
18.5317724911246,12.07532024383545
6.097122298913325,7.200862407684326
-11.299328727708405,-8.154583930969238
-6.22433036882608,-2.5163028240203857
3.12612254618191,9.299409866333008
8.756217929094177,9.388222694396973
-1.757118944268968,-10.478148460388184
-51.402683514636095,-47.41477966308594
-2.13735826282737,-2.439727783203125
8.88265541550952,7.680383205413818
5.58846482112586,4.287327289581299
7.383552345763623,6.5877227783203125
10.229168329440906,6.392397880554199
-17.4030551064212,-10.370352745056152
2.204062447972561,2.0510916709899902
-3.195242757261453,-5.501579284667969
-36.8822022827233,-37.92123031616211
3.812227003524945,9.597087860107422
-6.89310310865277,-8.337177276611328
-2.85382252753121,-5.905490398406982
-7.42349600405968,-5.565415859222412
4.398848813602776,1.8513237237930298
-68.1959205924323,-52.17130661010742
-3.773219093074008,3.344013214111328
8.453421074249384,9.251771926879883
-62.9612541332419,-42.907676696777344
2.97844031586002,-5.3593668937683105
-5.800670766453999,-0.3930666446685791
2.409764321136161,0.15120726823806763
-1.6610011043127195,-6.525264739990234
1.39259946716825,-0.19722825288772583
-5.785469568057495,-11.720447540283203
10.468583156479704,10.620206832885742
0.8267526169764301,0.3293294906616211
-0.4271227388875901,-0.7228860259056091
-5.85807143580148,-7.341670513153076
-2.67676896274171,-2.74507212638855
-3.11888044241469,-2.84726619720459
6.71098989067457,7.836460113525391
6.429854346358795,6.605043888092041
-6.897600670415837,-7.767582893371582
-16.4910721624856,-16.312196731567383
-3.057699221935841,-2.913114309310913
-17.6906096863185,-17.21379852294922
0.1461877509898399,-0.5373814702033997
-3.01321716593974,-2.9780657291412354
-15.0412339008878,-16.132291793823242
-3.60075442831331,-3.294768810272217
12.5056328567953,13.200616836547852
-13.8996269060666,-13.906998634338379
5.265272900492549,5.589985370635986
12.283123760680592,12.217023849487305
-2.54688332955635,-4.062943935394287
11.579228393987275,5.238124370574951
-0.3284521577656807,3.4810171127319336
-2.33292598982445,-8.803080558776855
-0.1058882282985149,-0.463582307100296
-2.4461467814868523,0.4113444685935974
-41.8026500314277,-36.68536376953125
4.417989059347175,3.480281352996826
-40.2101205720394,-19.623598098754883
-14.277645616907492,-12.193345069885254
3.29681579894721,-2.5762298107147217
-0.7012610501602399,-1.2524945735931396
8.463248256721428,6.286600112915039
-2.491707941339629,-4.752630710601807
4.867927463076468,3.2038137912750244
-1.876637029070265,-7.1504621505737305
-12.955988512618,-30.037246704101562
-7.75971004909346,-3.1181159019470215
4.67424026120176,3.9649877548217773
-7.08434802004719,-3.565842628479004
-6.19730890695259,-3.1023573875427246
-0.1240821746904601,-1.7653114795684814
4.069163600073605,0.10666513442993164
-1.77750068778882,2.6113295555114746
1.8601156760560384,13.46644115447998
-10.8237586662752,-9.82491397857666
-50.1674018945849,-55.65523147583008
-5.8677981963370005,-4.959134578704834
-24.4869919201538,-25.57050132751465
-12.281506448986304,-8.944090843200684
-5.8772631055401,-3.7056338787078857
-0.1639564470097907,7.113842487335205
4.17561229224804,5.564808368682861
2.77922195660905,7.057005405426025
-3.454798154796729,4.649888515472412
7.692941411907634,2.1404759883880615
-2.390619984667185,1.146810531616211
-33.1832620874725,-35.02935791015625
-18.23432595343749,-17.410160064697266
5.29419053806362,9.190281867980957
-77.3623903172369,-47.282169342041016
15.4985727759109,11.13339614868164
7.73570234615748,-0.034315645694732666
-9.325981865786185,-3.8078978061676025
-9.72499716390718,-4.964991569519043
13.309934514349203,9.843615531921387
2.264898495983479,13.617867469787598
-12.0320822507053,-15.661396980285645
-2.56542276271332,-1.7821636199951172
7.196532980977684,7.306709289550781
-1.857666460494741,-2.310420274734497
-1.4872271509121793,-0.7533115148544312
-3.12013961477547,0.018156886100769043
2.6303171850506604,1.7152563333511353
-60.49569009623433,-55.421775817871094
-30.3377383335249,-33.19643020629883
1.0590749185315824,-3.3427350521087646
-6.929951553081727,-7.551693916320801
-8.46093254820262,-6.452361583709717
2.461922216333884,6.411101341247559
4.5031585012656095,9.636007308959961
4.435147085081137,1.811211109161377
-2.88087637063392,-0.3284178078174591
-1.5082203021212124,-0.9167590737342834
-0.6579761516790089,3.0551278591156006
3.719171936095444,6.431393623352051
-2.6053130644292946,-2.5288825035095215
7.276768036701751,6.928795337677002
5.29091659278858,4.000511646270752
-1.0659561461183158,-2.335465908050537
15.4186986077963,8.881784439086914
7.543407488617369,4.948352336883545
9.58062385928767,4.427673816680908
0.2570808252882703,-4.658100605010986
8.13893448615947,6.038138389587402
-5.14141487663266,1.1588711738586426
-16.517773128145326,-11.584199905395508
0.7364260970712593,-3.8418145179748535
4.25311060075082,4.3300862312316895
-25.4508968849616,-22.00063133239746
-1.9051378030600723,0.5089225172996521
5.506094216928792,3.103825807571411
-0.1777753404752198,-1.430086612701416
16.9349100756105,3.3868589401245117
-11.607028837624,-10.873598098754883
-1.2671721747064446,-3.876210927963257
-16.1535771788668,-7.960445404052734
8.143116180793372,8.990728378295898
7.078924552126015,0.6071780323982239
-5.73967918172164,-10.643863677978516
-23.3725501337939,-22.74828338623047
9.04709717330502,-16.453229904174805
-3.724573545179619,-3.983981132507324
4.4516036428765,-0.7388170957565308
-1.657597602265355,6.576757907867432
5.586124430090477,8.138100624084473
-26.6651088566214,-20.884321212768555
3.028467183462371,3.458487033843994
-40.7258600860177,-22.11026382446289
-26.912205886836706,-17.152339935302734
-3.9965921287470247,-4.9808220863342285
-4.739766082030863,-1.8988173007965088
4.2006804390709,-1.0938533544540405
-22.3071231538392,-18.304597854614258
-18.5891767455387,-25.65711212158203
-5.960419628776203,-3.684451103210449
-18.9061714872788,-19.029050827026367
-21.4141717786538,-17.035327911376953
-12.208208404490907,-18.171585083007812
-3.72583443525641,0.1424257755279541
-2.377061578670744,-0.9285100698471069
6.075310726130807,7.4352521896362305
2.12042655289975,-5.775923252105713
3.181253849239128,5.297464370727539
10.41580460128629,9.373279571533203
-23.8934551543691,-41.795066833496094
-0.8981307679622897,-8.448610305786133
3.7078671714499096,1.548515796661377
11.644495901203598,11.283185005187988
-22.42608065327665,-17.812828063964844
-1.2036514942358316,-2.851433753967285
-13.5091075877696,-19.492488861083984
-1.79502295092813,3.7193732261657715
2.332279780348585,-2.3591678142547607
3.11049964318654,-0.46289485692977905
3.54836143321337,-2.896836042404175
3.77256113899207,-8.007562637329102
-2.35314836228574,-0.39100027084350586
7.837521570550837,11.44511604309082
9.328533024448705,3.05680513381958
-37.9495035857927,-15.917074203491211
-4.144685584269085,-2.5251622200012207
8.91646092056966,0.2203015685081482
5.635020609606415,8.21113109588623
-15.1006814359747,-0.3231081962585449
-2.4599041427842496,10.645163536071777
2.42002639701588,2.986154556274414
-3.0331069492891496,-0.7342171669006348
10.480393919522983,9.372456550598145
4.452168509343501,-2.030384063720703
-2.552277046947741,-6.249892711639404
-5.97419023328963,0.8495733737945557
-0.5734820606807138,4.174213886260986
3.7606671418030695,5.0100998878479
-31.4759298257721,-27.033050537109375
0.300408103033295,-5.695294380187988
-6.32558602127377,-7.703904151916504
0.90894434552881,5.462022304534912
5.954690473588823,5.2575812339782715
0.0804428699766095,-3.9061343669891357
8.45389840526827,9.589110374450684
-2.8859593337581737,-4.670507907867432
-1.122073026503361,1.3581727743148804
-75.56229656723696,-41.10667419433594
-6.291328737399075,0.720768392086029
-10.1192188918475,-10.847065925598145
-56.3663437951974,-45.21533966064453
2.4288820651169605,2.8123464584350586
5.05355462238675,0.9934018850326538
-13.1809903671301,-14.278596878051758
-6.75960002722117,-9.590031623840332
9.0758909366509,4.166253566741943
-1.4230966237807086,-1.3540858030319214
5.59963570142504,-4.4267144203186035
4.133325903305868,5.971657752990723
3.00680128293027,6.2783203125
-27.8195558011628,-27.852985382080078
-29.9162730471743,-31.115760803222656
20.7191486697607,12.655486106872559
3.455876052191651,8.058152198791504
2.595279020812243,3.2950499057769775
-4.0896099478500325,2.118936538696289
5.3817717725564,5.166233062744141
-1.9802660997523944,-1.528293490409851
0.4007388327427847,4.965432167053223
10.11870938841209,7.098324298858643
-1.7174251595272625,1.7335306406021118
-13.2363849677504,-13.837091445922852
-58.24412469223692,-53.01419448852539
-47.9875704511971,-47.98823928833008
-3.681083449701528,-24.07244110107422
0.1118559290339978,8.325989723205566
-8.998840630677615,3.501492738723755
1.1941842843275,4.245174884796143
19.33685959748449,8.022087097167969
-3.09775596823669,-3.593970775604248
1.2555345380058751,-0.9328901171684265
-78.7451798053926,-74.10906219482422
8.35813394800668,7.566117763519287
-19.6754058911438,-22.140335083007812
4.743603615290096,3.37471866607666
1.3155747227446202,5.72307825088501
11.316750179392892,12.409502029418945
11.779516260068313,12.740830421447754
-3.802611775309477,-5.830522060394287
-10.539071528779305,-8.171918869018555
4.49646859469848,2.5558419227600098
3.59102041590596,1.7856231927871704
2.1560784090827942,5.30427360534668
-17.309192174305,-3.560643196105957
-1.768261666543676,-1.5822933912277222
-3.34531377329845,1.0732347965240479
-9.09730633851708,-7.805401802062988
-12.909180343140196,-9.365882873535156
4.020569536845237,3.8162038326263428
2.28163515100639,2.7911455631256104
-1.6307504375632549,-5.413900852203369
7.809600001042748,6.96401309967041
-83.9761260280997,-61.669559478759766
7.656482330373112,7.732463836669922
1.675245639565673,3.340871572494507
-15.991582533821994,-6.708827972412109
8.681027307740193,-1.558641791343689
11.10272802991041,13.48017692565918
3.42951329804928,-3.3837380409240723
-1.4295761119406232,4.704773902893066
-11.9299972333177,-16.645429611206055
11.923948375295712,6.720893859863281
5.960801203295765,4.044062614440918
-0.4381862293696001,0.9351887702941895
-2.43808381047612,-4.022827625274658
5.72263802046558,-0.19492578506469727
1.1496085756031087,7.7680277824401855
-6.72144892291601,-7.022848129272461
18.1939100849816,18.880203247070312
3.61441892535489,0.37057197093963623
-0.8028238008287005,-0.5820014476776123
0.7001962140772594,1.0470908880233765
2.125547882163602,3.793740749359131
-2.8472026300298463,-4.37606954574585
-4.534682244798708,-4.481128692626953
4.49418879319923,6.963969707489014
-10.901275449743116,-11.179688453674316
-4.736229867816737,-4.424684047698975
-0.0053525606393112,-4.7097930908203125
7.06923762363823,5.455313205718994
-0.0084306638066775,0.9093272089958191
2.11900133622217,1.4526429176330566
8.106852576346123,8.395273208618164
-0.1428452494230792,-0.6139282584190369
-1.0683487237199796,-6.691964149475098
0.0285872237409883,1.363253116607666
2.75380173901167,-11.33894157409668
-7.69948364751984,-5.869645118713379
-0.0556983764780604,-0.8221917152404785
-1.32131943338233,-4.836147308349609
-3.0345245902191325,-1.64757239818573
-2.93911844531118,-4.243031024932861
9.94612085382829,9.979292869567871
-3.5546157663424616,-5.393090724945068
-11.221818720505304,-21.375465393066406
3.9797293996962297,4.374814987182617
4.54734483862441,4.876449108123779
-45.634880019414,-40.21395492553711
-1.6020246929696491,-19.925159454345703
-4.12581810820042,-6.638474464416504
-3.019531285218114,0.14494836330413818
5.42509465390903,6.783714294433594
-21.5871320482388,-23.194477081298828
-1.2497809936708242,-4.419360160827637
-35.0272315856836,-35.346527099609375
3.37898618824583,3.446662425994873
-13.4460672849668,-13.221755027770996
10.982614675109394,6.084156513214111
2.35164464781062,-2.9419474601745605
-20.9676231329802,-13.822249412536621
-1.6422791314174887,-4.849975109100342
-0.3136273830120112,-0.9123120307922363
-16.967828162594074,-15.76915168762207
-2.8325461302865187,-0.9808497428894043
-2.6871577689602653,-2.1621241569519043
7.570838092245207,8.523655891418457
-13.547300817594484,-15.22641658782959
8.99923705482913,5.760793209075928
-0.003939288658445,-0.6841707229614258
6.147225205740463,5.491102695465088
-2.149900469098629,-1.994291067123413
-25.2381267145584,-28.3726806640625
-5.36204355968609,-1.4923328161239624
4.43276114617859,6.433838844299316
3.27144637329635,-0.16030800342559814
-1.626797120535592,-5.088051795959473
-9.859535687586003,0.1681167483329773
2.0008593011464906,0.3477262854576111
0.369316059642221,1.0581613779067993
5.79128728304933,10.825260162353516
0.1235817830644999,6.608931064605713
-3.36903782007548,0.19958674907684326
7.06032809637297,8.466191291809082
13.71198107208239,3.9887285232543945
-12.53254789251529,-13.992770195007324
5.45103123545738,1.7104557752609253
4.128157012788561,7.003101825714111
-3.8590388668775,-5.945847988128662
7.36579899286375,-0.9768304824829102
-11.03094492075089,-20.63100242614746
8.017093587799739,6.097465991973877
15.384553292915324,-1.3097996711730957
2.79124989437018,-0.568910539150238
2.81101468536903,-2.404749870300293
-1.7237618714553775,-3.3632822036743164
-2.202886656443709,-1.6989831924438477
2.369358494612781,-0.681119441986084
-11.30813578108209,-9.317255020141602
4.484288991501213,3.5825374126434326
-35.8165916579592,-29.549243927001953
-5.19085420781142,-8.512789726257324
2.86709961553106,2.7131423950195312
-4.349210006555943,3.0219438076019287
5.029017096161708,5.336799144744873
8.243548509216069,4.742857933044434
-2.6184282494780104,-4.061774730682373
-5.527709296795018,-6.211422920227051
-52.7336020518746,-49.00799560546875
6.07843040491799,-1.220281958580017
-4.396710286499547,-1.0007779598236084
6.6154810826822,9.385053634643555
9.772192422094813,0.6660430431365967
2.099307195887115,2.7154927253723145
-12.414939844598162,-13.452990531921387
8.24149319055937,3.19323992729187
-1.5178355576616795,-0.7909607887268066
9.144089281431205,11.819653511047363
1.418014053180695,-5.052669525146484
-60.92137282626391,-45.129737854003906
5.61896917638109,4.820639133453369
-4.96580172718434,4.34750509262085
-24.4432878855492,-13.659101486206055
1.675381804264854,-0.8173764944076538
-2.8447496930443927,-2.0963447093963623
-1.059512617215007,6.795658588409424
1.41805545618482,6.950997829437256
-7.06329362397977,-0.871027946472168
9.400493271217616,14.281408309936523
3.1327986373042376,6.025205612182617
4.097668935846943,7.786022186279297
-4.01456885639382,-4.063059329986572
-2.260381023139061,-3.877962827682495
-8.237627320974727,-11.675274848937988
-2.23616712442702,2.158562421798706
-26.79502671025515,-24.250898361206055
-10.594900847222812,-12.857439994812012
4.509456424718162,5.80488395690918
-22.9219832537164,-23.683090209960938
-6.2026319104393295,-9.616800308227539
-4.662511414401839,-1.3856840133666992
-0.4503474699443348,0.8434692621231079
-21.5531296050118,-22.994586944580078
-39.7169735486916,-35.43771743774414
-6.13466459150186,-7.162473201751709
6.093529951556334,6.4886064529418945
-33.3004252633332,-34.46297836303711
-7.789052707582185,-9.125452041625977
-61.6890402284636,-55.64653778076172
-10.613183176373598,-5.709296226501465
-12.6203596574975,-12.753538131713867
-15.2234416939723,-15.07526969909668
3.42848617073407,2.1715729236602783
-50.4820483838523,-47.065223693847656
-71.7765711158932,-69.01958465576172
4.338369925074482,4.987007141113281
-34.0729170807354,-31.966537475585938
-10.285920522724917,1.8012588024139404
2.71808902854303,4.554138660430908
2.26767773086615,-4.6948089599609375
0.3189015990893598,-3.411372423171997
-39.873530292237,-42.308475494384766
5.053393098685065,-0.20618104934692383
-5.77665564868809,-4.599221706390381
-22.4462583852743,-25.6870174407959
-10.162041561092582,-9.146560668945312
8.70853787657841,15.183616638183594
-3.73521146317182,-4.708066463470459
-1.3326443092463092,0.3995325565338135
-5.830142578087577,-2.2987027168273926
-7.815562497274902,-1.1001641750335693
-20.7558388881914,-16.689905166625977
-1.03656181464744,1.475834846496582
-3.930469946192945,-5.370913982391357
5.391699208755202,3.595905065536499
7.2595381633228,9.254067420959473
9.30630078585379,11.416008949279785
-3.77133000272187,-2.097698450088501
-42.936846127142296,-34.93364715576172
0.5211206139658471,-0.9724802374839783
0.7345204104922589,4.66550350189209
6.86106163750481,2.6833462715148926
-21.61387508166409,-20.194618225097656
-24.577379709126298,-38.170467376708984
3.986867952152618,5.465469837188721
-63.2346715672369,-54.44279861450195
4.55602013063716,5.436525344848633
-20.3623076046531,-16.830942153930664
8.678125432705007,5.844448566436768
-2.1147225087047508,-0.9138290286064148
-1.14890133483728,0.3550182580947876
3.7921116228684086,2.2363789081573486
-1.3811964732242277,-3.4788818359375
0.1752112379752922,-7.484630584716797
3.3452637215970498,2.3846609592437744
6.63109301847755,10.372026443481445
-8.72128086410909,-35.454681396484375
-0.1160299782726794,-2.265662908554077
0.1119561526876595,2.952805995941162
11.877856996640997,9.803231239318848
-3.2142130797467816,0.45570701360702515
-3.9552380984537248,-4.571514129638672
-1.593720937577549,-6.53712272644043
3.3899996482015826,4.470649242401123
7.66334596528203,14.527236938476562
2.60625970962018,4.3372416496276855
5.006519903780723,0.8734308481216431
-58.5527340809363,-36.567909240722656
3.776985072333982,-3.1370339393615723
2.4866177573815964,-0.8839786648750305
-0.6920482116816997,-4.2263054847717285
2.1747311895065486,3.9927732944488525
-13.14009076535719,-22.177047729492188
2.745769909533195,-1.0806167125701904
-10.626155896203898,-21.00568962097168
0.0548896546292299,1.3928664922714233
-69.1366966634013,-44.159854888916016
14.8508222506114,8.262248039245605
-28.3488859938485,-29.484272003173828
0.6884341878779402,-3.820441246032715
12.566471603210276,14.665223121643066
-5.472376660417956,-14.168519973754883
-2.1691769605730515,-1.8900351524353027
-0.3887710448227697,-5.9502763748168945
9.1356503291117,10.177183151245117
4.93167956005568,5.659455299377441
2.713132201978397,2.406862735748291
9.090654061652296,7.096977710723877
1.741670982094262,1.087693214416504
-5.89266438028177,-6.56915807723999
-1.130678948105339,-0.8247637152671814
-46.587141393021525,-53.813194274902344
4.366245372711767,7.0559401512146
2.858782897786812,0.24590015411376953
2.53362859007723,-0.6901400089263916
-1.7943154401891548,-0.46524524688720703
-0.6435038581465955,-1.1422616243362427
5.99108205682079,3.8667514324188232
2.44728958086436,3.375458002090454
1.5718362711845366,-4.131505012512207
-55.54568697318505,-59.113319396972656
-9.231606713935047,-8.564902305603027
3.547124544521316,0.7687349915504456
-73.5286754265322,-39.48427963256836
0.2047767843086013,-1.6520341634750366
-10.398648228661925,3.3330607414245605
-46.9980356488569,-43.50312805175781
-62.9031214125763,-64.081787109375
-10.35739215730591,-12.971413612365723
1.83593808226401,0.8913552165031433
7.827394642815597,8.191750526428223
-9.742168339465294,-12.724750518798828
-0.29408409265346,-0.9694986343383789
-5.653435188749545,-6.962996959686279
-14.57002364123529,-48.50355529785156
-18.1797235112709,-14.150975227355957
-5.45440876641342,-6.828425407409668
8.596988309863011,10.72467041015625
-5.493763326806099,-2.7728493213653564
-8.393586343504198,-8.904597282409668
-3.963646539183849,-1.3801618814468384
9.625121597198186,8.540778160095215
-6.18357684414468,-10.420904159545898
-3.41466344580097,-3.1591124534606934
-4.03025121975644,-6.774836540222168
-2.66483863280114,-3.638289451599121
-0.190891674386513,-4.289050579071045
16.1850033157246,11.150012016296387
-7.910003358009165,-9.793927192687988
-2.07861348348741,-4.932763576507568
12.331931266595111,10.800070762634277
0.8825935384285006,0.30113983154296875
-2.1789667599796294,-2.0619473457336426
3.0307168501552093,4.381550312042236
14.8229623836697,10.689369201660156
6.795393661635613,9.926847457885742
5.16750826555368,7.610701084136963
-57.144820014625296,-15.42524242401123
6.167862854629888,3.6948812007904053
-2.698758931910008,-7.70089054107666
1.289294757415069,-2.507680892944336
13.9692836454661,17.799274444580078
-38.6438610292767,-32.29409408569336
-3.119647295186995,-0.01966691017150879
-6.745372906074374,-3.5211524963378906
-2.7468186065138984,-9.061922073364258
1.6198341998494314,8.609871864318848
1.6646916021852596,0.926521897315979
-7.87226820943855,-8.517298698425293
8.652061852316729,4.9545087814331055
2.4933992323843923,0.4710972309112549
2.35160533891099,-5.755596160888672
1.30779520720034,4.813426494598389
-11.9965988914421,-11.925089836120605
4.780848076735348,-2.5742602348327637
11.2728180991378,15.376442909240723
0.7651079053562314,3.0244808197021484
-10.6557437737239,-14.526056289672852
3.27100049685324,-0.08052906394004822
-5.2815921348029296,-6.479990005493164
-27.5445722402187,-23.22996711730957
-2.683955047842884,-1.1425862312316895
-43.929359067237,-45.635345458984375
-4.639593570653838,-3.8344566822052
-14.7229944429405,-1.5466156005859375
-5.00028834575103,-4.109399318695068
-1.2236747050651609,0.05631148815155029
-17.6830733389949,-3.112034559249878
-9.979741434164584,4.756788730621338
-0.2823200449385875,1.265960931777954
-36.50577458359941,-22.85055160522461
-4.853312003098937,-6.239535808563232
-27.4476544011683,-37.49992370605469
-49.5120706514507,-46.35124588012695
1.2287673509824204,-3.725886583328247
9.503977484174175,10.790170669555664
-5.5186956836840375,-18.21017074584961
-2.99361591491145,-0.872290313243866
7.99575647038201,9.955463409423828
11.7225687296843,13.225639343261719
6.987950206462267,-2.137608289718628
5.5273920092716775,1.949596643447876
-7.19378137939456,-12.567227363586426
6.001532732018722,8.870509147644043
7.92708077877978,6.127756595611572
4.316615136301563,4.067305088043213
0.1590569364430157,-2.002262830734253
2.8348518495029404,3.620105743408203
-46.6686841099013,-45.22795486450195
-0.8984319813221007,1.4702577590942383
4.30511943579503,-2.8207380771636963
-3.36735139960915,-1.9851609468460083
6.58117049992555,9.061849594116211
6.753311816554961,8.824405670166016
-1.1091988250418725,-3.973524570465088
5.26551760771767,3.567380905151367
-37.3999740396079,-11.11628532409668
-34.48768519828235,-16.674396514892578
-46.862925671502296,-35.09965896606445
-1.19024715514191,1.28097403049469
-1.4920816076829602,-4.232407569885254
-5.775806690181939,-1.759749174118042
-14.2382866820043,-12.070869445800781
1.3131129859732091,-8.15632438659668
13.1991243046288,7.629302978515625
3.6035536346157695,-0.9081123471260071
4.97603191479674,5.466375350952148
2.9737175212081803,2.1804959774017334
-35.1782981083837,-27.712047576904297
-10.480511156242285,-11.117460250854492
-0.3170472839931941,1.4726958274841309
3.59745169898486,6.19738245010376
-5.139364658294922,-4.8025994300842285
-29.2662792150344,-29.588459014892578
11.555346181601609,7.0073347091674805
3.7092867134231,-7.806775093078613
-0.7280966227290082,7.579064846038818
0.9480162028997956,-1.869579792022705
-9.619042312244815,-11.932125091552734
-3.15562863494722,-0.1000569611787796
7.285509446842615,12.123229026794434
2.71319811317338,2.371181011199951
1.026942322157092,0.06007111072540283
-4.65691689928222,-7.608635902404785
-8.677497573270493,-10.526908874511719
14.3436638764016,12.711688995361328
-11.8973420493851,-10.539651870727539
-6.61979034735207,-11.024371147155762
8.86280218600469,2.2450926303863525
-3.43040335892423,-6.603747367858887
0.4443344011282492,-1.523460865020752
2.6678241356197647,-4.94122838973999
2.334382802629,-7.848988056182861
-13.8157551615103,-16.17268943786621
1.9007667723773176,4.826993942260742
-17.190033530139498,-18.807422637939453
3.88810032819938,2.507347822189331
1.2705701336207027,-10.286592483520508
3.887422638441485,6.251831531524658
10.349523074958825,10.736468315124512
9.62907409316032,-1.0661486387252808
0.7709161631446207,-2.5029945373535156
2.3166834950764685,-1.4824390411376953
2.76912169862866,-6.176836967468262
-46.2372447228831,-41.979705810546875
-37.0930621901092,-18.705577850341797
0.996650643215182,-1.3021240234375
-12.898019313824,-5.0943145751953125
-0.71117494174041,-3.0850884914398193
-0.5663484394051013,-1.51301109790802
-12.4595255596924,-9.638581275939941
-0.6089836493556324,-2.1036815643310547
6.92534745147092,-0.2502715587615967
3.320229681965675,5.440403938293457
-10.274169876330886,-8.909109115600586
-49.062306315025,-39.41954803466797
-30.7261055182573,-39.66419982910156
22.7414116448382,14.421136856079102
-0.9529303605806088,-3.9088339805603027
-10.739322929783883,-9.29487419128418
-20.9507978903398,-19.70987892150879
-24.96156751119129,-27.58568572998047
14.9823899147147,10.905464172363281
-14.564555056626377,-2.396296262741089
1.907333647224608,9.092135429382324
-1.178255647098801,6.1672234535217285
1.9806048133258944,-10.15229606628418
8.833837192566008,3.2397117614746094
-18.5255095356289,-40.38763427734375
3.010752586641185,-3.778352975845337
3.67041582610247,2.476289987564087
-33.7845903951132,-40.26081085205078
-13.812973987503693,-7.395141124725342
-13.861300672159,3.5227015018463135
-26.24662901330595,-15.555268287658691
-1.61504571199055,-2.6245803833007812
8.754663680824095,9.4558744430542
3.22816419080692,6.266014099121094
-2.0585753436264698,-4.916370391845703
-9.59094984812801,-15.929896354675293
6.02246857213521,6.553361892700195
-4.11149235653684,-6.1548237800598145
-4.361976736345532,-18.170026779174805
-2.4097304318056905,-0.577642560005188
4.967381413305823,-1.6923954486846924
-11.9154244975033,-5.678051471710205
-11.183106529127476,-11.8477144241333
-2.3538192484503564,1.969412922859192
-2.204579993178592,-9.886016845703125
-91.8886792382854,-57.372467041015625
3.2582764286422226,4.322396278381348
9.859104788483815,11.120981216430664
-2.6304973605131474,-1.7649333477020264
8.398744223780918,10.045260429382324
1.4955767028094,8.728224754333496
6.720388221210122,7.248246192932129
6.99756701325662,10.073220252990723
12.966325580978296,12.603922843933105
-22.8644313188967,-16.823091506958008
-14.4731176558811,-13.747200965881348
-0.0918051514147744,-4.251851558685303
0.9434331950199416,-2.3948662281036377
7.877641553655238,2.5130884647369385
-27.1636490162131,-18.218111038208008
3.42669038506664,-0.14091718196868896
0.31232235517322,2.1409687995910645
1.1848602197973823,3.4175357818603516
-5.822632503482525,-5.658273220062256
-2.989164004622407,-1.1292239427566528
1.69213972357191,1.4324296712875366
-0.89184437235696,0.15157538652420044
2.446050707651698,1.5930153131484985
5.07108724357905,-1.716664433479309
5.42147270471237,6.2432098388671875
-2.20364176327536,-3.2055985927581787
3.08443697315444,-2.7519490718841553
-5.97248436581227,0.35061800479888916
-1.0190872666435924,-1.6211621761322021
-14.885807229381896,-12.475730895996094
0.046018285265003,-29.450279235839844
6.00089213826483,5.799805641174316
-1.4680391508473674,-7.903372287750244
-49.8653288018085,-44.75831985473633
-7.283890318199592,-3.984081268310547
3.6053774296538297,0.24272596836090088
6.364261125349779,-3.165658473968506
-51.4043293278057,-51.091156005859375
-64.65676531723692,-58.099849700927734
-26.1965705632023,-9.794194221496582
2.63157412115867,0.2576160430908203
16.694612728237402,17.229000091552734
-17.0314498829154,-10.924385070800781
-58.40351531723695,-58.965267181396484
-15.3173389528898,-16.32414436340332
-6.613686761665703,-6.875930309295654
-39.0646563811545,-55.331024169921875
0.809697096857583,-0.8254954814910889
0.4685622181175212,-0.2568056583404541
-6.376202369524528,-3.966770648956299
-14.434457477598505,-2.7698020935058594
-26.0047332498617,-16.540006637573242
-17.5801214502402,-19.07715606689453
-2.60072537807549,-2.234312057495117
7.184930267876617,7.9930620193481445
0.555665600488549,0.3480949401855469
8.747205755218493,9.722606658935547
-2.289513933263135,-2.759943723678589
3.8009101564042025,0.41113728284835815
-1.67197513843126,-1.9276443719863892
-15.746453943284,-20.696331024169922
