Score,Pred Score
4.219145585451182,4.133970737457275
-2.588665914009158,-1.8528618812561035
-3.0703466753296,-1.6860551834106445
2.1112971208509976,-12.940027236938477
-19.1693792779686,-9.894916534423828
-0.9096556467231308,-0.4120466709136963
-5.316952415477393,1.4570518732070923
-5.39913759737588,-4.399184226989746
6.1026124307435,4.875805854797363
-1.6005087696864486,6.057701110839844
-51.6773231694491,-37.73508071899414
0.51700222845629,1.7198659181594849
-1.6521884315998507,-1.2604817152023315
2.11024229353816,-0.8849085569381714
17.2594267615487,5.762516021728516
-1.73607437190069,-3.8986735343933105
-5.77436797253085,-7.06995964050293
-0.568998602339841,-14.855077743530273
-1.289264920121349,-4.2124762535095215
-14.1813773041305,-17.609813690185547
-3.31847606547329,-3.920882225036621
11.710679650337616,-3.8743042945861816
2.046344769010002,2.4534316062927246
-2.77042962989298,4.291233062744141
9.014890317831036,6.2325053215026855
2.726862934921635,11.178452491760254
-3.4922781726655696,-4.384754180908203
1.292753014965791,0.5861918330192566
8.16191414696451,13.566817283630371
-8.251107402184557,-5.16571044921875
7.262818938793504,-1.7734918594360352
4.14054171285972,8.937713623046875
-13.546032832554804,2.916727066040039
-16.8307740899425,-0.7887971997261047
-0.2642143205483515,-2.77587890625
-6.135426654744688,-5.766909122467041
-7.187555808667961,-0.5991150140762329
8.149714042401495,2.4658875465393066
-6.426376983867103,0.4989607334136963
13.9953943577381,17.071496963500977
-6.31868596379813,4.3108906745910645
5.321680837772678,-0.12929046154022217
11.9978624338519,7.186878681182861
7.909526276907584,2.867474317550659
7.206977941743588,10.410503387451172
-7.378812419643663,-5.980598449707031
0.2475632146873464,-0.015047311782836914
12.7359625054994,3.3131887912750244
5.220668557811489,-0.07161861658096313
1.3318185914773402,3.3107731342315674
2.776867734737273,-2.0258779525756836
-27.8178569354009,-28.90012550354004
-4.20883890972707,-7.6179633140563965
2.78743688363977,6.874537944793701
-9.657849716236,-8.801942825317383
4.071661498679735,1.1295446157455444
-10.586292641023492,-11.215947151184082
2.578081311550471,-0.5275784134864807
-42.2483635713802,-40.031002044677734
8.204494762209066,10.393024444580078
18.5317724911246,11.243424415588379
6.097122298913325,5.839022159576416
-11.299328727708405,3.611370801925659
-6.22433036882608,-2.693227767944336
3.12612254618191,6.4145121574401855
8.756217929094177,6.519734859466553
-1.757118944268968,-7.9824113845825195
-51.402683514636095,-34.21207046508789
-2.13735826282737,-2.953044891357422
8.88265541550952,7.442871570587158
5.58846482112586,-1.6437103748321533
7.383552345763623,2.128746509552002
10.229168329440906,5.962223529815674
-17.4030551064212,-5.476974964141846
2.204062447972561,7.916245460510254
-3.195242757261453,0.15646076202392578
-36.8822022827233,-35.93038558959961
3.812227003524945,4.092416763305664
-6.89310310865277,-4.806183815002441
-2.85382252753121,-5.185788631439209
-7.42349600405968,-5.316786289215088
4.398848813602776,5.600922107696533
-68.1959205924323,-57.928314208984375
-3.773219093074008,1.2510759830474854
8.453421074249384,10.782916069030762
-62.9612541332419,-28.066410064697266
2.97844031586002,-3.729710340499878
-5.800670766453999,4.15640115737915
2.409764321136161,-4.309542655944824
-1.6610011043127195,-10.456794738769531
1.39259946716825,-3.1823489665985107
-5.785469568057495,-7.156505107879639
10.468583156479704,5.114601135253906
0.8267526169764301,-8.94457721710205
-0.4271227388875901,-3.4688572883605957
-5.85807143580148,-5.11984920501709
-2.67676896274171,-6.866878032684326
-3.11888044241469,-6.22755765914917
6.71098989067457,10.148604393005371
6.429854346358795,5.620510578155518
-6.897600670415837,-4.108460903167725
-16.4910721624856,-25.829442977905273
-3.057699221935841,4.391534328460693
-17.6906096863185,-17.171770095825195
0.1461877509898399,1.1029231548309326
-3.01321716593974,5.990610599517822
-15.0412339008878,-13.782312393188477
-3.60075442831331,-6.308217525482178
12.5056328567953,9.127541542053223
-13.8996269060666,-9.894963264465332
5.265272900492549,-0.24780534207820892
12.283123760680592,9.685769081115723
-2.54688332955635,-7.995693683624268
11.579228393987275,3.834872007369995
-0.3284521577656807,2.416571617126465
-2.33292598982445,-5.135525703430176
-0.1058882282985149,-3.0263051986694336
-2.4461467814868523,-3.004387140274048
-41.8026500314277,-38.49327850341797
4.417989059347175,-1.613165259361267
-40.2101205720394,-9.968520164489746
-14.277645616907492,-6.162110328674316
3.29681579894721,2.3886935710906982
-0.7012610501602399,-4.0089616775512695
8.463248256721428,-2.7613563537597656
-2.491707941339629,-1.9310683012008667
4.867927463076468,4.652590751647949
-1.876637029070265,0.5004233717918396
-12.955988512618,-31.952136993408203
-7.75971004909346,-0.8558362722396851
4.67424026120176,3.965876340866089
-7.08434802004719,-2.828489065170288
-6.19730890695259,-2.992556095123291
-0.1240821746904601,-1.0727167129516602
4.069163600073605,-0.3010733127593994
-1.77750068778882,-0.9710551500320435
1.8601156760560384,13.81710147857666
-10.8237586662752,-30.086088180541992
-50.1674018945849,-52.65869140625
-5.8677981963370005,-2.2856521606445312
-24.4869919201538,-26.87714958190918
-12.281506448986304,-5.855784893035889
-5.8772631055401,-2.8475887775421143
-0.1639564470097907,3.394813299179077
4.17561229224804,-0.41367316246032715
2.77922195660905,10.954377174377441
-3.454798154796729,0.5058176517486572
7.692941411907634,-0.7494065761566162
-2.390619984667185,-1.7721208333969116
-33.1832620874725,-40.445884704589844
-18.23432595343749,-19.054384231567383
5.29419053806362,4.500589370727539
-77.3623903172369,-52.46794891357422
15.4985727759109,6.47868537902832
7.73570234615748,-4.681870460510254
-9.325981865786185,-3.3432586193084717
-9.72499716390718,-3.3326048851013184
13.309934514349203,6.406167984008789
2.264898495983479,3.162692070007324
-12.0320822507053,-18.92276382446289
-2.56542276271332,-0.7813960909843445
7.196532980977684,8.071309089660645
-1.857666460494741,-4.2252302169799805
-1.4872271509121793,-3.6432690620422363
-3.12013961477547,-2.6479430198669434
2.6303171850506604,2.18390154838562
-60.49569009623433,-47.20655822753906
-30.3377383335249,-21.16693687438965
1.0590749185315824,-1.9296339750289917
-6.929951553081727,-6.114124774932861
-8.46093254820262,-13.095113754272461
2.461922216333884,4.1931376457214355
4.5031585012656095,11.085583686828613
4.435147085081137,3.292538642883301
-2.88087637063392,-3.377246141433716
-1.5082203021212124,-6.176415920257568
-0.6579761516790089,1.1537768840789795
3.719171936095444,-0.8967320322990417
-2.6053130644292946,3.215616226196289
7.276768036701751,0.4547657370567322
5.29091659278858,3.6675169467926025
-1.0659561461183158,-3.145448923110962
15.4186986077963,1.9619985818862915
7.543407488617369,2.0537209510803223
9.58062385928767,7.5953826904296875
0.2570808252882703,-0.19255965948104858
8.13893448615947,1.2162727117538452
-5.14141487663266,-5.822953701019287
-16.517773128145326,-8.923016548156738
0.7364260970712593,-9.740438461303711
4.25311060075082,6.507138729095459
-25.4508968849616,-12.474774360656738
-1.9051378030600723,-0.25218263268470764
5.506094216928792,10.302458763122559
-0.1777753404752198,2.039621591567993
16.9349100756105,4.998350620269775
-11.607028837624,-8.86016845703125
-1.2671721747064446,-21.95265769958496
-16.1535771788668,-23.240886688232422
8.143116180793372,12.384278297424316
7.078924552126015,6.616723537445068
-5.73967918172164,-6.963930130004883
-23.3725501337939,-8.265104293823242
9.04709717330502,-27.25961685180664
-3.724573545179619,-4.361326217651367
4.4516036428765,-3.008711099624634
-1.657597602265355,11.497042655944824
5.586124430090477,4.432956218719482
-26.6651088566214,-10.47175407409668
3.028467183462371,5.219733238220215
-40.7258600860177,-13.097267150878906
-26.912205886836706,-22.0554256439209
-3.9965921287470247,-2.3946332931518555
-4.739766082030863,-6.025402069091797
4.2006804390709,8.057526588439941
-22.3071231538392,-23.11617088317871
-18.5891767455387,-33.8957405090332
-5.960419628776203,-6.729873180389404
-18.9061714872788,-15.357114791870117
-21.4141717786538,-17.38316535949707
-12.208208404490907,-15.16253662109375
-3.72583443525641,-0.058615922927856445
-2.377061578670744,-6.942161560058594
6.075310726130807,0.11184453964233398
2.12042655289975,-13.372026443481445
3.181253849239128,-0.33697283267974854
10.41580460128629,4.220664978027344
-23.8934551543691,-26.471843719482422
-0.8981307679622897,-5.192142486572266
3.7078671714499096,-1.0816869735717773
11.644495901203598,10.009188652038574
-22.42608065327665,-30.125463485717773
-1.2036514942358316,-2.8236889839172363
-13.5091075877696,-15.582686424255371
-1.79502295092813,1.1299351453781128
2.332279780348585,-2.59419846534729
3.11049964318654,-4.635709762573242
3.54836143321337,-8.41670036315918
3.77256113899207,-0.4935774803161621
-2.35314836228574,-4.216066360473633
7.837521570550837,7.011428356170654
9.328533024448705,-2.6470537185668945
-37.9495035857927,-8.511741638183594
-4.144685584269085,-1.9362924098968506
8.91646092056966,-0.6297659873962402
5.635020609606415,8.150551795959473
-15.1006814359747,4.04088830947876
-2.4599041427842496,9.58053207397461
2.42002639701588,11.455392837524414
-3.0331069492891496,-4.259406089782715
10.480393919522983,11.700506210327148
4.452168509343501,4.425617694854736
-2.552277046947741,-10.075063705444336
-5.97419023328963,1.6276253461837769
-0.5734820606807138,4.526066780090332
3.7606671418030695,2.002847671508789
-31.4759298257721,-30.661579132080078
0.300408103033295,-2.055539131164551
-6.32558602127377,-6.413704872131348
0.90894434552881,3.560487747192383
5.954690473588823,8.973958969116211
0.0804428699766095,2.997772693634033
8.45389840526827,1.5157430171966553
-2.8859593337581737,-0.7729385495185852
-1.122073026503361,-1.0350834131240845
-75.56229656723696,-21.524394989013672
-6.291328737399075,-8.456137657165527
-10.1192188918475,-9.178290367126465
-56.3663437951974,-31.087913513183594
2.4288820651169605,0.26535356044769287
5.05355462238675,-2.4313600063323975
-13.1809903671301,-10.207723617553711
-6.75960002722117,-11.08578872680664
9.0758909366509,2.8979573249816895
-1.4230966237807086,-6.919185638427734
5.59963570142504,-4.151608943939209
4.133325903305868,6.821270942687988
3.00680128293027,1.3136261701583862
-27.8195558011628,-31.08380126953125
-29.9162730471743,-31.977752685546875
20.7191486697607,0.4710468649864197
3.455876052191651,-1.441817045211792
2.595279020812243,-0.09847372770309448
-4.0896099478500325,2.8066506385803223
5.3817717725564,5.014578819274902
-1.9802660997523944,3.83339786529541
0.4007388327427847,11.083887100219727
10.11870938841209,-7.449390888214111
-1.7174251595272625,6.03068733215332
-13.2363849677504,-10.895864486694336
-58.24412469223692,-57.4441032409668
-47.9875704511971,-46.108028411865234
-3.681083449701528,-30.053096771240234
0.1118559290339978,1.9430729150772095
-8.998840630677615,2.552682399749756
1.1941842843275,6.246698379516602
19.33685959748449,7.370700359344482
-3.09775596823669,-7.5546698570251465
1.2555345380058751,-1.7264505624771118
-78.7451798053926,-34.166358947753906
8.35813394800668,4.636569023132324
-19.6754058911438,-21.86068344116211
4.743603615290096,5.459360599517822
1.3155747227446202,1.6100249290466309
11.316750179392892,8.116164207458496
11.779516260068313,8.065442085266113
-3.802611775309477,-3.4091897010803223
-10.539071528779305,-5.331034183502197
4.49646859469848,-0.8461909294128418
3.59102041590596,4.079199314117432
2.1560784090827942,0.8934160470962524
-17.309192174305,-4.434670925140381
-1.768261666543676,-3.959002733230591
-3.34531377329845,0.4332796335220337
-9.09730633851708,-5.403263568878174
-12.909180343140196,-1.8134785890579224
4.020569536845237,4.470427989959717
2.28163515100639,3.5063397884368896
-1.6307504375632549,-6.126181602478027
7.809600001042748,4.092498302459717
-83.9761260280997,-44.236141204833984
7.656482330373112,5.644985675811768
1.675245639565673,-3.924931526184082
-15.991582533821994,-9.69981575012207
8.681027307740193,-4.142723083496094
11.10272802991041,10.988481521606445
3.42951329804928,-0.20455682277679443
-1.4295761119406232,-3.6947021484375
-11.9299972333177,-14.036439895629883
11.923948375295712,-0.7360187768936157
5.960801203295765,4.2606096267700195
-0.4381862293696001,0.8546484708786011
-2.43808381047612,0.751003623008728
5.72263802046558,2.282520294189453
1.1496085756031087,-3.1359522342681885
-6.72144892291601,-3.2696962356567383
18.1939100849816,14.290521621704102
3.61441892535489,-2.896440267562866
-0.8028238008287005,-11.531302452087402
0.7001962140772594,2.7318501472473145
2.125547882163602,0.36886513233184814
-2.8472026300298463,-24.172481536865234
-4.534682244798708,-8.687581062316895
4.49418879319923,12.160470962524414
-10.901275449743116,-11.589157104492188
-4.736229867816737,-9.517987251281738
-0.0053525606393112,-7.402717590332031
7.06923762363823,1.5595836639404297
-0.0084306638066775,-3.724992275238037
2.11900133622217,6.425356388092041
8.106852576346123,0.19500881433486938
-0.1428452494230792,-0.5674768090248108
-1.0683487237199796,-2.605120897293091
0.0285872237409883,2.7758495807647705
2.75380173901167,-11.121064186096191
-7.69948364751984,-6.127236366271973
-0.0556983764780604,1.7031723260879517
-1.32131943338233,-2.1595699787139893
-3.0345245902191325,2.2005748748779297
-2.93911844531118,-1.582485556602478
9.94612085382829,8.602365493774414
-3.5546157663424616,-8.84291934967041
-11.221818720505304,-8.45065975189209
3.9797293996962297,3.2600038051605225
4.54734483862441,8.64377212524414
-45.634880019414,-30.189355850219727
-1.6020246929696491,-22.998146057128906
-4.12581810820042,-5.14785099029541
-3.019531285218114,3.7941014766693115
5.42509465390903,5.591630458831787
-21.5871320482388,0.2298964262008667
-1.2497809936708242,3.51814341545105
-35.0272315856836,-33.884281158447266
3.37898618824583,1.4364535808563232
-13.4460672849668,-15.470763206481934
10.982614675109394,7.100373268127441
2.35164464781062,-2.0331637859344482
-20.9676231329802,-11.271994590759277
-1.6422791314174887,2.922715663909912
-0.3136273830120112,1.2789137363433838
-16.967828162594074,-7.8580193519592285
-2.8325461302865187,2.430420398712158
-2.6871577689602653,-0.3149087429046631
7.570838092245207,3.6290881633758545
-13.547300817594484,-20.048967361450195
8.99923705482913,-4.0662407875061035
-0.003939288658445,-2.002591371536255
6.147225205740463,-0.061539411544799805
-2.149900469098629,-2.211864948272705
-25.2381267145584,-43.60152816772461
-5.36204355968609,1.9391427040100098
4.43276114617859,5.633564472198486
3.27144637329635,0.29618334770202637
-1.626797120535592,-10.409884452819824
-9.859535687586003,0.614907443523407
2.0008593011464906,-10.361696243286133
0.369316059642221,-10.560257911682129
5.79128728304933,2.4490063190460205
0.1235817830644999,0.7397788763046265
-3.36903782007548,-0.7931475043296814
7.06032809637297,6.487617015838623
13.71198107208239,2.273655414581299
-12.53254789251529,-7.543009281158447
5.45103123545738,4.528415679931641
4.128157012788561,0.8486411571502686
-3.8590388668775,-2.270188808441162
7.36579899286375,1.113568663597107
-11.03094492075089,-21.22273063659668
8.017093587799739,0.31631946563720703
15.384553292915324,-3.9123151302337646
2.79124989437018,1.2489672899246216
2.81101468536903,-5.937385559082031
-1.7237618714553775,-1.1610530614852905
-2.202886656443709,0.8870605230331421
2.369358494612781,4.668470859527588
-11.30813578108209,-9.923157691955566
4.484288991501213,15.214591026306152
-35.8165916579592,-15.697717666625977
-5.19085420781142,-5.235984802246094
2.86709961553106,1.599657654762268
-4.349210006555943,4.149977684020996
5.029017096161708,2.60302734375
8.243548509216069,5.650369167327881
-2.6184282494780104,-5.536797523498535
-5.527709296795018,-1.5465209484100342
-52.7336020518746,-40.43808364868164
6.07843040491799,2.227335214614868
-4.396710286499547,-1.0949822664260864
6.6154810826822,12.006356239318848
9.772192422094813,-12.084391593933105
2.099307195887115,4.077172756195068
-12.414939844598162,-8.50631332397461
8.24149319055937,1.3828126192092896
-1.5178355576616795,8.016691207885742
9.144089281431205,8.716926574707031
1.418014053180695,3.3076486587524414
-60.92137282626391,-28.554885864257812
5.61896917638109,5.956988334655762
-4.96580172718434,-2.264880895614624
-24.4432878855492,-4.239624977111816
1.675381804264854,-2.1834945678710938
-2.8447496930443927,-2.258681535720825
-1.059512617215007,6.615792751312256
1.41805545618482,5.943655490875244
-7.06329362397977,-3.481522560119629
9.400493271217616,9.946122169494629
3.1327986373042376,7.378825664520264
4.097668935846943,5.464936256408691
-4.01456885639382,-5.959722995758057
-2.260381023139061,-3.6951558589935303
-8.237627320974727,-8.30923843383789
-2.23616712442702,6.61244010925293
-26.79502671025515,-24.883731842041016
-10.594900847222812,-19.436763763427734
4.509456424718162,2.013469934463501
-22.9219832537164,-21.550039291381836
-6.2026319104393295,-26.33252716064453
-4.662511414401839,-4.203334808349609
-0.4503474699443348,1.6541670560836792
-21.5531296050118,-22.491744995117188
-39.7169735486916,-9.923927307128906
-6.13466459150186,-6.0073466300964355
6.093529951556334,4.2347493171691895
-33.3004252633332,-40.257965087890625
-7.789052707582185,-9.382391929626465
-61.6890402284636,-20.66766357421875
-10.613183176373598,-7.1590070724487305
-12.6203596574975,-25.997589111328125
-15.2234416939723,-8.35080337524414
3.42848617073407,-3.2594478130340576
-50.4820483838523,-36.560482025146484
-71.7765711158932,-45.94200897216797
4.338369925074482,1.8055644035339355
-34.0729170807354,-21.871349334716797
-10.285920522724917,2.6418540477752686
2.71808902854303,3.4963128566741943
2.26767773086615,-5.115011215209961
0.3189015990893598,-7.809492588043213
-39.873530292237,-34.711910247802734
5.053393098685065,-3.767714500427246
-5.77665564868809,-4.943109512329102
-22.4462583852743,-35.41263198852539
-10.162041561092582,-16.396135330200195
8.70853787657841,12.978407859802246
-3.73521146317182,-0.5292401313781738
-1.3326443092463092,-8.984054565429688
-5.830142578087577,-5.4207940101623535
-7.815562497274902,4.015451431274414
-20.7558388881914,-8.873115539550781
-1.03656181464744,2.6856963634490967
-3.930469946192945,-7.070013999938965
5.391699208755202,-0.6859503388404846
7.2595381633228,3.138765335083008
9.30630078585379,3.334873676300049
-3.77133000272187,-5.431514263153076
-42.936846127142296,-34.946372985839844
0.5211206139658471,-9.857717514038086
0.7345204104922589,-2.018117904663086
6.86106163750481,0.4955431818962097
-21.61387508166409,-19.978656768798828
-24.577379709126298,-44.45937728881836
3.986867952152618,1.8473809957504272
-63.2346715672369,-57.511592864990234
4.55602013063716,4.936723709106445
-20.3623076046531,-10.790969848632812
8.678125432705007,4.750479221343994
-2.1147225087047508,-1.6303907632827759
-1.14890133483728,-2.529456615447998
3.7921116228684086,-5.482304573059082
-1.3811964732242277,-8.677263259887695
0.1752112379752922,-5.038255214691162
3.3452637215970498,-6.172349452972412
6.63109301847755,11.084127426147461
-8.72128086410909,-47.22260284423828
-0.1160299782726794,-1.4708983898162842
0.1119561526876595,-0.5858604907989502
11.877856996640997,11.010281562805176
-3.2142130797467816,0.7512714266777039
-3.9552380984537248,-5.9537482261657715
-1.593720937577549,-4.7469377517700195
3.3899996482015826,1.7902783155441284
7.66334596528203,-3.407382011413574
2.60625970962018,4.635082244873047
5.006519903780723,-7.611213684082031
-58.5527340809363,-15.664488792419434
3.776985072333982,-4.187020301818848
2.4866177573815964,0.638228178024292
-0.6920482116816997,-7.2757792472839355
2.1747311895065486,2.567662239074707
-13.14009076535719,-14.198295593261719
2.745769909533195,1.9377264976501465
-10.626155896203898,-9.60130786895752
0.0548896546292299,4.369333267211914
-69.1366966634013,-17.234460830688477
14.8508222506114,6.149764060974121
-28.3488859938485,-20.902576446533203
0.6884341878779402,1.346062183380127
12.566471603210276,5.098630905151367
-5.472376660417956,-17.324922561645508
-2.1691769605730515,-6.632547855377197
-0.3887710448227697,-6.162680149078369
9.1356503291117,12.895145416259766
4.93167956005568,-2.4971210956573486
2.713132201978397,2.3288209438323975
9.090654061652296,-1.7779310941696167
1.741670982094262,3.178400993347168
-5.89266438028177,-5.012953281402588
-1.130678948105339,-1.2987887859344482
-46.587141393021525,-38.364383697509766
4.366245372711767,6.093771457672119
2.858782897786812,5.132185459136963
2.53362859007723,0.6120949387550354
-1.7943154401891548,4.281437873840332
-0.6435038581465955,-1.709886074066162
5.99108205682079,-8.421514511108398
2.44728958086436,-0.5487779378890991
1.5718362711845366,-2.794177770614624
-55.54568697318505,-42.291831970214844
-9.231606713935047,-11.940162658691406
3.547124544521316,0.6280638575553894
-73.5286754265322,-16.611099243164062
0.2047767843086013,-2.4254541397094727
-10.398648228661925,0.23881086707115173
-46.9980356488569,-40.377410888671875
-62.9031214125763,-59.10981750488281
-10.35739215730591,-8.071650505065918
1.83593808226401,11.952624320983887
7.827394642815597,7.417442321777344
-9.742168339465294,-4.105227470397949
-0.29408409265346,-3.4026103019714355
-5.653435188749545,-0.16725826263427734
-14.57002364123529,-44.58937454223633
-18.1797235112709,-7.499169826507568
-5.45440876641342,-0.8856232166290283
8.596988309863011,11.187943458557129
-5.493763326806099,2.866163969039917
-8.393586343504198,-4.748655319213867
-3.963646539183849,0.05140811204910278
9.625121597198186,9.89696216583252
-6.18357684414468,-10.724716186523438
-3.41466344580097,0.07242128252983093
-4.03025121975644,-1.3414759635925293
-2.66483863280114,-1.104950189590454
-0.190891674386513,-3.851194143295288
16.1850033157246,9.926197052001953
-7.910003358009165,-4.814406394958496
-2.07861348348741,-4.8671064376831055
12.331931266595111,12.502538681030273
0.8825935384285006,1.0059853792190552
-2.1789667599796294,-1.5214226245880127
3.0307168501552093,-2.8434698581695557
14.8229623836697,7.362425327301025
6.795393661635613,11.872182846069336
5.16750826555368,0.9780614376068115
-57.144820014625296,-19.358612060546875
6.167862854629888,0.8122461438179016
-2.698758931910008,-4.469966888427734
1.289294757415069,-7.67345666885376
13.9692836454661,9.206844329833984
-38.6438610292767,-20.475088119506836
-3.119647295186995,-5.115843772888184
-6.745372906074374,-5.076590538024902
-2.7468186065138984,-2.7185399532318115
1.6198341998494314,5.002167701721191
1.6646916021852596,-1.6946091651916504
-7.87226820943855,-4.781159400939941
8.652061852316729,2.138005495071411
2.4933992323843923,-1.2415854930877686
2.35160533891099,-11.08602237701416
1.30779520720034,2.6762804985046387
-11.9965988914421,-7.4613189697265625
4.780848076735348,-1.2608388662338257
11.2728180991378,13.79131031036377
0.7651079053562314,4.191389560699463
-10.6557437737239,-7.261720180511475
3.27100049685324,2.7578036785125732
-5.2815921348029296,-5.096993446350098
-27.5445722402187,-20.846952438354492
-2.683955047842884,1.8948041200637817
-43.929359067237,-47.63947296142578
-4.639593570653838,6.11553430557251
-14.7229944429405,9.767145156860352
-5.00028834575103,0.8244264125823975
-1.2236747050651609,-3.1007895469665527
-17.6830733389949,2.4856791496276855
-9.979741434164584,-5.891522407531738
-0.2823200449385875,2.9428398609161377
-36.50577458359941,-10.329784393310547
-4.853312003098937,-34.064476013183594
-27.4476544011683,-32.496002197265625
-49.5120706514507,-47.56179428100586
1.2287673509824204,-3.1494078636169434
9.503977484174175,4.763392448425293
-5.5186956836840375,-14.187604904174805
-2.99361591491145,0.9134231805801392
7.99575647038201,5.161999225616455
11.7225687296843,7.594101428985596
6.987950206462267,-3.317211389541626
5.5273920092716775,-6.399691104888916
-7.19378137939456,-16.549705505371094
6.001532732018722,5.905259132385254
7.92708077877978,-0.1032353937625885
4.316615136301563,4.476428031921387
0.1590569364430157,4.129807949066162
2.8348518495029404,3.1163244247436523
-46.6686841099013,-37.843971252441406
-0.8984319813221007,5.832069396972656
4.30511943579503,-4.0297675132751465
-3.36735139960915,-3.763401746749878
6.58117049992555,6.346798896789551
6.753311816554961,7.6620564460754395
-1.1091988250418725,-1.8113659620285034
5.26551760771767,0.39903318881988525
-37.3999740396079,-18.16023063659668
-34.48768519828235,-22.9256591796875
-46.862925671502296,-34.72187423706055
-1.19024715514191,1.9637898206710815
-1.4920816076829602,-4.6191935539245605
-5.775806690181939,-1.0314691066741943
-14.2382866820043,-5.281279563903809
1.3131129859732091,-4.659826278686523
13.1991243046288,9.361481666564941
3.6035536346157695,-1.8546085357666016
4.97603191479674,11.518484115600586
2.9737175212081803,2.005967617034912
-35.1782981083837,-33.58494186401367
-10.480511156242285,-27.43216323852539
-0.3170472839931941,-1.1367872953414917
3.59745169898486,-1.3992629051208496
-5.139364658294922,-3.8072094917297363
-29.2662792150344,-10.790268898010254
11.555346181601609,11.305007934570312
3.7092867134231,-8.513444900512695
-0.7280966227290082,2.5696487426757812
0.9480162028997956,-2.630341053009033
-9.619042312244815,-19.655527114868164
-3.15562863494722,-3.0177805423736572
7.285509446842615,7.211717128753662
2.71319811317338,0.01930338144302368
1.026942322157092,6.57855224609375
-4.65691689928222,-7.169483184814453
-8.677497573270493,-6.567009449005127
14.3436638764016,7.4065351486206055
-11.8973420493851,-11.681958198547363
-6.61979034735207,-13.00387191772461
8.86280218600469,1.5960845947265625
-3.43040335892423,-6.119974136352539
0.4443344011282492,-6.504718780517578
2.6678241356197647,-4.583380222320557
2.334382802629,-5.581242561340332
-13.8157551615103,-11.025272369384766
1.9007667723773176,1.3143022060394287
-17.190033530139498,-5.9004316329956055
3.88810032819938,4.736252307891846
1.2705701336207027,-10.097554206848145
3.887422638441485,4.7225751876831055
10.349523074958825,5.107420921325684
9.62907409316032,-5.749232769012451
0.7709161631446207,-0.23527789115905762
2.3166834950764685,-1.602630376815796
2.76912169862866,-0.9616178274154663
-46.2372447228831,-39.055999755859375
-37.0930621901092,-4.103105068206787
0.996650643215182,-2.168548107147217
-12.898019313824,-13.22409725189209
-0.71117494174041,-1.5828468799591064
-0.5663484394051013,3.3063855171203613
-12.4595255596924,-6.9472856521606445
-0.6089836493556324,1.2737233638763428
6.92534745147092,0.2232276201248169
3.320229681965675,7.225399017333984
-10.274169876330886,-2.1137187480926514
-49.062306315025,-37.31478500366211
-30.7261055182573,-35.0157470703125
22.7414116448382,6.468289375305176
-0.9529303605806088,1.7121779918670654
-10.739322929783883,-10.882967948913574
-20.9507978903398,-13.606217384338379
-24.96156751119129,-23.807655334472656
14.9823899147147,0.5356089472770691
-14.564555056626377,-4.91897439956665
1.907333647224608,9.19571304321289
-1.178255647098801,-1.7018382549285889
1.9806048133258944,-27.34539222717285
8.833837192566008,1.5746665000915527
-18.5255095356289,-50.01461410522461
3.010752586641185,-4.344134330749512
3.67041582610247,0.058946073055267334
-33.7845903951132,-35.189701080322266
-13.812973987503693,-1.6226168870925903
-13.861300672159,3.280271291732788
-26.24662901330595,-21.009017944335938
-1.61504571199055,-4.401619911193848
8.754663680824095,0.5543599128723145
3.22816419080692,7.765837669372559
-2.0585753436264698,4.07263708114624
-9.59094984812801,-11.22449779510498
6.02246857213521,12.497589111328125
-4.11149235653684,-7.851070404052734
-4.361976736345532,-11.69007396697998
-2.4097304318056905,1.332595705986023
4.967381413305823,-4.4344258308410645
-11.9154244975033,1.1298290491104126
-11.183106529127476,-9.190553665161133
-2.3538192484503564,-0.7838909029960632
-2.204579993178592,-1.441138505935669
-91.8886792382854,-20.987600326538086
3.2582764286422226,4.655294895172119
9.859104788483815,7.969965934753418
-2.6304973605131474,-0.354215145111084
8.398744223780918,6.360533714294434
1.4955767028094,7.401294708251953
6.720388221210122,5.120830535888672
6.99756701325662,5.9976983070373535
12.966325580978296,5.525080680847168
-22.8644313188967,-12.612879753112793
-14.4731176558811,-8.657652854919434
-0.0918051514147744,-4.860150337219238
0.9434331950199416,-3.6277060508728027
7.877641553655238,0.084259033203125
-27.1636490162131,-13.78469467163086
3.42669038506664,-3.2643167972564697
0.31232235517322,-3.545596122741699
1.1848602197973823,6.083158016204834
-5.822632503482525,-8.468942642211914
-2.989164004622407,-13.564139366149902
1.69213972357191,-5.833362102508545
-0.89184437235696,-4.905105113983154
2.446050707651698,4.993210792541504
5.07108724357905,2.7395803928375244
5.42147270471237,5.118844032287598
-2.20364176327536,2.4801442623138428
3.08443697315444,4.0009589195251465
-5.97248436581227,-4.327975273132324
-1.0190872666435924,-4.125086307525635
-14.885807229381896,-9.763930320739746
0.046018285265003,-13.287413597106934
6.00089213826483,0.41932153701782227
-1.4680391508473674,-7.945514678955078
-49.8653288018085,-43.83854675292969
-7.283890318199592,-4.970431327819824
3.6053774296538297,-6.122413158416748
6.364261125349779,-7.6964640617370605
-51.4043293278057,-51.06190872192383
-64.65676531723692,-39.91007614135742
-26.1965705632023,-1.924635410308838
2.63157412115867,-2.1268739700317383
16.694612728237402,8.463141441345215
-17.0314498829154,-3.913012981414795
-58.40351531723695,-28.959016799926758
-15.3173389528898,-4.9830193519592285
-6.613686761665703,-20.755584716796875
-39.0646563811545,-41.38559341430664
0.809697096857583,0.7085750102996826
0.4685622181175212,2.8782248497009277
-6.376202369524528,1.1478488445281982
-14.434457477598505,-0.5252304077148438
-26.0047332498617,-12.956734657287598
-17.5801214502402,-23.37192153930664
-2.60072537807549,2.5308165550231934
7.184930267876617,7.2688679695129395
0.555665600488549,-0.674091100692749
8.747205755218493,17.178489685058594
-2.289513933263135,-3.946906805038452
3.8009101564042025,0.8047888278961182
-1.67197513843126,1.4871852397918701
-15.746453943284,-31.8681640625
