Score,Pred Score
4.219145585451182,-7.369171142578125
-2.588665914009158,0.3064432144165039
-3.0703466753296,14.356197357177734
2.1112971208509976,-1.323129653930664
-19.1693792779686,-8.535369873046875
-0.9096556467231308,11.545856475830078
-5.316952415477393,-13.52362060546875
-5.39913759737588,185.03466796875
6.1026124307435,-2.319748640060425
-1.6005087696864486,-13.75821304321289
-51.6773231694491,-7.828710556030273
0.51700222845629,-54.88323974609375
-1.6521884315998507,-0.6648297309875488
2.11024229353816,-5.398073673248291
17.2594267615487,4.762199401855469
-1.73607437190069,5.031820297241211
-5.77436797253085,-5.212049961090088
-0.568998602339841,30.258174896240234
-1.289264920121349,-10.166265487670898
-14.1813773041305,-12.772791862487793
-3.31847606547329,-2.133547782897949
11.710679650337616,20.880844116210938
2.046344769010002,-5.349521636962891
-2.77042962989298,0.34842777252197266
9.014890317831036,-9.941305160522461
2.726862934921635,-6.416391372680664
-3.4922781726655696,-70.62237548828125
1.292753014965791,0.6917934417724609
8.16191414696451,1.7217254638671875
-8.251107402184557,-3.7591629028320312
7.262818938793504,97.22860717773438
4.14054171285972,-1.1330490112304688
-13.546032832554804,-8.088715553283691
-16.8307740899425,-19.63668441772461
-0.2642143205483515,-23.17420196533203
-6.135426654744688,-7.0935516357421875
-7.187555808667961,-10.291519165039062
8.149714042401495,-8.304445266723633
-6.426376983867103,-0.21803665161132812
13.9953943577381,-0.7484560012817383
-6.31868596379813,-1.3297271728515625
5.321680837772678,4.5109100341796875
11.9978624338519,-14.014432907104492
7.909526276907584,-11.810518264770508
7.206977941743588,34.47917175292969
-7.378812419643663,10.668533325195312
0.2475632146873464,-5.611791133880615
12.7359625054994,-1.857973337173462
5.220668557811489,-43.585533142089844
1.3318185914773402,38.873199462890625
2.776867734737273,-39.85448455810547
-27.8178569354009,-130.6617431640625
-4.20883890972707,-7.413763999938965
2.78743688363977,28.5826416015625
-9.657849716236,-7.9707231521606445
4.071661498679735,-19.99017333984375
-10.586292641023492,7.495121479034424
2.578081311550471,10.142822265625
-42.2483635713802,-9.460105895996094
8.204494762209066,-13.847444534301758
18.5317724911246,2.0723819732666016
6.097122298913325,-14.113370895385742
-11.299328727708405,-13.641946792602539
-6.22433036882608,-2.2840423583984375
3.12612254618191,-1.114285945892334
8.756217929094177,18.148284912109375
-1.757118944268968,-12.224246978759766
-51.402683514636095,-6.524294853210449
-2.13735826282737,13.08686637878418
8.88265541550952,2.4807987213134766
5.58846482112586,52.81749725341797
7.383552345763623,-2.1541061401367188
10.229168329440906,-7.005729675292969
-17.4030551064212,-12.64900016784668
2.204062447972561,1.7702579498291016
-3.195242757261453,-3.3251914978027344
-36.8822022827233,-8.510573387145996
3.812227003524945,67.26004028320312
-6.89310310865277,-12.56960678100586
-2.85382252753121,-11.999053955078125
-7.42349600405968,-13.803024291992188
4.398848813602776,-5.997537612915039
-68.1959205924323,-2.116445541381836
-3.773219093074008,40.60904312133789
8.453421074249384,3.9958832263946533
-62.9612541332419,8.006851196289062
2.97844031586002,-22.803462982177734
-5.800670766453999,3.41507625579834
2.409764321136161,-7.24772834777832
-1.6610011043127195,-9.51318359375
1.39259946716825,-4.26308012008667
-5.785469568057495,-24.81586265563965
10.468583156479704,7.790680408477783
0.8267526169764301,-8.490793228149414
-0.4271227388875901,12.64565372467041
-5.85807143580148,33.33308410644531
-2.67676896274171,10.454469680786133
-3.11888044241469,-33.444820404052734
6.71098989067457,2.7006916999816895
6.429854346358795,4.414490222930908
-6.897600670415837,12.857696533203125
-16.4910721624856,-22.263916015625
-3.057699221935841,4.60067081451416
-17.6906096863185,-16.52648162841797
0.1461877509898399,-21.346702575683594
-3.01321716593974,-1.5937507152557373
-15.0412339008878,-41.41650390625
-3.60075442831331,10.486953735351562
12.5056328567953,-9.443878173828125
-13.8996269060666,10.558204650878906
5.265272900492549,-11.366303443908691
12.283123760680592,5.889717102050781
-2.54688332955635,17.08354377746582
11.579228393987275,-4.214138031005859
-0.3284521577656807,-16.28097152709961
-2.33292598982445,-16.61322021484375
-0.1058882282985149,-12.582294464111328
-2.4461467814868523,-3.39453125
-41.8026500314277,-3.3423967361450195
4.417989059347175,-0.18091964721679688
-40.2101205720394,9.40548324584961
-14.277645616907492,-5.16481876373291
3.29681579894721,-20.76678466796875
-0.7012610501602399,-27.646358489990234
8.463248256721428,22.68710708618164
-2.491707941339629,-15.407051086425781
4.867927463076468,9.394441604614258
-1.876637029070265,-14.056739807128906
-12.955988512618,-19.210901260375977
-7.75971004909346,-96.34290313720703
4.67424026120176,41.013427734375
-7.08434802004719,-48.478492736816406
-6.19730890695259,9.954168319702148
-0.1240821746904601,6.2633748054504395
4.069163600073605,-9.872913360595703
-1.77750068778882,-31.1055908203125
1.8601156760560384,-11.643085479736328
-10.8237586662752,-21.785400390625
-50.1674018945849,-8.374996185302734
-5.8677981963370005,-6.065673828125
-24.4869919201538,-10.0713529586792
-12.281506448986304,-25.36193084716797
-5.8772631055401,-54.433746337890625
-0.1639564470097907,3.753824234008789
4.17561229224804,-3.746588706970215
2.77922195660905,-9.079231262207031
-3.454798154796729,34.054656982421875
7.692941411907634,-5.730615615844727
-2.390619984667185,-30.470611572265625
-33.1832620874725,-7.38845682144165
-18.23432595343749,-6.8112359046936035
5.29419053806362,-28.072635650634766
-77.3623903172369,-18.82083511352539
15.4985727759109,8.631256103515625
7.73570234615748,-0.7395720481872559
-9.325981865786185,-8.429656982421875
-9.72499716390718,-6.416759490966797
13.309934514349203,6.729576110839844
2.264898495983479,-8.99842357635498
-12.0320822507053,-37.75469970703125
-2.56542276271332,4.145951271057129
7.196532980977684,2.2084431648254395
-1.857666460494741,-23.770401000976562
-1.4872271509121793,13.068222045898438
-3.12013961477547,1.9847584962844849
2.6303171850506604,64.51171875
-60.49569009623433,-9.54027271270752
-30.3377383335249,-6.972450256347656
1.0590749185315824,-3.81512451171875
-6.929951553081727,11.685760498046875
-8.46093254820262,-1.4163014888763428
2.461922216333884,-3.8722763061523438
4.5031585012656095,7.698757171630859
4.435147085081137,0.3842949867248535
-2.88087637063392,14.34552001953125
-1.5082203021212124,-24.910964965820312
-0.6579761516790089,91.6688232421875
3.719171936095444,10.063272476196289
-2.6053130644292946,-3.3062286376953125
7.276768036701751,9.811325073242188
5.29091659278858,-3.277944326400757
-1.0659561461183158,-4.90214729309082
15.4186986077963,-18.813323974609375
7.543407488617369,41.05478286743164
9.58062385928767,-2.0153682231903076
0.2570808252882703,210.87420654296875
8.13893448615947,2.7073845863342285
-5.14141487663266,1.0957813262939453
-16.517773128145326,-2.1213016510009766
0.7364260970712593,-6.668463706970215
4.25311060075082,10.203643798828125
-25.4508968849616,48.775421142578125
-1.9051378030600723,-5.2288055419921875
5.506094216928792,-4.41336727142334
-0.1777753404752198,12.181293487548828
16.9349100756105,3.4684371948242188
-11.607028837624,-5.0367279052734375
-1.2671721747064446,-5.492072105407715
-16.1535771788668,-16.364377975463867
8.143116180793372,1.272146224975586
7.078924552126015,7.836051940917969
0.2886204877907422,7.2407684326171875
16.4171583068458,-2.756686210632324
-44.7886924625105,-3.1676764488220215
-7.726553411266567,-32.6625862121582
4.065326821312747,-16.170066833496094
2.12749125232924,-3.485010862350464
9.06213659212517,4.753871917724609
-4.51305804704249,7.60845947265625
4.28301459624688,-58.27720642089844
-7.211196994815285,-4.861213684082031
-58.4491138315396,-0.2082233428955078
-0.5413656534735456,19.771484375
3.24770439300306,-4.204140663146973
-0.6472060937938101,-26.311458587646484
-1.93656353174353,-3.7492425441741943
-1.94666134980912,-7.7628374099731445
-0.670930828719279,7.591239929199219
17.1612744381531,6.001297950744629
-8.044482691931467,-1.3587226867675781
16.9968892380515,5.022608757019043
3.62056380925444,-1.5545387268066406
4.07090957771029,35.7376708984375
-1.0680791130593923,-1.2747159004211426
4.69437535963172,-9.517694473266602
0.3837795244341289,3.8360488414764404
0.6681105368389735,28.167449951171875
-8.08045020128908,-20.866943359375
-42.6579269422049,-9.360738754272461
-30.89708550466269,-11.636797904968262
-1.1617148968623687,-1.1456718444824219
6.46185690649625,-1.6091830730438232
8.658679095048068,-5.762058258056641
-0.1898191226144924,-18.745635986328125
6.457932781589695,2.7482500076293945
-33.7712071062874,-5.030303955078125
-4.786538605318405,11.351249694824219
-13.5632540546311,-6.742978572845459
-82.13826531723697,-8.354331016540527
-3.0453156276270903,-73.8714599609375
6.430237727930085,-14.527827262878418
5.31082796058257,-2.193976402282715
-70.65073406723695,1.5010795593261719
4.71112087372323,-6.784737586975098
-10.78700495517378,49.65568542480469
-6.055427015859325,-147.7603759765625
-16.475900892606802,-23.781295776367188
-2.487076105276776,-211.95050048828125
-48.3858044800915,-4.919757843017578
5.893700156574014,-0.5554752349853516
-47.9957157156951,-3.736424446105957
-1.511416195100045,-2.243044137954712
-7.071587649042333,-1.253082275390625
-0.3550158381598589,2.3237991333007812
-17.0078420331655,-6.831268310546875
10.3189652047012,123.32080078125
8.829561804598438,2.929701328277588
10.909208084253878,40.40211486816406
-2.25262466719878,-3.0612802505493164
0.7445982178878973,-8.44194221496582
-4.813871520282443,3.3867034912109375
2.85060083445348,-0.559464693069458
-2.54595208771381,-14.81649398803711
-8.692928400841772,35.183349609375
16.618750626525,35.97711181640625
7.37064384347005,-4.914154529571533
-6.81516141534704,-14.251226425170898
-10.386374558578522,-22.73879623413086
3.73205068567752,6.763128280639648
-6.40442742836347,-4.226984024047852
1.74273211890989,-13.510589599609375
-7.920344649869953,-15.672954559326172
-9.28527551691871,1.1431312561035156
1.51502173443586,-4.187204837799072
-90.3299705619704,-1.0568023920059204
-6.512385872303066,-4.99980354309082
0.7982616963508231,-0.7585221529006958
15.8859560938761,28.154626846313477
-23.227454082363305,-11.324803352355957
5.4465900456679694,11.591053009033203
-13.2494383747796,4.357724189758301
-2.3458288386735573,0.10161590576171875
-1.5403494549472296,-5.694238662719727
-2.941164138388841,-8.279592514038086
-14.6311710829416,-2.882220983505249
-4.81834176383161,21.165122985839844
-4.03806373695381,-24.962797164916992
0.4076170529080399,5.51348876953125
-34.8552692363716,-1.9542675018310547
-25.0659802428987,-89.67556762695312
-5.8684323426223,-20.21238899230957
0.6771989561182002,-14.036003112792969
-14.6157572128631,-4.604330062866211
5.344594984386832,-21.515483856201172
-4.75101729862813,-5.399295806884766
-89.5439156156453,-17.242679595947266
-1.207429910073891,21.681488037109375
13.667582002208905,7.4431915283203125
-82.4887013651952,-8.40145492553711
4.40921359309415,2.998135566711426
-19.923371510770203,1.4030826091766357
-4.665207913971671,0.11299705505371094
3.42106467876526,8.512835502624512
-39.0956747424042,6.386173248291016
-10.288292260688207,-7.70892333984375
2.3067635611900137,-15.38923454284668
-4.92782811871599,3.184983491897583
10.292368565007404,23.460796356201172
-8.184373188662292,-5.398512840270996
-4.763634360062484,105.897705078125
-2.40000424902785,-2.8764209747314453
5.009535132419683,6.329982757568359
-22.2455703021075,-11.130828857421875
3.987299411465438,11.551468849182129
-38.4962238749225,25.28045654296875
-44.9949251983702,8.957695007324219
-1.378759213278819,0.7200174331665039
8.07102955700163,14.539276123046875
1.055995951979529,-2.636897087097168
2.188685633501576,5.77924919128418
1.0880788430276551,25.226497650146484
-0.2898522089969393,5.805770397186279
-3.790702882666694,34.00712966918945
-7.940842049461227,4.708007335662842
4.398742241377427,-90.03690338134766
2.5565427438131976,-2.3283133506774902
4.123908949931413,59.769744873046875
-76.9668504799361,-33.168243408203125
-14.1325019191809,-6.032551288604736
7.960789166364423,2.642705202102661
0.4423212163888063,-40.46660614013672
2.63206586722876,6.844524383544922
3.1988276731025875,-15.677520751953125
-1.6552655274048038,3.3152451515197754
8.077984978184695,-0.27448272705078125
-13.790764753514,-4.819818496704102
2.13745295521649,-33.044891357421875
3.0897024917955025,-5.641611099243164
-0.3530077955256401,-30.005403518676758
-7.639409008216227,13.08399772644043
2.765011277030255,-89.606689453125
3.557691046156,0.3768758773803711
4.00031385473591,-12.175477981567383
-55.7541546140486,-10.592845916748047
9.550892694239591,7.521542549133301
1.775572054007981,-324.8345947265625
-2.248378586620203,-27.19915008544922
-56.2560888739038,-11.513906478881836
-2.5590885431480426,-5.6928253173828125
-40.5029244010595,-9.219310760498047
-30.8171784242839,-1.6049108505249023
2.679404112105611,-0.6337440013885498
2.76740193393285,0.23880910873413086
-11.341527235964405,-5.31390380859375
-3.448025235667948,-5.261098861694336
-0.0780407432645869,-18.507965087890625
11.616605850275496,2.891678810119629
9.179556151687803,-254.86627197265625
7.190050317883171,-4.417034149169922
-39.4932668903457,-22.582733154296875
-2.306526469902426,-6.755775451660156
0.5403453062071405,-280.8140869140625
-23.6042929930625,-1.0402565002441406
-4.172986764275874,-8.347175598144531
0.5394390329931549,-19.61771011352539
5.84905996845087,9.207891464233398
-22.9515728231767,-169.66983032226562
-3.134999611446543,-7.975954055786133
-6.066411004621831,-2.4267070293426514
2.24572304437811,-167.52590942382812
-70.8116033690518,-8.218832015991211
0.3224388648416145,-5.9788970947265625
4.755697845162629,-10.462474822998047
1.7336328627834918,-4.959810733795166
3.939818822274421,-18.897491455078125
6.09033976794457,2.501072645187378
6.4251548431743295,-13.41679573059082
-6.47138721063866,-167.85308837890625
-0.0379657812584102,3.6551513671875
4.4105627388370605,-8.285633087158203
2.3065604778561424,1.8123726844787598
7.588764503474316,7.865459442138672
-24.3954295810688,-2.312455177307129
7.380729755239978,-7.7713093757629395
5.978124919049687,6.369112014770508
0.7860328468455551,-51.41229248046875
-44.1817825469333,8.816341400146484
3.58036180553514,-9.622868537902832
3.33951124606136,11.323691368103027
-6.79658968512302,-8.209622383117676
3.7347243087796,47.86700439453125
4.76541245752904,1.7234692573547363
8.922207576391518,-13.60936164855957
-11.864177458483407,-18.967315673828125
1.166748445159433,2.341569662094116
-25.781275563237,-30.263750076293945
4.179707781567577,-4.717432975769043
-1.073248118887358,-9.252426147460938
1.7249239205326918,-6.418267250061035
-81.52648016021857,65.6226806640625
13.015759276594096,-29.6331787109375
5.35198813185094,-4.337902545928955
-12.53254789251529,-6.294310092926025
5.45103123545738,-4.922616004943848
4.128157012788561,4.596249580383301
-3.8590388668775,-5.923896789550781
7.36579899286375,-2.593311309814453
-11.03094492075089,-12.285904884338379
8.017093587799739,69.5045166015625
15.384553292915324,-3.90628719329834
2.79124989437018,-0.5127763748168945
2.81101468536903,-17.208847045898438
-1.7237618714553775,8.548604011535645
-2.202886656443709,35.8037109375
2.369358494612781,81.30256652832031
-11.30813578108209,96.312744140625
4.484288991501213,-44.2615966796875
-35.8165916579592,-9.862598419189453
-5.19085420781142,6.90742826461792
2.86709961553106,-4.660741806030273
-4.349210006555943,2.7953386306762695
5.029017096161708,4.009117126464844
8.243548509216069,-12.925132751464844
-2.6184282494780104,-10.558331489562988
-5.527709296795018,-8.660964965820312
-52.7336020518746,-4.424997329711914
6.07843040491799,-9.946979522705078
-4.396710286499547,-4.022804260253906
6.6154810826822,7.230756759643555
9.772192422094813,-23.56966781616211
2.099307195887115,-2.8340110778808594
-12.414939844598162,-11.476144790649414
8.24149319055937,-16.36621856689453
-1.5178355576616795,-8.75784969329834
9.144089281431205,-11.831480979919434
1.418014053180695,-166.3668212890625
-60.92137282626391,-121.78854370117188
5.61896917638109,-36.71868896484375
-4.96580172718434,-16.886131286621094
-24.4432878855492,4.920461654663086
1.675381804264854,-14.068221092224121
-2.8447496930443927,-15.5550537109375
-1.059512617215007,13.572452545166016
1.41805545618482,2.6543397903442383
-7.06329362397977,6.007266044616699
9.400493271217616,3.3749029636383057
3.1327986373042376,-6.969583988189697
4.097668935846943,-5.782438278198242
-4.01456885639382,37.9840087890625
-2.260381023139061,0.8867125511169434
-8.237627320974727,-6.965209007263184
-2.23616712442702,20.563278198242188
-26.79502671025515,1.50225830078125
-10.594900847222812,22.451187133789062
4.509456424718162,-2.218303680419922
-22.9219832537164,-10.735945701599121
-6.2026319104393295,-8.527198791503906
-4.662511414401839,-20.502944946289062
-0.4503474699443348,-17.272106170654297
-21.5531296050118,-13.684928894042969
-39.7169735486916,-11.278205871582031
-6.13466459150186,10.42626953125
6.093529951556334,4.161962509155273
-33.3004252633332,9.853256225585938
-7.789052707582185,11.99913501739502
-61.6890402284636,25.67767333984375
-10.613183176373598,-18.02496337890625
-12.6203596574975,-9.5987548828125
-15.2234416939723,-5.374027252197266
3.42848617073407,70.72879028320312
-50.4820483838523,-11.47938346862793
-71.7765711158932,0.47112083435058594
4.338369925074482,-16.531740188598633
-34.0729170807354,-14.77652359008789
-10.285920522724917,-8.82757568359375
2.71808902854303,-2.9171009063720703
2.26767773086615,-5.799283981323242
0.3189015990893598,-18.384845733642578
-39.873530292237,-9.123062133789062
5.053393098685065,26.079421997070312
-5.77665564868809,17.386999130249023
-22.4462583852743,-252.1409912109375
-10.162041561092582,-7.6456804275512695
8.70853787657841,-19.684871673583984
-3.73521146317182,-4.057034492492676
-1.3326443092463092,-5.593907356262207
-5.830142578087577,-28.119075775146484
-7.815562497274902,-2.5806758403778076
-20.7558388881914,-133.615234375
-1.03656181464744,-2.7357864379882812
-3.930469946192945,-11.272092819213867
5.391699208755202,56.73858642578125
7.2595381633228,5.899559020996094
9.30630078585379,-13.610319137573242
-3.77133000272187,-189.879150390625
-42.936846127142296,32.4195671081543
0.5211206139658471,40.836181640625
0.7345204104922589,-5.453990459442139
6.86106163750481,-97.46286010742188
-21.61387508166409,-16.31397819519043
-24.577379709126298,18.75167465209961
3.986867952152618,-2.0226874351501465
-63.2346715672369,-36.99279022216797
4.55602013063716,-8.251134872436523
-20.3623076046531,-30.606407165527344
8.678125432705007,-9.442009925842285
-2.1147225087047508,-18.310043334960938
-1.14890133483728,5.391618251800537
3.7921116228684086,-3.236846923828125
-1.3811964732242277,-104.42514038085938
0.1752112379752922,-18.289085388183594
3.3452637215970498,23.9964599609375
6.63109301847755,-4.576177597045898
-8.72128086410909,-14.705460548400879
-0.1160299782726794,41.30670166015625
0.1119561526876595,2.3681182861328125
11.877856996640997,-4.2858967781066895
-3.2142130797467816,3.2251436710357666
-3.9552380984537248,-23.70453643798828
-1.593720937577549,-6.1910552978515625
3.3899996482015826,8.422700881958008
7.66334596528203,-13.237019538879395
2.60625970962018,18.019775390625
5.006519903780723,-6.85175895690918
-58.5527340809363,-22.470447540283203
3.776985072333982,47.27922821044922
2.4866177573815964,-3.1487884521484375
-0.6920482116816997,-5.109440326690674
2.1747311895065486,-6.934673309326172
-13.14009076535719,-23.152935028076172
2.745769909533195,-9.601995468139648
-10.626155896203898,0.4457283020019531
0.0548896546292299,25.052398681640625
-69.1366966634013,-10.262667655944824
14.8508222506114,11.937158584594727
-28.3488859938485,0.322998046875
0.6884341878779402,-26.299331665039062
12.566471603210276,42.061973571777344
-5.472376660417956,-1.5951812267303467
-2.1691769605730515,-8.418956756591797
-0.3887710448227697,105.1874008178711
9.1356503291117,2.223536491394043
4.93167956005568,-12.628473281860352
2.713132201978397,32.440673828125
9.090654061652296,-24.01680564880371
1.741670982094262,3.4647533893585205
-5.89266438028177,-0.5300054550170898
-1.130678948105339,-13.527099609375
-46.587141393021525,-15.49289321899414
4.366245372711767,4.093582630157471
2.858782897786812,-35.451446533203125
2.53362859007723,-22.383808135986328
-1.7943154401891548,1.1661224365234375
-0.6435038581465955,-110.51434326171875
5.99108205682079,-21.207839965820312
2.44728958086436,-16.60702896118164
1.5718362711845366,-21.48708724975586
-55.54568697318505,-10.424612045288086
-9.231606713935047,5.788304328918457
3.547124544521316,-59.63739013671875
-73.5286754265322,-1.1541461944580078
0.2047767843086013,-37.89842224121094
-10.398648228661925,12.237584114074707
-46.9980356488569,-8.543917655944824
-62.9031214125763,-26.278671264648438
-10.35739215730591,-53.9107666015625
1.83593808226401,1.4089572429656982
7.827394642815597,-11.71168327331543
-9.742168339465294,-121.67398071289062
-0.29408409265346,-16.257036209106445
-5.653435188749545,-16.40141487121582
-14.57002364123529,-11.418204307556152
-18.1797235112709,10.200000762939453
-5.45440876641342,-5.538718223571777
8.596988309863011,-7.833846092224121
-5.493763326806099,8.006082534790039
-8.393586343504198,3.7122209072113037
-3.963646539183849,23.163049697875977
9.625121597198186,6.674324989318848
-6.18357684414468,-4.05572509765625
-3.41466344580097,-3.174924850463867
-4.03025121975644,-38.08219528198242
-2.66483863280114,-1.136749267578125
-0.190891674386513,-7.41180419921875
16.1850033157246,6.870607376098633
-7.910003358009165,12.610298156738281
-2.07861348348741,-9.201248168945312
12.331931266595111,5.111172676086426
0.8825935384285006,-1.9126532077789307
-2.1789667599796294,0.61407470703125
3.0307168501552093,-3.1908206939697266
14.8229623836697,6.351553440093994
6.795393661635613,150.061767578125
5.16750826555368,-15.939396858215332
-57.144820014625296,-4.646270751953125
6.167862854629888,0.369110107421875
-2.698758931910008,38.99786376953125
1.289294757415069,-14.250106811523438
13.9692836454661,-17.148971557617188
-38.6438610292767,-25.479766845703125
-3.119647295186995,-27.084598541259766
-6.745372906074374,151.9866943359375
-2.7468186065138984,-11.023676872253418
1.6198341998494314,-7.710697174072266
1.6646916021852596,-7.047309875488281
-7.87226820943855,-3.3205461502075195
8.652061852316729,-9.672210693359375
2.4933992323843923,-6.530482769012451
2.35160533891099,-12.317602157592773
1.30779520720034,-37.423805236816406
-11.9965988914421,-6.303394317626953
4.780848076735348,7.509117126464844
11.2728180991378,-9.815349578857422
0.7651079053562314,43.84974670410156
-10.6557437737239,9.985405921936035
3.27100049685324,-23.157398223876953
-5.2815921348029296,-44.84809875488281
-27.5445722402187,-149.88079833984375
-2.683955047842884,7.357177734375
-43.929359067237,5.100948333740234
-4.639593570653838,-1.030447006225586
-14.7229944429405,34.93031692504883
-5.00028834575103,0.6174278259277344
-1.2236747050651609,85.78974914550781
-17.6830733389949,-54.412200927734375
-9.979741434164584,-25.562519073486328
-0.2823200449385875,-81.56814575195312
-36.50577458359941,2.9513931274414062
-4.853312003098937,-17.56490707397461
-27.4476544011683,4.644664764404297
-49.5120706514507,-1.1972885131835938
1.2287673509824204,-14.070560455322266
9.503977484174175,-28.584468841552734
-5.5186956836840375,-65.811279296875
-2.99361591491145,12.688720703125
7.99575647038201,-4.74676513671875
11.7225687296843,-7.2627363204956055
6.987950206462267,16.105134963989258
5.5273920092716775,-1.191650390625
-7.19378137939456,-115.35986328125
6.001532732018722,2.7734012603759766
7.92708077877978,-2.212508201599121
4.316615136301563,10.542013168334961
0.1590569364430157,-7.9066267013549805
2.8348518495029404,22.54810333251953
-46.6686841099013,2.9436826705932617
-0.8984319813221007,-10.49139404296875
4.30511943579503,-1.7291107177734375
-3.36735139960915,-10.322959899902344
6.58117049992555,-6.285961151123047
6.753311816554961,2.838871955871582
-1.1091988250418725,-19.719058990478516
5.26551760771767,-13.868072509765625
-37.3999740396079,1.5130882263183594
-34.48768519828235,-11.831440925598145
-46.862925671502296,-6.192651271820068
-1.19024715514191,67.41580200195312
-1.4920816076829602,2.313821792602539
-5.775806690181939,5.380916595458984
-14.2382866820043,3.8640923500061035
1.3131129859732091,7.2051239013671875
13.1991243046288,-4.374366760253906
3.6035536346157695,-5.51922607421875
4.97603191479674,7.765351295471191
2.9737175212081803,-6.365560531616211
-35.1782981083837,-11.009191513061523
-10.480511156242285,-6.806938171386719
-0.3170472839931941,20.528688430786133
3.59745169898486,-7.195833206176758
-5.139364658294922,1.635988712310791
-29.2662792150344,2.0916595458984375
11.555346181601609,-1.0582163333892822
3.7092867134231,-27.579524993896484
-0.7280966227290082,-78.52490234375
0.9480162028997956,45.2239990234375
-9.619042312244815,-212.07080078125
-3.15562863494722,1.17547607421875
7.285509446842615,-10.575113296508789
2.71319811317338,-1.342514991760254
1.026942322157092,-1.2234243154525757
-4.65691689928222,-212.9595947265625
-8.677497573270493,-54.53913879394531
14.3436638764016,-0.60797119140625
-11.8973420493851,-178.447265625
-6.61979034735207,9.104663848876953
8.86280218600469,24.828296661376953
-3.43040335892423,-87.6268310546875
0.4443344011282492,-29.918264389038086
2.6678241356197647,41.31074523925781
2.334382802629,-10.382858276367188
-13.8157551615103,-24.86017417907715
1.9007667723773176,2.7629566192626953
-17.190033530139498,-3.793821334838867
3.88810032819938,1.557870864868164
1.2705701336207027,-14.497333526611328
3.887422638441485,-4.075440406799316
10.349523074958825,-1.760121464729309
9.62907409316032,80.18190002441406
0.7709161631446207,-3.5718636512756348
2.3166834950764685,-43.935699462890625
2.76912169862866,3.39218807220459
-46.2372447228831,-5.795572280883789
-37.0930621901092,14.330509185791016
0.996650643215182,33.74181365966797
-12.898019313824,-15.709369659423828
-0.71117494174041,-1.9605484008789062
-0.5663484394051013,-6.348829746246338
-12.4595255596924,9.564117431640625
-0.6089836493556324,-4.085486888885498
6.92534745147092,-9.356201171875
3.320229681965675,46.83430480957031
-10.274169876330886,85.18804931640625
-49.062306315025,35.5848388671875
-30.7261055182573,-10.575199127197266
22.7414116448382,7.946834087371826
-0.9529303605806088,2.9755783081054688
-10.739322929783883,14.208662033081055
-20.9507978903398,-13.785294532775879
-24.96156751119129,30.09039306640625
14.9823899147147,19.759990692138672
-14.564555056626377,10.802490234375
1.907333647224608,-6.898847579956055
-1.178255647098801,78.55665588378906
1.9806048133258944,-13.510871887207031
8.833837192566008,14.097349166870117
-18.5255095356289,-8.060100555419922
3.010752586641185,2.45001220703125
3.67041582610247,-0.3942546844482422
-33.7845903951132,-6.285006523132324
-13.812973987503693,21.70279312133789
-13.861300672159,30.79709243774414
-26.24662901330595,-10.054080963134766
-1.61504571199055,-9.640830993652344
8.754663680824095,1.2999095916748047
3.22816419080692,-6.418617248535156
-2.0585753436264698,-3.429973602294922
-9.59094984812801,1.9630210399627686
6.02246857213521,14.233795166015625
-4.11149235653684,-25.025720596313477
-4.361976736345532,-34.955955505371094
-2.4097304318056905,0.45380401611328125
4.967381413305823,22.489639282226562
-11.9154244975033,-1.5567915439605713
-11.183106529127476,-33.156707763671875
-2.3538192484503564,4.789316177368164
-2.204579993178592,5.3537116050720215
-91.8886792382854,-14.216907501220703
3.2582764286422226,13.808197021484375
9.859104788483815,-4.923837661743164
-2.6304973605131474,8.175699234008789
8.398744223780918,-14.811638832092285
1.4955767028094,2.8526611328125
6.720388221210122,-2.5573229789733887
6.99756701325662,-18.158859252929688
12.966325580978296,-9.407508850097656
-22.8644313188967,-3.7893476486206055
-14.4731176558811,11.05322551727295
-0.0918051514147744,20.01284408569336
0.9434331950199416,-13.781585693359375
7.877641553655238,-16.54463768005371
-27.1636490162131,-1.8824577331542969
3.42669038506664,-26.07038116455078
0.31232235517322,-11.379197120666504
1.1848602197973823,5.3320465087890625
-5.822632503482525,-23.87310791015625
-2.989164004622407,-7.622368812561035
1.69213972357191,-37.07722473144531
-0.89184437235696,-4.540173530578613
2.446050707651698,23.08392333984375
5.07108724357905,-1.693619728088379
5.42147270471237,-0.6535749435424805
-2.20364176327536,-50.56929397583008
3.08443697315444,-27.02558135986328
-5.97248436581227,-2.347087860107422
-1.0190872666435924,20.9669189453125
-14.885807229381896,-17.057586669921875
0.046018285265003,2.4486312866210938
6.00089213826483,-16.06153106689453
-1.4680391508473674,-16.764556884765625
-49.8653288018085,-8.031018257141113
-7.283890318199592,2.1921119689941406
3.6053774296538297,-4.606163024902344
6.364261125349779,9.380794525146484
-51.4043293278057,8.482707977294922
-64.65676531723692,5.434083938598633
-26.1965705632023,-34.56681823730469
2.63157412115867,-2.4349365234375
16.694612728237402,2.5268259048461914
-17.0314498829154,5.058877944946289
-58.40351531723695,-7.975313186645508
-15.3173389528898,12.513029098510742
-6.613686761665703,-7.662664413452148
-39.0646563811545,6.931192398071289
0.809697096857583,3.4070448875427246
0.4685622181175212,-2.3742027282714844
-6.376202369524528,-46.1395263671875
-14.434457477598505,15.219253540039062
-26.0047332498617,-3.5894412994384766
-17.5801214502402,-27.984678268432617
-2.60072537807549,4.561633110046387
7.184930267876617,-93.48309326171875
0.555665600488549,9.183708190917969
8.747205755218493,1.9115092754364014
-2.289513933263135,-7.450964450836182
3.8009101564042025,-6.452615261077881
-1.67197513843126,-11.56010913848877
-15.746453943284,-35.860557556152344
