Score,Pred Score
4.219145585451182,30.51691436767578
-2.588665914009158,3.3519840240478516
-3.0703466753296,9.37839412689209
2.1112971208509976,-0.25895291566848755
-19.1693792779686,-3.316840410232544
-0.9096556467231308,6.917839527130127
-5.316952415477393,-12.453103065490723
-5.39913759737588,-44.79180908203125
6.1026124307435,-1.7608566284179688
-1.6005087696864486,-19.235706329345703
-51.6773231694491,-17.42638397216797
0.51700222845629,-6.33819580078125
-1.6521884315998507,-4.816915512084961
2.11024229353816,-6.325189113616943
17.2594267615487,5.444234848022461
-1.73607437190069,-8.917043685913086
-5.77436797253085,-9.032243728637695
-0.568998602339841,6.851468086242676
-1.289264920121349,-11.581884384155273
-14.1813773041305,-13.354082107543945
-3.31847606547329,-2.0628867149353027
11.710679650337616,15.651588439941406
2.046344769010002,11.259057998657227
-2.77042962989298,5.962963581085205
9.014890317831036,5.112826347351074
2.726862934921635,0.15804481506347656
-3.4922781726655696,9.932205200195312
1.292753014965791,3.3129279613494873
8.16191414696451,-0.4266030788421631
-8.251107402184557,-6.571783065795898
7.262818938793504,-1.0320892333984375
4.14054171285972,2.5481414794921875
-13.546032832554804,-14.974392890930176
-16.8307740899425,-2.2117605209350586
-0.2642143205483515,-8.863862037658691
-6.135426654744688,-2.76422119140625
-7.187555808667961,5.240175247192383
8.149714042401495,-6.396357536315918
-6.426376983867103,-11.036965370178223
13.9953943577381,0.4514446258544922
-6.31868596379813,7.358287811279297
5.321680837772678,13.442180633544922
11.9978624338519,-12.128252029418945
7.909526276907584,-14.76126766204834
7.206977941743588,11.77621078491211
-7.378812419643663,-0.13572263717651367
0.2475632146873464,-3.1353273391723633
12.7359625054994,-2.104391098022461
5.220668557811489,-17.352033615112305
1.3318185914773402,-24.727249145507812
2.776867734737273,-1.3470306396484375
-27.8178569354009,-18.61199951171875
-4.20883890972707,-7.330633163452148
2.78743688363977,1.84228515625
-9.657849716236,-10.008186340332031
4.071661498679735,2.382404327392578
-10.586292641023492,5.683045387268066
2.578081311550471,9.301094055175781
-42.2483635713802,-19.138940811157227
8.204494762209066,-14.520750999450684
18.5317724911246,3.558480739593506
6.097122298913325,-15.245076179504395
-11.299328727708405,-18.483963012695312
-6.22433036882608,-7.464550018310547
3.12612254618191,-2.6687421798706055
8.756217929094177,11.277883529663086
-1.757118944268968,-17.503211975097656
-51.402683514636095,-15.525602340698242
-2.13735826282737,7.6631293296813965
8.88265541550952,1.827422857284546
5.58846482112586,9.905654907226562
7.383552345763623,3.179332733154297
10.229168329440906,2.0148792266845703
-17.4030551064212,-7.79716682434082
2.204062447972561,3.0465080738067627
-3.195242757261453,-1.7642326354980469
-36.8822022827233,-16.056432723999023
3.812227003524945,7.0093841552734375
-6.89310310865277,-9.10154914855957
-2.85382252753121,-10.139697074890137
-7.42349600405968,-7.678558349609375
4.398848813602776,0.416428804397583
-68.1959205924323,-28.331226348876953
-3.773219093074008,-6.710932731628418
8.453421074249384,6.725972652435303
-62.9612541332419,-26.875534057617188
2.97844031586002,-14.431804656982422
-5.800670766453999,-10.87283706665039
2.409764321136161,-6.261817932128906
-1.6610011043127195,-2.651556968688965
1.39259946716825,-3.5370383262634277
-5.785469568057495,-14.814292907714844
10.468583156479704,2.9759106636047363
0.8267526169764301,-15.278554916381836
-0.4271227388875901,5.412619590759277
-5.85807143580148,-0.950927734375
-2.67676896274171,6.928931713104248
-3.11888044241469,-7.833409309387207
6.71098989067457,4.741023063659668
6.429854346358795,5.874300956726074
-6.897600670415837,-5.460906982421875
-16.4910721624856,-43.92295837402344
-3.057699221935841,7.565309524536133
-17.6906096863185,-15.122077941894531
0.1461877509898399,-20.750871658325195
-3.01321716593974,-1.214463472366333
-15.0412339008878,-8.70269775390625
-3.60075442831331,5.538600444793701
12.5056328567953,-8.281888961791992
-13.8996269060666,4.352663993835449
5.265272900492549,-18.071985244750977
12.283123760680592,-1.5069403648376465
-2.54688332955635,-5.959484100341797
11.579228393987275,5.554355144500732
-0.3284521577656807,-0.5838456153869629
-2.33292598982445,-10.587692260742188
-0.1058882282985149,-0.22062397003173828
-2.4461467814868523,-71.6754150390625
-41.8026500314277,-13.993834495544434
4.417989059347175,-13.674971580505371
-40.2101205720394,-7.728382110595703
-14.277645616907492,-10.685240745544434
3.29681579894721,-8.345580101013184
-0.7012610501602399,-2.623201847076416
8.463248256721428,6.786731719970703
-2.491707941339629,-19.82277488708496
4.867927463076468,5.905830383300781
-1.876637029070265,-16.693714141845703
-12.955988512618,-17.39554786682129
-7.75971004909346,-0.215728759765625
4.67424026120176,-8.559494018554688
-7.08434802004719,-3.6329898834228516
-6.19730890695259,6.990057945251465
-0.1240821746904601,1.1461822986602783
4.069163600073605,-16.8922061920166
-1.77750068778882,-3.0709762573242188
1.8601156760560384,-9.867454528808594
-10.8237586662752,-27.842777252197266
-50.1674018945849,-16.884859085083008
-5.8677981963370005,-1.5677697658538818
-24.4869919201538,-24.28778076171875
-12.281506448986304,3.55450439453125
-5.8772631055401,-5.332977294921875
-0.1639564470097907,-7.209741115570068
4.17561229224804,-3.7414486408233643
2.77922195660905,-7.232173919677734
-3.454798154796729,1.1675987243652344
7.692941411907634,2.494929313659668
-2.390619984667185,-9.231399536132812
-33.1832620874725,-13.868598937988281
-18.23432595343749,-18.909473419189453
5.29419053806362,-17.666568756103516
-77.3623903172369,-32.24285888671875
15.4985727759109,8.50643539428711
7.73570234615748,-7.0517578125
-9.325981865786185,-10.20428466796875
-9.72499716390718,-12.529230117797852
13.309934514349203,8.836833953857422
2.264898495983479,-12.035188674926758
-12.0320822507053,-12.665924072265625
-2.56542276271332,1.333923578262329
7.196532980977684,-3.8639750480651855
-1.857666460494741,9.370063781738281
-1.4872271509121793,-5.768352508544922
-3.12013961477547,0.849078893661499
2.6303171850506604,-0.8197097778320312
-60.49569009623433,-15.225518226623535
-30.3377383335249,-15.32144546508789
1.0590749185315824,-10.46242904663086
-6.929951553081727,-7.405240058898926
-8.46093254820262,-1.0460405349731445
2.461922216333884,8.898406982421875
4.5031585012656095,3.1394195556640625
4.435147085081137,1.8857841491699219
-2.88087637063392,-6.3834228515625
-1.5082203021212124,5.2557220458984375
-0.6579761516790089,16.824111938476562
3.719171936095444,1.9983735084533691
-2.6053130644292946,-1.3680849075317383
7.276768036701751,-6.292398929595947
5.29091659278858,-1.3267009258270264
-1.0659561461183158,-2.2232847213745117
15.4186986077963,-2.25665283203125
7.543407488617369,21.47468376159668
9.58062385928767,-2.347247362136841
0.2570808252882703,16.240707397460938
8.13893448615947,1.0109634399414062
-5.14141487663266,0.5437521934509277
-16.517773128145326,-12.035127639770508
0.7364260970712593,-3.5316381454467773
4.25311060075082,-0.27670955657958984
-25.4508968849616,-10.797782897949219
-1.9051378030600723,-8.259662628173828
5.506094216928792,-0.6255197525024414
-0.1777753404752198,8.77114200592041
16.9349100756105,9.773126602172852
-11.607028837624,-12.315282821655273
-1.2671721747064446,-16.140838623046875
-16.1535771788668,-15.001568794250488
8.143116180793372,-3.5094027519226074
7.078924552126015,-5.552919864654541
0.2886204877907422,-3.741321563720703
16.4171583068458,0.6124181747436523
-44.7886924625105,-17.63470458984375
-7.726553411266567,-27.57325553894043
4.065326821312747,13.506889343261719
2.12749125232924,-13.7951021194458
9.06213659212517,8.303744316101074
-4.51305804704249,-32.44097900390625
4.28301459624688,-5.235851287841797
-7.211196994815285,-14.295564651489258
-58.4491138315396,-17.378259658813477
-0.5413656534735456,-15.1087646484375
3.24770439300306,-4.030588150024414
-0.6472060937938101,-4.757750034332275
-1.93656353174353,-1.690678596496582
-1.94666134980912,-5.57428503036499
-0.670930828719279,-18.138683319091797
17.1612744381531,7.822790145874023
-8.044482691931467,-3.129941940307617
16.9968892380515,7.854973793029785
3.62056380925444,-11.433876037597656
4.07090957771029,13.64239501953125
-1.0680791130593923,-5.935665130615234
4.69437535963172,-15.11497688293457
0.3837795244341289,2.7744743824005127
0.6681105368389735,26.408424377441406
-8.08045020128908,9.128803253173828
-42.6579269422049,-29.230722427368164
-30.89708550466269,-19.603919982910156
-1.1617148968623687,-0.4700288772583008
6.46185690649625,-0.41219282150268555
8.658679095048068,0.12984848022460938
-0.1898191226144924,1.064291000366211
6.457932781589695,1.364790916442871
-33.7712071062874,-4.8482818603515625
-4.786538605318405,5.075678825378418
-13.5632540546311,-12.034412384033203
-82.13826531723697,-19.29424285888672
-3.0453156276270903,29.908370971679688
6.430237727930085,-23.147085189819336
5.31082796058257,-1.5560245513916016
-70.65073406723695,-34.596107482910156
4.71112087372323,-12.111775398254395
-10.78700495517378,-16.429306030273438
-6.055427015859325,16.008949279785156
-16.475900892606802,4.536628723144531
-2.487076105276776,-24.9478759765625
-48.3858044800915,-11.176076889038086
5.893700156574014,12.347960472106934
-47.9957157156951,-10.215288162231445
-1.511416195100045,-13.323391914367676
-7.071587649042333,3.3138294219970703
-0.3550158381598589,0.4523458480834961
-17.0078420331655,-12.233013153076172
10.3189652047012,-81.367431640625
8.829561804598438,1.0647706985473633
10.909208084253878,25.16009521484375
-2.25262466719878,-2.025261878967285
0.7445982178878973,-6.322895050048828
-4.813871520282443,4.842928409576416
2.85060083445348,4.72910213470459
-2.54595208771381,-14.875571250915527
-8.692928400841772,-54.26605224609375
16.618750626525,20.397489547729492
7.37064384347005,-9.166606903076172
-6.81516141534704,-9.125951766967773
-10.386374558578522,-8.1370210647583
3.73205068567752,7.431974411010742
-6.40442742836347,6.897217750549316
1.74273211890989,13.283123016357422
-7.920344649869953,-14.006658554077148
-9.28527551691871,5.948061466217041
1.51502173443586,-2.3910021781921387
-90.3299705619704,-5.877203941345215
-6.512385872303066,-15.436238288879395
0.7982616963508231,-5.367839813232422
15.8859560938761,21.01708221435547
-23.227454082363305,-15.703611373901367
5.4465900456679694,9.844815254211426
-13.2494383747796,-1.320173740386963
-2.3458288386735573,-8.803634643554688
-1.5403494549472296,-12.805671691894531
-2.941164138388841,-10.316583633422852
-14.6311710829416,-14.998380661010742
-4.81834176383161,11.943878173828125
-4.03806373695381,-16.98674774169922
0.4076170529080399,-4.32342529296875
-34.8552692363716,-6.224918842315674
-25.0659802428987,10.399017333984375
-5.8684323426223,5.597604751586914
0.6771989561182002,-13.44170093536377
-14.6157572128631,-16.412349700927734
5.344594984386832,-16.512041091918945
-4.75101729862813,-0.9604692459106445
-89.5439156156453,-15.28488826751709
-1.207429910073891,27.639205932617188
13.667582002208905,13.27064323425293
-82.4887013651952,-15.306768417358398
4.40921359309415,6.720627784729004
-19.923371510770203,-1.5998473167419434
-4.665207913971671,-0.023894309997558594
3.42106467876526,5.6711626052856445
-39.0956747424042,-8.113452911376953
-10.288292260688207,5.202354431152344
2.3067635611900137,9.002279281616211
-4.92782811871599,3.0687434673309326
10.292368565007404,18.14977264404297
-8.184373188662292,-15.340279579162598
-4.763634360062484,-27.86669921875
-2.40000424902785,-0.131805419921875
5.009535132419683,5.880414009094238
-22.2455703021075,-14.0863037109375
3.987299411465438,-11.221277236938477
-38.4962238749225,-32.7523193359375
-44.9949251983702,-6.697949409484863
-1.378759213278819,-9.276896476745605
8.07102955700163,3.7497549057006836
1.055995951979529,-1.926478385925293
2.188685633501576,8.349411010742188
1.0880788430276551,13.63430118560791
-0.2898522089969393,-3.6188154220581055
-3.790702882666694,16.91933250427246
-7.940842049461227,7.047994613647461
4.398742241377427,26.694259643554688
2.5565427438131976,-2.9088454246520996
4.123908949931413,21.888351440429688
-76.9668504799361,-19.70258903503418
-14.1325019191809,-12.900384902954102
7.960789166364423,5.3346123695373535
0.4423212163888063,11.899826049804688
2.63206586722876,5.027928829193115
3.1988276731025875,-15.028075218200684
-1.6552655274048038,1.4232361316680908
8.077984978184695,-2.5978574752807617
-13.790764753514,-5.271696090698242
2.13745295521649,-10.622899055480957
3.0897024917955025,-5.572310447692871
-0.3530077955256401,-15.602766990661621
-7.639409008216227,6.532904624938965
2.765011277030255,-12.222076416015625
3.557691046156,0.3045356273651123
4.00031385473591,-14.571056365966797
-55.7541546140486,-15.301298141479492
9.550892694239591,9.043212890625
1.775572054007981,55.622344970703125
-2.248378586620203,9.753785133361816
-56.2560888739038,-21.2831974029541
-2.5590885431480426,-6.106406211853027
-40.5029244010595,-18.806547164916992
-30.8171784242839,-2.125030517578125
2.679404112105611,-0.6595706939697266
2.76740193393285,0.8464876413345337
-11.341527235964405,1.7849273681640625
-3.448025235667948,-14.980344772338867
-0.0780407432645869,15.180793762207031
11.616605850275496,1.36659574508667
9.179556151687803,19.504974365234375
7.190050317883171,-1.2952508926391602
-39.4932668903457,-21.623870849609375
-2.306526469902426,-6.484683990478516
0.5403453062071405,-1.76007080078125
-23.6042929930625,-30.348316192626953
-4.172986764275874,-16.50368881225586
0.5394390329931549,1.2552299499511719
5.84905996845087,1.8166041374206543
-22.9515728231767,4.8618316650390625
-3.134999611446543,-6.956308364868164
-6.066411004621831,-1.9019546508789062
2.24572304437811,8.328094482421875
-70.8116033690518,-17.287717819213867
0.3224388648416145,-6.270474433898926
4.755697845162629,6.14369010925293
1.7336328627834918,-15.072929382324219
3.939818822274421,11.888046264648438
6.09033976794457,1.3413844108581543
6.4251548431743295,-13.593215942382812
-6.47138721063866,-15.037384033203125
-0.0379657812584102,35.55619812011719
4.4105627388370605,-18.002647399902344
2.3065604778561424,12.433993339538574
7.588764503474316,4.069158554077148
-24.3954295810688,-3.628084182739258
7.380729755239978,-9.722368240356445
5.978124919049687,3.614858627319336
0.7860328468455551,3.814666748046875
-44.1817825469333,-17.462181091308594
3.58036180553514,-8.290587425231934
3.33951124606136,5.330371856689453
-6.79658968512302,-7.503127574920654
3.7347243087796,-6.91064453125
4.76541245752904,1.595541000366211
8.922207576391518,-14.598724365234375
-11.864177458483407,-23.928791046142578
1.166748445159433,0.7343816757202148
-25.781275563237,-16.136608123779297
4.179707781567577,3.072014808654785
-1.073248118887358,-12.435874938964844
1.7249239205326918,-3.5220909118652344
-81.52648016021857,-11.524871826171875
13.015759276594096,-10.674787521362305
5.35198813185094,-4.326171398162842
-12.53254789251529,-10.64185619354248
5.45103123545738,-1.7846744060516357
4.128157012788561,1.9897457361221313
-3.8590388668775,-4.632266998291016
7.36579899286375,-5.21498441696167
-11.03094492075089,-18.077945709228516
8.017093587799739,-5.35272216796875
15.384553292915324,-15.038488388061523
2.79124989437018,-5.421586990356445
2.81101468536903,-13.974630355834961
-1.7237618714553775,4.958727836608887
-2.202886656443709,-12.275390625
2.369358494612781,25.863887786865234
-11.30813578108209,-3.361083984375
4.484288991501213,17.044158935546875
-35.8165916579592,-17.166351318359375
-5.19085420781142,-0.7495405673980713
2.86709961553106,-6.218127250671387
-4.349210006555943,1.8373222351074219
5.029017096161708,1.6488862037658691
8.243548509216069,7.550372123718262
-2.6184282494780104,-10.142068862915039
-5.527709296795018,-5.260282516479492
-52.7336020518746,-18.03644561767578
6.07843040491799,-8.533243179321289
-4.396710286499547,-5.997791290283203
6.6154810826822,9.30166244506836
9.772192422094813,-14.405423164367676
2.099307195887115,-2.9669389724731445
-12.414939844598162,-16.804290771484375
8.24149319055937,-9.845197677612305
-1.5178355576616795,-8.840188980102539
9.144089281431205,-8.399991989135742
1.418014053180695,-30.241134643554688
-60.92137282626391,-58.79121398925781
5.61896917638109,0.665069580078125
-4.96580172718434,-6.382262706756592
-24.4432878855492,-2.2029905319213867
1.675381804264854,-20.662124633789062
-2.8447496930443927,-0.1389617919921875
-1.059512617215007,6.9769744873046875
1.41805545618482,1.7848613262176514
-7.06329362397977,-11.650419235229492
9.400493271217616,1.51084566116333
3.1327986373042376,-5.076210021972656
4.097668935846943,-0.8544731140136719
-4.01456885639382,-20.316619873046875
-2.260381023139061,6.311234474182129
-8.237627320974727,-16.37010383605957
-2.23616712442702,15.457006454467773
-26.79502671025515,-37.37646484375
-10.594900847222812,-25.085487365722656
4.509456424718162,-0.4518404006958008
-22.9219832537164,-12.675699234008789
-6.2026319104393295,-13.667974472045898
-4.662511414401839,-25.954654693603516
-0.4503474699443348,-5.463484764099121
-21.5531296050118,-19.640039443969727
-39.7169735486916,-16.828556060791016
-6.13466459150186,-2.5351409912109375
6.093529951556334,1.294926404953003
-33.3004252633332,-18.438676834106445
-7.789052707582185,5.544232368469238
-61.6890402284636,-44.65380859375
-10.613183176373598,-28.146514892578125
-12.6203596574975,-31.65997314453125
-15.2234416939723,-4.041813373565674
3.42848617073407,2.8715438842773438
-50.4820483838523,-17.429075241088867
-71.7765711158932,-17.458547592163086
4.338369925074482,-22.070011138916016
-34.0729170807354,-19.861064910888672
-10.285920522724917,-20.384143829345703
2.71808902854303,-4.781440734863281
2.26767773086615,-17.419424057006836
0.3189015990893598,-19.130016326904297
-39.873530292237,-45.17803192138672
5.053393098685065,6.4312591552734375
-5.77665564868809,1.6530547142028809
-22.4462583852743,-13.17169189453125
-10.162041561092582,-15.766022682189941
8.70853787657841,-13.545753479003906
-3.73521146317182,-7.370573043823242
-1.3326443092463092,-14.086221694946289
-5.830142578087577,-24.365245819091797
-7.815562497274902,-1.1739654541015625
-20.7558388881914,-5.1174774169921875
-1.03656181464744,-3.8969192504882812
-3.930469946192945,-15.43238353729248
5.391699208755202,0.31146240234375
7.2595381633228,5.532858371734619
9.30630078585379,2.1416072845458984
-3.77133000272187,29.741455078125
-42.936846127142296,-17.10565948486328
0.5211206139658471,-13.87591552734375
0.7345204104922589,6.000368595123291
6.86106163750481,0.8771896362304688
-21.61387508166409,-17.264999389648438
-24.577379709126298,-28.523406982421875
3.986867952152618,-0.5123567581176758
-63.2346715672369,-31.993427276611328
4.55602013063716,-3.6148157119750977
-20.3623076046531,-14.076277732849121
8.678125432705007,7.2452921867370605
-2.1147225087047508,-7.493658065795898
-1.14890133483728,5.765678405761719
3.7921116228684086,-0.9012532234191895
-1.3811964732242277,2.5899810791015625
0.1752112379752922,-7.307009220123291
3.3452637215970498,21.425491333007812
6.63109301847755,-8.44657039642334
-8.72128086410909,-42.546241760253906
-0.1160299782726794,0.2394866943359375
0.1119561526876595,-6.857357501983643
11.877856996640997,-1.4968273639678955
-3.2142130797467816,0.9620871543884277
-3.9552380984537248,-15.634939193725586
-1.593720937577549,-3.6012916564941406
3.3899996482015826,3.166388511657715
7.66334596528203,-13.651601791381836
2.60625970962018,-2.467376708984375
5.006519903780723,-14.60318374633789
-58.5527340809363,-14.073614120483398
3.776985072333982,9.008155822753906
2.4866177573815964,-4.479816913604736
-0.6920482116816997,-9.516313552856445
2.1747311895065486,14.187032699584961
-13.14009076535719,-18.436023712158203
2.745769909533195,3.2438278198242188
-10.626155896203898,-1.3981618881225586
0.0548896546292299,-15.995285034179688
-69.1366966634013,-19.505863189697266
14.8508222506114,3.7430663108825684
-28.3488859938485,-39.4874267578125
0.6884341878779402,-28.881317138671875
12.566471603210276,1.3206963539123535
-5.472376660417956,-2.363875389099121
-2.1691769605730515,-14.549448013305664
-0.3887710448227697,9.996456146240234
9.1356503291117,0.09781408309936523
4.93167956005568,-12.47152042388916
2.713132201978397,-0.5067596435546875
9.090654061652296,-10.080575942993164
1.741670982094262,4.224046230316162
-5.89266438028177,0.0708472728729248
-1.130678948105339,-7.913002014160156
-46.587141393021525,-21.90219497680664
4.366245372711767,2.6925268173217773
2.858782897786812,-4.041923522949219
2.53362859007723,-10.454404830932617
-1.7943154401891548,-3.4966840744018555
-0.6435038581465955,11.433990478515625
5.99108205682079,-9.746746063232422
2.44728958086436,-18.68083953857422
1.5718362711845366,-15.279937744140625
-55.54568697318505,-17.136070251464844
-9.231606713935047,3.5636188983917236
3.547124544521316,-16.680557250976562
-73.5286754265322,-5.205312728881836
0.2047767843086013,-13.651405334472656
-10.398648228661925,-5.391465663909912
-46.9980356488569,-13.474799156188965
-62.9031214125763,-32.09542465209961
-10.35739215730591,-11.17007827758789
1.83593808226401,2.939408540725708
7.827394642815597,1.302947998046875
-9.742168339465294,-12.511260986328125
-0.29408409265346,-19.86563491821289
-5.653435188749545,-7.341140270233154
-14.57002364123529,-19.21710968017578
-18.1797235112709,4.0240888595581055
-5.45440876641342,-8.927620887756348
8.596988309863011,0.30740559101104736
-5.493763326806099,0.4496488571166992
-8.393586343504198,0.2627990245819092
-3.963646539183849,11.687868118286133
9.625121597198186,3.4632863998413086
-6.18357684414468,-6.790017604827881
-3.41466344580097,-2.9153616428375244
-4.03025121975644,-2.4003348350524902
-2.66483863280114,-19.64773941040039
-0.190891674386513,-7.3047027587890625
16.1850033157246,-3.8435745239257812
-7.910003358009165,-1.5903053283691406
-2.07861348348741,-4.8906145095825195
12.331931266595111,-4.743973731994629
0.8825935384285006,-3.3238911628723145
-2.1789667599796294,42.12989807128906
3.0307168501552093,-19.66511344909668
14.8229623836697,4.769549369812012
6.795393661635613,-27.77227783203125
5.16750826555368,-14.494510650634766
-57.144820014625296,-6.534121513366699
6.167862854629888,0.8624081611633301
-2.698758931910008,27.535751342773438
1.289294757415069,-11.605558395385742
13.9692836454661,-0.008580207824707031
-38.6438610292767,-23.30498504638672
-3.119647295186995,-9.128355026245117
-6.745372906074374,11.77191162109375
-2.7468186065138984,-6.810803413391113
1.6198341998494314,-9.002721786499023
1.6646916021852596,-10.878006935119629
-7.87226820943855,-11.379465103149414
8.652061852316729,18.512939453125
2.4933992323843923,-2.0427067279815674
2.35160533891099,-7.691727638244629
1.30779520720034,2.1244640350341797
-11.9965988914421,-2.460136890411377
4.780848076735348,-4.058286666870117
11.2728180991378,1.4006009101867676
0.7651079053562314,3.3404977321624756
-10.6557437737239,3.5048208236694336
3.27100049685324,8.194896697998047
-5.2815921348029296,-8.26761245727539
-27.5445722402187,-28.5203857421875
-2.683955047842884,22.70294189453125
-43.929359067237,-16.43112564086914
-4.639593570653838,-1.7928242683410645
-14.7229944429405,10.565492630004883
-5.00028834575103,-6.392589092254639
-1.2236747050651609,-7.555026054382324
-17.6830733389949,3.477447509765625
-9.979741434164584,-7.611896514892578
-0.2823200449385875,-6.1153564453125
-36.50577458359941,-10.86922550201416
-4.853312003098937,-39.6923942565918
-27.4476544011683,-13.10927963256836
-49.5120706514507,-15.328800201416016
1.2287673509824204,-7.2434234619140625
9.503977484174175,-5.988770484924316
-5.5186956836840375,2.6245269775390625
-2.99361591491145,11.349456787109375
7.99575647038201,-3.7741053104400635
11.7225687296843,12.52622127532959
6.987950206462267,2.8072071075439453
5.5273920092716775,-19.584609985351562
-7.19378137939456,-11.892257690429688
6.001532732018722,-0.28531980514526367
7.92708077877978,2.453338384628296
4.316615136301563,9.422722816467285
0.1590569364430157,-4.777003765106201
2.8348518495029404,9.463515281677246
-46.6686841099013,-34.558067321777344
-0.8984319813221007,-9.319461822509766
4.30511943579503,-5.891349792480469
-3.36735139960915,-7.972381591796875
6.58117049992555,-10.872243881225586
6.753311816554961,-8.714066505432129
-1.1091988250418725,-5.2496442794799805
5.26551760771767,-2.348419189453125
-37.3999740396079,-8.758224487304688
-34.48768519828235,-16.469131469726562
-46.862925671502296,-18.776737213134766
-1.19024715514191,1.4435272216796875
-1.4920816076829602,-4.258810520172119
-5.775806690181939,-4.563180923461914
-14.2382866820043,1.058187484741211
1.3131129859732091,3.5579376220703125
13.1991243046288,-0.6556940078735352
3.6035536346157695,2.7215728759765625
4.97603191479674,9.703485488891602
2.9737175212081803,-7.7376909255981445
-35.1782981083837,-13.221287727355957
-10.480511156242285,-11.697066307067871
-0.3170472839931941,-0.7118149995803833
3.59745169898486,-3.425896167755127
-5.139364658294922,-2.3360118865966797
-29.2662792150344,-16.21163558959961
11.555346181601609,3.2230265140533447
3.7092867134231,-16.51239776611328
-0.7280966227290082,3.99945068359375
0.9480162028997956,1.668243408203125
-9.619042312244815,-37.29180908203125
-3.15562863494722,0.0462646484375
7.285509446842615,-11.657276153564453
2.71319811317338,-0.14388585090637207
1.026942322157092,-1.4815394878387451
-4.65691689928222,-47.0244140625
-8.677497573270493,-25.1908016204834
14.3436638764016,-0.0194857120513916
-11.8973420493851,-55.52874755859375
-6.61979034735207,-15.849897384643555
8.86280218600469,17.313493728637695
-3.43040335892423,-29.635299682617188
0.4443344011282492,-7.846381187438965
2.6678241356197647,8.87064266204834
2.334382802629,-8.689409255981445
-13.8157551615103,-10.588377952575684
1.9007667723773176,-8.81861400604248
-17.190033530139498,4.573594093322754
3.88810032819938,-3.809629440307617
1.2705701336207027,2.1320652961730957
3.887422638441485,3.7752933502197266
10.349523074958825,-0.8362720012664795
9.62907409316032,16.823699951171875
0.7709161631446207,-5.5572309494018555
2.3166834950764685,1.0058517456054688
2.76912169862866,8.649073600769043
-46.2372447228831,-17.622920989990234
-37.0930621901092,-9.614936828613281
0.996650643215182,-7.958136558532715
-12.898019313824,-17.682987213134766
-0.71117494174041,-11.830326080322266
-0.5663484394051013,4.5034098625183105
-12.4595255596924,-10.97323226928711
-0.6089836493556324,-1.9585075378417969
6.92534745147092,-16.028919219970703
3.320229681965675,-4.912467956542969
-10.274169876330886,-43.533203125
-49.062306315025,-16.578948974609375
-30.7261055182573,-18.52090835571289
22.7414116448382,5.867287635803223
-0.9529303605806088,3.069509983062744
-10.739322929783883,5.038410186767578
-20.9507978903398,-14.24889850616455
-24.96156751119129,-16.53240966796875
14.9823899147147,7.5773468017578125
-14.564555056626377,-10.712615966796875
1.907333647224608,-19.503829956054688
-1.178255647098801,16.010147094726562
1.9806048133258944,-12.804048538208008
8.833837192566008,7.864627838134766
-18.5255095356289,-38.63426971435547
3.010752586641185,19.096588134765625
3.67041582610247,-9.269046783447266
-33.7845903951132,-20.419055938720703
-13.812973987503693,7.234927177429199
-13.861300672159,5.5637969970703125
-26.24662901330595,-23.16131019592285
-1.61504571199055,-5.33387565612793
8.754663680824095,-7.95478630065918
3.22816419080692,-20.475440979003906
-2.0585753436264698,-16.712173461914062
-9.59094984812801,-9.100385665893555
6.02246857213521,9.632280349731445
-4.11149235653684,-14.900012016296387
-4.361976736345532,6.070123672485352
-2.4097304318056905,-8.428080558776855
4.967381413305823,-10.461189270019531
-11.9154244975033,8.154495239257812
-11.183106529127476,-16.18242645263672
-2.3538192484503564,-1.254258155822754
-2.204579993178592,1.0936667919158936
-91.8886792382854,-14.220918655395508
3.2582764286422226,1.6621780395507812
9.859104788483815,-14.39207649230957
-2.6304973605131474,5.176534652709961
8.398744223780918,-19.399259567260742
1.4955767028094,-33.106842041015625
6.720388221210122,3.5346593856811523
6.99756701325662,-0.2052135467529297
12.966325580978296,21.601863861083984
-22.8644313188967,-7.12848424911499
-14.4731176558811,6.881681442260742
-0.0918051514147744,-20.371719360351562
0.9434331950199416,11.556488037109375
7.877641553655238,-0.0018754005432128906
-27.1636490162131,-8.524497032165527
3.42669038506664,-17.725927352905273
0.31232235517322,-6.459630012512207
1.1848602197973823,-5.2225189208984375
-5.822632503482525,-14.0709228515625
-2.989164004622407,-17.02825927734375
1.69213972357191,8.033409118652344
-0.89184437235696,-6.043853282928467
2.446050707651698,21.5146484375
5.07108724357905,-11.094386100769043
5.42147270471237,5.779487609863281
-2.20364176327536,7.2596435546875
3.08443697315444,8.352989196777344
-5.97248436581227,-13.984992027282715
-1.0190872666435924,17.401901245117188
-14.885807229381896,-20.113353729248047
0.046018285265003,-9.473085403442383
6.00089213826483,-17.317459106445312
-1.4680391508473674,-15.488251686096191
-49.8653288018085,-27.037025451660156
-7.283890318199592,-7.849342346191406
3.6053774296538297,-9.310403823852539
6.364261125349779,-6.190643310546875
-51.4043293278057,-14.796672821044922
-64.65676531723692,-14.582708358764648
-26.1965705632023,-7.569404602050781
2.63157412115867,-9.392193794250488
16.694612728237402,-0.7592806816101074
-17.0314498829154,-7.719485282897949
-58.40351531723695,-13.954471588134766
-15.3173389528898,-4.600800514221191
-6.613686761665703,-33.771995544433594
-39.0646563811545,-16.839298248291016
0.809697096857583,-0.23976171016693115
0.4685622181175212,-17.92336082458496
-6.376202369524528,-16.222671508789062
-14.434457477598505,-3.9974727630615234
-26.0047332498617,-15.882720947265625
-17.5801214502402,-17.099742889404297
-2.60072537807549,9.78711223602295
7.184930267876617,-3.18316650390625
0.555665600488549,-10.733108520507812
8.747205755218493,6.235991477966309
-2.289513933263135,-9.914791107177734
3.8009101564042025,4.594557762145996
-1.67197513843126,-22.309612274169922
-15.746453943284,-43.8042106628418
