Score,Pred Score
4.219145585451182,27.765914916992188
-2.588665914009158,4.384992599487305
-3.0703466753296,15.32192611694336
2.1112971208509976,-2.8141071796417236
-19.1693792779686,-12.595324516296387
-0.9096556467231308,11.81368350982666
-5.316952415477393,-11.863006591796875
-5.39913759737588,-29.550537109375
6.1026124307435,-1.0116069316864014
-1.6005087696864486,-15.237313270568848
-51.6773231694491,-10.954855918884277
0.51700222845629,8.55499267578125
-1.6521884315998507,-3.5320651531219482
2.11024229353816,-4.80316162109375
17.2594267615487,7.170292377471924
-1.73607437190069,-5.9861836433410645
-5.77436797253085,-9.000856399536133
-0.568998602339841,5.537334442138672
-1.289264920121349,-10.524394989013672
-14.1813773041305,-15.236820220947266
-3.31847606547329,-2.876108169555664
11.710679650337616,6.911651611328125
2.046344769010002,0.21380233764648438
-2.77042962989298,3.2147574424743652
9.014890317831036,9.000033378601074
2.726862934921635,-4.391820907592773
-3.4922781726655696,10.8555908203125
1.292753014965791,-2.223656177520752
8.16191414696451,-5.662313938140869
-8.251107402184557,-4.136922836303711
7.262818938793504,18.880996704101562
4.14054171285972,1.2950103282928467
-13.546032832554804,-9.413477897644043
-16.8307740899425,-10.230392456054688
-0.2642143205483515,-10.90907096862793
-6.135426654744688,4.199432373046875
-7.187555808667961,-20.984012603759766
8.149714042401495,-13.124776840209961
-6.426376983867103,-6.531102180480957
13.9953943577381,6.696599006652832
-6.31868596379813,-24.44772720336914
5.321680837772678,7.2991790771484375
11.9978624338519,-13.373824119567871
7.909526276907584,-18.38846206665039
7.206977941743588,1.7395782470703125
-7.378812419643663,8.15628433227539
0.2475632146873464,-3.9794626235961914
12.7359625054994,-2.3837389945983887
5.220668557811489,-33.19573974609375
1.3318185914773402,50.7340087890625
2.776867734737273,-24.534603118896484
-27.8178569354009,-2.697021484375
-4.20883890972707,-8.41931438446045
2.78743688363977,13.935699462890625
-9.657849716236,-16.83135223388672
4.071661498679735,4.892335891723633
-10.586292641023492,6.075051307678223
2.578081311550471,-10.058761596679688
-42.2483635713802,-17.00090980529785
8.204494762209066,-16.05615234375
18.5317724911246,9.053522109985352
6.097122298913325,-14.615142822265625
-11.299328727708405,-14.555940628051758
-6.22433036882608,-1.2185478210449219
3.12612254618191,-1.8330159187316895
8.756217929094177,13.128188133239746
-1.757118944268968,-13.066946029663086
-51.402683514636095,-7.756313800811768
-2.13735826282737,11.634562492370605
8.88265541550952,3.570169448852539
5.58846482112586,15.415550231933594
7.383552345763623,-9.16248893737793
10.229168329440906,1.8392798900604248
-17.4030551064212,-19.488525390625
2.204062447972561,4.7457990646362305
-3.195242757261453,4.083513259887695
-36.8822022827233,-12.604645729064941
3.812227003524945,32.338897705078125
-6.89310310865277,-7.317991256713867
-2.85382252753121,-5.759754180908203
-7.42349600405968,-17.5783748626709
4.398848813602776,-3.9302406311035156
-68.1959205924323,-19.934112548828125
-3.773219093074008,4.137138366699219
8.453421074249384,7.096766471862793
-62.9612541332419,-12.988639831542969
2.97844031586002,-16.767261505126953
-5.800670766453999,-8.073381423950195
2.409764321136161,-5.446468830108643
-1.6610011043127195,-12.107431411743164
1.39259946716825,-3.606558084487915
-5.785469568057495,-16.560869216918945
10.468583156479704,-0.6754302978515625
0.8267526169764301,-12.02485179901123
-0.4271227388875901,6.727208137512207
-5.85807143580148,28.430770874023438
-2.67676896274171,14.632842063903809
-3.11888044241469,-14.317941665649414
6.71098989067457,3.9695167541503906
6.429854346358795,4.713857173919678
-6.897600670415837,-9.58319091796875
-16.4910721624856,-34.319580078125
-3.057699221935841,9.756983757019043
-17.6906096863185,-20.18376922607422
0.1461877509898399,-19.52080726623535
-3.01321716593974,-0.9075920581817627
-15.0412339008878,-128.2811279296875
-3.60075442831331,12.711040496826172
12.5056328567953,-6.600240707397461
-13.8996269060666,12.296679496765137
5.265272900492549,-16.910167694091797
12.283123760680592,-4.107434272766113
-2.54688332955635,5.5072784423828125
11.579228393987275,2.0769338607788086
-0.3284521577656807,-0.18169593811035156
-2.33292598982445,7.50567626953125
-0.1058882282985149,-1.326791763305664
-2.4461467814868523,-38.8221435546875
-41.8026500314277,-7.837294101715088
4.417989059347175,-0.9918613433837891
-40.2101205720394,-9.387870788574219
-14.277645616907492,-9.063763618469238
3.29681579894721,-14.502059936523438
-0.7012610501602399,-7.342869758605957
8.463248256721428,21.128921508789062
-2.491707941339629,-19.570053100585938
4.867927463076468,5.145542621612549
-1.876637029070265,-16.875995635986328
-12.955988512618,-12.89440631866455
-7.75971004909346,-21.150146484375
4.67424026120176,22.3204345703125
-7.08434802004719,-11.175848007202148
-6.19730890695259,11.911396026611328
-0.1240821746904601,-1.4766783714294434
4.069163600073605,-22.086790084838867
-1.77750068778882,-22.032135009765625
1.8601156760560384,-10.60110855102539
-10.8237586662752,-30.996360778808594
-50.1674018945849,-15.884553909301758
-5.8677981963370005,-7.549681663513184
-24.4869919201538,-16.27017593383789
-12.281506448986304,-12.060948371887207
-5.8772631055401,-26.72723388671875
-0.1639564470097907,-1.2068285942077637
4.17561229224804,-5.504438877105713
2.77922195660905,-6.086948394775391
-3.454798154796729,14.938217163085938
7.692941411907634,-10.56686019897461
-2.390619984667185,-20.4105224609375
-33.1832620874725,-13.86146354675293
-18.23432595343749,-13.83444595336914
5.29419053806362,-23.367647171020508
-77.3623903172369,-26.618986129760742
15.4985727759109,9.203359603881836
7.73570234615748,-10.715612411499023
-9.325981865786185,-10.791807174682617
-9.72499716390718,-8.971923828125
13.309934514349203,5.695186138153076
2.264898495983479,-14.064985275268555
-12.0320822507053,-30.898284912109375
-2.56542276271332,3.3371477127075195
7.196532980977684,-7.411613464355469
-1.857666460494741,7.717216491699219
-1.4872271509121793,-4.295032501220703
-3.12013961477547,4.080066680908203
2.6303171850506604,2.520751953125
-60.49569009623433,-13.181200981140137
-30.3377383335249,-10.697114944458008
1.0590749185315824,-22.667335510253906
-6.929951553081727,-9.077484130859375
-8.46093254820262,-10.848447799682617
2.461922216333884,0.6228923797607422
4.5031585012656095,-6.528266906738281
4.435147085081137,4.034878730773926
-2.88087637063392,-17.560928344726562
-1.5082203021212124,-25.318531036376953
-0.6579761516790089,9.4407958984375
3.719171936095444,-2.6538331508636475
-2.6053130644292946,-6.32034969329834
7.276768036701751,-10.218213081359863
5.29091659278858,-5.6502180099487305
-1.0659561461183158,-4.521725177764893
15.4186986077963,4.0426025390625
7.543407488617369,29.009740829467773
9.58062385928767,-4.2560577392578125
0.2570808252882703,25.21942138671875
8.13893448615947,4.291378021240234
-5.14141487663266,-3.7523393630981445
-16.517773128145326,-8.304813385009766
0.7364260970712593,-4.648609638214111
4.25311060075082,-0.6096572875976562
-25.4508968849616,-16.766204833984375
-1.9051378030600723,-15.801597595214844
5.506094216928792,-3.947509288787842
-0.1777753404752198,13.478094100952148
16.9349100756105,6.113475799560547
-11.607028837624,-8.038626670837402
-1.2671721747064446,-13.083084106445312
-16.1535771788668,-16.687536239624023
8.143116180793372,-2.517598867416382
7.078924552126015,-8.702342987060547
0.2886204877907422,-0.9384193420410156
16.4171583068458,3.3186564445495605
-44.7886924625105,-19.328500747680664
-7.726553411266567,-30.49928855895996
4.065326821312747,-4.0528564453125
2.12749125232924,-9.740967750549316
9.06213659212517,8.720121383666992
-4.51305804704249,-29.29248046875
4.28301459624688,-8.820213317871094
-7.211196994815285,-10.874053955078125
-58.4491138315396,-9.688423156738281
-0.5413656534735456,-29.8741455078125
3.24770439300306,-8.9631929397583
-0.6472060937938101,-18.678327560424805
-1.93656353174353,-1.5379981994628906
-1.94666134980912,-8.306573867797852
-0.670930828719279,-12.268318176269531
17.1612744381531,8.465104103088379
-8.044482691931467,-2.69140625
16.9968892380515,8.293038368225098
3.62056380925444,-10.030845642089844
4.07090957771029,-1.9029693603515625
-1.0680791130593923,-8.9214448928833
4.69437535963172,-14.235132217407227
0.3837795244341289,5.298190116882324
0.6681105368389735,4.1719970703125
-8.08045020128908,-12.79815673828125
-42.6579269422049,-17.62354278564453
-30.89708550466269,-15.797359466552734
-1.1617148968623687,-5.830448150634766
6.46185690649625,-2.7176592350006104
8.658679095048068,-1.477590560913086
-0.1898191226144924,5.537441253662109
6.457932781589695,3.8276915550231934
-33.7712071062874,19.56365966796875
-4.786538605318405,7.149641036987305
-13.5632540546311,-12.972626686096191
-82.13826531723697,-13.35464096069336
-3.0453156276270903,46.75213623046875
6.430237727930085,-18.223159790039062
5.31082796058257,-1.6192150115966797
-70.65073406723695,-19.793163299560547
4.71112087372323,-8.930870056152344
-10.78700495517378,14.460052490234375
-6.055427015859325,51.81353759765625
-16.475900892606802,-31.27416229248047
-2.487076105276776,-5.95770263671875
-48.3858044800915,-10.329570770263672
5.893700156574014,5.058903694152832
-47.9957157156951,-10.28032112121582
-1.511416195100045,-6.735140800476074
-7.071587649042333,-4.015988349914551
-0.3550158381598589,4.329355239868164
-17.0078420331655,-8.285828590393066
10.3189652047012,-64.3631591796875
8.829561804598438,5.264610290527344
10.909208084253878,32.384124755859375
-2.25262466719878,-1.90834379196167
0.7445982178878973,-5.5106706619262695
-4.813871520282443,3.261247158050537
2.85060083445348,4.181974411010742
-2.54595208771381,-11.288440704345703
-8.692928400841772,23.6346435546875
16.618750626525,23.103599548339844
7.37064384347005,-9.204727172851562
-6.81516141534704,-9.350992202758789
-10.386374558578522,-12.560897827148438
3.73205068567752,8.143356323242188
-6.40442742836347,-0.251312255859375
1.74273211890989,7.347469329833984
-7.920344649869953,-12.321060180664062
-9.28527551691871,-0.17563152313232422
1.51502173443586,-2.6489920616149902
-90.3299705619704,-7.993719577789307
-6.512385872303066,-9.003788948059082
0.7982616963508231,-5.874919891357422
15.8859560938761,20.70053482055664
-23.227454082363305,-14.087965965270996
5.4465900456679694,11.035757064819336
-13.2494383747796,-1.1155672073364258
-2.3458288386735573,4.907550811767578
-1.5403494549472296,-8.599437713623047
-2.941164138388841,-9.700688362121582
-14.6311710829416,-7.6463518142700195
-4.81834176383161,31.503829956054688
-4.03806373695381,-17.362714767456055
0.4076170529080399,6.13165283203125
-34.8552692363716,-4.3341827392578125
-25.0659802428987,-14.0701904296875
-5.8684323426223,-0.4083428382873535
0.6771989561182002,-9.632633209228516
-14.6157572128631,-7.93083381652832
5.344594984386832,-14.3704833984375
-4.75101729862813,0.47425103187561035
-89.5439156156453,-15.37264633178711
-1.207429910073891,7.426910400390625
13.667582002208905,12.789401054382324
-82.4887013651952,-13.374197959899902
4.40921359309415,-5.653491973876953
-19.923371510770203,-6.8560590744018555
-4.665207913971671,-3.4516854286193848
3.42106467876526,6.501039505004883
-39.0956747424042,-11.344095230102539
-10.288292260688207,5.290130615234375
2.3067635611900137,7.279088020324707
-4.92782811871599,4.88541841506958
10.292368565007404,28.250553131103516
-8.184373188662292,-12.45016860961914
-4.763634360062484,24.1650390625
-2.40000424902785,-1.5135669708251953
5.009535132419683,10.875701904296875
-22.2455703021075,-5.9695143699646
3.987299411465438,-15.04246997833252
-38.4962238749225,-16.1719970703125
-44.9949251983702,-7.512753009796143
-1.378759213278819,-6.005450248718262
8.07102955700163,10.753803253173828
1.055995951979529,-1.5773539543151855
2.188685633501576,4.974595069885254
1.0880788430276551,33.12512969970703
-0.2898522089969393,1.5008623600006104
-3.790702882666694,32.135921478271484
-7.940842049461227,8.781494140625
4.398742241377427,-8.967742919921875
2.5565427438131976,7.308300018310547
4.123908949931413,7.85894775390625
-76.9668504799361,-23.017070770263672
-14.1325019191809,-12.508930206298828
7.960789166364423,0.013188362121582031
0.4423212163888063,-19.700305938720703
2.63206586722876,8.437084197998047
3.1988276731025875,-22.68435287475586
-1.6552655274048038,0.022878289222717285
8.077984978184695,-5.3022565841674805
-13.790764753514,-2.9161548614501953
2.13745295521649,-18.204608917236328
3.0897024917955025,-4.4692559242248535
-0.3530077955256401,-14.552719116210938
-7.639409008216227,13.244474411010742
2.765011277030255,-11.270538330078125
3.557691046156,1.1079812049865723
4.00031385473591,-13.199258804321289
-55.7541546140486,-19.039302825927734
9.550892694239591,6.494475841522217
1.775572054007981,-55.6451416015625
-2.248378586620203,-1.1465072631835938
-56.2560888739038,-18.429302215576172
-2.5590885431480426,-8.354646682739258
-40.5029244010595,-12.123846054077148
-30.8171784242839,-4.327615737915039
2.679404112105611,-0.6590747833251953
2.76740193393285,0.013782858848571777
-11.341527235964405,-2.081268310546875
-3.448025235667948,-7.205286979675293
-0.0780407432645869,6.7321929931640625
11.616605850275496,3.7625768184661865
9.179556151687803,22.3114013671875
7.190050317883171,-2.0151495933532715
-39.4932668903457,-15.476470947265625
-2.306526469902426,-10.612030029296875
0.5403453062071405,-20.448028564453125
-23.6042929930625,-21.451885223388672
-4.172986764275874,-11.156120300292969
0.5394390329931549,-6.368712425231934
5.84905996845087,6.355537414550781
-22.9515728231767,-15.45166015625
-3.134999611446543,-8.914800643920898
-6.066411004621831,-0.7079706192016602
2.24572304437811,-13.982391357421875
-70.8116033690518,-11.412250518798828
0.3224388648416145,-5.212399959564209
4.755697845162629,1.3024654388427734
1.7336328627834918,-11.339757919311523
3.939818822274421,15.060653686523438
6.09033976794457,2.9326987266540527
6.4251548431743295,-14.345612525939941
-6.47138721063866,-9.911407470703125
-0.0379657812584102,9.0191650390625
4.4105627388370605,-6.61474609375
2.3065604778561424,8.292542457580566
7.588764503474316,6.115326881408691
-24.3954295810688,-2.1244640350341797
7.380729755239978,-11.12520980834961
5.978124919049687,-1.9128541946411133
0.7860328468455551,4.985931396484375
-44.1817825469333,2.8482589721679688
3.58036180553514,-10.616585731506348
3.33951124606136,10.491439819335938
-6.79658968512302,-6.370580673217773
3.7347243087796,-19.1529541015625
4.76541245752904,1.1536400318145752
8.922207576391518,-14.94626235961914
-11.864177458483407,-20.786842346191406
1.166748445159433,3.161303758621216
-25.781275563237,-18.110763549804688
4.179707781567577,-1.3942279815673828
-1.073248118887358,-6.149444580078125
1.7249239205326918,-5.938282012939453
-81.52648016021857,-15.558486938476562
13.015759276594096,-14.861610412597656
5.35198813185094,-4.345366954803467
-12.53254789251529,-7.197282791137695
5.45103123545738,-4.660728931427002
4.128157012788561,2.2269809246063232
-3.8590388668775,-2.1188888549804688
7.36579899286375,-3.8072457313537598
-11.03094492075089,-13.113154411315918
8.017093587799739,0.85711669921875
15.384553292915324,-8.762004852294922
2.79124989437018,-1.9297118186950684
2.81101468536903,-14.404481887817383
-1.7237618714553775,6.612581729888916
-2.202886656443709,-5.51495361328125
2.369358494612781,45.434471130371094
-11.30813578108209,-46.61572265625
4.484288991501213,-21.07403564453125
-35.8165916579592,-14.228967666625977
-5.19085420781142,2.062624216079712
2.86709961553106,-8.129093170166016
-4.349210006555943,2.2924020290374756
5.029017096161708,4.019778728485107
8.243548509216069,3.3354458808898926
-2.6184282494780104,-10.035956382751465
-5.527709296795018,-1.3665122985839844
-52.7336020518746,-10.690064430236816
6.07843040491799,-11.09133529663086
-4.396710286499547,-2.1682491302490234
6.6154810826822,6.572463035583496
9.772192422094813,-6.414104461669922
2.099307195887115,-1.3411593437194824
-12.414939844598162,-11.34478759765625
8.24149319055937,-10.578743934631348
-1.5178355576616795,-6.457086563110352
9.144089281431205,-7.633042335510254
1.418014053180695,-10.51080322265625
-60.92137282626391,-31.42388916015625
5.61896917638109,-78.284912109375
-4.96580172718434,-9.381723403930664
-24.4432878855492,0.4267244338989258
1.675381804264854,-15.710121154785156
-2.8447496930443927,-7.06988525390625
-1.059512617215007,13.276205062866211
1.41805545618482,3.4527721405029297
-7.06329362397977,-5.09635066986084
9.400493271217616,4.025623321533203
3.1327986373042376,-5.803623676300049
4.097668935846943,-14.281512260437012
-4.01456885639382,22.8470458984375
-2.260381023139061,4.287845611572266
-8.237627320974727,-9.909838676452637
-2.23616712442702,18.093791961669922
-26.79502671025515,-37.6934814453125
-10.594900847222812,2.471099853515625
4.509456424718162,-7.644359588623047
-22.9219832537164,-10.561163902282715
-6.2026319104393295,-17.889389038085938
-4.662511414401839,-23.276538848876953
-0.4503474699443348,-13.945414543151855
-21.5531296050118,-12.662240982055664
-39.7169735486916,-14.459840774536133
-6.13466459150186,-9.91693115234375
6.093529951556334,3.5600695610046387
-33.3004252633332,-8.99498176574707
-7.789052707582185,13.061915397644043
-61.6890402284636,-27.12066650390625
-10.613183176373598,-3.66253662109375
-12.6203596574975,-40.09613037109375
-15.2234416939723,-4.057382106781006
3.42848617073407,7.6557159423828125
-50.4820483838523,-15.359073638916016
-71.7765711158932,-7.517433166503906
4.338369925074482,-17.754127502441406
-34.0729170807354,-14.999951362609863
-10.285920522724917,-19.958812713623047
2.71808902854303,-3.526470184326172
2.26767773086615,-15.232410430908203
0.3189015990893598,-21.331859588623047
-39.873530292237,-41.3609619140625
5.053393098685065,27.515701293945312
-5.77665564868809,0.16426324844360352
-22.4462583852743,-54.7628173828125
-10.162041561092582,-11.10070514678955
8.70853787657841,-15.585576057434082
-3.73521146317182,-6.660382270812988
-1.3326443092463092,-9.859210968017578
-5.830142578087577,-26.127347946166992
-7.815562497274902,-1.3518691062927246
-20.7558388881914,-31.01812744140625
-1.03656181464744,-15.609283447265625
-3.930469946192945,-11.691596984863281
5.391699208755202,27.751190185546875
7.2595381633228,7.4498186111450195
9.30630078585379,-6.781623840332031
-3.77133000272187,-33.05511474609375
-42.936846127142296,5.173295974731445
0.5211206139658471,-10.4910888671875
0.7345204104922589,1.9838268756866455
6.86106163750481,9.934616088867188
-21.61387508166409,-19.996990203857422
-24.577379709126298,-18.906635284423828
3.986867952152618,-0.8912062644958496
-63.2346715672369,-37.45182800292969
4.55602013063716,-6.993185997009277
-20.3623076046531,-34.18742370605469
8.678125432705007,5.569406032562256
-2.1147225087047508,-34.17339324951172
-1.14890133483728,4.322351455688477
3.7921116228684086,-1.6281933784484863
-1.3811964732242277,-14.2421875
0.1752112379752922,-13.195383071899414
3.3452637215970498,17.13983154296875
6.63109301847755,-7.297550678253174
-8.72128086410909,-34.79450225830078
-0.1160299782726794,2.611541748046875
0.1119561526876595,-10.555312156677246
11.877856996640997,-5.7824578285217285
-3.2142130797467816,4.034726142883301
-3.9552380984537248,-17.524614334106445
-1.593720937577549,-8.063163757324219
3.3899996482015826,6.163644313812256
7.66334596528203,-15.32625961303711
2.60625970962018,-5.395233154296875
5.006519903780723,-7.26608943939209
-58.5527340809363,-16.361373901367188
3.776985072333982,6.983720779418945
2.4866177573815964,-0.4927220344543457
-0.6920482116816997,-9.662517547607422
2.1747311895065486,5.895257949829102
-13.14009076535719,-19.78154945373535
2.745769909533195,-0.38818359375
-10.626155896203898,0.13071370124816895
0.0548896546292299,3.0709228515625
-69.1366966634013,-13.59020709991455
14.8508222506114,9.779022216796875
-28.3488859938485,-23.59747314453125
0.6884341878779402,-25.879226684570312
12.566471603210276,3.84015154838562
-5.472376660417956,-6.272655010223389
-2.1691769605730515,-11.303069114685059
-0.3887710448227697,18.8660888671875
9.1356503291117,3.8180065155029297
4.93167956005568,-14.53062629699707
2.713132201978397,3.917572021484375
9.090654061652296,-14.151769638061523
1.741670982094262,3.3726437091827393
-5.89266438028177,-0.08868026733398438
-1.130678948105339,-12.089290618896484
-46.587141393021525,-16.301658630371094
4.366245372711767,5.369379997253418
2.858782897786812,-16.733245849609375
2.53362859007723,-13.252056121826172
-1.7943154401891548,-9.273868560791016
-0.6435038581465955,34.59075927734375
5.99108205682079,-20.78763198852539
2.44728958086436,-21.943248748779297
1.5718362711845366,-17.8360595703125
-55.54568697318505,-15.988850593566895
-9.231606713935047,3.4731578826904297
3.547124544521316,-20.85748291015625
-73.5286754265322,-3.7034239768981934
0.2047767843086013,-25.642337799072266
-10.398648228661925,0.42914247512817383
-46.9980356488569,-13.055835723876953
-62.9031214125763,-24.360902786254883
-10.35739215730591,-30.542144775390625
1.83593808226401,-0.3270387649536133
7.827394642815597,-6.7378997802734375
-9.742168339465294,-30.439849853515625
-0.29408409265346,-16.33481216430664
-5.653435188749545,-10.700380325317383
-14.57002364123529,-14.789341926574707
-18.1797235112709,11.591064453125
-5.45440876641342,-9.464595794677734
8.596988309863011,-0.6805828809738159
-5.493763326806099,2.9126577377319336
-8.393586343504198,4.760385036468506
-3.963646539183849,16.289337158203125
9.625121597198186,19.278547286987305
-6.18357684414468,-6.4526848793029785
-3.41466344580097,-2.3410236835479736
-4.03025121975644,-8.973546981811523
-2.66483863280114,-10.311200141906738
-0.190891674386513,-13.635879516601562
16.1850033157246,10.72024917602539
-7.910003358009165,5.37664794921875
-2.07861348348741,-10.709888458251953
12.331931266595111,0.12959861755371094
0.8825935384285006,-5.7989654541015625
-2.1789667599796294,25.14288330078125
3.0307168501552093,-10.747970581054688
14.8229623836697,7.3890767097473145
6.795393661635613,-20.88555908203125
5.16750826555368,-15.219192504882812
-57.144820014625296,-3.9275894165039062
6.167862854629888,-1.3096647262573242
-2.698758931910008,16.52093505859375
1.289294757415069,-15.081233978271484
13.9692836454661,-4.816577911376953
-38.6438610292767,-16.065338134765625
-3.119647295186995,-20.233566284179688
-6.745372906074374,24.004638671875
-2.7468186065138984,-10.145669937133789
1.6198341998494314,-5.818918228149414
1.6646916021852596,-3.741863250732422
-7.87226820943855,-7.254703521728516
8.652061852316729,9.573333740234375
2.4933992323843923,-1.8776068687438965
2.35160533891099,-13.690473556518555
1.30779520720034,-8.137860298156738
-11.9965988914421,-6.416659355163574
4.780848076735348,-7.309869766235352
11.2728180991378,-0.9310551285743713
0.7651079053562314,8.157283782958984
-10.6557437737239,12.020869255065918
3.27100049685324,1.3160228729248047
-5.2815921348029296,-14.09697437286377
-27.5445722402187,-42.7940673828125
-2.683955047842884,14.27996826171875
-43.929359067237,-5.7770233154296875
-4.639593570653838,-5.644811630249023
-14.7229944429405,21.739810943603516
-5.00028834575103,-4.913003444671631
-1.2236747050651609,-13.337848663330078
-17.6830733389949,-17.1575927734375
-9.979741434164584,-6.36012077331543
-0.2823200449385875,-8.35430908203125
-36.50577458359941,-14.63892936706543
-4.853312003098937,-31.407793045043945
-27.4476544011683,-4.472005844116211
-49.5120706514507,-4.952354431152344
1.2287673509824204,-17.552644729614258
9.503977484174175,-14.309009552001953
-5.5186956836840375,3.299407958984375
-2.99361591491145,13.761932373046875
7.99575647038201,-3.435102701187134
11.7225687296843,8.575876235961914
6.987950206462267,14.265213012695312
5.5273920092716775,-9.27811336517334
-7.19378137939456,-19.082489013671875
6.001532732018722,0.6299138069152832
7.92708077877978,0.3638298511505127
4.316615136301563,10.580257415771484
0.1590569364430157,-8.099010467529297
2.8348518495029404,14.959720611572266
-46.6686841099013,-23.92672348022461
-0.8984319813221007,-0.6791877746582031
4.30511943579503,-11.025482177734375
-3.36735139960915,-13.542326927185059
6.58117049992555,-15.324748992919922
6.753311816554961,-6.523764133453369
-1.1091988250418725,-15.50145149230957
5.26551760771767,2.3137969970703125
-37.3999740396079,-2.194284439086914
-34.48768519828235,-14.024310111999512
-46.862925671502296,-14.525697708129883
-1.19024715514191,-8.079864501953125
-1.4920816076829602,-0.4871349334716797
-5.775806690181939,-1.0318965911865234
-14.2382866820043,4.310752868652344
1.3131129859732091,2.3236541748046875
13.1991243046288,1.8583450317382812
3.6035536346157695,7.990325927734375
4.97603191479674,9.062458038330078
2.9737175212081803,-7.522760391235352
-35.1782981083837,-11.887323379516602
-10.480511156242285,-9.344999313354492
-0.3170472839931941,4.501535415649414
3.59745169898486,-9.304719924926758
-5.139364658294922,-3.4823691844940186
-29.2662792150344,-12.514896392822266
11.555346181601609,5.151741981506348
3.7092867134231,-9.63880729675293
-0.7280966227290082,18.82012939453125
0.9480162028997956,-8.00640869140625
-9.619042312244815,-28.2044677734375
-3.15562863494722,0.28704833984375
7.285509446842615,-13.072664260864258
2.71319811317338,1.848496913909912
1.026942322157092,-3.40278959274292
-4.65691689928222,-16.227783203125
-8.677497573270493,-27.685707092285156
14.3436638764016,1.622085452079773
-11.8973420493851,-32.6888427734375
-6.61979034735207,1.5228023529052734
8.86280218600469,19.013607025146484
-3.43040335892423,-11.473663330078125
0.4443344011282492,-21.98702049255371
2.6678241356197647,15.805270195007324
2.334382802629,-16.353580474853516
-13.8157551615103,-21.794055938720703
1.9007667723773176,-6.193817615509033
-17.190033530139498,1.95228111743927
3.88810032819938,-2.748765468597412
1.2705701336207027,16.820449829101562
3.887422638441485,-0.2705519199371338
10.349523074958825,-4.573275566101074
9.62907409316032,27.26958465576172
0.7709161631446207,-4.923078536987305
2.3166834950764685,-2.7538604736328125
2.76912169862866,4.94069242477417
-46.2372447228831,-16.149463653564453
-37.0930621901092,-12.650389671325684
0.996650643215182,1.1952743530273438
-12.898019313824,-13.328276634216309
-0.71117494174041,-8.389457702636719
-0.5663484394051013,-0.8358228206634521
-12.4595255596924,-14.936294555664062
-0.6089836493556324,-1.939100742340088
6.92534745147092,-17.637218475341797
3.320229681965675,-5.110618591308594
-10.274169876330886,-5.0072021484375
-49.062306315025,16.14324951171875
-30.7261055182573,-15.585877418518066
22.7414116448382,1.2388410568237305
-0.9529303605806088,2.7829396724700928
-10.739322929783883,6.456078052520752
-20.9507978903398,-20.95660400390625
-24.96156751119129,3.92327880859375
14.9823899147147,13.5626220703125
-14.564555056626377,8.65875244140625
1.907333647224608,-15.38851547241211
-1.178255647098801,19.694427490234375
1.9806048133258944,-12.253263473510742
8.833837192566008,4.712128639221191
-18.5255095356289,-31.296737670898438
3.010752586641185,22.8472900390625
3.67041582610247,-15.310901641845703
-33.7845903951132,-14.324745178222656
-13.812973987503693,6.424117088317871
-13.861300672159,11.570175170898438
-26.24662901330595,-18.46074676513672
-1.61504571199055,-5.561073303222656
8.754663680824095,-13.040321350097656
3.22816419080692,-15.659188270568848
-2.0585753436264698,-11.151856422424316
-9.59094984812801,-3.783824920654297
6.02246857213521,8.836013793945312
-4.11149235653684,-17.968551635742188
-4.361976736345532,-6.625755310058594
-2.4097304318056905,-8.013771057128906
4.967381413305823,1.5888214111328125
-11.9154244975033,5.584571838378906
-11.183106529127476,-19.11351203918457
-2.3538192484503564,-6.1105146408081055
-2.204579993178592,4.562712669372559
-91.8886792382854,-14.840846061706543
3.2582764286422226,-22.933502197265625
9.859104788483815,-13.689898490905762
-2.6304973605131474,4.436239242553711
8.398744223780918,-20.312341690063477
1.4955767028094,-2.6421661376953125
6.720388221210122,3.578428268432617
6.99756701325662,-9.027235984802246
12.966325580978296,2.4041309356689453
-22.8644313188967,-7.701362133026123
-14.4731176558811,13.509244918823242
-0.0918051514147744,-9.786575317382812
0.9434331950199416,-11.930938720703125
7.877641553655238,-6.188879013061523
-27.1636490162131,-5.360054016113281
3.42669038506664,-18.315881729125977
0.31232235517322,-6.750819206237793
1.1848602197973823,-0.457305908203125
-5.822632503482525,-15.92376708984375
-2.989164004622407,-10.568571090698242
1.69213972357191,17.444881439208984
-0.89184437235696,-7.9726033210754395
2.446050707651698,24.44781494140625
5.07108724357905,-10.427543640136719
5.42147270471237,2.673433542251587
-2.20364176327536,-30.19122314453125
3.08443697315444,-11.811332702636719
-5.97248436581227,-14.380304336547852
-1.0190872666435924,-37.135589599609375
-14.885807229381896,-28.26297950744629
0.046018285265003,-4.481452941894531
6.00089213826483,-18.633901596069336
-1.4680391508473674,-14.999347686767578
-49.8653288018085,-16.257598876953125
-7.283890318199592,-6.814824104309082
3.6053774296538297,-11.169063568115234
6.364261125349779,-3.530010223388672
-51.4043293278057,-4.275678634643555
-64.65676531723692,-6.425012588500977
-26.1965705632023,-1.0654754638671875
2.63157412115867,-17.53624725341797
16.694612728237402,-3.258490562438965
-17.0314498829154,-5.843384742736816
-58.40351531723695,-13.173660278320312
-15.3173389528898,-1.6449766159057617
-6.613686761665703,-26.91590118408203
-39.0646563811545,-6.414875030517578
0.809697096857583,-0.15835702419281006
0.4685622181175212,-12.46545696258545
-6.376202369524528,-32.161773681640625
-14.434457477598505,1.2348823547363281
-26.0047332498617,-14.774637222290039
-17.5801214502402,-24.506458282470703
-2.60072537807549,9.35103988647461
7.184930267876617,18.25079345703125
0.555665600488549,-1.6136445999145508
8.747205755218493,8.191247940063477
-2.289513933263135,-9.855133056640625
3.8009101564042025,-0.9233827590942383
-1.67197513843126,-19.364826202392578
-15.746453943284,-40.490760803222656
