Score,Pred Score
4.219145585451182,17.957717895507812
-2.588665914009158,3.3042945861816406
-3.0703466753296,16.4810791015625
2.1112971208509976,-0.9786487817764282
-19.1693792779686,-13.434656143188477
-0.9096556467231308,13.491697311401367
-5.316952415477393,-16.25080108642578
-5.39913759737588,56.953857421875
6.1026124307435,-0.605212926864624
-1.6005087696864486,-13.50008773803711
-51.6773231694491,-13.666452407836914
0.51700222845629,-15.295928955078125
-1.6521884315998507,-3.3507142066955566
2.11024229353816,-3.157313108444214
17.2594267615487,9.35875415802002
-1.73607437190069,-3.336099624633789
-5.77436797253085,-7.603302955627441
-0.568998602339841,11.364517211914062
-1.289264920121349,-12.700235366821289
-14.1813773041305,-15.419744491577148
-3.31847606547329,-2.408970355987549
11.710679650337616,9.9332275390625
2.046344769010002,-0.1400737762451172
-2.77042962989298,3.7906250953674316
9.014890317831036,6.374970436096191
2.726862934921635,-4.996752738952637
-3.4922781726655696,-21.7457275390625
1.292753014965791,-0.15433120727539062
8.16191414696451,-3.6426806449890137
-8.251107402184557,-3.622222900390625
7.262818938793504,22.198074340820312
4.14054171285972,2.0287132263183594
-13.546032832554804,-6.773197650909424
-16.8307740899425,-8.222317695617676
-0.2642143205483515,-16.55097770690918
-6.135426654744688,12.812026977539062
-7.187555808667961,-23.339378356933594
8.149714042401495,-11.830718040466309
-6.426376983867103,-7.486306190490723
13.9953943577381,8.05809211730957
-6.31868596379813,-29.625701904296875
5.321680837772678,8.487052917480469
11.9978624338519,-14.454586029052734
7.909526276907584,-18.821334838867188
7.206977941743588,9.029865264892578
-7.378812419643663,9.090083122253418
0.2475632146873464,-3.81496000289917
12.7359625054994,-0.6138405799865723
5.220668557811489,-32.57403564453125
1.3318185914773402,53.67042541503906
2.776867734737273,-27.451915740966797
-27.8178569354009,7.92706298828125
-4.20883890972707,-8.837272644042969
2.78743688363977,15.758819580078125
-9.657849716236,-15.374284744262695
4.071661498679735,6.567024230957031
-10.586292641023492,6.568238735198975
2.578081311550471,-4.5544586181640625
-42.2483635713802,-16.837017059326172
8.204494762209066,-15.534526824951172
18.5317724911246,10.87265396118164
6.097122298913325,-12.617805480957031
-11.299328727708405,-13.758892059326172
-6.22433036882608,-1.1003589630126953
3.12612254618191,-0.4882493019104004
8.756217929094177,14.815324783325195
-1.757118944268968,-12.063394546508789
-51.402683514636095,-6.056843280792236
-2.13735826282737,13.11188793182373
8.88265541550952,4.497222423553467
5.58846482112586,20.682693481445312
7.383552345763623,-8.36862564086914
10.229168329440906,3.443373680114746
-17.4030551064212,-18.517059326171875
2.204062447972561,7.722659111022949
-3.195242757261453,8.192980766296387
-36.8822022827233,-12.375904083251953
3.812227003524945,30.739242553710938
-6.89310310865277,-6.414478302001953
-2.85382252753121,-3.51275634765625
-7.42349600405968,-19.102846145629883
4.398848813602776,-3.2214601039886475
-68.1959205924323,-13.840740203857422
-3.773219093074008,10.435401916503906
8.453421074249384,8.787857055664062
-62.9612541332419,-14.025074005126953
2.97844031586002,-16.8563232421875
-5.800670766453999,-5.159137725830078
2.409764321136161,-4.066644668579102
-1.6610011043127195,-12.575214385986328
1.39259946716825,-3.2373571395874023
-5.785469568057495,-16.598278045654297
10.468583156479704,0.6594352722167969
0.8267526169764301,-12.665258407592773
-0.4271227388875901,8.948968887329102
-5.85807143580148,30.4083251953125
-2.67676896274171,15.082642555236816
-3.11888044241469,-10.070869445800781
6.71098989067457,5.7223124504089355
6.429854346358795,4.1525774002075195
-6.897600670415837,-4.144744873046875
-16.4910721624856,-28.74176025390625
-3.057699221935841,11.64767837524414
-17.6906096863185,-18.9006404876709
0.1461877509898399,-15.56344985961914
-3.01321716593974,-0.20165419578552246
-15.0412339008878,-205.1246337890625
-3.60075442831331,13.833868026733398
12.5056328567953,-5.929145812988281
-13.8996269060666,13.785985946655273
5.265272900492549,-14.86922836303711
12.283123760680592,-2.2637062072753906
-2.54688332955635,10.143798828125
11.579228393987275,2.8664674758911133
-0.3284521577656807,-0.7562141418457031
-2.33292598982445,7.239715576171875
-0.1058882282985149,0.4157285690307617
-2.4461467814868523,-26.947509765625
-41.8026500314277,-6.649842262268066
4.417989059347175,1.4582557678222656
-40.2101205720394,-7.309356689453125
-14.277645616907492,-7.9517621994018555
3.29681579894721,-15.353584289550781
-0.7012610501602399,-10.701665878295898
8.463248256721428,25.526866912841797
-2.491707941339629,-18.8710994720459
4.867927463076468,5.434534072875977
-1.876637029070265,-15.99014663696289
-12.955988512618,-10.569061279296875
-7.75971004909346,-22.257415771484375
4.67424026120176,36.215728759765625
-7.08434802004719,-18.59756851196289
-6.19730890695259,12.438730239868164
-0.1240821746904601,-1.964012622833252
4.069163600073605,-19.95874786376953
-1.77750068778882,-25.136932373046875
1.8601156760560384,-9.879919052124023
-10.8237586662752,-25.254013061523438
-50.1674018945849,-15.938729286193848
-5.8677981963370005,-10.814663887023926
-24.4869919201538,-14.851310729980469
-12.281506448986304,-11.726404190063477
-5.8772631055401,-10.2216796875
-0.1639564470097907,0.6834473609924316
4.17561229224804,-5.1307244300842285
2.77922195660905,-0.799591064453125
-3.454798154796729,23.662307739257812
7.692941411907634,-3.9334640502929688
-2.390619984667185,-22.896728515625
-33.1832620874725,-13.807929992675781
-18.23432595343749,-12.036924362182617
5.29419053806362,-26.567516326904297
-77.3623903172369,-26.418359756469727
15.4985727759109,7.153392791748047
7.73570234615748,-10.799324989318848
-9.325981865786185,-7.660575866699219
-9.72499716390718,-7.723520278930664
13.309934514349203,5.863964557647705
2.264898495983479,-14.051231384277344
-12.0320822507053,-31.03717041015625
-2.56542276271332,3.861191749572754
7.196532980977684,-6.4520158767700195
-1.857666460494741,9.656341552734375
-1.4872271509121793,0.3662128448486328
-3.12013961477547,4.601024627685547
2.6303171850506604,8.205276489257812
-60.49569009623433,-13.227863311767578
-30.3377383335249,-12.747806549072266
1.0590749185315824,-24.248994827270508
-6.929951553081727,-12.738651275634766
-8.46093254820262,-9.939338684082031
2.461922216333884,2.218496322631836
4.5031585012656095,-4.2666778564453125
4.435147085081137,6.741620063781738
-2.88087637063392,-12.309646606445312
-1.5082203021212124,-25.948108673095703
-0.6579761516790089,9.978668212890625
3.719171936095444,-0.9175539016723633
-2.6053130644292946,-6.961671829223633
7.276768036701751,-9.238275527954102
5.29091659278858,-5.574610710144043
-1.0659561461183158,-1.66231107711792
15.4186986077963,-3.322509765625
7.543407488617369,33.7603759765625
9.58062385928767,-3.3766109943389893
0.2570808252882703,-3.04559326171875
8.13893448615947,5.126823425292969
-5.14141487663266,-1.1011791229248047
-16.517773128145326,-7.464155673980713
0.7364260970712593,-4.634814262390137
4.25311060075082,0.4418013095855713
-25.4508968849616,-31.423095703125
-1.9051378030600723,-9.299957275390625
5.506094216928792,-4.507632732391357
-0.1777753404752198,15.321828842163086
16.9349100756105,9.502832412719727
-11.607028837624,-7.370403289794922
-1.2671721747064446,-12.578563690185547
-16.1535771788668,-19.866178512573242
8.143116180793372,-2.637054920196533
7.078924552126015,-5.637989044189453
0.2886204877907422,-0.5520572662353516
16.4171583068458,5.175572872161865
-44.7886924625105,-18.095775604248047
-7.726553411266567,-32.797325134277344
4.065326821312747,8.737739562988281
2.12749125232924,-9.292787551879883
9.06213659212517,10.231818199157715
-4.51305804704249,-27.714202880859375
4.28301459624688,1.6282501220703125
-7.211196994815285,-12.233918190002441
-58.4491138315396,-7.748342037200928
-0.5413656534735456,-43.20831298828125
3.24770439300306,-9.825738906860352
-0.6472060937938101,-20.23436737060547
-1.93656353174353,-1.0680603981018066
-1.94666134980912,-8.79493522644043
-0.670930828719279,-9.304859161376953
17.1612744381531,10.08316421508789
-8.044482691931467,-2.069887161254883
16.9968892380515,9.916263580322266
3.62056380925444,-8.377887725830078
4.07090957771029,12.6273193359375
-1.0680791130593923,-8.678942680358887
4.69437535963172,-12.146309852600098
0.3837795244341289,6.131679534912109
0.6681105368389735,-2.7589263916015625
-8.08045020128908,-12.7685546875
-42.6579269422049,-19.35259246826172
-30.89708550466269,-13.167022705078125
-1.1617148968623687,-11.52701473236084
6.46185690649625,-3.0945188999176025
8.658679095048068,-0.7866687774658203
-0.1898191226144924,-4.1846771240234375
6.457932781589695,4.327605724334717
-33.7712071062874,30.816238403320312
-4.786538605318405,9.2667236328125
-13.5632540546311,-13.639937400817871
-82.13826531723697,-10.954120635986328
-3.0453156276270903,84.76278686523438
6.430237727930085,-15.18897819519043
5.31082796058257,-0.47859621047973633
-70.65073406723695,-20.662887573242188
4.71112087372323,-8.455341339111328
-10.78700495517378,22.890151977539062
-6.055427015859325,94.36228942871094
-16.475900892606802,-35.048439025878906
-2.487076105276776,36.03582763671875
-48.3858044800915,-11.155014991760254
5.893700156574014,7.440635681152344
-47.9957157156951,-10.925298690795898
-1.511416195100045,-6.151334762573242
-7.071587649042333,-6.485939979553223
-0.3550158381598589,6.184926986694336
-17.0078420331655,-7.523998260498047
10.3189652047012,-57.77825927734375
8.829561804598438,6.277781009674072
10.909208084253878,37.61798858642578
-2.25262466719878,-0.7405781745910645
0.7445982178878973,-3.551680088043213
-4.813871520282443,5.1045732498168945
2.85060083445348,5.826146125793457
-2.54595208771381,-13.621404647827148
-8.692928400841772,1.0174560546875
16.618750626525,26.93805694580078
7.37064384347005,-7.783317565917969
-6.81516141534704,-11.591687202453613
-10.386374558578522,-14.444267272949219
3.73205068567752,8.16126537322998
-6.40442742836347,0.7739763259887695
1.74273211890989,0.2277374267578125
-7.920344649869953,-15.562603950500488
-9.28527551691871,1.2141399383544922
1.51502173443586,-1.3637433052062988
-90.3299705619704,-8.488490104675293
-6.512385872303066,-6.708677768707275
0.7982616963508231,-6.663019180297852
15.8859560938761,21.752248764038086
-23.227454082363305,-14.61004638671875
5.4465900456679694,13.265271186828613
-13.2494383747796,0.05487871170043945
-2.3458288386735573,12.489097595214844
-1.5403494549472296,-7.425680160522461
-2.941164138388841,-8.778586387634277
-14.6311710829416,-6.677873611450195
-4.81834176383161,45.14234924316406
-4.03806373695381,-19.996694564819336
0.4076170529080399,3.8537445068359375
-34.8552692363716,-4.358880519866943
-25.0659802428987,-9.038284301757812
-5.8684323426223,0.21904945373535156
0.6771989561182002,-12.297185897827148
-14.6157572128631,-7.449821472167969
5.344594984386832,-18.546688079833984
-4.75101729862813,1.3840172290802002
-89.5439156156453,-16.105302810668945
-1.207429910073891,-3.4990234375
13.667582002208905,14.24899959564209
-82.4887013651952,-14.690980911254883
4.40921359309415,-0.8439502716064453
-19.923371510770203,-8.7490234375
-4.665207913971671,-5.519967079162598
3.42106467876526,7.610151290893555
-39.0956747424042,-10.18718147277832
-10.288292260688207,1.145538330078125
2.3067635611900137,5.197872161865234
-4.92782811871599,5.4567484855651855
10.292368565007404,27.30033302307129
-8.184373188662292,-12.81047534942627
-4.763634360062484,27.7252197265625
-2.40000424902785,0.11395263671875
5.009535132419683,11.031312942504883
-22.2455703021075,-4.14408016204834
3.987299411465438,-15.684333801269531
-38.4962238749225,-8.9945068359375
-44.9949251983702,-6.589961528778076
-1.378759213278819,3.612049102783203
8.07102955700163,12.803770065307617
1.055995951979529,-0.553217887878418
2.188685633501576,5.960087776184082
1.0880788430276551,35.90566635131836
-0.2898522089969393,1.4558672904968262
-3.790702882666694,28.43705940246582
-7.940842049461227,8.29117202758789
4.398742241377427,9.094970703125
2.5565427438131976,4.959029197692871
4.123908949931413,9.273040771484375
-76.9668504799361,-25.351612091064453
-14.1325019191809,-12.41453742980957
7.960789166364423,2.5183510780334473
0.4423212163888063,-15.374107360839844
2.63206586722876,8.55579948425293
3.1988276731025875,-25.24751853942871
-1.6552655274048038,0.5370392799377441
8.077984978184695,-4.120342254638672
-13.790764753514,-2.051788330078125
2.13745295521649,-19.25396728515625
3.0897024917955025,-2.620319128036499
-0.3530077955256401,-19.202163696289062
-7.639409008216227,13.979947090148926
2.765011277030255,10.354248046875
3.557691046156,1.8373997211456299
4.00031385473591,-13.099855422973633
-55.7541546140486,-18.05051612854004
9.550892694239591,7.692350387573242
1.775572054007981,-37.260711669921875
-2.248378586620203,-9.349212646484375
-56.2560888739038,-16.64415740966797
-2.5590885431480426,-8.216228485107422
-40.5029244010595,-8.971574783325195
-30.8171784242839,-4.375514507293701
2.679404112105611,0.0882418155670166
2.76740193393285,-1.7327338457107544
-11.341527235964405,5.140228271484375
-3.448025235667948,-5.5252790451049805
-0.0780407432645869,17.160049438476562
11.616605850275496,5.724941730499268
9.179556151687803,4.3052978515625
7.190050317883171,-1.8707642555236816
-39.4932668903457,-19.744720458984375
-2.306526469902426,-10.79920482635498
0.5403453062071405,-23.599517822265625
-23.6042929930625,-21.368242263793945
-4.172986764275874,-8.633773803710938
0.5394390329931549,-6.754493713378906
5.84905996845087,6.419853210449219
-22.9515728231767,-11.842559814453125
-3.134999611446543,-10.296477317810059
-6.066411004621831,-0.35177183151245117
2.24572304437811,-11.9173583984375
-70.8116033690518,-8.41108512878418
0.3224388648416145,-3.5929269790649414
4.755697845162629,1.7644925117492676
1.7336328627834918,-13.09050178527832
3.939818822274421,17.247604370117188
6.09033976794457,4.492219924926758
6.4251548431743295,-15.060810089111328
-6.47138721063866,-3.08953857421875
-0.0379657812584102,13.4212646484375
4.4105627388370605,-4.686008453369141
2.3065604778561424,8.670083999633789
7.588764503474316,6.0149431228637695
-24.3954295810688,-0.3414897918701172
7.380729755239978,-11.605926513671875
5.978124919049687,-3.565885543823242
0.7860328468455551,14.661865234375
-44.1817825469333,6.716266632080078
3.58036180553514,-11.798627853393555
3.33951124606136,11.609536170959473
-6.79658968512302,-4.897292137145996
3.7347243087796,-34.22222900390625
4.76541245752904,3.710667848587036
8.922207576391518,-16.32811737060547
-11.864177458483407,-25.74933624267578
1.166748445159433,5.4365668296813965
-25.781275563237,-18.796293258666992
4.179707781567577,-3.0757694244384766
-1.073248118887358,-0.7586822509765625
1.7249239205326918,-6.775434494018555
-81.52648016021857,-9.655838012695312
13.015759276594096,-17.193357467651367
5.35198813185094,-4.2332868576049805
-12.53254789251529,-5.7703680992126465
5.45103123545738,-5.720620155334473
4.128157012788561,2.5177154541015625
-3.8590388668775,-2.2258567810058594
7.36579899286375,-2.169288158416748
-11.03094492075089,-12.801631927490234
8.017093587799739,17.202545166015625
15.384553292915324,-6.88761568069458
2.79124989437018,-0.9371218681335449
2.81101468536903,-17.378307342529297
-1.7237618714553775,6.771913051605225
-2.202886656443709,43.135040283203125
2.369358494612781,52.292598724365234
-11.30813578108209,-9.0703125
4.484288991501213,-18.946319580078125
-35.8165916579592,-14.250602722167969
-5.19085420781142,1.0715124607086182
2.86709961553106,-7.4563398361206055
-4.349210006555943,4.578744411468506
5.029017096161708,4.8625922203063965
8.243548509216069,1.5406776666641235
-2.6184282494780104,-9.650177001953125
-5.527709296795018,-1.3440818786621094
-52.7336020518746,-9.506434440612793
6.07843040491799,-10.991418838500977
-4.396710286499547,-2.602752685546875
6.6154810826822,7.684723854064941
9.772192422094813,-11.145736694335938
2.099307195887115,-3.3179826736450195
-12.414939844598162,-10.487791061401367
8.24149319055937,-12.099742889404297
-1.5178355576616795,-5.61799430847168
9.144089281431205,-7.554689884185791
1.418014053180695,-50.9197998046875
-60.92137282626391,-63.037811279296875
5.61896917638109,-62.3643798828125
-4.96580172718434,-13.776468276977539
-24.4432878855492,1.239400863647461
1.675381804264854,-13.41096305847168
-2.8447496930443927,-1.3492431640625
-1.059512617215007,15.036347389221191
1.41805545618482,4.599287986755371
-7.06329362397977,-0.922879695892334
9.400493271217616,4.944990158081055
3.1327986373042376,-5.2100510597229
4.097668935846943,-13.903619766235352
-4.01456885639382,-5.363250732421875
-2.260381023139061,4.246862411499023
-8.237627320974727,-10.155616760253906
-2.23616712442702,20.223318099975586
-26.79502671025515,-69.31353759765625
-10.594900847222812,-9.590194702148438
4.509456424718162,-6.665501594543457
-22.9219832537164,-10.949240684509277
-6.2026319104393295,-22.983192443847656
-4.662511414401839,-24.281396865844727
-0.4503474699443348,-15.067846298217773
-21.5531296050118,-11.915300369262695
-39.7169735486916,-19.98025894165039
-6.13466459150186,-44.334747314453125
6.093529951556334,4.319909572601318
-33.3004252633332,-10.174324989318848
-7.789052707582185,14.763734817504883
-61.6890402284636,-42.7828369140625
-10.613183176373598,-57.26043701171875
-12.6203596574975,-76.5906982421875
-15.2234416939723,-3.95869779586792
3.42848617073407,2.5989837646484375
-50.4820483838523,-15.792325973510742
-71.7765711158932,-5.286364555358887
4.338369925074482,-15.318735122680664
-34.0729170807354,-13.601827621459961
-10.285920522724917,-30.228527069091797
2.71808902854303,-2.4114742279052734
2.26767773086615,-13.5072021484375
0.3189015990893598,-20.657638549804688
-39.873530292237,-52.42456817626953
5.053393098685065,24.452865600585938
-5.77665564868809,4.408376693725586
-22.4462583852743,-34.25146484375
-10.162041561092582,-9.704828262329102
8.70853787657841,-14.58191204071045
-3.73521146317182,-4.3862833976745605
-1.3326443092463092,-8.01906967163086
-5.830142578087577,-24.402976989746094
-7.815562497274902,-0.6098999977111816
-20.7558388881914,-20.667205810546875
-1.03656181464744,-1.7746963500976562
-3.930469946192945,-9.940813064575195
5.391699208755202,55.061859130859375
7.2595381633228,8.740957260131836
9.30630078585379,-5.298524856567383
-3.77133000272187,-37.78045654296875
-42.936846127142296,15.183399200439453
0.5211206139658471,-2.184600830078125
0.7345204104922589,1.612302303314209
6.86106163750481,1.9748077392578125
-21.61387508166409,-18.396751403808594
-24.577379709126298,-15.090381622314453
3.986867952152618,-0.2403111457824707
-63.2346715672369,-30.041322708129883
4.55602013063716,-7.508012771606445
-20.3623076046531,-29.828998565673828
8.678125432705007,5.027015209197998
-2.1147225087047508,-34.848175048828125
-1.14890133483728,5.611118316650391
3.7921116228684086,-0.39936399459838867
-1.3811964732242277,9.51104736328125
0.1752112379752922,-12.3101806640625
3.3452637215970498,30.753448486328125
6.63109301847755,-6.250205039978027
-8.72128086410909,-29.06557846069336
-0.1160299782726794,22.721923828125
0.1119561526876595,-8.013361930847168
11.877856996640997,-7.118247985839844
-3.2142130797467816,4.863401889801025
-3.9552380984537248,-16.870054244995117
-1.593720937577549,-2.2100830078125
3.3899996482015826,8.46270751953125
7.66334596528203,-15.383248329162598
2.60625970962018,-7.539459228515625
5.006519903780723,-5.674524307250977
-58.5527340809363,-18.452411651611328
3.776985072333982,14.066776275634766
2.4866177573815964,1.986039638519287
-0.6920482116816997,-8.305219650268555
2.1747311895065486,9.127601623535156
-13.14009076535719,-22.523395538330078
2.745769909533195,3.908562660217285
-10.626155896203898,0.8107175827026367
0.0548896546292299,-4.2163543701171875
-69.1366966634013,-13.589902877807617
14.8508222506114,13.258086204528809
-28.3488859938485,10.0067138671875
0.6884341878779402,-26.690521240234375
12.566471603210276,4.8240180015563965
-5.472376660417956,-4.844452857971191
-2.1691769605730515,-9.969369888305664
-0.3887710448227697,29.909164428710938
9.1356503291117,5.60798978805542
4.93167956005568,-14.06910228729248
2.713132201978397,21.506393432617188
9.090654061652296,-14.415721893310547
1.741670982094262,5.55580997467041
-5.89266438028177,-0.2989358901977539
-1.130678948105339,-9.881725311279297
-46.587141393021525,-14.254770278930664
4.366245372711767,6.669441223144531
2.858782897786812,-7.461029052734375
2.53362859007723,-16.706012725830078
-1.7943154401891548,-11.575393676757812
-0.6435038581465955,20.09295654296875
5.99108205682079,-20.98949432373047
2.44728958086436,-18.778526306152344
1.5718362711845366,-24.183006286621094
-55.54568697318505,-13.583036422729492
-9.231606713935047,3.173644781112671
3.547124544521316,-18.889801025390625
-73.5286754265322,-2.3840689659118652
0.2047767843086013,-27.531448364257812
-10.398648228661925,-1.6985912322998047
-46.9980356488569,-12.804709434509277
-62.9031214125763,-25.350936889648438
-10.35739215730591,-43.05511474609375
1.83593808226401,1.866791009902954
7.827394642815597,-7.407376289367676
-9.742168339465294,-34.5736083984375
-0.29408409265346,-14.99365234375
-5.653435188749545,-10.233783721923828
-14.57002364123529,-13.463724136352539
-18.1797235112709,12.872743606567383
-5.45440876641342,-8.410303115844727
8.596988309863011,-0.10163259506225586
-5.493763326806099,2.0010929107666016
-8.393586343504198,5.078096389770508
-3.963646539183849,16.427146911621094
9.625121597198186,16.564783096313477
-6.18357684414468,-5.31430721282959
-3.41466344580097,-0.48255062103271484
-4.03025121975644,-13.815550804138184
-2.66483863280114,-6.525411605834961
-0.190891674386513,-15.206192016601562
16.1850033157246,9.965666770935059
-7.910003358009165,4.206565856933594
-2.07861348348741,-13.20426082611084
12.331931266595111,1.2880916595458984
0.8825935384285006,-6.454244136810303
-2.1789667599796294,44.5694580078125
3.0307168501552093,-7.667034149169922
14.8229623836697,8.742573738098145
6.795393661635613,-27.74871826171875
5.16750826555368,-15.375675201416016
-57.144820014625296,-7.298557281494141
6.167862854629888,-2.6919288635253906
-2.698758931910008,23.643798828125
1.289294757415069,-14.424270629882812
13.9692836454661,-5.491115570068359
-38.6438610292767,-8.116561889648438
-3.119647295186995,-22.449928283691406
-6.745372906074374,59.52044677734375
-2.7468186065138984,-11.61602783203125
1.6198341998494314,-6.025201797485352
1.6646916021852596,-6.053937911987305
-7.87226820943855,-6.229104042053223
8.652061852316729,1.2373046875
2.4933992323843923,-2.879469394683838
2.35160533891099,-19.160612106323242
1.30779520720034,-8.176812171936035
-11.9965988914421,-7.297328948974609
4.780848076735348,-3.4324798583984375
11.2728180991378,-0.4528424143791199
0.7651079053562314,9.44720458984375
-10.6557437737239,12.115321159362793
3.27100049685324,-2.816476821899414
-5.2815921348029296,-23.864612579345703
-27.5445722402187,-41.61029052734375
-2.683955047842884,9.86614990234375
-43.929359067237,-3.4193201065063477
-4.639593570653838,-3.5904626846313477
-14.7229944429405,22.94686508178711
-5.00028834575103,-3.238783836364746
-1.2236747050651609,-8.464462280273438
-17.6830733389949,-0.657196044921875
-9.979741434164584,-7.569475173950195
-0.2823200449385875,-13.754928588867188
-36.50577458359941,-13.529491424560547
-4.853312003098937,-29.980077743530273
-27.4476544011683,-2.0777854919433594
-49.5120706514507,-3.0961532592773438
1.2287673509824204,-17.12232208251953
9.503977484174175,-15.15313720703125
-5.5186956836840375,7.1993408203125
-2.99361591491145,8.700775146484375
7.99575647038201,-3.1828255653381348
11.7225687296843,10.072854995727539
6.987950206462267,15.80685043334961
5.5273920092716775,-7.497860908508301
-7.19378137939456,-19.16741943359375
6.001532732018722,3.5180671215057373
7.92708077877978,-0.6089273691177368
4.316615136301563,12.02377986907959
0.1590569364430157,-9.285510063171387
2.8348518495029404,14.948452949523926
-46.6686841099013,-21.54043197631836
-0.8984319813221007,-5.894218444824219
4.30511943579503,-9.764892578125
-3.36735139960915,-16.64578628540039
6.58117049992555,-15.30480670928955
6.753311816554961,-4.426326274871826
-1.1091988250418725,-17.948917388916016
5.26551760771767,7.85394287109375
-37.3999740396079,-1.1694698333740234
-34.48768519828235,-14.064952850341797
-46.862925671502296,-13.49348258972168
-1.19024715514191,-0.597686767578125
-1.4920816076829602,-0.10290718078613281
-5.775806690181939,0.5756263732910156
-14.2382866820043,6.49188232421875
1.3131129859732091,4.7218780517578125
13.1991243046288,3.614109992980957
3.6035536346157695,12.265335083007812
4.97603191479674,10.551444053649902
2.9737175212081803,-6.490956783294678
-35.1782981083837,-13.317355155944824
-10.480511156242285,-11.298768997192383
-0.3170472839931941,5.102949142456055
3.59745169898486,-9.13080883026123
-5.139364658294922,-0.23610448837280273
-29.2662792150344,-11.899791717529297
11.555346181601609,5.9951677322387695
3.7092867134231,-11.253665924072266
-0.7280966227290082,13.13824462890625
0.9480162028997956,-21.64471435546875
-9.619042312244815,-47.34912109375
-3.15562863494722,2.45751953125
7.285509446842615,-13.608823776245117
2.71319811317338,2.214418888092041
1.026942322157092,-2.182285785675049
-4.65691689928222,-43.7093505859375
-8.677497573270493,-33.475677490234375
14.3436638764016,1.762457251548767
-11.8973420493851,-50.87255859375
-6.61979034735207,4.434213638305664
8.86280218600469,21.338483810424805
-3.43040335892423,-23.536407470703125
0.4443344011282492,-26.319622039794922
2.6678241356197647,17.29220199584961
2.334382802629,-16.19093132019043
-13.8157551615103,-22.334903717041016
1.9007667723773176,-4.116541862487793
-17.190033530139498,2.647773265838623
3.88810032819938,-1.8670215606689453
1.2705701336207027,18.70266342163086
3.887422638441485,-0.7884821891784668
10.349523074958825,-5.290521621704102
9.62907409316032,33.89459228515625
0.7709161631446207,-6.132596015930176
2.3166834950764685,-1.5894012451171875
2.76912169862866,4.605502128601074
-46.2372447228831,-14.05983829498291
-37.0930621901092,-10.758031845092773
0.996650643215182,-1.5524988174438477
-12.898019313824,-15.39364242553711
-0.71117494174041,-9.983596801757812
-0.5663484394051013,-0.6244029998779297
-12.4595255596924,-16.826725006103516
-0.6089836493556324,-0.8313112258911133
6.92534745147092,-22.51551055908203
3.320229681965675,-15.541572570800781
-10.274169876330886,-12.90057373046875
-49.062306315025,7.53094482421875
-30.7261055182573,-15.228630065917969
22.7414116448382,1.7759628295898438
-0.9529303605806088,4.41021728515625
-10.739322929783883,6.067143440246582
-20.9507978903398,-21.099822998046875
-24.96156751119129,-5.93756103515625
14.9823899147147,11.861358642578125
-14.564555056626377,-3.38623046875
1.907333647224608,-13.110812187194824
-1.178255647098801,11.775787353515625
1.9806048133258944,-17.710615158081055
8.833837192566008,2.1907291412353516
-18.5255095356289,-30.820453643798828
3.010752586641185,19.0079345703125
3.67041582610247,-15.75716495513916
-33.7845903951132,-12.101136207580566
-13.812973987503693,9.685938835144043
-13.861300672159,5.142118453979492
-26.24662901330595,-17.5372314453125
-1.61504571199055,-7.789968490600586
8.754663680824095,-13.335655212402344
3.22816419080692,-12.958246231079102
-2.0585753436264698,-8.806385040283203
-9.59094984812801,-3.6197381019592285
6.02246857213521,10.345130920410156
-4.11149235653684,-22.04468536376953
-4.361976736345532,-2.0111541748046875
-2.4097304318056905,-7.160562515258789
4.967381413305823,-7.953910827636719
-11.9154244975033,5.351659774780273
-11.183106529127476,-21.695222854614258
-2.3538192484503564,-5.075397491455078
-2.204579993178592,5.380673408508301
-91.8886792382854,-17.35244369506836
3.2582764286422226,-17.46710205078125
9.859104788483815,-11.934419631958008
-2.6304973605131474,4.749752998352051
8.398744223780918,-19.5899658203125
1.4955767028094,3.3582611083984375
6.720388221210122,4.530073642730713
6.99756701325662,-9.771308898925781
12.966325580978296,5.2533416748046875
-22.8644313188967,-6.99307107925415
-14.4731176558811,15.537284851074219
-0.0918051514147744,-12.200416564941406
0.9434331950199416,-0.130462646484375
7.877641553655238,-6.18729829788208
-27.1636490162131,-7.066656112670898
3.42669038506664,-20.449111938476562
0.31232235517322,-3.545712471008301
1.1848602197973823,-4.3812408447265625
-5.822632503482525,-18.764450073242188
-2.989164004622407,-10.946889877319336
1.69213972357191,17.56894874572754
-0.89184437235696,-8.08620834350586
2.446050707651698,21.132614135742188
5.07108724357905,-10.476400375366211
5.42147270471237,2.4492907524108887
-2.20364176327536,-9.553890228271484
3.08443697315444,-17.48827362060547
-5.97248436581227,-12.421138763427734
-1.0190872666435924,-7.215850830078125
-14.885807229381896,-31.3470458984375
0.046018285265003,-9.269119262695312
6.00089213826483,-19.834924697875977
-1.4680391508473674,-20.521190643310547
-49.8653288018085,-18.07135772705078
-7.283890318199592,-5.0619354248046875
3.6053774296538297,-11.737576484680176
6.364261125349779,-4.921485900878906
-51.4043293278057,-2.6257877349853516
-64.65676531723692,-3.9998598098754883
-26.1965705632023,-1.0883750915527344
2.63157412115867,-14.143136978149414
16.694612728237402,-5.5889081954956055
-17.0314498829154,-3.6236519813537598
-58.40351531723695,-12.913938522338867
-15.3173389528898,-1.0114917755126953
-6.613686761665703,-28.229101181030273
-39.0646563811545,-4.046093940734863
0.809697096857583,0.2781720757484436
0.4685622181175212,-10.461910247802734
-6.376202369524528,-65.62457275390625
-14.434457477598505,1.6830062866210938
-26.0047332498617,-13.938154220581055
-17.5801214502402,-29.6376953125
-2.60072537807549,10.189102172851562
7.184930267876617,-4.6256103515625
0.555665600488549,1.3738741874694824
8.747205755218493,8.963983535766602
-2.289513933263135,-9.835906028747559
3.8009101564042025,-1.3593072891235352
-1.67197513843126,-20.781951904296875
-15.746453943284,-48.088226318359375
