Score,Pred Score
4.219145585451182,34.35821533203125
-2.588665914009158,2.2469749450683594
-3.0703466753296,8.835868835449219
2.1112971208509976,-1.0465961694717407
-19.1693792779686,-3.3350863456726074
-0.9096556467231308,6.2840962409973145
-5.316952415477393,-10.71902084350586
-5.39913759737588,-41.8272705078125
6.1026124307435,-2.0856475830078125
-1.6005087696864486,-19.04888916015625
-51.6773231694491,-17.01211929321289
0.51700222845629,7.90380859375
-1.6521884315998507,-4.892997741699219
2.11024229353816,-6.586600303649902
17.2594267615487,5.075380325317383
-1.73607437190069,-9.333070755004883
-5.77436797253085,-9.148046493530273
-0.568998602339841,4.535429000854492
-1.289264920121349,-12.606401443481445
-14.1813773041305,-13.067930221557617
-3.31847606547329,-2.3635592460632324
11.710679650337616,16.606945037841797
2.046344769010002,9.042845726013184
-2.77042962989298,5.4776716232299805
9.014890317831036,6.497061729431152
2.726862934921635,-0.30878353118896484
-3.4922781726655696,19.423782348632812
1.292753014965791,2.955928325653076
8.16191414696451,-1.175133466720581
-8.251107402184557,-5.347074508666992
7.262818938793504,-0.4661712646484375
4.14054171285972,1.935725212097168
-13.546032832554804,-14.988809585571289
-16.8307740899425,-3.0990772247314453
-0.2642143205483515,-9.209671020507812
-6.135426654744688,-0.9077911376953125
-7.187555808667961,-0.2201690673828125
8.149714042401495,-6.227327346801758
-6.426376983867103,-9.552620887756348
13.9953943577381,0.6564865112304688
-6.31868596379813,3.4685592651367188
5.321680837772678,13.224567413330078
11.9978624338519,-12.317249298095703
7.909526276907584,-14.591383934020996
7.206977941743588,14.07584285736084
-7.378812419643663,-4.643588066101074
0.2475632146873464,-3.431591749191284
12.7359625054994,-2.2769336700439453
5.220668557811489,-18.042354583740234
1.3318185914773402,-31.39019775390625
2.776867734737273,-3.700737953186035
-27.8178569354009,-11.870025634765625
-4.20883890972707,-7.149083614349365
2.78743688363977,-1.0920257568359375
-9.657849716236,-9.383195877075195
4.071661498679735,-2.4518089294433594
-10.586292641023492,5.530432224273682
2.578081311550471,11.213836669921875
-42.2483635713802,-19.03740119934082
8.204494762209066,-14.920432090759277
18.5317724911246,3.2295875549316406
6.097122298913325,-17.193952560424805
-11.299328727708405,-18.399919509887695
-6.22433036882608,-6.6644439697265625
3.12612254618191,-3.2171082496643066
8.756217929094177,10.5894775390625
-1.757118944268968,-17.14112663269043
-51.402683514636095,-15.549236297607422
-2.13735826282737,6.662419319152832
8.88265541550952,1.3608121871948242
5.58846482112586,10.706787109375
7.383552345763623,3.7673206329345703
10.229168329440906,2.3539328575134277
-17.4030551064212,-7.674196243286133
2.204062447972561,3.099869728088379
-3.195242757261453,-2.1498870849609375
-36.8822022827233,-15.67646598815918
3.812227003524945,14.463882446289062
-6.89310310865277,-7.379571914672852
-2.85382252753121,-10.938131332397461
-7.42349600405968,-8.439474105834961
4.398848813602776,0.13296115398406982
-68.1959205924323,-28.40911102294922
-3.773219093074008,-11.789663314819336
8.453421074249384,6.172754287719727
-62.9612541332419,-28.425809860229492
2.97844031586002,-15.109106063842773
-5.800670766453999,-11.003536224365234
2.409764321136161,-6.316557884216309
-1.6610011043127195,-2.985856056213379
1.39259946716825,-3.7312839031219482
-5.785469568057495,-15.634284973144531
10.468583156479704,2.0759668350219727
0.8267526169764301,-15.01955795288086
-0.4271227388875901,5.1356706619262695
-5.85807143580148,0.6806488037109375
-2.67676896274171,6.567573547363281
-3.11888044241469,-7.532436370849609
6.71098989067457,4.359875679016113
6.429854346358795,4.228482723236084
-6.897600670415837,-3.3628692626953125
-16.4910721624856,-42.9794921875
-3.057699221935841,7.268472671508789
-17.6906096863185,-16.87787628173828
0.1461877509898399,-22.67312240600586
-3.01321716593974,-1.6557908058166504
-15.0412339008878,-34.1199951171875
-3.60075442831331,4.800593852996826
12.5056328567953,-8.366491317749023
-13.8996269060666,3.8680663108825684
5.265272900492549,-17.964370727539062
12.283123760680592,-2.450622081756592
-2.54688332955635,-7.355262756347656
11.579228393987275,4.640838623046875
-0.3284521577656807,-0.026740550994873047
-2.33292598982445,-8.126960754394531
-0.1058882282985149,-3.169638156890869
-2.4461467814868523,-50.2958984375
-41.8026500314277,-14.02238941192627
4.417989059347175,-14.15494155883789
-40.2101205720394,-8.871841430664062
-14.277645616907492,-10.814401626586914
3.29681579894721,-8.807613372802734
-0.7012610501602399,-4.845545768737793
8.463248256721428,5.034381866455078
-2.491707941339629,-19.347312927246094
4.867927463076468,5.404045581817627
-1.876637029070265,-17.333415985107422
-12.955988512618,-18.666797637939453
-7.75971004909346,1.4599838256835938
4.67424026120176,-4.357208251953125
-7.08434802004719,-3.7911763191223145
-6.19730890695259,5.670568943023682
-0.1240821746904601,1.0885728597640991
4.069163600073605,-17.450607299804688
-1.77750068778882,-5.544975280761719
1.8601156760560384,-10.738996505737305
-10.8237586662752,-28.467609405517578
-50.1674018945849,-16.326570510864258
-5.8677981963370005,-2.489015579223633
-24.4869919201538,-24.45197105407715
-12.281506448986304,3.8449325561523438
-5.8772631055401,-11.443374633789062
-0.1639564470097907,-7.693522930145264
4.17561229224804,-4.2287116050720215
2.77922195660905,-9.906272888183594
-3.454798154796729,2.575511932373047
7.692941411907634,-0.927861213684082
-2.390619984667185,-13.1370849609375
-33.1832620874725,-13.037219047546387
-18.23432595343749,-19.30221939086914
5.29419053806362,-18.81141471862793
-77.3623903172369,-34.94036865234375
15.4985727759109,8.208219528198242
7.73570234615748,-6.294305324554443
-9.325981865786185,-8.687629699707031
-9.72499716390718,-13.217586517333984
13.309934514349203,6.98322868347168
2.264898495983479,-11.489574432373047
-12.0320822507053,-7.991455078125
-2.56542276271332,1.29949951171875
7.196532980977684,-4.463683605194092
-1.857666460494741,9.572257995605469
-1.4872271509121793,-6.617768287658691
-3.12013961477547,0.3298335075378418
2.6303171850506604,-3.7204818725585938
-60.49569009623433,-14.534507751464844
-30.3377383335249,-14.288786888122559
1.0590749185315824,-11.830244064331055
-6.929951553081727,-7.853288650512695
-8.46093254820262,-1.6705212593078613
2.461922216333884,8.290033340454102
4.5031585012656095,0.6427230834960938
4.435147085081137,1.2863645553588867
-2.88087637063392,-3.540435791015625
-1.5082203021212124,0.5585441589355469
-0.6579761516790089,9.619735717773438
3.719171936095444,1.5027968883514404
-2.6053130644292946,-1.3547468185424805
7.276768036701751,-8.06701374053955
5.29091659278858,-1.647254467010498
-1.0659561461183158,-4.665110111236572
15.4186986077963,-0.4866485595703125
7.543407488617369,23.166175842285156
9.58062385928767,-2.975973129272461
0.2570808252882703,7.3892059326171875
8.13893448615947,0.3421921730041504
-5.14141487663266,-1.6111974716186523
-16.517773128145326,-12.013800621032715
0.7364260970712593,-4.770467281341553
4.25311060075082,0.24298858642578125
-25.4508968849616,-10.143386840820312
-1.9051378030600723,-6.584814071655273
5.506094216928792,-0.6768159866333008
-0.1777753404752198,7.556822299957275
16.9349100756105,9.293789863586426
-11.607028837624,-12.239384651184082
-1.2671721747064446,-15.948812484741211
-16.1535771788668,-14.230331420898438
8.143116180793372,-3.8093607425689697
7.078924552126015,-7.053402423858643
0.2886204877907422,-2.073108673095703
16.4171583068458,0.1809520721435547
-44.7886924625105,-18.833118438720703
-7.726553411266567,-25.951038360595703
4.065326821312747,10.651519775390625
2.12749125232924,-13.597155570983887
9.06213659212517,7.392919063568115
-4.51305804704249,-22.633193969726562
4.28301459624688,-5.5165557861328125
-7.211196994815285,-13.034647941589355
-58.4491138315396,-17.26001739501953
-0.5413656534735456,17.47479248046875
3.24770439300306,-3.966461658477783
-0.6472060937938101,-5.087154865264893
-1.93656353174353,-2.2528443336486816
-1.94666134980912,-5.433846473693848
-0.670930828719279,-16.067684173583984
17.1612744381531,6.719072341918945
-8.044482691931467,-1.9734745025634766
16.9968892380515,6.785191535949707
3.62056380925444,-10.903030395507812
4.07090957771029,10.187271118164062
-1.0680791130593923,-6.496362209320068
4.69437535963172,-15.344822883605957
0.3837795244341289,2.085334300994873
0.6681105368389735,16.49433135986328
-8.08045020128908,7.0838775634765625
-42.6579269422049,-27.61685562133789
-30.89708550466269,-21.305156707763672
-1.1617148968623687,-2.07875919342041
6.46185690649625,-0.8537037372589111
8.658679095048068,-0.7947559356689453
-0.1898191226144924,-2.8318519592285156
6.457932781589695,0.6314420700073242
-33.7712071062874,-11.365447998046875
-4.786538605318405,4.639040470123291
-13.5632540546311,-11.569997787475586
-82.13826531723697,-19.73508071899414
-3.0453156276270903,9.589630126953125
6.430237727930085,-23.291519165039062
5.31082796058257,-2.299816608428955
-70.65073406723695,-31.41149139404297
4.71112087372323,-12.231887817382812
-10.78700495517378,-6.9275360107421875
-6.055427015859325,20.25164794921875
-16.475900892606802,-1.7856674194335938
-2.487076105276776,-54.090728759765625
-48.3858044800915,-10.801514625549316
5.893700156574014,12.650423049926758
-47.9957157156951,-9.931899070739746
-1.511416195100045,-13.459878921508789
-7.071587649042333,1.3738117218017578
-0.3550158381598589,-0.08031511306762695
-17.0078420331655,-12.727924346923828
10.3189652047012,3.1385498046875
8.829561804598438,0.35321271419525146
10.909208084253878,25.62911605834961
-2.25262466719878,-2.578195571899414
0.7445982178878973,-6.750241279602051
-4.813871520282443,4.142482757568359
2.85060083445348,4.0623626708984375
-2.54595208771381,-14.170934677124023
-8.692928400841772,25.8050537109375
16.618750626525,19.556053161621094
7.37064384347005,-9.229545593261719
-6.81516141534704,-9.684130668640137
-10.386374558578522,-7.565378189086914
3.73205068567752,7.126726150512695
-6.40442742836347,5.688000202178955
1.74273211890989,13.678661346435547
-7.920344649869953,-13.098761558532715
-9.28527551691871,4.732413291931152
1.51502173443586,-3.037557601928711
-90.3299705619704,-5.31307315826416
-6.512385872303066,-15.933545112609863
0.7982616963508231,-5.454354763031006
15.8859560938761,20.66330337524414
-23.227454082363305,-15.763091087341309
5.4465900456679694,8.9896240234375
-13.2494383747796,-1.8908765316009521
-2.3458288386735573,-4.997093200683594
-1.5403494549472296,-13.095281600952148
-2.941164138388841,-10.398394584655762
-14.6311710829416,-14.962640762329102
-4.81834176383161,15.340904235839844
-4.03806373695381,-16.710342407226562
0.4076170529080399,-6.2629547119140625
-34.8552692363716,-6.525099754333496
-25.0659802428987,-10.289581298828125
-5.8684323426223,4.831474304199219
0.6771989561182002,-12.604835510253906
-14.6157572128631,-16.299232482910156
5.344594984386832,-15.747693061828613
-4.75101729862813,-1.804206132888794
-89.5439156156453,-15.613968849182129
-1.207429910073891,21.117218017578125
13.667582002208905,11.609723091125488
-82.4887013651952,-14.2151460647583
4.40921359309415,8.490293502807617
-19.923371510770203,-1.6381444931030273
-4.665207913971671,-0.6928524971008301
3.42106467876526,5.624748229980469
-39.0956747424042,-8.315860748291016
-10.288292260688207,-11.101882934570312
2.3067635611900137,5.473464488983154
-4.92782811871599,2.5148987770080566
10.292368565007404,15.113506317138672
-8.184373188662292,-14.712142944335938
-4.763634360062484,5.2408447265625
-2.40000424902785,-0.4569988250732422
5.009535132419683,6.423935890197754
-22.2455703021075,-14.857216835021973
3.987299411465438,-12.184707641601562
-38.4962238749225,-28.65618896484375
-44.9949251983702,-6.307923316955566
-1.378759213278819,-17.899099349975586
8.07102955700163,1.8993902206420898
1.055995951979529,-2.172703742980957
2.188685633501576,7.686044692993164
1.0880788430276551,15.547313690185547
-0.2898522089969393,-3.4966464042663574
-3.790702882666694,18.2607479095459
-7.940842049461227,1.000326156616211
4.398742241377427,6.64178466796875
2.5565427438131976,-2.2120752334594727
4.123908949931413,-8.264205932617188
-76.9668504799361,-21.41808319091797
-14.1325019191809,-12.318113327026367
7.960789166364423,3.406876564025879
0.4423212163888063,7.159950256347656
2.63206586722876,5.230698585510254
3.1988276731025875,-18.26273536682129
-1.6552655274048038,1.0625666379928589
8.077984978184695,-3.7320432662963867
-13.790764753514,-5.930534362792969
2.13745295521649,-11.528797149658203
3.0897024917955025,-6.35288667678833
-0.3530077955256401,-16.100473403930664
-7.639409008216227,5.686877250671387
2.765011277030255,-11.22332763671875
3.557691046156,-0.4170045852661133
4.00031385473591,-15.3323392868042
-55.7541546140486,-15.541435241699219
9.550892694239591,8.359078407287598
1.775572054007981,19.2574462890625
-2.248378586620203,2.0285587310791016
-56.2560888739038,-23.70806121826172
-2.5590885431480426,-6.361715793609619
-40.5029244010595,-19.341922760009766
-30.8171784242839,-2.414445638656616
2.679404112105611,-1.225715160369873
2.76740193393285,-0.25297898054122925
-11.341527235964405,-18.16387939453125
-3.448025235667948,-16.114988327026367
-0.0780407432645869,-4.362190246582031
11.616605850275496,0.929046630859375
9.179556151687803,3.47698974609375
7.190050317883171,-2.1063179969787598
-39.4932668903457,-41.7769775390625
-2.306526469902426,-6.856895446777344
0.5403453062071405,-11.358489990234375
-23.6042929930625,-31.393596649169922
-4.172986764275874,-17.204586029052734
0.5394390329931549,-0.2789459228515625
5.84905996845087,2.9379777908325195
-22.9515728231767,-0.7367401123046875
-3.134999611446543,-7.173523902893066
-6.066411004621831,-2.4808125495910645
2.24572304437811,2.3365325927734375
-70.8116033690518,-18.256675720214844
0.3224388648416145,-10.024046897888184
4.755697845162629,6.102712631225586
1.7336328627834918,-16.986026763916016
3.939818822274421,8.842193603515625
6.09033976794457,1.2727861404418945
6.4251548431743295,-13.272577285766602
-6.47138721063866,-21.807968139648438
-0.0379657812584102,3.363006591796875
4.4105627388370605,-21.339332580566406
2.3065604778561424,12.359832763671875
7.588764503474316,4.374074459075928
-24.3954295810688,-4.6190900802612305
7.380729755239978,-9.459800720214844
5.978124919049687,4.348058700561523
0.7860328468455551,8.9459228515625
-44.1817825469333,-17.288358688354492
3.58036180553514,-8.414957046508789
3.33951124606136,5.124600887298584
-6.79658968512302,-8.164748191833496
3.7347243087796,-29.6368408203125
4.76541245752904,1.7308449745178223
8.922207576391518,-14.339418411254883
-11.864177458483407,-22.66574478149414
1.166748445159433,1.0559158325195312
-25.781275563237,-17.349742889404297
4.179707781567577,4.043128967285156
-1.073248118887358,-10.014541625976562
1.7249239205326918,-3.4321491718292236
-81.52648016021857,-19.827239990234375
13.015759276594096,-10.526561737060547
5.35198813185094,-4.85778284072876
-12.53254789251529,-11.134485244750977
5.45103123545738,-1.9346033334732056
4.128157012788561,1.7601131200790405
-3.8590388668775,-4.625354766845703
7.36579899286375,-5.777120113372803
-11.03094492075089,-17.98626708984375
8.017093587799739,17.00433349609375
15.384553292915324,-16.106964111328125
2.79124989437018,-4.274220943450928
2.81101468536903,-14.816186904907227
-1.7237618714553775,4.981021404266357
-2.202886656443709,-20.89337158203125
2.369358494612781,28.292186737060547
-11.30813578108209,-66.4427490234375
4.484288991501213,9.739944458007812
-35.8165916579592,-16.417024612426758
-5.19085420781142,-0.45591139793395996
2.86709961553106,-5.5511274337768555
-4.349210006555943,1.5772175788879395
5.029017096161708,1.516016960144043
8.243548509216069,7.911149024963379
-2.6184282494780104,-10.085058212280273
-5.527709296795018,-4.127920150756836
-52.7336020518746,-17.923084259033203
6.07843040491799,-8.576765060424805
-4.396710286499547,-4.4097900390625
6.6154810826822,8.921775817871094
9.772192422094813,-12.163263320922852
2.099307195887115,-3.0033888816833496
-12.414939844598162,-16.899425506591797
8.24149319055937,-9.549034118652344
-1.5178355576616795,-9.028369903564453
9.144089281431205,-8.05256462097168
1.418014053180695,-20.40789794921875
-60.92137282626391,-37.89701843261719
5.61896917638109,-3.9248046875
-4.96580172718434,-2.60819149017334
-24.4432878855492,-0.9699325561523438
1.675381804264854,-21.164440155029297
-2.8447496930443927,4.598480224609375
-1.059512617215007,6.610860347747803
1.41805545618482,1.632967472076416
-7.06329362397977,-11.967082977294922
9.400493271217616,1.3211045265197754
3.1327986373042376,-5.6390061378479
4.097668935846943,-0.09976673126220703
-4.01456885639382,0.74517822265625
-2.260381023139061,6.767496585845947
-8.237627320974727,-16.300878524780273
-2.23616712442702,16.138919830322266
-26.79502671025515,-41.207244873046875
-10.594900847222812,-24.910171508789062
4.509456424718162,-0.31765222549438477
-22.9219832537164,-12.805438041687012
-6.2026319104393295,-12.846132278442383
-4.662511414401839,-25.62100601196289
-0.4503474699443348,-4.90540885925293
-21.5531296050118,-20.005329132080078
-39.7169735486916,-16.498043060302734
-6.13466459150186,-4.4859466552734375
6.093529951556334,0.9403271675109863
-33.3004252633332,-17.80095672607422
-7.789052707582185,5.198390007019043
-61.6890402284636,-47.87672424316406
-10.613183176373598,2.486541748046875
-12.6203596574975,-34.3477783203125
-15.2234416939723,-4.307984352111816
3.42848617073407,-1.215576171875
-50.4820483838523,-16.987030029296875
-71.7765711158932,-17.833450317382812
4.338369925074482,-22.217823028564453
-34.0729170807354,-20.54876708984375
-10.285920522724917,-19.93330192565918
2.71808902854303,-5.225828170776367
2.26767773086615,-18.106571197509766
0.3189015990893598,-20.955284118652344
-39.873530292237,-48.15936279296875
5.053393098685065,4.744407653808594
-5.77665564868809,1.2677578926086426
-22.4462583852743,-34.7593994140625
-10.162041561092582,-16.313335418701172
8.70853787657841,-14.086263656616211
-3.73521146317182,-8.141193389892578
-1.3326443092463092,-14.973892211914062
-5.830142578087577,-23.429227828979492
-7.815562497274902,-1.4227404594421387
-20.7558388881914,-12.807403564453125
-1.03656181464744,-6.921630859375
-3.930469946192945,-16.149944305419922
5.391699208755202,15.52880859375
7.2595381633228,5.1881256103515625
9.30630078585379,2.6912765502929688
-3.77133000272187,-17.996246337890625
-42.936846127142296,-15.43746566772461
0.5211206139658471,-21.2156982421875
0.7345204104922589,6.264935493469238
6.86106163750481,3.3127517700195312
-21.61387508166409,-18.906253814697266
-24.577379709126298,-26.355430603027344
3.986867952152618,-0.9229087829589844
-63.2346715672369,-29.92596435546875
4.55602013063716,-3.664015531539917
-20.3623076046531,-14.472208023071289
8.678125432705007,8.0895414352417
-2.1147225087047508,-8.645528793334961
-1.14890133483728,5.21681022644043
3.7921116228684086,-1.4570674896240234
-1.3811964732242277,-2.910980224609375
0.1752112379752922,-7.680689811706543
3.3452637215970498,26.22308349609375
6.63109301847755,-6.2505693435668945
-8.72128086410909,-38.963523864746094
-0.1160299782726794,10.162353515625
0.1119561526876595,-5.785738468170166
11.877856996640997,-1.9302480220794678
-3.2142130797467816,1.0759365558624268
-3.9552380984537248,-16.20001983642578
-1.593720937577549,-1.608346939086914
3.3899996482015826,3.0733251571655273
7.66334596528203,-13.502302169799805
2.60625970962018,-12.656982421875
5.006519903780723,-14.481451034545898
-58.5527340809363,-12.959127426147461
3.776985072333982,12.647029876708984
2.4866177573815964,-2.9726529121398926
-0.6920482116816997,-9.412840843200684
2.1747311895065486,13.710859298706055
-13.14009076535719,-16.71744155883789
2.745769909533195,2.066974639892578
-10.626155896203898,-1.4883594512939453
0.0548896546292299,-14.96075439453125
-69.1366966634013,-19.16608428955078
14.8508222506114,4.36117696762085
-28.3488859938485,-6.4862060546875
0.6884341878779402,-24.51683807373047
12.566471603210276,2.375385046005249
-5.472376660417956,-2.9780306816101074
-2.1691769605730515,-14.597063064575195
-0.3887710448227697,21.458227157592773
9.1356503291117,0.5334987640380859
4.93167956005568,-12.41290283203125
2.713132201978397,5.1326904296875
9.090654061652296,-10.622356414794922
1.741670982094262,4.261087417602539
-5.89266438028177,-0.05115962028503418
-1.130678948105339,-6.798914909362793
-46.587141393021525,-22.920812606811523
4.366245372711767,2.7969141006469727
2.858782897786812,-8.594856262207031
2.53362859007723,-10.200613021850586
-1.7943154401891548,-4.440494060516357
-0.6435038581465955,26.69537353515625
5.99108205682079,-11.474586486816406
2.44728958086436,-20.225522994995117
1.5718362711845366,-13.910179138183594
-55.54568697318505,-19.457767486572266
-9.231606713935047,3.1271448135375977
3.547124544521316,-27.38958740234375
-73.5286754265322,-5.959469795227051
0.2047767843086013,-12.92990493774414
-10.398648228661925,-6.300285816192627
-46.9980356488569,-13.608345031738281
-62.9031214125763,-31.936553955078125
-10.35739215730591,-18.3458251953125
1.83593808226401,1.380861759185791
7.827394642815597,0.7327766418457031
-9.742168339465294,-23.988250732421875
-0.29408409265346,-20.630117416381836
-5.653435188749545,-7.632867813110352
-14.57002364123529,-20.03383445739746
-18.1797235112709,3.826910972595215
-5.45440876641342,-9.273780822753906
8.596988309863011,0.7292962074279785
-5.493763326806099,0.7333297729492188
-8.393586343504198,0.11554169654846191
-3.963646539183849,11.744251251220703
9.625121597198186,5.321457862854004
-6.18357684414468,-7.40311861038208
-3.41466344580097,-3.0903801918029785
-4.03025121975644,-6.005465507507324
-2.66483863280114,-20.45566177368164
-0.190891674386513,-18.758041381835938
16.1850033157246,-3.454221725463867
-7.910003358009165,-0.7204742431640625
-2.07861348348741,-6.662697792053223
12.331931266595111,-4.129996299743652
0.8825935384285006,-3.9371252059936523
-2.1789667599796294,27.459716796875
3.0307168501552093,-20.259418487548828
14.8229623836697,4.939039707183838
6.795393661635613,1.233245849609375
5.16750826555368,-14.051042556762695
-57.144820014625296,-6.230827331542969
6.167862854629888,-0.5869455337524414
-2.698758931910008,12.307220458984375
1.289294757415069,-12.775068283081055
13.9692836454661,0.12774944305419922
-38.6438610292767,-25.763412475585938
-3.119647295186995,-10.975553512573242
-6.745372906074374,25.251800537109375
-2.7468186065138984,-7.016261100769043
1.6198341998494314,-9.23642349243164
1.6646916021852596,-10.533647537231445
-7.87226820943855,-11.56982421875
8.652061852316729,1.3522796630859375
2.4933992323843923,-3.105379581451416
2.35160533891099,-7.017608642578125
1.30779520720034,1.7818431854248047
-11.9965988914421,-2.8614039421081543
4.780848076735348,-4.314598083496094
11.2728180991378,1.4500937461853027
0.7651079053562314,3.7338509559631348
-10.6557437737239,3.9033827781677246
3.27100049685324,7.209991455078125
-5.2815921348029296,-8.428598403930664
-27.5445722402187,-32.67951965332031
-2.683955047842884,29.944915771484375
-43.929359067237,-16.812850952148438
-4.639593570653838,-1.7769432067871094
-14.7229944429405,12.218637466430664
-5.00028834575103,-6.669650077819824
-1.2236747050651609,-5.176349639892578
-17.6830733389949,3.748382568359375
-9.979741434164584,-7.364307403564453
-0.2823200449385875,-9.289566040039062
-36.50577458359941,-9.834468841552734
-4.853312003098937,-39.49428176879883
-27.4476544011683,-13.361233711242676
-49.5120706514507,-16.09501838684082
1.2287673509824204,-8.662212371826172
9.503977484174175,-6.115103721618652
-5.5186956836840375,0.7533111572265625
-2.99361591491145,16.631210327148438
7.99575647038201,-3.7737040519714355
11.7225687296843,12.975491523742676
6.987950206462267,3.685708999633789
5.5273920092716775,-19.957712173461914
-7.19378137939456,-15.006576538085938
6.001532732018722,0.2556748390197754
7.92708077877978,1.452986717224121
4.316615136301563,9.295573234558105
0.1590569364430157,-5.147010803222656
2.8348518495029404,10.171034812927246
-46.6686841099013,-33.93083190917969
-0.8984319813221007,-6.976253509521484
4.30511943579503,-5.038185119628906
-3.36735139960915,-8.722814559936523
6.58117049992555,-10.518795013427734
6.753311816554961,-9.177483558654785
-1.1091988250418725,-8.36640453338623
5.26551760771767,-1.1746826171875
-37.3999740396079,-7.845638275146484
-34.48768519828235,-15.165725708007812
-46.862925671502296,-18.971149444580078
-1.19024715514191,1.49755859375
-1.4920816076829602,-4.030000686645508
-5.775806690181939,-3.5447635650634766
-14.2382866820043,1.6771116256713867
1.3131129859732091,0.4938201904296875
13.1991243046288,1.468984603881836
3.6035536346157695,-0.24365234375
4.97603191479674,10.787774085998535
2.9737175212081803,-9.210599899291992
-35.1782981083837,-13.172087669372559
-10.480511156242285,-10.766645431518555
-0.3170472839931941,-0.4939229488372803
3.59745169898486,-3.5036072731018066
-5.139364658294922,-1.6361210346221924
-29.2662792150344,-17.081092834472656
11.555346181601609,4.281601428985596
3.7092867134231,-15.364459991455078
-0.7280966227290082,5.021453857421875
0.9480162028997956,9.00634765625
-9.619042312244815,-45.1611328125
-3.15562863494722,-9.761566162109375
7.285509446842615,-11.526220321655273
2.71319811317338,-0.564346432685852
1.026942322157092,-2.576289653778076
-4.65691689928222,-44.26171875
-8.677497573270493,-27.574647903442383
14.3436638764016,-0.2625541687011719
-11.8973420493851,-51.09967041015625
-6.61979034735207,-15.986912727355957
8.86280218600469,18.058162689208984
-3.43040335892423,-26.731964111328125
0.4443344011282492,-7.01754093170166
2.6678241356197647,8.815592765808105
2.334382802629,-8.660543441772461
-13.8157551615103,-10.094526290893555
1.9007667723773176,-9.126937866210938
-17.190033530139498,4.66575813293457
3.88810032819938,-4.315093040466309
1.2705701336207027,3.606166362762451
3.887422638441485,4.169195175170898
10.349523074958825,-1.0876023769378662
9.62907409316032,23.231155395507812
0.7709161631446207,-5.738016128540039
2.3166834950764685,4.8997802734375
2.76912169862866,7.0413498878479
-46.2372447228831,-19.043855667114258
-37.0930621901092,-9.33741569519043
0.996650643215182,-6.484758377075195
-12.898019313824,-16.908458709716797
-0.71117494174041,-11.984827041625977
-0.5663484394051013,5.15839958190918
-12.4595255596924,-12.028464317321777
-0.6089836493556324,-2.3362202644348145
6.92534745147092,-14.399761199951172
3.320229681965675,-4.237091064453125
-10.274169876330886,-30.962371826171875
-49.062306315025,-13.8209228515625
-30.7261055182573,-17.526777267456055
22.7414116448382,6.50937557220459
-0.9529303605806088,3.157197952270508
-10.739322929783883,5.462301254272461
-20.9507978903398,-14.980793952941895
-24.96156751119129,-10.9168701171875
14.9823899147147,7.703489303588867
-14.564555056626377,-12.317626953125
1.907333647224608,-19.879051208496094
-1.178255647098801,22.509170532226562
1.9806048133258944,-11.680416107177734
8.833837192566008,8.59862995147705
-18.5255095356289,-37.90216827392578
3.010752586641185,14.8291015625
3.67041582610247,-10.58154296875
-33.7845903951132,-21.23712921142578
-13.812973987503693,8.249908447265625
-13.861300672159,7.034997940063477
-26.24662901330595,-23.441389083862305
-1.61504571199055,-3.6689414978027344
8.754663680824095,-7.915436744689941
3.22816419080692,-21.041284561157227
-2.0585753436264698,-17.29092788696289
-9.59094984812801,-9.305004119873047
6.02246857213521,3.2245655059814453
-4.11149235653684,-14.965705871582031
-4.361976736345532,4.211130142211914
-2.4097304318056905,-8.87916088104248
4.967381413305823,-11.468742370605469
-11.9154244975033,8.873308181762695
-11.183106529127476,-16.378700256347656
-2.3538192484503564,-1.6686315536499023
-2.204579993178592,0.972665548324585
-91.8886792382854,-13.503789901733398
3.2582764286422226,15.071197509765625
9.859104788483815,-15.011260986328125
-2.6304973605131474,4.761965751647949
8.398744223780918,-20.0893497467041
1.4955767028094,-27.869827270507812
6.720388221210122,4.1669769287109375
6.99756701325662,0.06961250305175781
12.966325580978296,23.472492218017578
-22.8644313188967,-7.917731761932373
-14.4731176558811,7.0306315422058105
-0.0918051514147744,-21.358917236328125
0.9434331950199416,3.96478271484375
7.877641553655238,0.2652592658996582
-27.1636490162131,-8.37078857421875
3.42669038506664,-17.68144416809082
0.31232235517322,-5.577672958374023
1.1848602197973823,-0.73406982421875
-5.822632503482525,-15.214448928833008
-2.989164004622407,-16.876920700073242
1.69213972357191,10.173900604248047
-0.89184437235696,-6.415866851806641
2.446050707651698,23.092803955078125
5.07108724357905,-11.113085746765137
5.42147270471237,5.506996154785156
-2.20364176327536,4.0302276611328125
3.08443697315444,5.241157531738281
-5.97248436581227,-16.718717575073242
-1.0190872666435924,25.349258422851562
-14.885807229381896,-19.869728088378906
0.046018285265003,-10.721880912780762
6.00089213826483,-17.22493553161621
-1.4680391508473674,-15.90739631652832
-49.8653288018085,-26.128202438354492
-7.283890318199592,-8.405519485473633
3.6053774296538297,-9.769359588623047
6.364261125349779,-5.880973815917969
-51.4043293278057,-15.373746871948242
-64.65676531723692,-15.245704650878906
-26.1965705632023,-8.381889343261719
2.63157412115867,-10.791708946228027
16.694612728237402,-0.2632479667663574
-17.0314498829154,-8.39126968383789
-58.40351531723695,-15.746879577636719
-15.3173389528898,-5.259818077087402
-6.613686761665703,-33.14085388183594
-39.0646563811545,-17.49793243408203
0.809697096857583,-0.6627160906791687
0.4685622181175212,-18.451759338378906
-6.376202369524528,-13.983993530273438
-14.434457477598505,-4.281766891479492
-26.0047332498617,-18.044309616088867
-17.5801214502402,-17.490795135498047
-2.60072537807549,10.31047248840332
7.184930267876617,37.596649169921875
0.555665600488549,-11.221162796020508
8.747205755218493,6.74836540222168
-2.289513933263135,-10.11259937286377
3.8009101564042025,5.780458927154541
-1.67197513843126,-22.184490203857422
-15.746453943284,-44.329261779785156
