Score,Pred Score
4.219145585451182,21.284812927246094
-2.588665914009158,0.41063857078552246
-3.0703466753296,8.058062553405762
2.1112971208509976,1.4004857540130615
-19.1693792779686,-3.694364070892334
-0.9096556467231308,5.7466511726379395
-5.316952415477393,-16.690784454345703
-5.39913759737588,-2.152862548828125
6.1026124307435,-1.5174596309661865
-1.6005087696864486,-20.15679168701172
-51.6773231694491,-19.653305053710938
0.51700222845629,-25.6448974609375
-1.6521884315998507,-5.294900417327881
2.11024229353816,-6.216099262237549
17.2594267615487,4.48840856552124
-1.73607437190069,-7.657838821411133
-5.77436797253085,-8.933127403259277
-0.568998602339841,2.7171688079833984
-1.289264920121349,-9.575050354003906
-14.1813773041305,-14.15549373626709
-3.31847606547329,-1.14435613155365
11.710679650337616,15.779434204101562
2.046344769010002,10.142112731933594
-2.77042962989298,6.6468377113342285
9.014890317831036,3.75040340423584
2.726862934921635,1.190582275390625
-3.4922781726655696,-2.035491943359375
1.292753014965791,4.151697635650635
8.16191414696451,1.5619113445281982
-8.251107402184557,-7.007930755615234
7.262818938793504,-13.998687744140625
4.14054171285972,1.8331618309020996
-13.546032832554804,-16.33804702758789
-16.8307740899425,-0.9100742340087891
-0.2642143205483515,-11.732627868652344
-6.135426654744688,4.643951416015625
-7.187555808667961,11.176841735839844
8.149714042401495,-6.7467265129089355
-6.426376983867103,-12.43841552734375
13.9953943577381,-0.9900608062744141
-6.31868596379813,6.339113235473633
5.321680837772678,18.139205932617188
11.9978624338519,-12.479320526123047
7.909526276907584,-14.563369750976562
7.206977941743588,23.31175994873047
-7.378812419643663,7.466303825378418
0.2475632146873464,-1.3725476264953613
12.7359625054994,-1.4491167068481445
5.220668557811489,-16.112262725830078
1.3318185914773402,-19.92486572265625
2.776867734737273,-2.1112375259399414
-27.8178569354009,-15.432586669921875
-4.20883890972707,-7.051214694976807
2.78743688363977,10.587600708007812
-9.657849716236,-13.104959487915039
4.071661498679735,6.4054646492004395
-10.586292641023492,6.475003242492676
2.578081311550471,19.04747772216797
-42.2483635713802,-19.91286277770996
8.204494762209066,-14.531793594360352
18.5317724911246,1.694016933441162
6.097122298913325,-13.050710678100586
-11.299328727708405,-17.021888732910156
-6.22433036882608,-8.313129425048828
3.12612254618191,-1.8468294143676758
8.756217929094177,11.259317398071289
-1.757118944268968,-18.55318260192871
-51.402683514636095,-16.884584426879883
-2.13735826282737,6.938157558441162
8.88265541550952,1.8059526681900024
5.58846482112586,7.594745635986328
7.383552345763623,3.0086498260498047
10.229168329440906,4.191256046295166
-17.4030551064212,-8.087109565734863
2.204062447972561,3.054863452911377
-3.195242757261453,-3.2582597732543945
-36.8822022827233,-16.760103225708008
3.812227003524945,17.565956115722656
-6.89310310865277,-10.058284759521484
-2.85382252753121,-10.269225120544434
-7.42349600405968,-6.561237335205078
4.398848813602776,0.6147602796554565
-68.1959205924323,-27.771461486816406
-3.773219093074008,-4.861848831176758
8.453421074249384,5.724223613739014
-62.9612541332419,-28.813583374023438
2.97844031586002,-14.585471153259277
-5.800670766453999,-9.403761863708496
2.409764321136161,-6.146348476409912
-1.6610011043127195,-2.866818428039551
1.39259946716825,-2.8794748783111572
-5.785469568057495,-13.756587982177734
10.468583156479704,3.3874001502990723
0.8267526169764301,-14.701355934143066
-0.4271227388875901,5.771088600158691
-5.85807143580148,-4.59368896484375
-2.67676896274171,3.9243574142456055
-3.11888044241469,-7.647335052490234
6.71098989067457,3.8012452125549316
6.429854346358795,6.333568572998047
-6.897600670415837,-2.4538650512695312
-16.4910721624856,-40.30908203125
-3.057699221935841,6.041462421417236
-17.6906096863185,-16.285430908203125
0.1461877509898399,-18.846019744873047
-3.01321716593974,-1.244842529296875
-15.0412339008878,-72.30206298828125
-3.60075442831331,3.615588665008545
12.5056328567953,-8.789356231689453
-13.8996269060666,1.8875503540039062
5.265272900492549,-18.545013427734375
12.283123760680592,-0.0910501480102539
-2.54688332955635,-6.798725128173828
11.579228393987275,6.288998126983643
-0.3284521577656807,-1.165820598602295
-2.33292598982445,-13.629302978515625
-0.1058882282985149,0.14496803283691406
-2.4461467814868523,-42.6929931640625
-41.8026500314277,-14.058284759521484
4.417989059347175,-14.906726837158203
-40.2101205720394,-6.424336910247803
-14.277645616907492,-11.835760116577148
3.29681579894721,-7.55594539642334
-0.7012610501602399,-5.239116191864014
8.463248256721428,13.590431213378906
-2.491707941339629,-19.502424240112305
4.867927463076468,6.944679260253906
-1.876637029070265,-14.87382984161377
-12.955988512618,-16.214275360107422
-7.75971004909346,-12.379325866699219
4.67424026120176,24.76654052734375
-7.08434802004719,-5.370488166809082
-6.19730890695259,5.219086647033691
-0.1240821746904601,-0.3083491325378418
4.069163600073605,-17.950992584228516
-1.77750068778882,-16.919029235839844
1.8601156760560384,-9.258180618286133
-10.8237586662752,-26.954959869384766
-50.1674018945849,-17.54672622680664
-5.8677981963370005,-2.8077571392059326
-24.4869919201538,-25.670835494995117
-12.281506448986304,5.041068077087402
-5.8772631055401,-8.402153015136719
-0.1639564470097907,-7.646635055541992
4.17561229224804,-3.7866945266723633
2.77922195660905,-3.9984779357910156
-3.454798154796729,-0.2530517578125
7.692941411907634,1.667466640472412
-2.390619984667185,-27.351646423339844
-33.1832620874725,-15.68464469909668
-18.23432595343749,-19.844818115234375
5.29419053806362,-17.5203800201416
-77.3623903172369,-29.906837463378906
15.4985727759109,9.58720588684082
7.73570234615748,-7.987983226776123
-9.325981865786185,-11.086349487304688
-9.72499716390718,-12.718183517456055
13.309934514349203,10.436456680297852
2.264898495983479,-12.218680381774902
-12.0320822507053,-30.4854736328125
-2.56542276271332,1.5503764152526855
7.196532980977684,-3.4509377479553223
-1.857666460494741,3.5984344482421875
-1.4872271509121793,-5.534375190734863
-3.12013961477547,-0.08123660087585449
2.6303171850506604,-0.1348724365234375
-60.49569009623433,-15.144943237304688
-30.3377383335249,-15.176957130432129
1.0590749185315824,-8.953006744384766
-6.929951553081727,-6.828334808349609
-8.46093254820262,-1.7652020454406738
2.461922216333884,11.166400909423828
4.5031585012656095,-5.1184234619140625
4.435147085081137,0.32024097442626953
-2.88087637063392,-11.071029663085938
-1.5082203021212124,0.41904449462890625
-0.6579761516790089,16.54449462890625
3.719171936095444,2.3233718872070312
-2.6053130644292946,2.2858400344848633
7.276768036701751,-5.200165748596191
5.29091659278858,-0.26209592819213867
-1.0659561461183158,1.173448085784912
15.4186986077963,7.439056396484375
7.543407488617369,21.188486099243164
9.58062385928767,-2.4439568519592285
0.2570808252882703,25.492202758789062
8.13893448615947,0.5634193420410156
-5.14141487663266,5.444384574890137
-16.517773128145326,-12.543811798095703
0.7364260970712593,-3.8156607151031494
4.25311060075082,1.2193412780761719
-25.4508968849616,-14.31500244140625
-1.9051378030600723,-8.414348602294922
5.506094216928792,-0.41528797149658203
-0.1777753404752198,7.820730686187744
16.9349100756105,12.599725723266602
-11.607028837624,-12.141298294067383
-1.2671721747064446,-15.476202011108398
-16.1535771788668,-14.824677467346191
8.143116180793372,-5.303322792053223
7.078924552126015,-4.474336624145508
0.2886204877907422,-3.8118953704833984
16.4171583068458,0.7044239044189453
-44.7886924625105,-17.981704711914062
-7.726553411266567,-20.212993621826172
4.065326821312747,8.250267028808594
2.12749125232924,-13.4066801071167
9.06213659212517,7.701352119445801
-4.51305804704249,-25.450302124023438
4.28301459624688,-3.3010826110839844
-7.211196994815285,-14.800994873046875
-58.4491138315396,-18.245290756225586
-0.5413656534735456,-13.42913818359375
3.24770439300306,-4.818706512451172
-0.6472060937938101,-5.364655017852783
-1.93656353174353,-1.4594526290893555
-1.94666134980912,-4.715816497802734
-0.670930828719279,-20.422019958496094
17.1612744381531,7.312906265258789
-8.044482691931467,-3.810047149658203
16.9968892380515,7.43321418762207
3.62056380925444,-10.627006530761719
4.07090957771029,11.134078979492188
-1.0680791130593923,-5.30267858505249
4.69437535963172,-15.64997673034668
0.3837795244341289,1.800717830657959
0.6681105368389735,39.10492706298828
-8.08045020128908,4.3618927001953125
-42.6579269422049,-24.74612808227539
-30.89708550466269,-19.250953674316406
-1.1617148968623687,4.197536468505859
6.46185690649625,0.5914325714111328
8.658679095048068,1.0573806762695312
-0.1898191226144924,10.777059555053711
6.457932781589695,1.01662015914917
-33.7712071062874,7.240619659423828
-4.786538605318405,4.876792907714844
-13.5632540546311,-11.663874626159668
-82.13826531723697,-19.619863510131836
-3.0453156276270903,11.381088256835938
6.430237727930085,-23.24172592163086
5.31082796058257,-0.9536838531494141
-70.65073406723695,-30.497909545898438
4.71112087372323,-11.547157287597656
-10.78700495517378,-12.441696166992188
-6.055427015859325,5.615821838378906
-16.475900892606802,2.3222427368164062
-2.487076105276776,-35.7913818359375
-48.3858044800915,-10.624120712280273
5.893700156574014,10.978137969970703
-47.9957157156951,-9.695178985595703
-1.511416195100045,-13.461833000183105
-7.071587649042333,5.805198669433594
-0.3550158381598589,-0.7395315170288086
-17.0078420331655,-11.323426246643066
10.3189652047012,-60.1224365234375
8.829561804598438,0.34293031692504883
10.909208084253878,26.044559478759766
-2.25262466719878,-1.0730719566345215
0.7445982178878973,-5.762210369110107
-4.813871520282443,4.180881023406982
2.85060083445348,6.07465124130249
-2.54595208771381,-14.663714408874512
-8.692928400841772,49.41705322265625
16.618750626525,22.04298210144043
7.37064384347005,-8.554336547851562
-6.81516141534704,-8.237951278686523
-10.386374558578522,-7.356349945068359
3.73205068567752,7.682392120361328
-6.40442742836347,9.465856552124023
1.74273211890989,14.37602424621582
-7.920344649869953,-14.48134708404541
-9.28527551691871,7.202305793762207
1.51502173443586,-1.2232613563537598
-90.3299705619704,-6.994602680206299
-6.512385872303066,-15.660421371459961
0.7982616963508231,-5.562097549438477
15.8859560938761,22.462844848632812
-23.227454082363305,-15.374755859375
5.4465900456679694,8.863594055175781
-13.2494383747796,-0.3201465606689453
-2.3458288386735573,-10.126243591308594
-1.5403494549472296,-13.332070350646973
-2.941164138388841,-10.139241218566895
-14.6311710829416,-15.216503143310547
-4.81834176383161,9.532562255859375
-4.03806373695381,-17.44545555114746
0.4076170529080399,2.9220046997070312
-34.8552692363716,-6.285709381103516
-25.0659802428987,-8.112136840820312
-5.8684323426223,3.794483184814453
0.6771989561182002,-13.497701644897461
-14.6157572128631,-16.828510284423828
5.344594984386832,-15.461334228515625
-4.75101729862813,-1.7607172727584839
-89.5439156156453,-14.322301864624023
-1.207429910073891,47.852081298828125
13.667582002208905,13.687756538391113
-82.4887013651952,-16.410324096679688
4.40921359309415,4.373551845550537
-19.923371510770203,-2.2131447792053223
-4.665207913971671,-1.1096467971801758
3.42106467876526,6.341185569763184
-39.0956747424042,-6.050516605377197
-10.288292260688207,14.707069396972656
2.3067635611900137,8.71079158782959
-4.92782811871599,3.4415669441223145
10.292368565007404,17.119033813476562
-8.184373188662292,-15.355371475219727
-4.763634360062484,70.63922119140625
-2.40000424902785,-1.1443023681640625
5.009535132419683,6.926628112792969
-22.2455703021075,-12.626087188720703
3.987299411465438,-9.196900367736816
-38.4962238749225,-8.0762939453125
-44.9949251983702,-5.828535079956055
-1.378759213278819,-8.689470291137695
8.07102955700163,3.232206344604492
1.055995951979529,-1.2805147171020508
2.188685633501576,7.95937442779541
1.0880788430276551,12.899774551391602
-0.2898522089969393,-3.1131181716918945
-3.790702882666694,13.019716262817383
-7.940842049461227,11.086124420166016
4.398742241377427,20.96484375
2.5565427438131976,-4.824918270111084
4.123908949931413,30.63262176513672
-76.9668504799361,-20.055063247680664
-14.1325019191809,-12.393911361694336
7.960789166364423,8.3930082321167
0.4423212163888063,3.5702896118164062
2.63206586722876,4.8728203773498535
3.1988276731025875,-15.36279582977295
-1.6552655274048038,2.68241286277771
8.077984978184695,2.9221372604370117
-13.790764753514,-7.446639060974121
2.13745295521649,-10.51899528503418
3.0897024917955025,-6.17567253112793
-0.3530077955256401,-17.332712173461914
-7.639409008216227,4.897869110107422
2.765011277030255,-4.9197998046875
3.557691046156,0.0640573501586914
4.00031385473591,-13.997058868408203
-55.7541546140486,-17.20596694946289
9.550892694239591,9.44744873046875
1.775572054007981,10.954254150390625
-2.248378586620203,12.444011688232422
-56.2560888739038,-21.057830810546875
-2.5590885431480426,-5.815955638885498
-40.5029244010595,-20.177200317382812
-30.8171784242839,-1.4748821258544922
2.679404112105611,-0.03112196922302246
2.76740193393285,0.15251493453979492
-11.341527235964405,-7.538909912109375
-3.448025235667948,-16.918109893798828
-0.0780407432645869,2.4766387939453125
11.616605850275496,0.08979034423828125
9.179556151687803,7.12042236328125
7.190050317883171,-1.119309425354004
-39.4932668903457,-26.2781982421875
-2.306526469902426,-5.034371376037598
0.5403453062071405,-14.853668212890625
-23.6042929930625,-28.781490325927734
-4.172986764275874,-17.6469783782959
0.5394390329931549,0.8984098434448242
5.84905996845087,2.717179298400879
-22.9515728231767,-9.011550903320312
-3.134999611446543,-6.2416887283325195
-6.066411004621831,-1.8553900718688965
2.24572304437811,-0.5912246704101562
-70.8116033690518,-18.62940788269043
0.3224388648416145,-5.564046859741211
4.755697845162629,3.9696295261383057
1.7336328627834918,-12.235194206237793
3.939818822274421,10.35198974609375
6.09033976794457,0.47118663787841797
6.4251548431743295,-12.504680633544922
-6.47138721063866,-35.48065185546875
-0.0379657812584102,7.106414794921875
4.4105627388370605,-22.891048431396484
2.3065604778561424,10.534431457519531
7.588764503474316,4.320222854614258
-24.3954295810688,-4.5682244300842285
7.380729755239978,-9.145013809204102
5.978124919049687,4.630931854248047
0.7860328468455551,5.755340576171875
-44.1817825469333,-19.208040237426758
3.58036180553514,-7.467405319213867
3.33951124606136,4.246717929840088
-6.79658968512302,-7.354020118713379
3.7347243087796,-23.91387176513672
4.76541245752904,0.4452533721923828
8.922207576391518,-13.8202543258667
-11.864177458483407,-29.472537994384766
1.166748445159433,-0.8254275321960449
-25.781275563237,-14.918502807617188
4.179707781567577,3.39410400390625
-1.073248118887358,-13.581926345825195
1.7249239205326918,-3.1270880699157715
-81.52648016021857,-22.696338653564453
13.015759276594096,-11.352609634399414
5.35198813185094,-3.449911594390869
-12.53254789251529,-10.998221397399902
5.45103123545738,-1.5161328315734863
4.128157012788561,3.2454171180725098
-3.8590388668775,-8.706329345703125
7.36579899286375,-5.826698303222656
-11.03094492075089,-18.011510848999023
8.017093587799739,13.488739013671875
15.384553292915324,-16.402700424194336
2.79124989437018,-3.87199068069458
2.81101468536903,-14.311939239501953
-1.7237618714553775,5.457708835601807
-2.202886656443709,-22.57440185546875
2.369358494612781,26.284643173217773
-11.30813578108209,-9.58740234375
4.484288991501213,21.111648559570312
-35.8165916579592,-16.72981834411621
-5.19085420781142,-0.6663546562194824
2.86709961553106,-6.536832332611084
-4.349210006555943,0.6642742156982422
5.029017096161708,1.962942123413086
8.243548509216069,6.167881965637207
-2.6184282494780104,-9.680357933044434
-5.527709296795018,-4.184378623962402
-52.7336020518746,-18.52555274963379
6.07843040491799,-7.809802055358887
-4.396710286499547,-5.388858795166016
6.6154810826822,8.301511764526367
9.772192422094813,-13.071463584899902
2.099307195887115,-2.0909438133239746
-12.414939844598162,-17.69574737548828
8.24149319055937,-8.879337310791016
-1.5178355576616795,-9.10623836517334
9.144089281431205,-7.039489269256592
1.418014053180695,-17.532806396484375
-60.92137282626391,-40.18424987792969
5.61896917638109,10.777374267578125
-4.96580172718434,1.9355449676513672
-24.4432878855492,-1.4557924270629883
1.675381804264854,-21.247465133666992
-2.8447496930443927,-3.3079681396484375
-1.059512617215007,5.041864395141602
1.41805545618482,2.0920372009277344
-7.06329362397977,-10.422126770019531
9.400493271217616,1.78208589553833
3.1327986373042376,-4.502076625823975
4.097668935846943,-0.518101692199707
-4.01456885639382,2.2907562255859375
-2.260381023139061,5.935636520385742
-8.237627320974727,-15.344429016113281
-2.23616712442702,15.248546600341797
-26.79502671025515,-28.555267333984375
-10.594900847222812,-19.050247192382812
4.509456424718162,1.5692181587219238
-22.9219832537164,-11.793584823608398
-6.2026319104393295,-14.365398406982422
-4.662511414401839,-20.772584915161133
-0.4503474699443348,-3.7858200073242188
-21.5531296050118,-20.17809295654297
-39.7169735486916,-16.43688201904297
-6.13466459150186,5.345245361328125
6.093529951556334,1.5525908470153809
-33.3004252633332,-17.782453536987305
-7.789052707582185,2.3246212005615234
-61.6890402284636,-39.14894104003906
-10.613183176373598,6.1005859375
-12.6203596574975,-21.19757080078125
-15.2234416939723,-2.8874545097351074
3.42848617073407,-1.6930923461914062
-50.4820483838523,-17.483070373535156
-71.7765711158932,-17.221187591552734
4.338369925074482,-21.830913543701172
-34.0729170807354,-20.153762817382812
-10.285920522724917,-6.94696044921875
2.71808902854303,-4.764049053192139
2.26767773086615,-12.69908332824707
0.3189015990893598,-17.164600372314453
-39.873530292237,-39.879432678222656
5.053393098685065,12.697471618652344
-5.77665564868809,0.27451610565185547
-22.4462583852743,-50.391510009765625
-10.162041561092582,-16.775188446044922
8.70853787657841,-13.797842025756836
-3.73521146317182,-7.764607906341553
-1.3326443092463092,-15.679841995239258
-5.830142578087577,-22.581789016723633
-7.815562497274902,-0.4277966022491455
-20.7558388881914,-29.411727905273438
-1.03656181464744,-19.964340209960938
-3.930469946192945,-17.35287857055664
5.391699208755202,-22.751983642578125
7.2595381633228,5.325541973114014
9.30630078585379,3.648836135864258
-3.77133000272187,-31.958770751953125
-42.936846127142296,-19.685712814331055
0.5211206139658471,-31.903564453125
0.7345204104922589,5.164801120758057
6.86106163750481,-5.9205322265625
-21.61387508166409,-17.061208724975586
-24.577379709126298,-28.657991409301758
3.986867952152618,-0.36139440536499023
-63.2346715672369,-35.94500732421875
4.55602013063716,-3.472916841506958
-20.3623076046531,-18.279945373535156
8.678125432705007,6.661009788513184
-2.1147225087047508,-11.056840896606445
-1.14890133483728,5.798226356506348
3.7921116228684086,-0.012285232543945312
-1.3811964732242277,-25.683860778808594
0.1752112379752922,-7.588439464569092
3.3452637215970498,8.02105712890625
6.63109301847755,-4.427060127258301
-8.72128086410909,-41.15726089477539
-0.1160299782726794,-0.0291290283203125
0.1119561526876595,-5.287354946136475
11.877856996640997,-1.2414213418960571
-3.2142130797467816,1.1254961490631104
-3.9552380984537248,-15.855239868164062
-1.593720937577549,-3.8739748001098633
3.3899996482015826,3.743967056274414
7.66334596528203,-13.024654388427734
2.60625970962018,-14.308685302734375
5.006519903780723,-14.664810180664062
-58.5527340809363,-14.039663314819336
3.776985072333982,1.1905860900878906
2.4866177573815964,-6.586231231689453
-0.6920482116816997,-9.84506607055664
2.1747311895065486,12.541239738464355
-13.14009076535719,-17.692453384399414
2.745769909533195,-0.9090824127197266
-10.626155896203898,-1.3427114486694336
0.0548896546292299,-15.982254028320312
-69.1366966634013,-19.523944854736328
14.8508222506114,2.715106964111328
-28.3488859938485,-22.99749755859375
0.6884341878779402,-19.958908081054688
12.566471603210276,2.143744707107544
-5.472376660417956,-2.0573034286499023
-2.1691769605730515,-13.881195068359375
-0.3887710448227697,13.130741119384766
9.1356503291117,-1.1145668029785156
4.93167956005568,-12.114906311035156
2.713132201978397,-1.4732322692871094
9.090654061652296,-9.490283966064453
1.741670982094262,4.169613838195801
-5.89266438028177,0.6435177326202393
-1.130678948105339,-5.997522354125977
-46.587141393021525,-22.022628784179688
4.366245372711767,1.7428698539733887
2.858782897786812,-9.37109375
2.53362859007723,-10.835644721984863
-1.7943154401891548,-2.2366466522216797
-0.6435038581465955,9.14190673828125
5.99108205682079,-9.9378080368042
2.44728958086436,-18.341190338134766
1.5718362711845366,-14.165149688720703
-55.54568697318505,-17.71002960205078
-9.231606713935047,5.308947563171387
3.547124544521316,-21.9666748046875
-73.5286754265322,-4.855103492736816
0.2047767843086013,-13.339005470275879
-10.398648228661925,-5.521985054016113
-46.9980356488569,-13.277846336364746
-62.9031214125763,-30.96454620361328
-10.35739215730591,-8.54391860961914
1.83593808226401,6.240712642669678
7.827394642815597,3.328486442565918
-9.742168339465294,-20.93798828125
-0.29408409265346,-21.279970169067383
-5.653435188749545,-6.195562362670898
-14.57002364123529,-20.772262573242188
-18.1797235112709,2.3029513359069824
-5.45440876641342,-9.610431671142578
8.596988309863011,0.8602577447891235
-5.493763326806099,-0.14687037467956543
-8.393586343504198,-0.41597092151641846
-3.963646539183849,12.61225700378418
9.625121597198186,0.2796359062194824
-6.18357684414468,-6.724880218505859
-3.41466344580097,-4.122678756713867
-4.03025121975644,-3.892331123352051
-2.66483863280114,-20.37692642211914
-0.190891674386513,-9.081352233886719
16.1850033157246,-5.393470764160156
-7.910003358009165,-3.66015625
-2.07861348348741,-5.415890693664551
12.331931266595111,-3.2360124588012695
0.8825935384285006,-3.3699867725372314
-2.1789667599796294,36.935150146484375
3.0307168501552093,-20.547758102416992
14.8229623836697,3.8791933059692383
6.795393661635613,-10.34466552734375
5.16750826555368,-13.168240547180176
-57.144820014625296,-6.479055404663086
6.167862854629888,-1.2608213424682617
-2.698758931910008,19.5499267578125
1.289294757415069,-11.936677932739258
13.9692836454661,1.671182632446289
-38.6438610292767,-27.152175903320312
-3.119647295186995,-8.69661808013916
-6.745372906074374,10.013259887695312
-2.7468186065138984,-6.957219123840332
1.6198341998494314,-8.44505500793457
1.6646916021852596,-13.428123474121094
-7.87226820943855,-12.024397850036621
8.652061852316729,25.934783935546875
2.4933992323843923,-3.28257155418396
2.35160533891099,-3.2853851318359375
1.30779520720034,3.688985824584961
-11.9965988914421,-2.000911235809326
4.780848076735348,-4.545416831970215
11.2728180991378,1.965843677520752
0.7651079053562314,1.0653791427612305
-10.6557437737239,1.8753318786621094
3.27100049685324,9.066596031188965
-5.2815921348029296,-11.445230484008789
-27.5445722402187,-37.33168029785156
-2.683955047842884,36.398193359375
-43.929359067237,-17.673229217529297
-4.639593570653838,-2.261035442352295
-14.7229944429405,10.56257152557373
-5.00028834575103,-6.343112945556641
-1.2236747050651609,-8.341901779174805
-17.6830733389949,-4.7743682861328125
-9.979741434164584,-9.548468589782715
-0.2823200449385875,-6.7930755615234375
-36.50577458359941,-11.905258178710938
-4.853312003098937,-38.45354461669922
-27.4476544011683,-14.03724479675293
-49.5120706514507,-16.762292861938477
1.2287673509824204,-8.504905700683594
9.503977484174175,-4.317675590515137
-5.5186956836840375,3.5790023803710938
-2.99361591491145,21.34161376953125
7.99575647038201,-4.171466827392578
11.7225687296843,9.938117980957031
6.987950206462267,-0.30023193359375
5.5273920092716775,-20.714834213256836
-7.19378137939456,-16.9871826171875
6.001532732018722,0.22551870346069336
7.92708077877978,2.982640266418457
4.316615136301563,9.196694374084473
0.1590569364430157,-4.228387355804443
2.8348518495029404,8.002910614013672
-46.6686841099013,-33.168983459472656
-0.8984319813221007,-9.589576721191406
4.30511943579503,-6.217437744140625
-3.36735139960915,-8.278090476989746
6.58117049992555,-9.475252151489258
6.753311816554961,-8.785690307617188
-1.1091988250418725,-6.116392135620117
5.26551760771767,-6.29730224609375
-37.3999740396079,-8.988676071166992
-34.48768519828235,-17.110637664794922
-46.862925671502296,-19.77411460876465
-1.19024715514191,-2.1255111694335938
-1.4920816076829602,-4.294099807739258
-5.775806690181939,-4.132129669189453
-14.2382866820043,0.1363992691040039
1.3131129859732091,4.69793701171875
13.1991243046288,0.6367068290710449
3.6035536346157695,1.1769256591796875
4.97603191479674,11.005695343017578
2.9737175212081803,-8.861970901489258
-35.1782981083837,-13.821762084960938
-10.480511156242285,-11.885368347167969
-0.3170472839931941,0.09888005256652832
3.59745169898486,-1.744131088256836
-5.139364658294922,-3.1545467376708984
-29.2662792150344,-18.509403228759766
11.555346181601609,2.819521188735962
3.7092867134231,-15.930743217468262
-0.7280966227290082,4.11834716796875
0.9480162028997956,19.744903564453125
-9.619042312244815,-37.13922119140625
-3.15562863494722,-21.271820068359375
7.285509446842615,-11.047907829284668
2.71319811317338,-1.7058666944503784
1.026942322157092,0.05547308921813965
-4.65691689928222,-32.296630859375
-8.677497573270493,-26.08557891845703
14.3436638764016,-0.0375058650970459
-11.8973420493851,-41.343841552734375
-6.61979034735207,-16.892364501953125
8.86280218600469,19.19983673095703
-3.43040335892423,-21.282318115234375
0.4443344011282492,-11.842498779296875
2.6678241356197647,10.81943130493164
2.334382802629,-9.659394264221191
-13.8157551615103,-4.208835601806641
1.9007667723773176,-8.670843124389648
-17.190033530139498,5.445423603057861
3.88810032819938,-4.289486408233643
1.2705701336207027,-1.1972641944885254
3.887422638441485,4.450674057006836
10.349523074958825,-0.23914861679077148
9.62907409316032,20.68902587890625
0.7709161631446207,-4.476624011993408
2.3166834950764685,-3.4575042724609375
2.76912169862866,10.374947547912598
-46.2372447228831,-17.651424407958984
-37.0930621901092,-8.303815841674805
0.996650643215182,-4.475337982177734
-12.898019313824,-17.85177993774414
-0.71117494174041,-10.781129837036133
-0.5663484394051013,3.61336350440979
-12.4595255596924,-7.8826799392700195
-0.6089836493556324,-0.7853975296020508
6.92534745147092,-14.993408203125
3.320229681965675,1.1948089599609375
-10.274169876330886,-15.867645263671875
-49.062306315025,-8.25390625
-30.7261055182573,-19.18987464904785
22.7414116448382,7.868145942687988
-0.9529303605806088,2.3100647926330566
-10.739322929783883,4.125940799713135
-20.9507978903398,-14.86174201965332
-24.96156751119129,-9.4193115234375
14.9823899147147,6.694766998291016
-14.564555056626377,-5.447357177734375
1.907333647224608,-20.171142578125
-1.178255647098801,17.672805786132812
1.9806048133258944,-13.046873092651367
8.833837192566008,10.646553039550781
-18.5255095356289,-36.75556182861328
3.010752586641185,17.916641235351562
3.67041582610247,-8.04037094116211
-33.7845903951132,-20.657665252685547
-13.812973987503693,9.040403366088867
-13.861300672159,8.209407806396484
-26.24662901330595,-23.53666114807129
-1.61504571199055,-6.493326187133789
8.754663680824095,-6.851053237915039
3.22816419080692,-21.14075469970703
-2.0585753436264698,-17.56183624267578
-9.59094984812801,-9.028562545776367
6.02246857213521,4.860263824462891
-4.11149235653684,-15.38174819946289
-4.361976736345532,7.233556747436523
-2.4097304318056905,-9.371625900268555
4.967381413305823,-5.430023193359375
-11.9154244975033,7.787775993347168
-11.183106529127476,-17.35710334777832
-2.3538192484503564,-1.2416915893554688
-2.204579993178592,0.5496993064880371
-91.8886792382854,-15.094711303710938
3.2582764286422226,5.020439147949219
9.859104788483815,-15.294135093688965
-2.6304973605131474,6.7505645751953125
8.398744223780918,-19.564716339111328
1.4955767028094,-23.322433471679688
6.720388221210122,0.21011734008789062
6.99756701325662,1.1142823696136475
12.966325580978296,17.218807220458984
-22.8644313188967,-7.158820152282715
-14.4731176558811,5.783878326416016
-0.0918051514147744,-17.376869201660156
0.9434331950199416,6.527923583984375
7.877641553655238,1.6960973739624023
-27.1636490162131,-8.478189468383789
3.42669038506664,-17.58362579345703
0.31232235517322,-5.059046745300293
1.1848602197973823,-6.649444580078125
-5.822632503482525,-16.026119232177734
-2.989164004622407,-17.297025680541992
1.69213972357191,9.191621780395508
-0.89184437235696,-5.997467041015625
2.446050707651698,18.77093505859375
5.07108724357905,-11.179535865783691
5.42147270471237,4.748761177062988
-2.20364176327536,-7.45477294921875
3.08443697315444,1.2563705444335938
-5.97248436581227,-15.588179588317871
-1.0190872666435924,16.87823486328125
-14.885807229381896,-19.816452026367188
0.046018285265003,-12.830643653869629
6.00089213826483,-16.18112564086914
-1.4680391508473674,-16.54880142211914
-49.8653288018085,-26.986000061035156
-7.283890318199592,-7.452884197235107
3.6053774296538297,-6.84243106842041
6.364261125349779,-4.138049602508545
-51.4043293278057,-15.97312068939209
-64.65676531723692,-15.468503952026367
-26.1965705632023,-12.081165313720703
2.63157412115867,-10.95783805847168
16.694612728237402,-3.7093443870544434
-17.0314498829154,-7.775442123413086
-58.40351531723695,-15.69852352142334
-15.3173389528898,-4.8958845138549805
-6.613686761665703,-32.6709098815918
-39.0646563811545,-18.225629806518555
0.809697096857583,-0.8890684843063354
0.4685622181175212,-19.160160064697266
-6.376202369524528,-23.846206665039062
-14.434457477598505,-5.784914016723633
-26.0047332498617,-16.728954315185547
-17.5801214502402,-16.505672454833984
-2.60072537807549,7.482362747192383
7.184930267876617,34.1422119140625
0.555665600488549,-10.442554473876953
8.747205755218493,5.8619771003723145
-2.289513933263135,-8.696468353271484
3.8009101564042025,7.165990829467773
-1.67197513843126,-21.8302001953125
-15.746453943284,-40.78228759765625
