Score,Pred Score
4.219145585451182,28.311424255371094
-2.588665914009158,2.1176443099975586
-3.0703466753296,10.087181091308594
2.1112971208509976,-3.6318445205688477
-19.1693792779686,-2.589324474334717
-0.9096556467231308,6.750085353851318
-5.316952415477393,-6.8144683837890625
-5.39913759737588,25.03216552734375
6.1026124307435,-1.94986891746521
-1.6005087696864486,-19.643678665161133
-51.6773231694491,-10.107216835021973
0.51700222845629,-3.791412353515625
-1.6521884315998507,-3.407621383666992
2.11024229353816,-7.398943901062012
17.2594267615487,4.765415191650391
-1.73607437190069,-11.325557708740234
-5.77436797253085,-10.018535614013672
-0.568998602339841,0.3539924621582031
-1.289264920121349,-11.78361701965332
-14.1813773041305,-12.573230743408203
-3.31847606547329,-2.605175256729126
11.710679650337616,6.3445281982421875
2.046344769010002,7.03575325012207
-2.77042962989298,3.979125738143921
9.014890317831036,2.0864410400390625
2.726862934921635,-0.14507675170898438
-3.4922781726655696,2.6654815673828125
1.292753014965791,1.1293189525604248
8.16191414696451,-3.989316463470459
-8.251107402184557,-5.204227447509766
7.262818938793504,18.298583984375
4.14054171285972,2.9242324829101562
-13.546032832554804,-15.063809394836426
-16.8307740899425,-4.21927547454834
-0.2642143205483515,-4.513645172119141
-6.135426654744688,11.4833984375
-7.187555808667961,-12.933940887451172
8.149714042401495,-4.486425399780273
-6.426376983867103,-8.001076698303223
13.9953943577381,1.2607917785644531
-6.31868596379813,-7.563220977783203
5.321680837772678,4.665611267089844
11.9978624338519,-11.740822792053223
7.909526276907584,-11.692445755004883
7.206977941743588,12.525688171386719
-7.378812419643663,-7.8644232749938965
0.2475632146873464,-7.275642395019531
12.7359625054994,-3.3666982650756836
5.220668557811489,-17.917926788330078
1.3318185914773402,-28.845947265625
2.776867734737273,-0.5834465026855469
-27.8178569354009,-7.76190185546875
-4.20883890972707,-5.833857536315918
2.78743688363977,5.649200439453125
-9.657849716236,-6.600135803222656
4.071661498679735,-2.882781982421875
-10.586292641023492,5.379693984985352
2.578081311550471,5.568817138671875
-42.2483635713802,-17.04412078857422
8.204494762209066,-14.009014129638672
18.5317724911246,0.08696413040161133
6.097122298913325,-14.178529739379883
-11.299328727708405,-15.757854461669922
-6.22433036882608,-5.166461944580078
3.12612254618191,-2.0712521076202393
8.756217929094177,13.322773933410645
-1.757118944268968,-17.351402282714844
-51.402683514636095,-15.597234725952148
-2.13735826282737,6.550897598266602
8.88265541550952,2.022512674331665
5.58846482112586,12.950325012207031
7.383552345763623,6.701995849609375
10.229168329440906,-0.2876777648925781
-17.4030551064212,-7.206079483032227
2.204062447972561,4.612033843994141
-3.195242757261453,-1.0866851806640625
-36.8822022827233,-13.284682273864746
3.812227003524945,1.4563217163085938
-6.89310310865277,-7.917407989501953
-2.85382252753121,-11.781145095825195
-7.42349600405968,-5.819653511047363
4.398848813602776,-1.1646678447723389
-68.1959205924323,-25.680177688598633
-3.773219093074008,-9.868213653564453
8.453421074249384,5.40071964263916
-62.9612541332419,-25.476411819458008
2.97844031586002,-15.219979286193848
-5.800670766453999,-11.935003280639648
2.409764321136161,-6.643477439880371
-1.6610011043127195,-2.251519203186035
1.39259946716825,-2.8551745414733887
-5.785469568057495,-17.591917037963867
10.468583156479704,1.554767370223999
0.8267526169764301,-12.856874465942383
-0.4271227388875901,6.072318077087402
-5.85807143580148,5.254661560058594
-2.67676896274171,8.988306045532227
-3.11888044241469,-6.839471817016602
6.71098989067457,3.1345136165618896
6.429854346358795,1.9963765144348145
-6.897600670415837,3.19757080078125
-16.4910721624856,-40.97209167480469
-3.057699221935841,5.250004768371582
-17.6906096863185,-13.913034439086914
0.1461877509898399,-22.879039764404297
-3.01321716593974,-1.16892671585083
-15.0412339008878,-201.200927734375
-3.60075442831331,6.295332908630371
12.5056328567953,-10.322315216064453
-13.8996269060666,6.07474422454834
5.265272900492549,-18.080726623535156
12.283123760680592,-4.0169806480407715
-2.54688332955635,3.0462913513183594
11.579228393987275,1.9373068809509277
-0.3284521577656807,-2.2575759887695312
-2.33292598982445,2.16802978515625
-0.1058882282985149,-3.5270652770996094
-2.4461467814868523,-12.7791748046875
-41.8026500314277,-11.721500396728516
4.417989059347175,-14.352153778076172
-40.2101205720394,-11.10566234588623
-14.277645616907492,-11.401618957519531
3.29681579894721,-8.153557777404785
-0.7012610501602399,-8.870220184326172
8.463248256721428,4.067319869995117
-2.491707941339629,-18.472137451171875
4.867927463076468,6.0443572998046875
-1.876637029070265,-17.316001892089844
-12.955988512618,-20.119361877441406
-7.75971004909346,-3.3015785217285156
4.67424026120176,34.97593688964844
-7.08434802004719,-7.286947727203369
-6.19730890695259,7.645428657531738
-0.1240821746904601,4.037066459655762
4.069163600073605,-18.300539016723633
-1.77750068778882,-15.536712646484375
1.8601156760560384,-12.439434051513672
-10.8237586662752,-28.47012710571289
-50.1674018945849,-13.91961669921875
-5.8677981963370005,-3.3314146995544434
-24.4869919201538,-24.46239471435547
-12.281506448986304,3.0441408157348633
-5.8772631055401,-13.621475219726562
-0.1639564470097907,-8.82942008972168
4.17561229224804,-3.4312217235565186
2.77922195660905,0.6157112121582031
-3.454798154796729,6.537574768066406
7.692941411907634,-6.606077194213867
-2.390619984667185,-18.58184814453125
-33.1832620874725,-11.37026596069336
-18.23432595343749,-18.869064331054688
5.29419053806362,-22.553749084472656
-77.3623903172369,-30.669830322265625
15.4985727759109,11.881689071655273
7.73570234615748,-3.86594295501709
-9.325981865786185,-8.617378234863281
-9.72499716390718,-13.027929306030273
13.309934514349203,4.939141750335693
2.264898495983479,-10.405905723571777
-12.0320822507053,-31.760589599609375
-2.56542276271332,2.251145839691162
7.196532980977684,-4.755760192871094
-1.857666460494741,11.322731018066406
-1.4872271509121793,-10.59416389465332
-3.12013961477547,1.435929298400879
2.6303171850506604,-5.551521301269531
-60.49569009623433,-13.844242095947266
-30.3377383335249,-12.645271301269531
1.0590749185315824,-11.560985565185547
-6.929951553081727,-6.418689727783203
-8.46093254820262,-0.42444753646850586
2.461922216333884,8.127640724182129
4.5031585012656095,-1.6385345458984375
4.435147085081137,1.6195707321166992
-2.88087637063392,-9.858039855957031
-1.5082203021212124,-12.54006576538086
-0.6579761516790089,-0.4927978515625
3.719171936095444,-0.23214495182037354
-2.6053130644292946,-1.7385759353637695
7.276768036701751,-11.850351333618164
5.29091659278858,-1.4713599681854248
-1.0659561461183158,-4.382299423217773
15.4186986077963,-0.670318603515625
7.543407488617369,27.59392547607422
9.58062385928767,-1.5890765190124512
0.2570808252882703,-25.2457275390625
8.13893448615947,1.4590668678283691
-5.14141487663266,0.09856224060058594
-16.517773128145326,-11.815722465515137
0.7364260970712593,-5.4912567138671875
4.25311060075082,0.3598628044128418
-25.4508968849616,-22.26427459716797
-1.9051378030600723,2.4593467712402344
5.506094216928792,-1.3940281867980957
-0.1777753404752198,7.63615083694458
16.9349100756105,6.157217025756836
-11.607028837624,-11.34707260131836
-1.2671721747064446,-14.305510520935059
-16.1535771788668,-11.761999130249023
8.143116180793372,-2.6125996112823486
7.078924552126015,-7.124773025512695
0.2886204877907422,1.5201587677001953
16.4171583068458,-0.22027015686035156
-44.7886924625105,-18.24143409729004
-7.726553411266567,-20.66765022277832
4.065326821312747,5.969734191894531
2.12749125232924,-13.00383186340332
9.06213659212517,6.633634090423584
-4.51305804704249,-12.104827880859375
4.28301459624688,1.9920082092285156
-7.211196994815285,-9.56281566619873
-58.4491138315396,-16.090747833251953
-0.5413656534735456,8.1312255859375
3.24770439300306,-2.5240111351013184
-0.6472060937938101,-7.770612716674805
-1.93656353174353,-2.2969393730163574
-1.94666134980912,-5.277548789978027
-0.670930828719279,-10.767305374145508
17.1612744381531,6.816410064697266
-8.044482691931467,0.6552448272705078
16.9968892380515,6.699504375457764
3.62056380925444,-12.230026245117188
4.07090957771029,-1.0684661865234375
-1.0680791130593923,-5.670648574829102
4.69437535963172,-15.940530776977539
0.3837795244341289,3.1134090423583984
0.6681105368389735,2.7343292236328125
-8.08045020128908,7.249546051025391
-42.6579269422049,-22.918033599853516
-30.89708550466269,-20.931068420410156
-1.1617148968623687,-3.7739028930664062
6.46185690649625,0.2870650291442871
8.658679095048068,0.576263427734375
-0.1898191226144924,0.6490440368652344
6.457932781589695,2.030658721923828
-33.7712071062874,-3.28717041015625
-4.786538605318405,5.9031901359558105
-13.5632540546311,-12.369460105895996
-82.13826531723697,-19.907299041748047
-3.0453156276270903,45.048095703125
6.430237727930085,-24.735641479492188
5.31082796058257,-2.525510787963867
-70.65073406723695,-23.250268936157227
4.71112087372323,-11.191887855529785
-10.78700495517378,2.905548095703125
-6.055427015859325,80.14157104492188
-16.475900892606802,-13.902351379394531
-2.487076105276776,6.389617919921875
-48.3858044800915,-9.269729614257812
5.893700156574014,12.235143661499023
-47.9957157156951,-7.529330253601074
-1.511416195100045,-12.122405052185059
-7.071587649042333,3.1635665893554688
-0.3550158381598589,1.457564353942871
-17.0078420331655,-12.867677688598633
10.3189652047012,23.521942138671875
8.829561804598438,1.8814698457717896
10.909208084253878,31.29629135131836
-2.25262466719878,-3.012277603149414
0.7445982178878973,-7.037583351135254
-4.813871520282443,3.426056146621704
2.85060083445348,3.4923601150512695
-2.54595208771381,-11.62553882598877
-8.692928400841772,-1.90399169921875
16.618750626525,23.699371337890625
7.37064384347005,-10.181536674499512
-6.81516141534704,-8.409902572631836
-10.386374558578522,-7.122781753540039
3.73205068567752,6.136528968811035
-6.40442742836347,6.06433629989624
1.74273211890989,16.51868438720703
-7.920344649869953,-11.543462753295898
-9.28527551691871,4.586618423461914
1.51502173443586,-3.4932122230529785
-90.3299705619704,-3.4264535903930664
-6.512385872303066,-15.714434623718262
0.7982616963508231,-3.030151128768921
15.8859560938761,24.269357681274414
-23.227454082363305,-15.415055274963379
5.4465900456679694,8.592686653137207
-13.2494383747796,-0.13686418533325195
-2.3458288386735573,3.9591941833496094
-1.5403494549472296,-13.189067840576172
-2.941164138388841,-11.668684005737305
-14.6311710829416,-12.533439636230469
-4.81834176383161,31.609275817871094
-4.03806373695381,-15.887921333312988
0.4076170529080399,-5.057075500488281
-34.8552692363716,-6.01833438873291
-25.0659802428987,-9.2027587890625
-5.8684323426223,6.837030410766602
0.6771989561182002,-12.092745780944824
-14.6157572128631,-13.128628730773926
5.344594984386832,-15.106466293334961
-4.75101729862813,-1.674703598022461
-89.5439156156453,-16.24379539489746
-1.207429910073891,11.565765380859375
13.667582002208905,15.403066635131836
-82.4887013651952,-11.247116088867188
4.40921359309415,8.714259147644043
-19.923371510770203,0.39276719093322754
-4.665207913971671,-0.46734619140625
3.42106467876526,6.344656467437744
-39.0956747424042,-13.358311653137207
-10.288292260688207,0.540008544921875
2.3067635611900137,9.549728393554688
-4.92782811871599,3.168929100036621
10.292368565007404,22.36157989501953
-8.184373188662292,-12.491107940673828
-4.763634360062484,12.0413818359375
-2.40000424902785,2.141162872314453
5.009535132419683,5.313426494598389
-22.2455703021075,-14.617801666259766
3.987299411465438,-11.4226655960083
-38.4962238749225,-31.61968994140625
-44.9949251983702,-7.049063682556152
-1.378759213278819,-12.268391609191895
8.07102955700163,3.2076072692871094
1.055995951979529,-2.6204843521118164
2.188685633501576,6.492508888244629
1.0880788430276551,23.104787826538086
-0.2898522089969393,-2.7601356506347656
-3.790702882666694,20.943981170654297
-7.940842049461227,1.58697509765625
4.398742241377427,3.7180328369140625
2.5565427438131976,-0.8447818756103516
4.123908949931413,6.1304779052734375
-76.9668504799361,-24.210613250732422
-14.1325019191809,-9.797325134277344
7.960789166364423,1.0289106369018555
0.4423212163888063,-1.69366455078125
2.63206586722876,6.318904876708984
3.1988276731025875,-14.418965339660645
-1.6552655274048038,1.6068352460861206
8.077984978184695,-5.339202880859375
-13.790764753514,-3.94970703125
2.13745295521649,-12.111652374267578
3.0897024917955025,-6.682531356811523
-0.3530077955256401,-15.57474136352539
-7.639409008216227,8.263938903808594
2.765011277030255,-4.02142333984375
3.557691046156,-0.31408071517944336
4.00031385473591,-14.317251205444336
-55.7541546140486,-15.357540130615234
9.550892694239591,6.683526992797852
1.775572054007981,12.117767333984375
-2.248378586620203,1.2193870544433594
-56.2560888739038,-23.09795379638672
-2.5590885431480426,-6.368916034698486
-40.5029244010595,-19.50269317626953
-30.8171784242839,-0.7567166090011597
2.679404112105611,-1.2066080570220947
2.76740193393285,-0.8681618571281433
-11.341527235964405,-28.056869506835938
-3.448025235667948,-15.524494171142578
-0.0780407432645869,-8.200080871582031
11.616605850275496,1.9015655517578125
9.179556151687803,23.686279296875
7.190050317883171,-3.3777966499328613
-39.4932668903457,-49.613861083984375
-2.306526469902426,-6.308889389038086
0.5403453062071405,-4.5270233154296875
-23.6042929930625,-30.470726013183594
-4.172986764275874,-17.349327087402344
0.5394390329931549,-0.6530637741088867
5.84905996845087,1.1242022514343262
-22.9515728231767,-1.6532135009765625
-3.134999611446543,-5.989278316497803
-6.066411004621831,-2.207230806350708
2.24572304437811,-1.5175628662109375
-70.8116033690518,-18.55255699157715
0.3224388648416145,-6.190213203430176
4.755697845162629,6.6405134201049805
1.7336328627834918,-18.864564895629883
3.939818822274421,14.730621337890625
6.09033976794457,1.6312646865844727
6.4251548431743295,-11.327983856201172
-6.47138721063866,-21.064697265625
-0.0379657812584102,-9.1309814453125
4.4105627388370605,-21.231998443603516
2.3065604778561424,14.118654251098633
7.588764503474316,5.489354133605957
-24.3954295810688,-4.879486083984375
7.380729755239978,-8.327703475952148
5.978124919049687,-4.500871658325195
0.7860328468455551,12.999786376953125
-44.1817825469333,-15.82663631439209
3.58036180553514,-7.362983703613281
3.33951124606136,6.257684230804443
-6.79658968512302,-8.551322937011719
3.7347243087796,-25.431793212890625
4.76541245752904,0.862520694732666
8.922207576391518,-12.026300430297852
-11.864177458483407,-2.6025009155273438
1.166748445159433,1.5181117057800293
-25.781275563237,-19.854999542236328
4.179707781567577,6.6939849853515625
-1.073248118887358,-4.255790710449219
1.7249239205326918,-2.285423755645752
-81.52648016021857,-12.5545654296875
13.015759276594096,-7.354113578796387
5.35198813185094,-4.112867832183838
-12.53254789251529,-11.099503517150879
5.45103123545738,-0.27585840225219727
4.128157012788561,2.835193157196045
-3.8590388668775,-5.202796936035156
7.36579899286375,-6.60109806060791
-11.03094492075089,-15.832196235656738
8.017093587799739,3.17218017578125
15.384553292915324,-15.327658653259277
2.79124989437018,-2.5146522521972656
2.81101468536903,-15.675666809082031
-1.7237618714553775,5.581427574157715
-2.202886656443709,-37.04400634765625
2.369358494612781,34.348697662353516
-11.30813578108209,-65.998046875
4.484288991501213,-14.592056274414062
-35.8165916579592,-13.966809272766113
-5.19085420781142,-0.2797929048538208
2.86709961553106,-3.723280906677246
-4.349210006555943,1.2782487869262695
5.029017096161708,1.930295705795288
8.243548509216069,10.111396789550781
-2.6184282494780104,-11.219392776489258
-5.527709296795018,-2.6545562744140625
-52.7336020518746,-16.983667373657227
6.07843040491799,-8.609634399414062
-4.396710286499547,-2.424715042114258
6.6154810826822,6.647385597229004
9.772192422094813,-10.45185375213623
2.099307195887115,-2.8798763751983643
-12.414939844598162,-16.44232940673828
8.24149319055937,-10.741355895996094
-1.5178355576616795,-8.792280197143555
9.144089281431205,-9.160530090332031
1.418014053180695,-11.600799560546875
-60.92137282626391,-29.422760009765625
5.61896917638109,-54.03466796875
-4.96580172718434,-5.500698089599609
-24.4432878855492,-0.03204822540283203
1.675381804264854,-21.478530883789062
-2.8447496930443927,-13.18536376953125
-1.059512617215007,8.201970100402832
1.41805545618482,1.2911162376403809
-7.06329362397977,-10.524564743041992
9.400493271217616,1.590916633605957
3.1327986373042376,-5.230329513549805
4.097668935846943,-6.086030006408691
-4.01456885639382,0.855682373046875
-2.260381023139061,7.7090606689453125
-8.237627320974727,-13.54039478302002
-2.23616712442702,18.55152130126953
-26.79502671025515,-40.499786376953125
-10.594900847222812,-21.933837890625
4.509456424718162,-1.8110427856445312
-22.9219832537164,-11.865856170654297
-6.2026319104393295,-13.73208999633789
-4.662511414401839,-22.82387924194336
-0.4503474699443348,-4.722631454467773
-21.5531296050118,-20.07744026184082
-39.7169735486916,-17.066322326660156
-6.13466459150186,-6.620391845703125
6.093529951556334,1.633552074432373
-33.3004252633332,-14.025123596191406
-7.789052707582185,8.077250480651855
-61.6890402284636,-52.225738525390625
-10.613183176373598,-1.306884765625
-12.6203596574975,-32.68292236328125
-15.2234416939723,-3.4117140769958496
3.42848617073407,5.4739837646484375
-50.4820483838523,-15.32551383972168
-71.7765711158932,-18.686851501464844
4.338369925074482,-23.16448211669922
-34.0729170807354,-20.45183753967285
-10.285920522724917,-19.347827911376953
2.71808902854303,-6.510188102722168
2.26767773086615,-16.548187255859375
0.3189015990893598,-21.474590301513672
-39.873530292237,-59.971397399902344
5.053393098685065,5.083469390869141
-5.77665564868809,-1.2994017601013184
-22.4462583852743,-7.6480712890625
-10.162041561092582,-15.693378448486328
8.70853787657841,-14.752777099609375
-3.73521146317182,-8.86597728729248
-1.3326443092463092,-14.457693099975586
-5.830142578087577,-20.307390213012695
-7.815562497274902,-1.7799832820892334
-20.7558388881914,0.2565765380859375
-1.03656181464744,-8.337284088134766
-3.930469946192945,-15.632323265075684
5.391699208755202,22.423919677734375
7.2595381633228,3.4601402282714844
9.30630078585379,1.4052352905273438
-3.77133000272187,31.298065185546875
-42.936846127142296,-6.193428039550781
0.5211206139658471,-28.113525390625
0.7345204104922589,7.26691198348999
6.86106163750481,4.211883544921875
-21.61387508166409,-19.87442398071289
-24.577379709126298,-21.278240203857422
3.986867952152618,-1.47542142868042
-63.2346715672369,-21.475372314453125
4.55602013063716,-3.1102347373962402
-20.3623076046531,-14.110370635986328
8.678125432705007,10.1326265335083
-2.1147225087047508,-10.385244369506836
-1.14890133483728,4.267904281616211
3.7921116228684086,-2.5357723236083984
-1.3811964732242277,12.129440307617188
0.1752112379752922,-8.515742301940918
3.3452637215970498,23.204452514648438
6.63109301847755,-6.654467582702637
-8.72128086410909,-31.872560501098633
-0.1160299782726794,-5.9026641845703125
0.1119561526876595,-10.655828475952148
11.877856996640997,0.3710854649543762
-3.2142130797467816,1.6572664976119995
-3.9552380984537248,-17.600967407226562
-1.593720937577549,-12.032455444335938
3.3899996482015826,2.8986101150512695
7.66334596528203,-12.132986068725586
2.60625970962018,-5.3046875
5.006519903780723,-15.797452926635742
-58.5527340809363,-12.707763671875
3.776985072333982,7.463056564331055
2.4866177573815964,-2.9668326377868652
-0.6920482116816997,-10.353570938110352
2.1747311895065486,15.85108757019043
-13.14009076535719,-17.678634643554688
2.745769909533195,10.96391487121582
-10.626155896203898,-1.3235225677490234
0.0548896546292299,-16.219161987304688
-69.1366966634013,-16.992786407470703
14.8508222506114,5.720407485961914
-28.3488859938485,-23.281005859375
0.6884341878779402,-16.399803161621094
12.566471603210276,-1.124701976776123
-5.472376660417956,-2.5195488929748535
-2.1691769605730515,-13.345130920410156
-0.3887710448227697,7.656768798828125
9.1356503291117,1.1232109069824219
4.93167956005568,-11.25649356842041
2.713132201978397,3.1551513671875
9.090654061652296,-12.634611129760742
1.741670982094262,2.542773723602295
-5.89266438028177,1.058713436126709
-1.130678948105339,-6.785734176635742
-46.587141393021525,-22.738059997558594
4.366245372711767,3.1111607551574707
2.858782897786812,-9.559722900390625
2.53362859007723,-9.467308044433594
-1.7943154401891548,-5.768129348754883
-0.6435038581465955,20.64923095703125
5.99108205682079,-11.963480949401855
2.44728958086436,-21.293903350830078
1.5718362711845366,-15.069229125976562
-55.54568697318505,-18.437820434570312
-9.231606713935047,3.8432791233062744
3.547124544521316,-33.137176513671875
-73.5286754265322,-6.749361038208008
0.2047767843086013,-11.469392776489258
-10.398648228661925,-4.065641403198242
-46.9980356488569,-11.284875869750977
-62.9031214125763,-26.377120971679688
-10.35739215730591,-22.025489807128906
1.83593808226401,-0.45157766342163086
7.827394642815597,-1.0267705917358398
-9.742168339465294,-33.93186950683594
-0.29408409265346,-20.8302001953125
-5.653435188749545,-10.675443649291992
-14.57002364123529,-19.594514846801758
-18.1797235112709,5.235510349273682
-5.45440876641342,-9.81928539276123
8.596988309863011,-1.0039596557617188
-5.493763326806099,2.194784164428711
-8.393586343504198,1.594923734664917
-3.963646539183849,15.954851150512695
9.625121597198186,8.665048599243164
-6.18357684414468,-7.51022481918335
-3.41466344580097,-2.7927238941192627
-4.03025121975644,-10.69160270690918
-2.66483863280114,-21.808910369873047
-0.190891674386513,-9.189041137695312
16.1850033157246,0.9165267944335938
-7.910003358009165,2.594371795654297
-2.07861348348741,-6.327280044555664
12.331931266595111,-2.0108909606933594
0.8825935384285006,-1.1138310432434082
-2.1789667599796294,14.708328247070312
3.0307168501552093,-20.970190048217773
14.8229623836697,4.576920986175537
6.795393661635613,19.842254638671875
5.16750826555368,-12.314950942993164
-57.144820014625296,-8.194083213806152
6.167862854629888,1.300590991973877
-2.698758931910008,0.555084228515625
1.289294757415069,-15.031533241271973
13.9692836454661,-2.666837692260742
-38.6438610292767,-19.83953857421875
-3.119647295186995,-10.5894136428833
-6.745372906074374,13.143585205078125
-2.7468186065138984,-5.164736270904541
1.6198341998494314,-7.663313388824463
1.6646916021852596,-6.940225124359131
-7.87226820943855,-9.951114654541016
8.652061852316729,15.31170654296875
2.4933992323843923,-1.386855125427246
2.35160533891099,-6.84930419921875
1.30779520720034,-0.14605712890625
-11.9965988914421,-1.3647775650024414
4.780848076735348,-9.563764572143555
11.2728180991378,-0.7163881063461304
0.7651079053562314,7.176518440246582
-10.6557437737239,6.462909698486328
3.27100049685324,7.27252197265625
-5.2815921348029296,-9.470451354980469
-27.5445722402187,-45.341888427734375
-2.683955047842884,29.97589111328125
-43.929359067237,-17.070880889892578
-4.639593570653838,-5.4765496253967285
-14.7229944429405,16.151784896850586
-5.00028834575103,-7.245591640472412
-1.2236747050651609,-3.0196800231933594
-17.6830733389949,-15.070068359375
-9.979741434164584,-6.6959991455078125
-0.2823200449385875,-5.1621246337890625
-36.50577458359941,-10.151129722595215
-4.853312003098937,-31.564790725708008
-27.4476544011683,-13.263720512390137
-49.5120706514507,-18.126110076904297
1.2287673509824204,-8.628551483154297
9.503977484174175,-9.366943359375
-5.5186956836840375,-2.9048004150390625
-2.99361591491145,15.625778198242188
7.99575647038201,-3.549531936645508
11.7225687296843,14.573541641235352
6.987950206462267,6.793596267700195
5.5273920092716775,-19.41844940185547
-7.19378137939456,-21.535354614257812
6.001532732018722,0.6455302238464355
7.92708077877978,-1.6524429321289062
4.316615136301563,6.1832427978515625
0.1590569364430157,-2.042264699935913
2.8348518495029404,11.992816925048828
-46.6686841099013,-25.871963500976562
-0.8984319813221007,-8.084213256835938
4.30511943579503,-4.984527587890625
-3.36735139960915,-7.362592697143555
6.58117049992555,-14.132566452026367
6.753311816554961,-10.58962345123291
-1.1091988250418725,-3.0372018814086914
5.26551760771767,4.6492767333984375
-37.3999740396079,-6.105666160583496
-34.48768519828235,-13.67997932434082
-46.862925671502296,-18.0709285736084
-1.19024715514191,0.33740234375
-1.4920816076829602,-1.2352313995361328
-5.775806690181939,-0.6020717620849609
-14.2382866820043,1.6752500534057617
1.3131129859732091,3.9642486572265625
13.1991243046288,0.8371028900146484
3.6035536346157695,9.431808471679688
4.97603191479674,7.594022750854492
2.9737175212081803,-9.170923233032227
-35.1782981083837,-10.43618106842041
-10.480511156242285,-10.540492057800293
-0.3170472839931941,3.9935193061828613
3.59745169898486,-6.727729797363281
-5.139364658294922,-3.608344078063965
-29.2662792150344,-8.697362899780273
11.555346181601609,2.7108609676361084
3.7092867134231,-16.15180206298828
-0.7280966227290082,-3.13677978515625
0.9480162028997956,-3.32403564453125
-9.619042312244815,-48.0040283203125
-3.15562863494722,-2.64263916015625
7.285509446842615,-9.99316692352295
2.71319811317338,1.4854092597961426
1.026942322157092,-3.306975841522217
-4.65691689928222,-54.387115478515625
-8.677497573270493,-33.226539611816406
14.3436638764016,-0.10214972496032715
-11.8973420493851,-56.33966064453125
-6.61979034735207,-16.088743209838867
8.86280218600469,19.550479888916016
-3.43040335892423,-23.455917358398438
0.4443344011282492,-9.0154390335083
2.6678241356197647,15.26561164855957
2.334382802629,-6.524932861328125
-13.8157551615103,-8.664053916931152
1.9007667723773176,-10.688573837280273
-17.190033530139498,3.030910015106201
3.88810032819938,-4.593992233276367
1.2705701336207027,10.351773262023926
3.887422638441485,3.681932210922241
10.349523074958825,1.705848217010498
9.62907409316032,19.841903686523438
0.7709161631446207,-3.786314010620117
2.3166834950764685,-5.5015716552734375
2.76912169862866,-0.2081458568572998
-46.2372447228831,-19.189855575561523
-37.0930621901092,-14.866839408874512
0.996650643215182,-2.5367021560668945
-12.898019313824,-14.217521667480469
-0.71117494174041,-8.507013320922852
-0.5663484394051013,5.442203044891357
-12.4595255596924,-20.42813491821289
-0.6089836493556324,-2.772833824157715
6.92534745147092,-13.389049530029297
3.320229681965675,-17.022476196289062
-10.274169876330886,-34.61187744140625
-49.062306315025,-20.523529052734375
-30.7261055182573,-15.050922393798828
22.7414116448382,4.938777923583984
-0.9529303605806088,2.601717472076416
-10.739322929783883,6.329044818878174
-20.9507978903398,-14.27700424194336
-24.96156751119129,-21.662384033203125
14.9823899147147,10.743611335754395
-14.564555056626377,-18.545501708984375
1.907333647224608,-19.880416870117188
-1.178255647098801,17.826751708984375
1.9806048133258944,-11.453483581542969
8.833837192566008,7.186854362487793
-18.5255095356289,-29.00548553466797
3.010752586641185,0.453155517578125
3.67041582610247,-12.95291805267334
-33.7845903951132,-21.947406768798828
-13.812973987503693,5.788573265075684
-13.861300672159,10.606866836547852
-26.24662901330595,-23.349979400634766
-1.61504571199055,-1.6752128601074219
8.754663680824095,-11.451605796813965
3.22816419080692,-21.23494529724121
-2.0585753436264698,-17.639423370361328
-9.59094984812801,-6.72336483001709
6.02246857213521,9.89447021484375
-4.11149235653684,-13.179429054260254
-4.361976736345532,4.878185272216797
-2.4097304318056905,-8.599918365478516
4.967381413305823,-6.7801513671875
-11.9154244975033,9.803796768188477
-11.183106529127476,-16.26633071899414
-2.3538192484503564,0.33641815185546875
-2.204579993178592,2.1403679847717285
-91.8886792382854,-12.844440460205078
3.2582764286422226,22.26966094970703
9.859104788483815,-14.674419403076172
-2.6304973605131474,5.111790657043457
8.398744223780918,-20.52397918701172
1.4955767028094,-13.079437255859375
6.720388221210122,5.128048896789551
6.99756701325662,-2.18115234375
12.966325580978296,22.866100311279297
-22.8644313188967,-7.274533271789551
-14.4731176558811,7.1261796951293945
-0.0918051514147744,-14.270126342773438
0.9434331950199416,22.156387329101562
7.877641553655238,-2.4700489044189453
-27.1636490162131,-2.479990005493164
3.42669038506664,-16.83261489868164
0.31232235517322,-3.5479068756103516
1.1848602197973823,8.081123352050781
-5.822632503482525,-14.537749290466309
-2.989164004622407,-14.67461109161377
1.69213972357191,12.577301025390625
-0.89184437235696,-6.597231864929199
2.446050707651698,19.765472412109375
5.07108724357905,-9.51708984375
5.42147270471237,4.892203330993652
-2.20364176327536,3.05029296875
3.08443697315444,-1.0232734680175781
-5.97248436581227,-16.77489471435547
-1.0190872666435924,-15.521575927734375
-14.885807229381896,-22.11780548095703
0.046018285265003,-5.471121788024902
6.00089213826483,-14.152071952819824
-1.4680391508473674,-15.494123458862305
-49.8653288018085,-18.63934326171875
-7.283890318199592,-8.690540313720703
3.6053774296538297,-12.551804542541504
6.364261125349779,-10.383081436157227
-51.4043293278057,-14.607172012329102
-64.65676531723692,-15.07911205291748
-26.1965705632023,-1.7626228332519531
2.63157412115867,-11.069828033447266
16.694612728237402,4.504927158355713
-17.0314498829154,-8.703548431396484
-58.40351531723695,-10.23117733001709
-15.3173389528898,-3.109464645385742
-6.613686761665703,-26.19830894470215
-39.0646563811545,-16.15033531188965
0.809697096857583,-0.48520925641059875
0.4685622181175212,-17.543018341064453
-6.376202369524528,-27.43463134765625
-14.434457477598505,-2.0761680603027344
-26.0047332498617,-18.27057456970215
-17.5801214502402,-20.13317108154297
-2.60072537807549,12.849716186523438
7.184930267876617,13.266387939453125
0.555665600488549,-11.645304679870605
8.747205755218493,4.441492080688477
-2.289513933263135,-9.474444389343262
3.8009101564042025,2.6504180431365967
-1.67197513843126,-18.12985610961914
-15.746453943284,-36.0243034362793
