Score,Pred Score
4.219145585451182,-8.834383010864258
-2.588665914009158,0.6014654636383057
-3.0703466753296,-9.641271591186523
2.1112971208509976,-4.563132286071777
-19.1693792779686,-12.051666259765625
-0.9096556467231308,-5.489192962646484
-5.316952415477393,-6.971440315246582
-5.39913759737588,-3.0725255012512207
6.1026124307435,7.056639671325684
-1.6005087696864486,3.1285572052001953
-51.6773231694491,-41.04818344116211
0.51700222845629,-0.7760398387908936
-1.6521884315998507,-0.744908332824707
2.11024229353816,-0.30033883452415466
17.2594267615487,13.414937973022461
-1.73607437190069,-5.600796699523926
-5.77436797253085,-7.2556023597717285
-0.568998602339841,-5.6516218185424805
-1.289264920121349,-5.2858967781066895
-14.1813773041305,-19.726320266723633
-3.31847606547329,-2.027651786804199
11.710679650337616,0.6309601068496704
2.046344769010002,7.390024185180664
-2.77042962989298,0.3317217230796814
9.014890317831036,5.640735626220703
2.726862934921635,10.11933708190918
-3.4922781726655696,1.2514228820800781
1.292753014965791,17.063385009765625
8.16191414696451,8.757323265075684
-8.251107402184557,-6.679291725158691
7.262818938793504,5.195296764373779
4.14054171285972,4.871840476989746
-13.546032832554804,5.557129859924316
-16.8307740899425,-5.5216264724731445
-0.2642143205483515,0.05220158398151398
-6.135426654744688,1.0820748805999756
-7.187555808667961,-7.115722179412842
8.149714042401495,1.631740927696228
-6.426376983867103,-1.0037962198257446
13.9953943577381,13.770167350769043
-6.31868596379813,-1.055535078048706
5.321680837772678,-1.03993558883667
11.9978624338519,12.784412384033203
7.909526276907584,10.115973472595215
7.206977941743588,6.602739334106445
-7.378812419643663,1.9774531126022339
0.2475632146873464,0.8643770217895508
12.7359625054994,16.174678802490234
5.220668557811489,-4.444795608520508
1.3318185914773402,2.414289951324463
2.776867734737273,0.3637502193450928
-27.8178569354009,-26.525989532470703
-4.20883890972707,-6.333242416381836
2.78743688363977,-1.2425575256347656
-9.657849716236,-3.61726713180542
4.071661498679735,-0.41718506813049316
-10.586292641023492,-9.102946281433105
2.578081311550471,3.5031819343566895
-42.2483635713802,-38.730220794677734
8.204494762209066,8.860526084899902
18.5317724911246,11.759805679321289
6.097122298913325,-0.34597063064575195
-11.299328727708405,-12.705860137939453
-6.22433036882608,1.8114588260650635
3.12612254618191,-0.6675558090209961
8.756217929094177,13.78815746307373
-1.757118944268968,-6.413722991943359
-51.402683514636095,-45.63731002807617
-2.13735826282737,-3.008358955383301
8.88265541550952,9.65196418762207
5.58846482112586,-4.866864204406738
7.383552345763623,3.92206072807312
10.229168329440906,11.312211990356445
-17.4030551064212,-17.984004974365234
2.204062447972561,6.986926555633545
-3.195242757261453,5.807872295379639
-36.8822022827233,-16.071887969970703
3.812227003524945,2.7709357738494873
-6.89310310865277,-6.068613529205322
-2.85382252753121,-4.147313594818115
-7.42349600405968,-3.263235330581665
4.398848813602776,5.870346546173096
-68.1959205924323,-43.227054595947266
-3.773219093074008,-2.5791373252868652
8.453421074249384,11.56923770904541
-62.9612541332419,-48.4428825378418
2.97844031586002,-0.23782849311828613
-5.800670766453999,-1.9702873229980469
2.409764321136161,-3.0796403884887695
-1.6610011043127195,-6.4420905113220215
1.39259946716825,-0.1080966591835022
-5.785469568057495,-31.640350341796875
10.468583156479704,8.756083488464355
0.8267526169764301,4.020364284515381
-0.4271227388875901,0.6534680128097534
-5.85807143580148,-2.553849458694458
-2.67676896274171,-3.386965274810791
-3.11888044241469,-2.3537073135375977
6.71098989067457,9.967586517333984
6.429854346358795,2.1970763206481934
-6.897600670415837,-15.90148639678955
-16.4910721624856,-20.606948852539062
-3.057699221935841,3.9205713272094727
-17.6906096863185,-18.611068725585938
0.1461877509898399,-5.3182291984558105
-3.01321716593974,-5.376190185546875
-15.0412339008878,-14.534879684448242
-3.60075442831331,6.147343158721924
12.5056328567953,8.123272895812988
-13.8996269060666,-9.223231315612793
5.265272900492549,-1.5514025688171387
12.283123760680592,16.28275489807129
-2.54688332955635,-0.1314694881439209
11.579228393987275,11.985727310180664
-0.3284521577656807,5.596248626708984
-2.33292598982445,-3.8890507221221924
-0.1058882282985149,-2.7460427284240723
-2.4461467814868523,0.10734128952026367
-41.8026500314277,-12.701765060424805
4.417989059347175,-0.2724195718765259
-40.2101205720394,-18.645280838012695
-14.277645616907492,-13.322737693786621
3.29681579894721,6.575129508972168
-0.7012610501602399,3.618914842605591
8.463248256721428,9.591998100280762
-2.491707941339629,4.091811180114746
4.867927463076468,1.7028306722640991
-1.876637029070265,-12.698015213012695
-12.955988512618,-23.758827209472656
-7.75971004909346,-5.033768177032471
4.67424026120176,6.066564559936523
-7.08434802004719,-4.283349514007568
-6.19730890695259,-4.910338401794434
-0.1240821746904601,1.6422362327575684
4.069163600073605,5.149489879608154
-1.77750068778882,-1.1223804950714111
1.8601156760560384,-0.14261865615844727
-10.8237586662752,-13.662461280822754
-50.1674018945849,-48.84170150756836
-5.8677981963370005,-11.004071235656738
-24.4869919201538,-24.87052345275879
-12.281506448986304,2.236382246017456
-5.8772631055401,-5.517404079437256
-0.1639564470097907,-2.3813600540161133
4.17561229224804,3.1927309036254883
2.77922195660905,-1.9027347564697266
-3.454798154796729,-5.149910926818848
7.692941411907634,1.2016494274139404
-2.390619984667185,-9.852156639099121
-33.1832620874725,-55.160423278808594
-18.23432595343749,-20.49489402770996
5.29419053806362,6.928905487060547
-77.3623903172369,-64.3043212890625
15.4985727759109,5.293071746826172
7.73570234615748,5.161174774169922
-9.325981865786185,-19.239656448364258
-9.72499716390718,-11.331436157226562
13.309934514349203,5.211018085479736
2.264898495983479,4.096005439758301
-12.0320822507053,-13.20921802520752
-2.56542276271332,-1.0676332712173462
7.196532980977684,6.332465171813965
-1.857666460494741,4.33470344543457
-1.4872271509121793,-3.6086180210113525
-3.12013961477547,-4.596869945526123
2.6303171850506604,-5.707790374755859
-60.49569009623433,-36.587825775146484
-30.3377383335249,-24.07894515991211
1.0590749185315824,-5.401858329772949
-6.929951553081727,-6.259428977966309
-8.46093254820262,-7.961089134216309
2.461922216333884,0.4030630588531494
4.5031585012656095,5.283234596252441
4.435147085081137,4.151514530181885
-2.88087637063392,0.6523892879486084
-1.5082203021212124,-2.7198777198791504
-0.6579761516790089,-1.5956156253814697
3.719171936095444,3.683501720428467
-2.6053130644292946,-7.449185371398926
7.276768036701751,-1.1447060108184814
5.29091659278858,9.073497772216797
-1.0659561461183158,-5.646002292633057
15.4186986077963,3.8690500259399414
7.543407488617369,8.02209758758545
9.58062385928767,-0.9474601745605469
0.2570808252882703,-0.760310173034668
8.13893448615947,8.865313529968262
-5.14141487663266,-5.1012678146362305
-16.517773128145326,2.06901216506958
0.7364260970712593,-4.068981170654297
4.25311060075082,2.857800006866455
-25.4508968849616,-7.748465538024902
-1.9051378030600723,0.09088766574859619
5.506094216928792,4.960002422332764
-0.1777753404752198,1.152669906616211
16.9349100756105,-6.917245388031006
-11.607028837624,-6.527440547943115
-1.2671721747064446,-6.9867706298828125
-16.1535771788668,-19.476486206054688
8.143116180793372,2.3669731616973877
7.078924552126015,-11.45988655090332
-5.73967918172164,-8.001914978027344
-23.3725501337939,-21.13100814819336
9.04709717330502,-24.224924087524414
-3.724573545179619,3.716615915298462
4.4516036428765,-2.689722776412964
-1.657597602265355,7.0575852394104
5.586124430090477,2.7120604515075684
-26.6651088566214,-10.199057579040527
3.028467183462371,1.0892767906188965
-40.7258600860177,-1.7592463493347168
-26.912205886836706,-26.941545486450195
-3.9965921287470247,1.660236120223999
-4.739766082030863,0.516391932964325
4.2006804390709,10.10202407836914
-22.3071231538392,-20.13785743713379
-18.5891767455387,-23.26824951171875
-5.960419628776203,0.8432284593582153
-18.9061714872788,-15.780670166015625
-21.4141717786538,-21.290313720703125
-12.208208404490907,-15.323513984680176
-3.72583443525641,-1.2761585712432861
-2.377061578670744,3.7691378593444824
6.075310726130807,6.6919732093811035
2.12042655289975,-5.150799751281738
3.181253849239128,-5.2547478675842285
10.41580460128629,9.712812423706055
-23.8934551543691,-19.683025360107422
-0.8981307679622897,-0.9858739376068115
3.7078671714499096,6.1805219650268555
11.644495901203598,9.103324890136719
-22.42608065327665,-21.667509078979492
-1.2036514942358316,0.8580156564712524
-13.5091075877696,-5.924440383911133
-1.79502295092813,-7.545199871063232
2.332279780348585,-3.8973846435546875
3.11049964318654,2.3031880855560303
3.54836143321337,-0.07465076446533203
3.77256113899207,0.3926411271095276
-2.35314836228574,-2.667936086654663
7.837521570550837,2.38557505607605
9.328533024448705,5.034761905670166
-37.9495035857927,-8.06531047821045
-4.144685584269085,-1.987877607345581
8.91646092056966,-4.473886013031006
5.635020609606415,1.6213992834091187
-15.1006814359747,1.1156973838806152
-2.4599041427842496,1.4987813234329224
2.42002639701588,9.423376083374023
-3.0331069492891496,-7.147590637207031
10.480393919522983,5.897604942321777
4.452168509343501,1.6198227405548096
-2.552277046947741,-6.487607955932617
-5.97419023328963,-1.8893444538116455
-0.5734820606807138,-5.244173049926758
3.7606671418030695,5.402608394622803
-31.4759298257721,-31.982107162475586
0.300408103033295,3.3557398319244385
-6.32558602127377,-6.81410551071167
0.90894434552881,6.335598945617676
5.954690473588823,1.1101855039596558
0.0804428699766095,2.764392137527466
8.45389840526827,2.4955317974090576
-2.8859593337581737,-6.506930828094482
-1.122073026503361,-7.207472324371338
-75.56229656723696,-65.69574737548828
-6.291328737399075,-6.3599772453308105
-10.1192188918475,-2.4511871337890625
-56.3663437951974,-41.242305755615234
2.4288820651169605,-3.5176644325256348
5.05355462238675,4.307776927947998
-13.1809903671301,-5.867984771728516
-6.75960002722117,-2.806399345397949
9.0758909366509,1.5147037506103516
-1.4230966237807086,-7.244239330291748
5.59963570142504,1.749690055847168
4.133325903305868,3.5534489154815674
3.00680128293027,-1.362360954284668
-27.8195558011628,-20.671567916870117
-29.9162730471743,-30.752614974975586
20.7191486697607,14.972718238830566
3.455876052191651,3.553170919418335
2.595279020812243,-1.3857975006103516
-4.0896099478500325,-6.966733455657959
5.3817717725564,3.3522443771362305
-1.9802660997523944,1.5662413835525513
0.4007388327427847,4.808963298797607
10.11870938841209,7.6061506271362305
-1.7174251595272625,-3.1241910457611084
-13.2363849677504,-15.751407623291016
-58.24412469223692,-59.164894104003906
-47.9875704511971,-52.16028594970703
-3.681083449701528,-4.3916521072387695
0.1118559290339978,-1.9113001823425293
-8.998840630677615,-2.836785316467285
1.1941842843275,-0.932929515838623
19.33685959748449,16.366416931152344
-3.09775596823669,-0.10715746879577637
1.2555345380058751,-1.086398720741272
-78.7451798053926,-40.37068557739258
8.35813394800668,9.746700286865234
-19.6754058911438,-16.957590103149414
4.743603615290096,4.385796070098877
1.3155747227446202,-8.411360740661621
11.316750179392892,7.749640464782715
11.779516260068313,8.821946144104004
-3.802611775309477,-6.571233749389648
-10.539071528779305,-9.87926197052002
4.49646859469848,-3.516753911972046
3.59102041590596,0.9902501106262207
2.1560784090827942,1.5609943866729736
-17.309192174305,-16.02016830444336
-1.768261666543676,1.6855067014694214
-3.34531377329845,-4.123021602630615
-9.09730633851708,-6.131506443023682
-12.909180343140196,7.53451681137085
4.020569536845237,4.739751815795898
2.28163515100639,2.121866464614868
-1.6307504375632549,-4.077722549438477
7.809600001042748,5.4214630126953125
-83.9761260280997,-56.60411834716797
7.656482330373112,3.750760793685913
1.675245639565673,7.370761871337891
-15.991582533821994,-6.454979419708252
8.681027307740193,-2.644345760345459
11.10272802991041,3.5602951049804688
3.42951329804928,-2.0913031101226807
-1.4295761119406232,3.1605446338653564
-11.9299972333177,-10.203827857971191
11.923948375295712,-0.0955660343170166
5.960801203295765,8.34466552734375
-0.4381862293696001,-2.2581169605255127
-2.43808381047612,-4.74992036819458
5.72263802046558,8.897784233093262
1.1496085756031087,0.8897413015365601
-6.72144892291601,-5.455245494842529
18.1939100849816,11.36431884765625
3.61441892535489,3.6521990299224854
-0.8028238008287005,3.1900362968444824
0.7001962140772594,-0.18554294109344482
2.125547882163602,2.3411929607391357
-2.8472026300298463,-9.336865425109863
-4.534682244798708,-5.786040306091309
4.49418879319923,10.557454109191895
-10.901275449743116,-9.592794418334961
-4.736229867816737,-6.621788501739502
-0.0053525606393112,-3.3043930530548096
7.06923762363823,5.567567825317383
-0.0084306638066775,-1.039728045463562
2.11900133622217,13.87222671508789
8.106852576346123,13.76546573638916
-0.1428452494230792,0.4711090326309204
-1.0683487237199796,-5.075465679168701
0.0285872237409883,2.229440212249756
2.75380173901167,-2.83001446723938
-7.69948364751984,-5.038118839263916
-0.0556983764780604,0.8240833282470703
-1.32131943338233,2.281480073928833
-3.0345245902191325,-6.367526054382324
-2.93911844531118,-4.5417866706848145
9.94612085382829,10.537386894226074
-3.5546157663424616,-3.987468719482422
-11.221818720505304,-9.38441276550293
3.9797293996962297,4.94528341293335
4.54734483862441,5.934525966644287
-45.634880019414,-41.61709976196289
-1.6020246929696491,-11.793493270874023
-4.12581810820042,-9.082676887512207
-3.019531285218114,-1.432997703552246
5.42509465390903,2.772071599960327
-21.5871320482388,-17.818119049072266
-1.2497809936708242,-5.492462158203125
-35.0272315856836,-40.43141174316406
3.37898618824583,-3.513701915740967
-13.4460672849668,-13.266892433166504
10.982614675109394,12.64629077911377
2.35164464781062,-1.1873998641967773
-20.9676231329802,-5.495967864990234
-1.6422791314174887,-7.147324562072754
-0.3136273830120112,1.4867396354675293
-16.967828162594074,-9.023294448852539
-2.8325461302865187,1.1653594970703125
-2.6871577689602653,-2.7163476943969727
7.570838092245207,5.264647960662842
-13.547300817594484,-27.190940856933594
8.99923705482913,1.2606765031814575
-0.003939288658445,-5.725916385650635
6.147225205740463,8.719913482666016
-2.149900469098629,-2.879458427429199
-25.2381267145584,-47.82292556762695
-5.36204355968609,1.4644737243652344
4.43276114617859,1.1188223361968994
3.27144637329635,9.79024887084961
-1.626797120535592,1.0852020978927612
-9.859535687586003,-7.960914134979248
2.0008593011464906,2.444448947906494
0.369316059642221,6.787812232971191
5.79128728304933,-0.7687516808509827
0.1235817830644999,4.487708568572998
-3.36903782007548,-8.399206161499023
7.06032809637297,4.833602428436279
13.71198107208239,8.75997257232666
0.2886204877907422,-1.143931269645691
16.4171583068458,15.577791213989258
-44.7886924625105,-42.84098434448242
-7.726553411266567,-0.7207188606262207
4.065326821312747,8.286774635314941
2.12749125232924,-1.0522772073745728
9.06213659212517,9.075660705566406
-4.51305804704249,-4.010857582092285
4.28301459624688,5.455544471740723
-7.211196994815285,-14.765740394592285
-58.4491138315396,-49.682708740234375
-0.5413656534735456,-6.343525409698486
3.24770439300306,1.24760901927948
-0.6472060937938101,1.3867180347442627
-1.93656353174353,0.4597444534301758
-1.94666134980912,-0.70429927110672
-0.670930828719279,11.09734058380127
17.1612744381531,6.632922172546387
-8.044482691931467,-3.9303126335144043
16.9968892380515,13.649300575256348
3.62056380925444,2.7276673316955566
4.07090957771029,3.433720111846924
-1.0680791130593923,-1.1248176097869873
4.69437535963172,-5.830898284912109
0.3837795244341289,-0.7382307052612305
0.6681105368389735,-1.2809770107269287
-8.08045020128908,-5.5689849853515625
-42.6579269422049,-47.07763671875
-30.89708550466269,-48.56290817260742
-1.1617148968623687,0.07907509803771973
6.46185690649625,4.890797138214111
8.658679095048068,6.582852840423584
-0.1898191226144924,0.5924813747406006
6.457932781589695,7.87794828414917
-33.7712071062874,-26.418058395385742
-4.786538605318405,-2.639333963394165
-13.5632540546311,-15.258488655090332
-82.13826531723697,-45.80084228515625
-3.0453156276270903,6.847904205322266
6.430237727930085,-9.28338623046875
5.31082796058257,3.1977362632751465
-70.65073406723695,-61.79104232788086
4.71112087372323,1.6132477521896362
-10.78700495517378,-7.609823703765869
-6.055427015859325,3.0169618129730225
-16.475900892606802,-3.1411471366882324
-2.487076105276776,-0.5964510440826416
-48.3858044800915,-52.198509216308594
5.893700156574014,2.6617140769958496
-47.9957157156951,-43.698360443115234
-1.511416195100045,-2.137202024459839
-7.071587649042333,-3.564563512802124
-0.3550158381598589,2.7012598514556885
-17.0078420331655,-16.43073844909668
10.3189652047012,-1.6708593368530273
8.829561804598438,14.085148811340332
10.909208084253878,13.42797565460205
-2.25262466719878,-3.100858688354492
0.7445982178878973,7.662599086761475
-4.813871520282443,-2.96218204498291
2.85060083445348,2.2705039978027344
-2.54595208771381,1.5678725242614746
-8.692928400841772,-8.977306365966797
16.618750626525,6.475350856781006
7.37064384347005,0.1627488136291504
-6.81516141534704,-8.164788246154785
-10.386374558578522,-1.5645536184310913
3.73205068567752,6.156773090362549
-6.40442742836347,-5.990071773529053
1.74273211890989,1.7594196796417236
-7.920344649869953,2.8399157524108887
-9.28527551691871,-13.92834186553955
1.51502173443586,4.013370990753174
-90.3299705619704,-80.69905090332031
-6.512385872303066,-12.546274185180664
0.7982616963508231,-4.678053379058838
15.8859560938761,11.329048156738281
-23.227454082363305,-20.945016860961914
5.4465900456679694,12.7743501663208
-13.2494383747796,7.637953281402588
-2.3458288386735573,5.848185062408447
-1.5403494549472296,-0.8615490198135376
-2.941164138388841,10.840617179870605
-14.6311710829416,-19.460187911987305
-4.81834176383161,5.417352676391602
-4.03806373695381,2.4333808422088623
0.4076170529080399,-0.6261515617370605
-34.8552692363716,-1.786595106124878
-25.0659802428987,-25.861217498779297
-5.8684323426223,-0.581045389175415
0.6771989561182002,7.4868340492248535
-14.6157572128631,-19.270742416381836
5.344594984386832,-4.586540222167969
-4.75101729862813,-0.6980814933776855
-89.5439156156453,-67.94818878173828
-1.207429910073891,-1.2552132606506348
13.667582002208905,2.63512921333313
-82.4887013651952,-80.66058349609375
4.40921359309415,-2.4290616512298584
-19.923371510770203,-9.4658842086792
-4.665207913971671,-9.618579864501953
3.42106467876526,9.922995567321777
-39.0956747424042,-20.427001953125
-10.288292260688207,-7.895968914031982
2.3067635611900137,-7.869197368621826
-4.92782811871599,-2.8561038970947266
10.292368565007404,6.116244316101074
-8.184373188662292,-62.37049865722656
-4.763634360062484,-9.70734977722168
-2.40000424902785,1.3352901935577393
5.009535132419683,11.755766868591309
-22.2455703021075,-18.886259078979492
3.987299411465438,5.099459171295166
-38.4962238749225,-39.35858917236328
-44.9949251983702,-32.51877212524414
-1.378759213278819,3.737746477127075
8.07102955700163,8.002531051635742
1.055995951979529,3.4963979721069336
2.188685633501576,1.5916001796722412
1.0880788430276551,5.1711297035217285
-0.2898522089969393,4.2395195960998535
-3.790702882666694,-3.5565316677093506
-7.940842049461227,-10.79513931274414
4.398742241377427,0.49253416061401367
2.5565427438131976,11.591530799865723
4.123908949931413,1.6300771236419678
-76.9668504799361,-22.234107971191406
-14.1325019191809,-20.501235961914062
7.960789166364423,3.515913486480713
0.4423212163888063,-3.2391791343688965
2.63206586722876,-0.7906786203384399
3.1988276731025875,0.7735341787338257
-1.6552655274048038,-7.473102569580078
8.077984978184695,7.441002368927002
-13.790764753514,-7.61033296585083
2.13745295521649,4.2627997398376465
3.0897024917955025,-0.003941595554351807
-0.3530077955256401,-11.083861351013184
-7.639409008216227,-8.451635360717773
2.765011277030255,1.833841323852539
3.557691046156,3.0204098224639893
4.00031385473591,5.693365097045898
-55.7541546140486,-45.64435577392578
9.550892694239591,-0.09230196475982666
1.775572054007981,-6.912941932678223
-2.248378586620203,-4.361274719238281
-56.2560888739038,-61.45668411254883
-2.5590885431480426,-4.1953535079956055
-40.5029244010595,-44.52524185180664
-30.8171784242839,-9.578359603881836
2.679404112105611,-2.426224946975708
2.76740193393285,6.452272415161133
-11.341527235964405,0.5411173105239868
-3.448025235667948,-15.784488677978516
-0.0780407432645869,-2.8327770233154297
11.616605850275496,-4.699946403503418
9.179556151687803,1.2744380235671997
7.190050317883171,-6.206353664398193
-39.4932668903457,-8.74287223815918
-2.306526469902426,-7.877554893493652
0.5403453062071405,-6.682657241821289
-23.6042929930625,-34.929996490478516
-4.172986764275874,5.725035190582275
0.5394390329931549,-4.610036373138428
5.84905996845087,8.280815124511719
-22.9515728231767,-5.992702007293701
-3.134999611446543,-5.983933925628662
-6.066411004621831,-6.298684120178223
2.24572304437811,-7.260906219482422
-70.8116033690518,-19.322643280029297
0.3224388648416145,2.72660756111145
4.755697845162629,4.807034015655518
1.7336328627834918,-9.438901901245117
3.939818822274421,1.1403038501739502
6.09033976794457,3.7455272674560547
6.4251548431743295,-0.8123977184295654
-6.47138721063866,-14.79990291595459
-0.0379657812584102,0.35017871856689453
4.4105627388370605,-5.918312072753906
2.3065604778561424,-5.504642009735107
7.588764503474316,7.780864238739014
-24.3954295810688,-20.27640151977539
7.380729755239978,7.315763473510742
5.978124919049687,0.4195178151130676
0.7860328468455551,-1.2561066150665283
-44.1817825469333,-48.503868103027344
3.58036180553514,2.3485281467437744
3.33951124606136,-1.1604728698730469
-6.79658968512302,-12.299579620361328
3.7347243087796,-3.9887380599975586
4.76541245752904,-0.1004871129989624
8.922207576391518,5.357054233551025
-11.864177458483407,-8.149815559387207
1.166748445159433,-0.8256683349609375
-25.781275563237,-10.06214427947998
4.179707781567577,4.183837890625
-1.073248118887358,0.5770225524902344
1.7249239205326918,-3.1148757934570312
-81.52648016021857,-15.726534843444824
13.015759276594096,3.52902889251709
5.35198813185094,-8.024113655090332
1.6198341998494314,-1.5942314863204956
1.6646916021852596,-9.509086608886719
-7.87226820943855,-17.139371871948242
8.652061852316729,2.1288082599639893
2.4933992323843923,0.26544249057769775
2.35160533891099,-6.069404125213623
1.30779520720034,-0.7516378164291382
-11.9965988914421,-8.752557754516602
4.780848076735348,-16.678293228149414
11.2728180991378,7.489660263061523
0.7651079053562314,-5.248291015625
-10.6557437737239,-12.125642776489258
3.27100049685324,-18.67226219177246
-5.2815921348029296,-9.19147777557373
-27.5445722402187,-37.426513671875
-2.683955047842884,1.6489918231964111
-43.929359067237,-50.10770034790039
-4.639593570653838,-12.494709014892578
-14.7229944429405,-12.312121391296387
-5.00028834575103,2.2663893699645996
-1.2236747050651609,-1.2916698455810547
-17.6830733389949,-7.009882926940918
-9.979741434164584,-8.643403053283691
-0.2823200449385875,-6.035013675689697
-36.50577458359941,-13.82606029510498
-4.853312003098937,-8.312246322631836
-27.4476544011683,-31.998620986938477
-49.5120706514507,-43.618675231933594
1.2287673509824204,5.88096284866333
9.503977484174175,5.889811992645264
-5.5186956836840375,-8.052083015441895
-2.99361591491145,-4.581948757171631
7.99575647038201,6.734204292297363
11.7225687296843,6.877778053283691
6.987950206462267,5.88988733291626
5.5273920092716775,7.331422805786133
-7.19378137939456,-8.08150863647461
6.001532732018722,10.405391693115234
7.92708077877978,3.4609456062316895
4.316615136301563,2.3562426567077637
0.1590569364430157,0.8042175769805908
2.8348518495029404,0.9261078834533691
-46.6686841099013,-24.998580932617188
-0.8984319813221007,-8.488849639892578
4.30511943579503,-0.087066650390625
-3.36735139960915,-1.053375005722046
6.58117049992555,4.783878803253174
6.753311816554961,-2.615446090698242
-1.1091988250418725,-13.842252731323242
5.26551760771767,4.937229156494141
-37.3999740396079,-14.327810287475586
-34.48768519828235,-6.754187107086182
-46.862925671502296,-28.481937408447266
-1.19024715514191,-1.746641993522644
-1.4920816076829602,-3.052851676940918
-5.775806690181939,-11.940181732177734
-14.2382866820043,-13.748095512390137
1.3131129859732091,0.07610860466957092
13.1991243046288,10.543615341186523
3.6035536346157695,-1.8032323122024536
4.97603191479674,4.704835891723633
2.9737175212081803,3.7614221572875977
-35.1782981083837,-38.46843338012695
-10.480511156242285,-4.713738441467285
-0.3170472839931941,5.1951470375061035
3.59745169898486,5.653139114379883
-5.139364658294922,-7.782530784606934
-29.2662792150344,-27.37798309326172
11.555346181601609,11.746258735656738
3.7092867134231,0.5443384051322937
-0.7280966227290082,-0.6808686256408691
0.9480162028997956,1.6168959140777588
-9.619042312244815,-24.148691177368164
-3.15562863494722,-2.894019603729248
7.285509446842615,8.147966384887695
2.71319811317338,1.6062581539154053
1.026942322157092,8.56905460357666
-4.65691689928222,-7.008768081665039
-8.677497573270493,-10.868712425231934
14.3436638764016,8.205687522888184
-11.8973420493851,-7.996395587921143
-6.61979034735207,-3.478273630142212
8.86280218600469,15.52331256866455
-3.43040335892423,-1.6415300369262695
0.4443344011282492,-0.5644371509552002
2.6678241356197647,6.075406551361084
2.334382802629,1.7078044414520264
-13.8157551615103,1.0470573902130127
1.9007667723773176,-3.489896297454834
-17.190033530139498,-15.308637619018555
3.88810032819938,-1.4651143550872803
1.2705701336207027,-12.024144172668457
3.887422638441485,-1.5544078350067139
10.349523074958825,5.358777046203613
9.62907409316032,-2.113248586654663
0.7709161631446207,-2.097322463989258
2.3166834950764685,0.8808270692825317
2.76912169862866,6.038902282714844
-46.2372447228831,-36.85972213745117
-37.0930621901092,-25.883420944213867
0.996650643215182,-1.2383193969726562
-12.898019313824,-10.275239944458008
-0.71117494174041,0.467893123626709
-0.5663484394051013,3.2199692726135254
-12.4595255596924,-13.368355751037598
-0.6089836493556324,0.4740581512451172
6.92534745147092,3.3844926357269287
3.320229681965675,1.2300264835357666
-10.274169876330886,-3.643528461456299
-49.062306315025,-49.69347381591797
-30.7261055182573,-27.473880767822266
22.7414116448382,10.329767227172852
-0.9529303605806088,7.241815090179443
-10.739322929783883,-2.3665881156921387
-20.9507978903398,-20.659704208374023
-24.96156751119129,-23.954633712768555
14.9823899147147,5.071681499481201
-14.564555056626377,-4.104824066162109
1.907333647224608,1.5073542594909668
-1.178255647098801,0.6468081474304199
1.9806048133258944,-15.770890235900879
8.833837192566008,8.620078086853027
-18.5255095356289,-16.23198699951172
3.010752586641185,-3.421921968460083
3.67041582610247,1.898488998413086
-33.7845903951132,-35.54264831542969
-13.812973987503693,-8.567211151123047
-13.861300672159,6.14674186706543
-26.24662901330595,-28.524274826049805
-1.61504571199055,-1.6375551223754883
8.754663680824095,4.648303985595703
3.22816419080692,-4.836025714874268
-2.0585753436264698,-7.578718185424805
-9.59094984812801,-18.729228973388672
6.02246857213521,5.036898136138916
-4.11149235653684,-9.567025184631348
-4.361976736345532,-10.341647148132324
-2.4097304318056905,-6.208795070648193
4.967381413305823,7.194628715515137
-11.9154244975033,-5.791856288909912
-11.183106529127476,-10.816462516784668
-2.3538192484503564,-6.643181324005127
-2.204579993178592,-3.5180656909942627
-91.8886792382854,-38.91748809814453
3.2582764286422226,2.0006465911865234
9.859104788483815,6.107840538024902
-2.6304973605131474,5.5748066902160645
8.398744223780918,6.62858772277832
1.4955767028094,9.958061218261719
6.720388221210122,1.803243637084961
6.99756701325662,0.7086958885192871
12.966325580978296,3.126309394836426
-22.8644313188967,-17.612768173217773
-14.4731176558811,-12.567822456359863
-0.0918051514147744,-0.15185832977294922
0.9434331950199416,0.6872789859771729
7.877641553655238,-3.53987717628479
-27.1636490162131,-21.872303009033203
3.42669038506664,-6.4530863761901855
0.31232235517322,4.2490620613098145
1.1848602197973823,4.599925518035889
-5.822632503482525,-10.210227012634277
-2.989164004622407,0.03741598129272461
1.69213972357191,-1.942589521408081
-0.89184437235696,-0.679926872253418
2.446050707651698,2.8734240531921387
5.07108724357905,6.052018642425537
5.42147270471237,7.73221492767334
-2.20364176327536,0.6728947162628174
3.08443697315444,-2.1326372623443604
-5.97248436581227,-4.714348316192627
-1.0190872666435924,-6.458649635314941
-14.885807229381896,-5.090163230895996
0.046018285265003,-6.016140460968018
6.00089213826483,6.915548324584961
-1.4680391508473674,-7.931686878204346
-49.8653288018085,-55.99759292602539
-7.283890318199592,-10.370877265930176
3.6053774296538297,-3.0143680572509766
6.364261125349779,-8.726552963256836
-51.4043293278057,-28.860166549682617
-64.65676531723692,-45.86646270751953
-26.1965705632023,-2.311959743499756
2.63157412115867,-5.479422092437744
16.694612728237402,20.50450325012207
-17.0314498829154,-9.052079200744629
-58.40351531723695,-65.20071411132812
-15.3173389528898,-6.31330680847168
-6.613686761665703,-12.604969024658203
-39.0646563811545,-31.210786819458008
0.809697096857583,-9.086899757385254
0.4685622181175212,-10.560164451599121
-6.376202369524528,-2.001087188720703
-14.434457477598505,-8.737245559692383
-26.0047332498617,-9.036869049072266
-17.5801214502402,-14.43076229095459
-2.60072537807549,-1.0084123611450195
7.184930267876617,10.275385856628418
0.555665600488549,-0.9929404258728027
8.747205755218493,10.76987361907959
-2.289513933263135,-0.137778639793396
3.8009101564042025,-1.8031471967697144
-1.67197513843126,-29.124177932739258
-15.746453943284,-28.70325469970703
