Score,Pred Score
4.219145585451182,-1.6430106163024902
-2.588665914009158,-0.9645814895629883
-3.0703466753296,-6.411518573760986
2.1112971208509976,-2.4559943675994873
-19.1693792779686,-11.650542259216309
-0.9096556467231308,-2.1618757247924805
-5.316952415477393,-5.680937767028809
-5.39913759737588,-2.5238454341888428
6.1026124307435,9.379646301269531
-1.6005087696864486,-3.2476563453674316
-51.6773231694491,-48.93342590332031
0.51700222845629,-0.22806096076965332
-1.6521884315998507,2.2530925273895264
2.11024229353816,1.7849913835525513
17.2594267615487,11.700491905212402
-1.73607437190069,-2.044320583343506
-5.77436797253085,-6.093191146850586
-0.568998602339841,-4.785533428192139
-1.289264920121349,-3.9265167713165283
-14.1813773041305,-20.35204315185547
-3.31847606547329,-0.4441385269165039
11.710679650337616,3.7982165813446045
2.046344769010002,4.383004665374756
-2.77042962989298,-0.49089515209198
9.014890317831036,3.4090635776519775
2.726862934921635,1.2554469108581543
-3.4922781726655696,0.38613152503967285
1.292753014965791,12.895668029785156
8.16191414696451,6.352522373199463
-8.251107402184557,-9.429195404052734
7.262818938793504,-0.195936918258667
4.14054171285972,5.550724983215332
-13.546032832554804,3.14923095703125
-16.8307740899425,-7.603989601135254
-0.2642143205483515,1.030951738357544
-6.135426654744688,0.3848268985748291
-7.187555808667961,-5.934072971343994
8.149714042401495,2.892911911010742
-6.426376983867103,-0.7449890375137329
13.9953943577381,12.331897735595703
-6.31868596379813,1.2531272172927856
5.321680837772678,-0.28610754013061523
11.9978624338519,12.712803840637207
7.909526276907584,10.526497840881348
7.206977941743588,5.840464115142822
-7.378812419643663,-0.9506320953369141
0.2475632146873464,-4.181877136230469
12.7359625054994,12.41489028930664
5.220668557811489,-0.0787210464477539
1.3318185914773402,5.108733654022217
2.776867734737273,9.817557334899902
-27.8178569354009,-32.50795364379883
-4.20883890972707,-6.024008274078369
2.78743688363977,4.567831039428711
-9.657849716236,-9.840275764465332
4.071661498679735,2.847296714782715
-10.586292641023492,-9.873920440673828
2.578081311550471,-0.01882767677307129
-42.2483635713802,-41.82376480102539
8.204494762209066,8.482634544372559
18.5317724911246,16.48275375366211
6.097122298913325,4.444910049438477
-11.299328727708405,-11.14460563659668
-6.22433036882608,3.0375380516052246
3.12612254618191,0.19944655895233154
8.756217929094177,13.552910804748535
-1.757118944268968,-5.184408187866211
-51.402683514636095,-48.743919372558594
-2.13735826282737,-0.4162755012512207
8.88265541550952,13.915901184082031
5.58846482112586,-2.209188461303711
7.383552345763623,6.5307793617248535
10.229168329440906,11.221479415893555
-17.4030551064212,-25.908803939819336
2.204062447972561,3.0771350860595703
-3.195242757261453,1.9201128482818604
-36.8822022827233,-9.16232967376709
3.812227003524945,0.887837290763855
-6.89310310865277,-12.090900421142578
-2.85382252753121,-7.017763137817383
-7.42349600405968,1.1292986869812012
4.398848813602776,3.3019375801086426
-68.1959205924323,-54.68744659423828
-3.773219093074008,2.1640853881835938
8.453421074249384,16.42444610595703
-62.9612541332419,-54.70771026611328
2.97844031586002,2.7769932746887207
-5.800670766453999,-10.259117126464844
2.409764321136161,-0.11246383190155029
-1.6610011043127195,-4.347151279449463
1.39259946716825,-1.2375844717025757
-5.785469568057495,-26.461637496948242
10.468583156479704,9.10319995880127
0.8267526169764301,-0.2157750129699707
-0.4271227388875901,0.2992372512817383
-5.85807143580148,-0.31958651542663574
-2.67676896274171,-4.114954471588135
-3.11888044241469,-0.589648962020874
6.71098989067457,8.409815788269043
6.429854346358795,5.534747123718262
-6.897600670415837,-8.774847030639648
-16.4910721624856,-11.39926528930664
-3.057699221935841,-0.9670438766479492
-17.6906096863185,-18.053470611572266
0.1461877509898399,-0.007781565189361572
-3.01321716593974,-3.217484951019287
-15.0412339008878,-15.868196487426758
-3.60075442831331,-4.22759485244751
12.5056328567953,9.095355987548828
-13.8996269060666,-13.860503196716309
5.265272900492549,2.4529364109039307
12.283123760680592,17.645483016967773
-2.54688332955635,-4.855185508728027
11.579228393987275,9.006552696228027
-0.3284521577656807,7.6805739402771
-2.33292598982445,-3.873772382736206
-0.1058882282985149,-7.128561973571777
-2.4461467814868523,1.666849136352539
-41.8026500314277,-14.098718643188477
4.417989059347175,-3.351830244064331
-40.2101205720394,-25.609792709350586
-14.277645616907492,-17.769290924072266
3.29681579894721,4.559623718261719
-0.7012610501602399,5.676863193511963
8.463248256721428,8.114402770996094
-2.491707941339629,-1.1468298435211182
4.867927463076468,1.567026138305664
-1.876637029070265,-13.604087829589844
-12.955988512618,-14.918432235717773
-7.75971004909346,-0.7667331695556641
4.67424026120176,7.186784267425537
-7.08434802004719,-5.329530715942383
-6.19730890695259,-1.316286325454712
-0.1240821746904601,1.8208129405975342
4.069163600073605,-0.32931947708129883
-1.77750068778882,-2.4844322204589844
1.8601156760560384,-1.3736703395843506
-10.8237586662752,-14.644964218139648
-50.1674018945849,-41.08255386352539
-5.8677981963370005,-10.098716735839844
-24.4869919201538,-25.063434600830078
-12.281506448986304,-4.743556022644043
-5.8772631055401,-4.8114471435546875
-0.1639564470097907,-0.7183371782302856
4.17561229224804,5.862653732299805
2.77922195660905,-2.610521078109741
-3.454798154796729,-0.25099050998687744
7.692941411907634,1.6357853412628174
-2.390619984667185,-6.504236698150635
-33.1832620874725,-42.77446365356445
-18.23432595343749,-21.66102409362793
5.29419053806362,9.194275856018066
-77.3623903172369,-68.29589080810547
15.4985727759109,11.383334159851074
7.73570234615748,9.412848472595215
-9.325981865786185,-14.454242706298828
-9.72499716390718,-10.775239944458008
13.309934514349203,5.854461669921875
2.264898495983479,10.597285270690918
-12.0320822507053,-8.365702629089355
-2.56542276271332,-3.0547680854797363
7.196532980977684,-0.16951870918273926
-1.857666460494741,0.5949876308441162
-1.4872271509121793,-3.6395199298858643
-3.12013961477547,-2.442797899246216
2.6303171850506604,-6.787879943847656
-60.49569009623433,-30.293685913085938
-30.3377383335249,-20.33877944946289
1.0590749185315824,-1.682443618774414
-6.929951553081727,-7.566269874572754
-8.46093254820262,-3.3702070713043213
2.461922216333884,1.3517260551452637
4.5031585012656095,5.579559803009033
4.435147085081137,6.399168014526367
-2.88087637063392,-0.6640990376472473
-1.5082203021212124,-2.1197214126586914
-0.6579761516790089,2.927351951599121
3.719171936095444,2.1247262954711914
-2.6053130644292946,-3.9032986164093018
7.276768036701751,0.8400256037712097
5.29091659278858,6.6805901527404785
-1.0659561461183158,-3.355706214904785
15.4186986077963,1.9502209424972534
7.543407488617369,9.055686950683594
9.58062385928767,0.7763195037841797
0.2570808252882703,-4.704386234283447
8.13893448615947,10.407478332519531
-5.14141487663266,-8.551375389099121
-16.517773128145326,-4.426407337188721
0.7364260970712593,-2.22808837890625
4.25311060075082,3.2130751609802246
-25.4508968849616,-11.530340194702148
-1.9051378030600723,2.505148410797119
5.506094216928792,7.490099906921387
-0.1777753404752198,1.0419869422912598
16.9349100756105,-0.9461209774017334
-11.607028837624,-10.016138076782227
-1.2671721747064446,-4.518614292144775
-16.1535771788668,-7.951114177703857
8.143116180793372,3.4316110610961914
7.078924552126015,-13.800511360168457
-5.73967918172164,-6.813201904296875
-23.3725501337939,-23.723312377929688
9.04709717330502,-25.64655876159668
-3.724573545179619,8.493579864501953
4.4516036428765,-2.8647513389587402
-1.657597602265355,1.6391247510910034
5.586124430090477,9.648815155029297
-26.6651088566214,-13.786640167236328
3.028467183462371,-0.01846909523010254
-40.7258600860177,-8.247471809387207
-26.912205886836706,-22.600854873657227
-3.9965921287470247,1.0064888000488281
-4.739766082030863,-5.822810173034668
4.2006804390709,3.622152805328369
-22.3071231538392,-22.561189651489258
-18.5891767455387,-16.369266510009766
-5.960419628776203,-0.7730028629302979
-18.9061714872788,-15.932151794433594
-21.4141717786538,-17.23360824584961
-12.208208404490907,-17.72042465209961
-3.72583443525641,-1.539064884185791
-2.377061578670744,0.06262016296386719
6.075310726130807,4.6100335121154785
2.12042655289975,-5.896083354949951
3.181253849239128,-2.3562395572662354
10.41580460128629,8.233403205871582
-23.8934551543691,-22.93414306640625
-0.8981307679622897,-0.9382574558258057
3.7078671714499096,1.0950660705566406
11.644495901203598,11.257766723632812
-22.42608065327665,-25.702178955078125
-1.2036514942358316,1.6499814987182617
-13.5091075877696,-4.911045551300049
-1.79502295092813,-9.046913146972656
2.332279780348585,0.6937164068222046
3.11049964318654,1.0891368389129639
3.54836143321337,1.4248758554458618
3.77256113899207,2.038569211959839
-2.35314836228574,0.5037411451339722
7.837521570550837,5.266412734985352
9.328533024448705,9.383917808532715
-37.9495035857927,-6.734745502471924
-4.144685584269085,-0.35745489597320557
8.91646092056966,-1.309035062789917
5.635020609606415,-0.300600528717041
-15.1006814359747,-2.582533836364746
-2.4599041427842496,-0.8071281909942627
2.42002639701588,7.581120014190674
-3.0331069492891496,1.1243611574172974
10.480393919522983,5.804294109344482
4.452168509343501,-2.447512626647949
-2.552277046947741,-1.0334627628326416
-5.97419023328963,-2.634042739868164
-0.5734820606807138,-3.3113319873809814
3.7606671418030695,8.215901374816895
-31.4759298257721,-32.316734313964844
0.300408103033295,3.9961612224578857
-6.32558602127377,-5.067963600158691
0.90894434552881,3.4139556884765625
5.954690473588823,-3.7539970874786377
0.0804428699766095,4.935033321380615
8.45389840526827,2.794330596923828
-2.8859593337581737,-8.601675033569336
-1.122073026503361,-9.171306610107422
-75.56229656723696,-64.12016296386719
-6.291328737399075,-7.59082555770874
-10.1192188918475,-4.889599323272705
-56.3663437951974,-46.517555236816406
2.4288820651169605,-0.8327860832214355
5.05355462238675,-0.15116262435913086
-13.1809903671301,-16.249605178833008
-6.75960002722117,-3.627819538116455
9.0758909366509,7.061519622802734
-1.4230966237807086,-3.328099489212036
5.59963570142504,7.2040324211120605
4.133325903305868,5.596096038818359
3.00680128293027,0.9516756534576416
-27.8195558011628,-26.254756927490234
-29.9162730471743,-30.60363006591797
20.7191486697607,16.943166732788086
3.455876052191651,4.01610803604126
2.595279020812243,-0.353562593460083
-4.0896099478500325,-5.764204502105713
5.3817717725564,3.605031967163086
-1.9802660997523944,-2.7474212646484375
0.4007388327427847,0.6499091386795044
10.11870938841209,7.02461051940918
-1.7174251595272625,-4.847991466522217
-13.2363849677504,-11.436833381652832
-58.24412469223692,-50.890323638916016
-47.9875704511971,-48.666648864746094
-3.681083449701528,0.35762739181518555
0.1118559290339978,-2.8952560424804688
-8.998840630677615,-0.6945356130599976
1.1941842843275,-1.952347755432129
19.33685959748449,15.515185356140137
-3.09775596823669,-0.6366499662399292
1.2555345380058751,-0.3024635314941406
-78.7451798053926,-39.71873092651367
8.35813394800668,7.352393627166748
-19.6754058911438,-20.45905876159668
4.743603615290096,3.160099744796753
1.3155747227446202,-7.073004245758057
11.316750179392892,15.456212997436523
11.779516260068313,9.499582290649414
-3.802611775309477,-9.028364181518555
-10.539071528779305,-10.235424041748047
4.49646859469848,-1.5759963989257812
3.59102041590596,1.9621920585632324
2.1560784090827942,-3.7412033081054688
-17.309192174305,-15.759018898010254
-1.768261666543676,1.546281099319458
-3.34531377329845,-1.410400152206421
-9.09730633851708,-10.579072952270508
-12.909180343140196,4.572511196136475
4.020569536845237,6.628368854522705
2.28163515100639,1.6391617059707642
-1.6307504375632549,-6.6571269035339355
7.809600001042748,4.430850505828857
-83.9761260280997,-71.12064361572266
7.656482330373112,0.8987369537353516
1.675245639565673,2.7636165618896484
-15.991582533821994,-3.7696707248687744
8.681027307740193,-2.5193779468536377
11.10272802991041,5.339205741882324
3.42951329804928,-3.412106513977051
-1.4295761119406232,4.491346836090088
-11.9299972333177,-9.093655586242676
11.923948375295712,7.1599860191345215
5.960801203295765,-1.571172833442688
-0.4381862293696001,-2.1389689445495605
-2.43808381047612,-2.585658550262451
5.72263802046558,7.730081558227539
1.1496085756031087,4.9213972091674805
-6.72144892291601,-7.284982204437256
18.1939100849816,19.14268684387207
3.61441892535489,1.137969732284546
-0.8028238008287005,9.066250801086426
0.7001962140772594,3.1678879261016846
2.125547882163602,1.897200584411621
-2.8472026300298463,-5.494429588317871
-4.534682244798708,-3.063685417175293
4.49418879319923,11.413848876953125
-10.901275449743116,-9.51496410369873
-4.736229867816737,-0.061171650886535645
-0.0053525606393112,-0.24465465545654297
7.06923762363823,3.403242826461792
-0.0084306638066775,-4.393702030181885
2.11900133622217,16.214994430541992
8.106852576346123,10.520856857299805
-0.1428452494230792,-0.7566094398498535
-1.0683487237199796,-7.62641716003418
0.0285872237409883,1.1713520288467407
2.75380173901167,-1.8361351490020752
-7.69948364751984,-4.474910259246826
-0.0556983764780604,5.547484397888184
-1.32131943338233,-0.492517352104187
-3.0345245902191325,-8.560728073120117
-2.93911844531118,-4.519303798675537
9.94612085382829,10.10108757019043
-3.5546157663424616,-4.87045431137085
-11.221818720505304,-13.251350402832031
3.9797293996962297,4.756398677825928
4.54734483862441,3.3873519897460938
-45.634880019414,-40.02193832397461
-1.6020246929696491,-4.689545154571533
-4.12581810820042,-7.834761142730713
-3.019531285218114,-0.9341564178466797
5.42509465390903,4.178798198699951
-21.5871320482388,-20.896635055541992
-1.2497809936708242,-4.09808874130249
-35.0272315856836,-31.506254196166992
3.37898618824583,1.0305334329605103
-13.4460672849668,-14.279786109924316
10.982614675109394,9.735122680664062
2.35164464781062,0.6148191690444946
-20.9676231329802,-8.94782543182373
-1.6422791314174887,-7.87033748626709
-0.3136273830120112,1.8213030099868774
-16.967828162594074,-16.214296340942383
-2.8325461302865187,1.9754483699798584
-2.6871577689602653,-2.3303658962249756
7.570838092245207,9.744606018066406
-13.547300817594484,-17.5766658782959
8.99923705482913,0.11592245101928711
-0.003939288658445,-5.771925449371338
6.147225205740463,7.703980922698975
-2.149900469098629,-2.0361294746398926
-25.2381267145584,-37.31568145751953
-5.36204355968609,-0.12295842170715332
4.43276114617859,5.141078948974609
3.27144637329635,9.586552619934082
-1.626797120535592,-3.0797247886657715
-9.859535687586003,-7.9727888107299805
2.0008593011464906,1.7464418411254883
0.369316059642221,3.787982702255249
5.79128728304933,2.029956817626953
0.1235817830644999,0.7027877569198608
-3.36903782007548,-9.004755020141602
7.06032809637297,6.959122180938721
13.71198107208239,9.87468147277832
0.2886204877907422,0.4776732921600342
16.4171583068458,14.895588874816895
-44.7886924625105,-44.82878494262695
-7.726553411266567,-3.6027417182922363
4.065326821312747,8.451327323913574
2.12749125232924,1.244004487991333
9.06213659212517,10.86591911315918
-4.51305804704249,-4.5062689781188965
4.28301459624688,4.193143367767334
-7.211196994815285,-11.81033706665039
-58.4491138315396,-56.64608383178711
-0.5413656534735456,-6.439736366271973
3.24770439300306,3.0812551975250244
-0.6472060937938101,-4.314515590667725
-1.93656353174353,3.5676212310791016
-1.94666134980912,-0.3559640645980835
-0.670930828719279,5.976006507873535
17.1612744381531,8.382039070129395
-8.044482691931467,-9.136557579040527
16.9968892380515,13.51579475402832
3.62056380925444,7.726788520812988
4.07090957771029,1.422133445739746
-1.0680791130593923,0.6051868200302124
4.69437535963172,-4.111908435821533
0.3837795244341289,2.124994993209839
0.6681105368389735,-0.7268967628479004
-8.08045020128908,-2.4767675399780273
-42.6579269422049,-47.20052719116211
-30.89708550466269,-37.346221923828125
-1.1617148968623687,-2.776658058166504
6.46185690649625,1.8415577411651611
8.658679095048068,8.60598087310791
-0.1898191226144924,1.86660635471344
6.457932781589695,9.578897476196289
-33.7712071062874,-28.59172821044922
-4.786538605318405,-3.055210828781128
-13.5632540546311,-15.758575439453125
-82.13826531723697,-57.68954849243164
-3.0453156276270903,3.9513707160949707
6.430237727930085,-5.606591701507568
5.31082796058257,2.2437326908111572
-70.65073406723695,-64.63631439208984
4.71112087372323,-5.1241374015808105
-10.78700495517378,-9.550403594970703
-6.055427015859325,-0.0942540168762207
-16.475900892606802,-4.794104099273682
-2.487076105276776,-0.7342007160186768
-48.3858044800915,-47.73149108886719
5.893700156574014,2.7730531692504883
-47.9957157156951,-48.444122314453125
-1.511416195100045,-1.3839784860610962
-7.071587649042333,-4.344418525695801
-0.3550158381598589,-0.3055473566055298
-17.0078420331655,-16.821645736694336
10.3189652047012,3.1746575832366943
8.829561804598438,13.731335639953613
10.909208084253878,12.716837882995605
-2.25262466719878,3.62666654586792
0.7445982178878973,3.4023492336273193
-4.813871520282443,-3.4695098400115967
2.85060083445348,6.690317153930664
-2.54595208771381,-2.9262523651123047
-8.692928400841772,-5.840308666229248
16.618750626525,11.209424018859863
7.37064384347005,4.154935836791992
-6.81516141534704,-10.9039888381958
-10.386374558578522,-4.087851524353027
3.73205068567752,4.194908618927002
-6.40442742836347,-10.21146011352539
1.74273211890989,-0.4364762306213379
-7.920344649869953,-3.754093647003174
-9.28527551691871,-11.180695533752441
1.51502173443586,1.6376667022705078
-90.3299705619704,-89.78216552734375
-6.512385872303066,-12.894006729125977
0.7982616963508231,-8.101436614990234
15.8859560938761,13.528063774108887
-23.227454082363305,-22.50653076171875
5.4465900456679694,15.498936653137207
-13.2494383747796,0.43837451934814453
-2.3458288386735573,5.96497106552124
-1.5403494549472296,-4.953965187072754
-2.941164138388841,5.766393184661865
-14.6311710829416,-15.074997901916504
-4.81834176383161,3.655606269836426
-4.03806373695381,-1.178885817527771
0.4076170529080399,-1.500098705291748
-34.8552692363716,-8.170653343200684
-25.0659802428987,-26.9351806640625
-5.8684323426223,-1.05270516872406
0.6771989561182002,6.5372843742370605
-14.6157572128631,-15.01164722442627
5.344594984386832,-4.232083797454834
-4.75101729862813,-2.2650928497314453
-89.5439156156453,-73.66486358642578
-1.207429910073891,0.07993888854980469
13.667582002208905,7.737493991851807
-82.4887013651952,-82.6604232788086
4.40921359309415,0.43236637115478516
-19.923371510770203,-5.761760711669922
-4.665207913971671,-9.444862365722656
3.42106467876526,13.594657897949219
-39.0956747424042,-17.71415901184082
-10.288292260688207,-4.142049789428711
2.3067635611900137,-2.1711411476135254
-4.92782811871599,-5.1738057136535645
10.292368565007404,10.576027870178223
-8.184373188662292,-54.58342361450195
-4.763634360062484,-8.20850944519043
-2.40000424902785,1.5649032592773438
5.009535132419683,10.051464080810547
-22.2455703021075,-21.256256103515625
3.987299411465438,8.581802368164062
-38.4962238749225,-37.64592361450195
-44.9949251983702,-39.01742935180664
-1.378759213278819,1.5436285734176636
8.07102955700163,6.583968639373779
1.055995951979529,-0.9000202417373657
2.188685633501576,1.204615831375122
1.0880788430276551,5.414749622344971
-0.2898522089969393,7.000246047973633
-3.790702882666694,-3.257310628890991
-7.940842049461227,-9.371672630310059
4.398742241377427,2.542001724243164
2.5565427438131976,7.241678237915039
4.123908949931413,6.397167205810547
-76.9668504799361,-26.75227165222168
-14.1325019191809,-16.221956253051758
7.960789166364423,5.91834020614624
0.4423212163888063,-5.607994556427002
2.63206586722876,4.363000869750977
3.1988276731025875,7.882168292999268
-1.6552655274048038,-3.961456775665283
8.077984978184695,8.5715970993042
-13.790764753514,-12.5314359664917
2.13745295521649,4.552807331085205
3.0897024917955025,4.595041751861572
-0.3530077955256401,-5.55385160446167
-7.639409008216227,-9.679402351379395
2.765011277030255,5.784512996673584
3.557691046156,3.1510419845581055
4.00031385473591,5.455158233642578
-55.7541546140486,-49.53249740600586
9.550892694239591,9.362469673156738
1.775572054007981,-3.0251667499542236
-2.248378586620203,-4.345733642578125
-56.2560888739038,-54.65791702270508
-2.5590885431480426,-4.925399303436279
-40.5029244010595,-37.12469482421875
-30.8171784242839,-9.751636505126953
2.679404112105611,2.568547248840332
2.76740193393285,10.62412166595459
-11.341527235964405,4.902459621429443
-3.448025235667948,-18.925966262817383
-0.0780407432645869,0.20762419700622559
11.616605850275496,-1.8473145961761475
9.179556151687803,-2.737165927886963
7.190050317883171,2.599958658218384
-39.4932668903457,-6.6349101066589355
-2.306526469902426,0.5415874719619751
0.5403453062071405,-5.037252426147461
-23.6042929930625,-42.8167724609375
-4.172986764275874,6.228946208953857
0.5394390329931549,1.6273250579833984
5.84905996845087,7.107677936553955
-22.9515728231767,-5.656367778778076
-3.134999611446543,-8.74092960357666
-6.066411004621831,-1.007171630859375
2.24572304437811,-5.666373252868652
-70.8116033690518,-17.950408935546875
0.3224388648416145,8.568156242370605
4.755697845162629,6.814977169036865
1.7336328627834918,-5.4785051345825195
3.939818822274421,-3.730587959289551
6.09033976794457,6.544135570526123
6.4251548431743295,4.036696434020996
-6.47138721063866,-9.00017261505127
-0.0379657812584102,0.5044827461242676
4.4105627388370605,-0.6668040752410889
2.3065604778561424,-0.9933805465698242
7.588764503474316,8.89907169342041
-24.3954295810688,-19.968185424804688
7.380729755239978,10.332518577575684
5.978124919049687,2.1875038146972656
0.7860328468455551,2.7373833656311035
-44.1817825469333,-42.72236633300781
3.58036180553514,4.329812526702881
3.33951124606136,3.504951000213623
-6.79658968512302,-12.41561222076416
3.7347243087796,0.5871354341506958
4.76541245752904,-5.458748817443848
8.922207576391518,10.331559181213379
-11.864177458483407,-8.343470573425293
1.166748445159433,-6.8218793869018555
-25.781275563237,-8.327359199523926
4.179707781567577,6.981799125671387
-1.073248118887358,-1.7632458209991455
1.7249239205326918,4.991353511810303
-81.52648016021857,-13.427675247192383
13.015759276594096,7.670280456542969
5.35198813185094,-3.0956265926361084
1.6198341998494314,-2.777223587036133
1.6646916021852596,-4.719660758972168
-7.87226820943855,-13.157896995544434
8.652061852316729,6.150279521942139
2.4933992323843923,0.7702412605285645
2.35160533891099,-0.9633498191833496
1.30779520720034,-2.0498344898223877
-11.9965988914421,-11.768318176269531
4.780848076735348,-5.420289993286133
11.2728180991378,10.006217002868652
0.7651079053562314,-3.583721160888672
-10.6557437737239,-10.458157539367676
3.27100049685324,-5.086812496185303
-5.2815921348029296,-4.082186698913574
-27.5445722402187,-30.35742950439453
-2.683955047842884,-0.9487020969390869
-43.929359067237,-47.183109283447266
-4.639593570653838,-2.377075672149658
-14.7229944429405,-15.460951805114746
-5.00028834575103,1.4377117156982422
-1.2236747050651609,-1.8211568593978882
-17.6830733389949,-7.5769476890563965
-9.979741434164584,-14.64039421081543
-0.2823200449385875,-6.010826587677002
-36.50577458359941,-23.988712310791016
-4.853312003098937,-4.007370471954346
-27.4476544011683,-29.48712730407715
-49.5120706514507,-47.451377868652344
1.2287673509824204,8.75377082824707
9.503977484174175,5.821346282958984
-5.5186956836840375,-10.051837921142578
-2.99361591491145,-3.2004735469818115
7.99575647038201,5.0741143226623535
11.7225687296843,10.079054832458496
6.987950206462267,3.191868305206299
5.5273920092716775,3.9749269485473633
-7.19378137939456,-5.034749984741211
6.001532732018722,10.93818187713623
7.92708077877978,7.201602458953857
4.316615136301563,5.418668270111084
0.1590569364430157,-0.24247455596923828
2.8348518495029404,2.298245906829834
-46.6686841099013,-34.267635345458984
-0.8984319813221007,-8.470100402832031
4.30511943579503,1.760382890701294
-3.36735139960915,-3.943624496459961
6.58117049992555,9.994874000549316
6.753311816554961,9.42300796508789
-1.1091988250418725,-4.593390941619873
5.26551760771767,-0.4063243865966797
-37.3999740396079,-22.027803421020508
-34.48768519828235,-19.350082397460938
-46.862925671502296,-41.595420837402344
-1.19024715514191,1.790424108505249
-1.4920816076829602,-9.280171394348145
-5.775806690181939,-10.391877174377441
-14.2382866820043,-13.913052558898926
1.3131129859732091,-1.2131191492080688
13.1991243046288,6.2704997062683105
3.6035536346157695,-6.805658340454102
4.97603191479674,5.4283766746521
2.9737175212081803,2.1720619201660156
-35.1782981083837,-42.02119827270508
-10.480511156242285,-4.171075344085693
-0.3170472839931941,2.3644862174987793
3.59745169898486,6.630394458770752
-5.139364658294922,-8.36621379852295
-29.2662792150344,-28.63698959350586
11.555346181601609,9.144190788269043
3.7092867134231,2.522528886795044
-0.7280966227290082,3.429395914077759
0.9480162028997956,1.6369624137878418
-9.619042312244815,-28.1583309173584
-3.15562863494722,-2.2810187339782715
7.285509446842615,1.100433111190796
2.71319811317338,2.284339427947998
1.026942322157092,6.519345283508301
-4.65691689928222,-9.224287986755371
-8.677497573270493,-8.8005952835083
14.3436638764016,7.023281097412109
-11.8973420493851,-8.914411544799805
-6.61979034735207,-2.6721725463867188
8.86280218600469,12.299310684204102
-3.43040335892423,-0.9992177486419678
0.4443344011282492,-1.7128868103027344
2.6678241356197647,4.442778587341309
2.334382802629,2.4420268535614014
-13.8157551615103,-3.8901174068450928
1.9007667723773176,-2.264354944229126
-17.190033530139498,-23.440900802612305
3.88810032819938,-6.117864608764648
1.2705701336207027,-10.83480167388916
3.887422638441485,2.885749101638794
10.349523074958825,-0.13530564308166504
9.62907409316032,-3.5269076824188232
0.7709161631446207,-5.311680793762207
2.3166834950764685,2.070371627807617
2.76912169862866,-0.5208930969238281
-46.2372447228831,-44.96814727783203
-37.0930621901092,-28.160741806030273
0.996650643215182,-6.643973350524902
-12.898019313824,-8.795465469360352
-0.71117494174041,0.2172694206237793
-0.5663484394051013,1.676642894744873
-12.4595255596924,-7.564234733581543
-0.6089836493556324,-2.1107940673828125
6.92534745147092,-3.1742730140686035
3.320229681965675,1.3483426570892334
-10.274169876330886,-10.42337417602539
-49.062306315025,-51.328731536865234
-30.7261055182573,-31.254497528076172
22.7414116448382,13.59146499633789
-0.9529303605806088,3.681403160095215
-10.739322929783883,1.0279803276062012
-20.9507978903398,-22.26730728149414
-24.96156751119129,-28.850601196289062
14.9823899147147,11.443943977355957
-14.564555056626377,-4.163884162902832
1.907333647224608,1.091391682624817
-1.178255647098801,-1.9110212326049805
1.9806048133258944,-16.931774139404297
8.833837192566008,9.54364013671875
-18.5255095356289,-13.31562328338623
3.010752586641185,-2.212881565093994
3.67041582610247,1.8951867818832397
-33.7845903951132,-35.013031005859375
-13.812973987503693,-14.87740707397461
-13.861300672159,10.836287498474121
-26.24662901330595,-26.6290225982666
-1.61504571199055,-5.970239162445068
8.754663680824095,6.654366970062256
3.22816419080692,-2.7193603515625
-2.0585753436264698,-7.387805461883545
-9.59094984812801,-16.945642471313477
6.02246857213521,4.819379806518555
-4.11149235653684,-10.105072975158691
-4.361976736345532,-9.692720413208008
-2.4097304318056905,-6.9255571365356445
4.967381413305823,6.096222877502441
-11.9154244975033,-7.383056640625
-11.183106529127476,-11.566753387451172
-2.3538192484503564,-3.7440099716186523
-2.204579993178592,-7.545361518859863
-91.8886792382854,-44.20960235595703
3.2582764286422226,1.6822781562805176
9.859104788483815,9.134058952331543
-2.6304973605131474,2.5819640159606934
8.398744223780918,11.175833702087402
1.4955767028094,2.0421864986419678
6.720388221210122,6.531988620758057
6.99756701325662,8.840198516845703
12.966325580978296,8.9013090133667
-22.8644313188967,-21.94655418395996
-14.4731176558811,-14.130138397216797
-0.0918051514147744,0.7715224027633667
0.9434331950199416,5.020549774169922
7.877641553655238,2.466486930847168
-27.1636490162131,-27.701793670654297
3.42669038506664,0.20783507823944092
0.31232235517322,1.9048373699188232
1.1848602197973823,2.3248648643493652
-5.822632503482525,-3.315636396408081
-2.989164004622407,-4.858689308166504
1.69213972357191,1.6674823760986328
-0.89184437235696,2.6082398891448975
2.446050707651698,-0.37137603759765625
5.07108724357905,-3.0399322509765625
5.42147270471237,1.9791858196258545
-2.20364176327536,-3.8519368171691895
3.08443697315444,3.1374075412750244
-5.97248436581227,-3.6485648155212402
-1.0190872666435924,-6.473466873168945
-14.885807229381896,-8.668031692504883
0.046018285265003,-4.448463439941406
6.00089213826483,2.182474136352539
-1.4680391508473674,-3.372572183609009
-49.8653288018085,-54.07866668701172
-7.283890318199592,-9.138017654418945
3.6053774296538297,-1.1531533002853394
6.364261125349779,-5.809170722961426
-51.4043293278057,-42.232444763183594
-64.65676531723692,-62.95539855957031
-26.1965705632023,-10.196866989135742
2.63157412115867,2.379289388656616
16.694612728237402,21.44145965576172
-17.0314498829154,-13.2784423828125
-58.40351531723695,-60.213626861572266
-15.3173389528898,-10.999639511108398
-6.613686761665703,-19.282655715942383
-39.0646563811545,-33.25565719604492
0.809697096857583,-7.381649494171143
0.4685622181175212,-4.346383571624756
-6.376202369524528,-7.14482307434082
-14.434457477598505,-10.238385200500488
-26.0047332498617,-19.480756759643555
-17.5801214502402,-17.22486114501953
-2.60072537807549,-2.659609317779541
7.184930267876617,10.804614067077637
0.555665600488549,-2.0214426517486572
8.747205755218493,9.495957374572754
-2.289513933263135,-2.9637722969055176
3.8009101564042025,2.7332096099853516
-1.67197513843126,-10.19587516784668
-15.746453943284,-25.55714988708496
