Score,Pred Score
8.88888888888889,-2.9248671531677246
-0.5555555555555556,-3.1697139739990234
-8.444444444444445,-2.038100242614746
0.4444444444444444,-1.3441288471221924
-2.7777777777777777,-3.5212032794952393
-3.6666666666666665,-3.3468499183654785
-5.222222222222222,-3.717500686645508
-10.555555555555555,-8.07907485961914
0.6666666666666666,-5.388251781463623
8.0,-1.6546391248703003
0.2222222222222222,9.885003089904785
-2.6666666666666665,-0.47794482111930847
-5.111111111111111,-6.266515731811523
-9.333333333333334,-5.155628204345703
-0.3333333333333333,4.6901140213012695
2.6666666666666665,-0.8416057229042053
-8.88888888888889,-3.606649398803711
-5.555555555555555,1.326079249382019
1.5555555555555556,-0.44411441683769226
-4.444444444444445,5.951525688171387
-8.0,-0.6999199986457825
5.222222222222222,1.5084421634674072
-1.8888888888888888,0.8792074918746948
-7.555555555555555,1.0738089084625244
4.0,0.30336272716522217
0.1111111111111111,1.2351150512695312
1.4444444444444444,-1.0159941911697388
-2.0,5.245158672332764
-2.7777777777777777,-1.1723442077636719
-6.555555555555555,0.5119376182556152
-8.666666666666666,-0.43642324209213257
-5.0,1.7261204719543457
-3.7777777777777777,-2.4730091094970703
9.555555555555555,-3.442413806915283
-10.22222222222222,-5.547409534454346
9.0,6.688299655914307
-2.7777777777777777,-0.6302024126052856
-1.5555555555555556,-2.5175108909606934
-1.8888888888888888,-0.05927911400794983
2.4444444444444446,-2.2973275184631348
-5.222222222222222,-4.684129238128662
-1.6666666666666667,-0.9130685329437256
5.888888888888889,-1.9140758514404297
-6.666666666666667,-6.154094696044922
-0.2222222222222222,-4.689086437225342
-6.666666666666667,-4.095644950866699
-5.111111111111111,-6.2093000411987305
0.3333333333333333,-1.3778455257415771
-0.4444444444444444,-2.387859344482422
-4.444444444444445,-1.3614317178726196
3.4444444444444446,0.6136177778244019
-0.7777777777777778,0.354059636592865
-9.555555555555555,-1.3698410987854004
-5.333333333333333,-3.0177013874053955
5.222222222222222,-1.5056447982788086
6.444444444444445,3.4821102619171143
5.111111111111111,-2.181295871734619
4.888888888888889,-3.6388115882873535
-6.0,3.5264666080474854
-5.666666666666667,-6.9804558753967285
37.77777777777778,1.6499502658843994
-7.111111111111111,-0.577866792678833
-1.4444444444444444,-0.7135993838310242
6.777777777777778,-0.49268603324890137
-9.444444444444445,2.209887742996216
-6.333333333333333,-3.049896478652954
-0.4444444444444444,2.183018684387207
5.111111111111111,0.3820476233959198
9.11111111111111,2.559443473815918
-1.7777777777777777,4.133060455322266
-7.888888888888889,1.3651643991470337
-3.6666666666666665,0.6046626567840576
-2.888888888888889,3.168757200241089
-8.0,1.232574224472046
-2.4444444444444446,1.2667357921600342
7.888888888888889,12.019538879394531
-0.2222222222222222,9.76466178894043
-0.5555555555555556,0.09951391816139221
-2.7777777777777777,1.975434422492981
-3.555555555555556,-0.051540955901145935
-0.5555555555555556,-1.5556998252868652
-2.111111111111111,-5.373513221740723
-1.5555555555555556,-2.276442289352417
2.4444444444444446,2.1006953716278076
-8.11111111111111,-1.4183260202407837
-0.6666666666666666,-3.1626460552215576
3.0,1.1391831636428833
-1.4444444444444444,-0.6216638684272766
9.666666666666666,1.4027982950210571
3.111111111111111,1.5859957933425903
-12.555555555555555,-1.7994734048843384
4.666666666666667,-1.5316808223724365
-12.0,8.542588233947754
-10.88888888888889,-0.15491217374801636
17.11111111111111,1.0543514490127563
9.22222222222222,10.53200912475586
-1.3333333333333333,-3.5817713737487793
5.666666666666667,0.029781892895698547
-5.666666666666667,-2.692169666290283
-3.888888888888889,-5.019297122955322
-8.11111111111111,-1.27897047996521
-9.444444444444445,-4.270174026489258
-2.7777777777777777,-3.309131622314453
-5.888888888888889,3.4175753593444824
8.555555555555555,-5.661892414093018
-3.555555555555556,-4.272044658660889
2.555555555555556,-2.066828727722168
-25.22222222222222,-3.9827663898468018
5.888888888888889,-3.0510473251342773
-2.7777777777777777,-1.174941897392273
-6.444444444444445,-2.256274700164795
-17.444444444444443,-3.779874801635742
-0.1111111111111111,-1.7543935775756836
-4.666666666666667,-1.8333556652069092
-1.7777777777777777,-3.9008090496063232
-0.2222222222222222,-2.6708149909973145
6.111111111111111,-1.9228297472000122
-5.444444444444445,-5.083224296569824
-4.222222222222222,-5.607800483703613
-3.6666666666666665,0.3995986878871918
-2.4444444444444446,-4.4696455001831055
-10.0,-4.384959697723389
8.333333333333334,0.4281594455242157
25.55555555555556,6.732536792755127
-2.555555555555556,-6.305566787719727
-4.555555555555555,-2.9918291568756104
-1.3333333333333333,-3.7127180099487305
22.666666666666668,2.0929434299468994
3.2222222222222223,6.264012813568115
-3.2222222222222223,-1.4689128398895264
-1.2222222222222223,-1.1093449592590332
-1.1111111111111112,3.1349244117736816
-6.111111111111111,-2.8761379718780518
-12.555555555555555,-3.0741231441497803
13.11111111111111,1.6736642122268677
8.88888888888889,-0.8922030925750732
-2.2222222222222223,2.060020923614502
-8.666666666666666,-3.7871081829071045
-11.555555555555555,-1.223834753036499
-3.2222222222222223,12.272953987121582
-2.0,-0.640116274356842
-1.5555555555555556,-0.11527469754219055
-6.111111111111111,0.38083702325820923
2.0,0.12338036298751831
-8.333333333333334,-4.240730285644531
-2.4444444444444446,-3.9025189876556396
4.222222222222222,-3.403797149658203
26.22222222222222,-2.991976737976074
-5.0,-6.041860580444336
-2.2222222222222223,-2.362499952316284
1.1111111111111112,0.9818950891494751
-10.0,-3.2495594024658203
4.555555555555555,-3.9907398223876953
3.6666666666666665,-3.162682294845581
-11.666666666666666,-4.999758720397949
12.22222222222222,-4.708014488220215
-0.3333333333333333,-0.8511291742324829
-9.11111111111111,-7.295418739318848
-1.4444444444444444,-1.7666960954666138
-3.4444444444444446,-6.065761566162109
-10.11111111111111,-0.8414016962051392
-2.111111111111111,-1.7725375890731812
15.666666666666666,8.102046966552734
-3.888888888888889,-1.2896451950073242
-3.2222222222222223,1.315568208694458
2.0,2.789931297302246
-4.666666666666667,-1.6745682954788208
1.7777777777777777,-2.5405914783477783
1.0,-1.0232603549957275
-1.3333333333333333,-1.7877305746078491
-5.222222222222222,-3.73582124710083
-0.2222222222222222,-4.224275588989258
-3.0,2.4402968883514404
-6.555555555555555,-1.8988325595855713
-1.3333333333333333,0.23154622316360474
-2.111111111111111,-0.6708855032920837
9.555555555555555,-1.8556795120239258
0.7777777777777778,-6.219975471496582
38.11111111111112,9.051097869873047
0.0,-3.63486647605896
-4.222222222222222,-3.6515750885009766
1.3333333333333333,-3.046025276184082
8.555555555555555,-4.79308557510376
-3.555555555555556,-4.054248809814453
33.0,10.457954406738281
-4.777777777777778,1.1507364511489868
29.0,4.434253692626953
-12.555555555555555,-9.395402908325195
2.111111111111111,-0.7308827042579651
-3.2222222222222223,-4.222306251525879
-7.111111111111111,-4.555896282196045
-4.222222222222222,-5.307974815368652
-7.444444444444445,-1.1747397184371948
-10.0,-1.9598160982131958
7.888888888888889,1.7847894430160522
1.6666666666666667,-1.7313066720962524
-4.0,-6.526115894317627
-2.888888888888889,-4.550754070281982
0.5555555555555556,-2.462651252746582
-14.333333333333334,-0.7251884937286377
-9.0,4.923264980316162
-4.888888888888889,0.5887137651443481
-4.111111111111111,3.96862530708313
-0.5555555555555556,-1.7020683288574219
-1.6666666666666667,-1.762836217880249
-1.3333333333333333,1.4371042251586914
-5.666666666666667,3.6071181297302246
-6.111111111111111,-3.9146077632904053
0.8888888888888888,4.063528537750244
-5.0,4.706928253173828
-14.77777777777778,-6.476663589477539
0.8888888888888888,-3.295349597930908
2.2222222222222223,4.940090179443359
2.7777777777777777,5.170301914215088
7.666666666666667,-4.778138637542725
-2.555555555555556,3.6057322025299072
-5.111111111111111,5.715658664703369
-1.1111111111111112,-3.6962430477142334
8.222222222222221,7.866044998168945
9.333333333333334,-4.032329082489014
7.888888888888889,8.208949089050293
0.3333333333333333,-5.181139945983887
-8.0,-7.098539352416992
-7.555555555555555,0.9108294248580933
-4.777777777777778,-4.052999496459961
-0.3333333333333333,-2.2230007648468018
-5.333333333333333,-2.77488112449646
4.333333333333333,-5.115209579467773
-1.4444444444444444,-1.8193614482879639
-2.888888888888889,-6.545061111450195
3.111111111111111,-5.200505256652832
17.333333333333332,-1.6077996492385864
2.0,-1.9864232540130615
-13.88888888888889,-5.291103839874268
-4.444444444444445,-3.1424455642700195
-11.666666666666666,-6.410584926605225
-4.444444444444445,-5.145299911499023
-4.222222222222222,-2.9246768951416016
-7.333333333333333,-13.541190147399902
-3.2222222222222223,-3.491816520690918
-3.4444444444444446,-3.8425209522247314
-3.111111111111111,-0.4097018539905548
-5.333333333333333,0.08511495590209961
7.888888888888889,0.4738103151321411
19.88888888888889,11.908175468444824
-0.1111111111111111,-0.30872291326522827
-2.555555555555556,-1.8759589195251465
-6.888888888888889,-2.050175189971924
-6.111111111111111,9.794422149658203
-1.5555555555555556,-0.26041379570961
-4.333333333333333,-3.0420637130737305
0.6666666666666666,-1.907340407371521
-24.0,-3.3687050342559814
-4.222222222222222,-1.0871479511260986
-1.0,0.4817500710487366
1.3333333333333333,-0.7841873168945312
-12.666666666666666,-7.0530242919921875
-7.0,-4.158297538757324
-1.3333333333333333,-5.6883697509765625
-7.0,-7.747933864593506
5.888888888888889,-3.2955803871154785
-8.11111111111111,-7.767315864562988
-5.777777777777778,-4.991641521453857
-2.888888888888889,-4.94717264175415
-12.77777777777778,-5.849861145019531
-6.444444444444445,-5.566928863525391
-2.4444444444444446,1.1400941610336304
6.0,-0.06937599182128906
-8.666666666666666,1.3238542079925537
-2.111111111111111,-3.645777463912964
11.11111111111111,-4.8472418785095215
5.333333333333333,-2.7028627395629883
2.4444444444444446,0.9083410501480103
-3.7777777777777777,-4.206409931182861
-1.8888888888888888,-3.929624557495117
-0.7777777777777778,-3.1077816486358643
-5.111111111111111,-3.0920517444610596
0.6666666666666666,-2.610316038131714
-1.3333333333333333,-0.23244965076446533
18.77777777777778,5.265738010406494
7.0,1.5807809829711914
-22.55555555555556,-1.8629745244979858
-5.333333333333333,-2.60866117477417
-0.7777777777777778,0.815493106842041
10.444444444444445,-5.583942890167236
-1.4444444444444444,-1.265018343925476
-0.8888888888888888,-3.3638744354248047
10.0,-5.701982021331787
23.0,1.6318706274032593
0.1111111111111111,2.1009955406188965
-1.6666666666666667,3.0230488777160645
-8.88888888888889,2.7477755546569824
-10.444444444444445,1.6595346927642822
-1.0,1.4566466808319092
0.6666666666666666,-0.9046388864517212
-4.111111111111111,1.7202990055084229
18.11111111111111,2.1818222999572754
-1.3333333333333333,-0.8266786336898804
-6.333333333333333,0.24016079306602478
-6.666666666666667,0.6728914976119995
-4.111111111111111,3.0828614234924316
-7.555555555555555,-1.2283326387405396
-10.555555555555555,-0.09326070547103882
0.5555555555555556,-0.8512957692146301
5.555555555555555,-0.8912018537521362
-0.1111111111111111,1.4477659463882446
-2.888888888888889,-4.2903947830200195
2.4444444444444446,0.31451094150543213
-2.888888888888889,-3.114326238632202
18.666666666666668,5.820406436920166
1.2222222222222223,-2.4381325244903564
-2.2222222222222223,-3.184654474258423
-1.0,-1.8392808437347412
5.222222222222222,3.497736930847168
4.222222222222222,1.7426973581314087
-0.2222222222222222,-1.6392314434051514
16.444444444444443,-3.7089061737060547
-8.0,-2.1358330249786377
-11.666666666666666,-4.251210689544678
0.1111111111111111,-2.6032629013061523
2.2222222222222223,8.84623908996582
-5.333333333333333,-2.4182846546173096
-2.333333333333333,-1.177126407623291
-3.555555555555556,-1.7457952499389648
-3.111111111111111,0.2449827790260315
-9.22222222222222,-0.24935761094093323
-9.666666666666666,5.014993190765381
-6.333333333333333,2.442741870880127
-8.333333333333334,-5.190400123596191
-11.555555555555555,-1.603126049041748
-8.333333333333334,-1.3387396335601807
25.0,0.1069372296333313
-5.222222222222222,-0.4033418893814087
3.555555555555556,1.8339217901229858
-2.333333333333333,-1.8722501993179321
-13.666666666666666,0.5605653524398804
-2.333333333333333,-5.240663528442383
-6.444444444444445,-0.06036174297332764
10.22222222222222,2.8496522903442383
-4.888888888888889,-2.7778944969177246
6.444444444444445,8.999513626098633
2.0,5.547114849090576
15.0,-1.6759862899780273
-10.0,-7.3995137214660645
-5.666666666666667,3.5121665000915527
-3.7777777777777777,-2.536273956298828
1.2222222222222223,-3.6125659942626953
-1.4444444444444444,-3.6264121532440186
-4.222222222222222,-0.07510745525360107
2.4444444444444446,-3.819221019744873
2.333333333333333,4.097416400909424
-7.666666666666667,1.9725123643875122
-0.2222222222222222,-0.26207244396209717
0.2222222222222222,-1.7481437921524048
1.2222222222222223,-3.0827183723449707
-4.888888888888889,-1.66102135181427
-1.2222222222222223,-3.5650696754455566
0.7777777777777778,-2.0829570293426514
-1.5555555555555556,-7.559755325317383
-4.444444444444445,2.6639440059661865
-1.1111111111111112,-4.579588413238525
-3.111111111111111,-3.08839750289917
-0.2222222222222222,-3.3827619552612305
3.0,-0.883830189704895
30.0,2.5014986991882324
12.88888888888889,9.234728813171387
-0.3333333333333333,-1.4596120119094849
41.55555555555556,-2.76246976852417
-13.333333333333334,-1.9558601379394531
-10.555555555555555,4.260290622711182
0.7777777777777778,0.6990882754325867
0.3333333333333333,2.0404717922210693
-3.555555555555556,-4.123538017272949
7.222222222222222,4.206855297088623
4.666666666666667,8.182165145874023
-9.88888888888889,1.9883241653442383
-6.111111111111111,1.125910758972168
-3.4444444444444446,1.0702937841415405
7.888888888888889,13.018068313598633
0.2222222222222222,-1.0047649145126343
-0.3333333333333333,-1.2174383401870728
2.4444444444444446,11.214683532714844
0.3333333333333333,2.8988757133483887
-4.777777777777778,-0.4044967591762543
-2.111111111111111,-1.708301067352295
-6.111111111111111,-1.6514941453933716
3.333333333333333,-1.5616575479507446
0.8888888888888888,-0.5540035367012024
-4.777777777777778,0.0655367374420166
-3.888888888888889,-0.15637946128845215
-10.0,-1.755433201789856
-21.33333333333333,-3.3219220638275146
-4.444444444444445,-3.8367295265197754
2.0,-0.369637131690979
-5.222222222222222,-3.2748658657073975
1.2222222222222223,-0.4689370393753052
-9.666666666666666,-2.5899875164031982
-7.222222222222222,0.07471007108688354
-6.555555555555555,-0.49069228768348694
-8.777777777777779,-2.478076457977295
-8.11111111111111,-1.9838508367538452
0.3333333333333333,-5.190769195556641
0.4444444444444444,0.9850450754165649
0.1111111111111111,-4.394204616546631
13.22222222222222,0.4963259696960449
-3.888888888888889,-8.215063095092773
-0.8888888888888888,-4.773027420043945
-4.777777777777778,-7.523258686065674
-9.22222222222222,-5.970095634460449
3.111111111111111,-4.6275634765625
2.2222222222222223,-6.111307621002197
-10.555555555555555,-7.017298698425293
-1.0,-6.041296482086182
-11.0,-3.5688743591308594
-4.666666666666667,-3.7644269466400146
-4.0,-5.175084114074707
3.6666666666666665,-1.4048177003860474
-1.0,-5.296600818634033
3.0,0.3505169153213501
-9.444444444444445,3.018543004989624
3.333333333333333,-2.2531111240386963
-4.111111111111111,-1.7832106351852417
6.555555555555555,3.6413702964782715
3.333333333333333,8.14253044128418
-7.222222222222222,-2.887741804122925
0.4444444444444444,0.33891817927360535
-2.7777777777777777,-4.044866561889648
-2.2222222222222223,-1.5132966041564941
-2.6666666666666665,-5.300662040710449
-1.7777777777777777,-4.799312114715576
13.22222222222222,9.290162086486816
-3.2222222222222223,-3.662876605987549
-6.888888888888889,-2.6361255645751953
-8.666666666666666,2.9994490146636963
2.0,-0.07832217216491699
0.0,-2.63883113861084
-2.888888888888889,4.355127334594727
-5.888888888888889,-1.202957272529602
5.555555555555555,2.2933690547943115
-4.0,-0.4409392774105072
6.444444444444445,0.04767930507659912
-3.555555555555556,0.11533904075622559
-1.3333333333333333,3.739772319793701
2.0,-4.098182201385498
-6.0,-2.398898124694824
-18.88888888888889,3.682875156402588
-13.555555555555555,1.6981631517410278
-2.888888888888889,-0.5474499464035034
6.444444444444445,-3.828453779220581
-4.111111111111111,-1.2936571836471558
-6.555555555555555,-4.8954339027404785
-3.111111111111111,-3.8493714332580566
-1.5555555555555556,-4.9110493659973145
-1.7777777777777777,-2.990769863128662
5.555555555555555,-1.2449800968170166
-1.5555555555555556,-0.7154992818832397
12.77777777777778,-1.672916054725647
-7.777777777777778,-5.499708652496338
1.3333333333333333,-3.3630523681640625
-2.555555555555556,-2.2477471828460693
19.22222222222222,5.991714000701904
4.666666666666667,-3.468371868133545
-5.888888888888889,-1.8821419477462769
-7.888888888888889,-5.386519908905029
10.77777777777778,-2.795299530029297
32.111111111111114,8.277976989746094
-5.666666666666667,-1.0825128555297852
9.11111111111111,4.082960605621338
8.777777777777779,-0.5858490467071533
-9.11111111111111,-2.2417502403259277
4.555555555555555,-0.9834595322608948
3.4444444444444446,4.70381498336792
-11.555555555555555,1.6394180059432983
-3.0,-0.7131742238998413
-5.222222222222222,-2.4834556579589844
1.1111111111111112,-0.41073763370513916
-9.555555555555555,-1.8082131147384644
-3.888888888888889,8.00127124786377
-0.3333333333333333,0.1650339961051941
1.6666666666666667,-1.6366009712219238
-8.555555555555555,-2.7291970252990723
11.333333333333334,5.970978260040283
8.88888888888889,3.5846645832061768
-4.222222222222222,5.067225933074951
-0.6666666666666666,0.10760807991027832
-8.333333333333334,-2.0561656951904297
-2.888888888888889,0.6044439077377319
-9.77777777777778,-4.833293437957764
-2.4444444444444446,-0.42044538259506226
7.222222222222222,1.2989248037338257
-11.11111111111111,-1.656851053237915
-3.2222222222222223,2.30798602104187
3.555555555555556,1.42962646484375
-1.2222222222222223,-0.7133603096008301
-15.11111111111111,3.039844512939453
-8.222222222222221,-1.0552085638046265
1.5555555555555556,-4.055178642272949
-6.222222222222222,-3.3257248401641846
-2.888888888888889,-5.814580917358398
-1.3333333333333333,2.581477642059326
4.0,0.6375449299812317
5.666666666666667,4.635622978210449
6.777777777777778,3.3145480155944824
-3.6666666666666665,-0.04706032574176788
-5.222222222222222,1.7872657775878906
-6.0,-1.0513931512832642
0.4444444444444444,-4.586269855499268
-4.444444444444445,-2.544969320297241
-6.888888888888889,-3.283482551574707
-0.1111111111111111,-0.6261441707611084
-5.555555555555555,-3.164062976837158
-8.666666666666666,4.545229911804199
3.4444444444444446,-3.8130812644958496
-0.8888888888888888,0.4452257752418518
-2.6666666666666665,-1.3515188694000244
-1.3333333333333333,-4.606884956359863
2.4444444444444446,-4.933353424072266
-9.22222222222222,-6.095095157623291
-12.333333333333334,-1.6399716138839722
25.666666666666668,-0.3221926689147949
2.4444444444444446,-5.600911617279053
2.2222222222222223,-1.6239007711410522
-1.2222222222222223,-11.143954277038574
-2.6666666666666665,-5.555835723876953
-5.333333333333333,-4.776157855987549
0.0,-3.3772499561309814
-1.4444444444444444,-6.04365873336792
-3.555555555555556,-5.752339839935303
-0.5555555555555556,-0.9103589057922363
-5.222222222222222,-1.3256306648254395
-2.0,-1.316091537475586
3.555555555555556,-1.358493685722351
3.555555555555556,-2.3941099643707275
-1.0,-0.0579259991645813
5.222222222222222,0.0268268883228302
-11.11111111111111,-3.992974042892456
-6.222222222222222,-5.703347682952881
-8.11111111111111,-3.202152729034424
5.333333333333333,-4.576865196228027
-1.8888888888888888,-2.8257851600646973
1.7777777777777777,5.50274133682251
-1.4444444444444444,-4.103000640869141
-2.0,-3.5146145820617676
-10.22222222222222,0.2706252634525299
2.2222222222222223,-1.6613290309906006
7.111111111111111,0.13188689947128296
-5.0,-6.3822021484375
23.33333333333333,-5.083757400512695
2.888888888888889,-5.558963775634766
-0.3333333333333333,-3.7418060302734375
-2.7777777777777777,-2.970576286315918
20.11111111111111,-0.2936632037162781
-6.555555555555555,-2.934568166732788
-5.888888888888889,-2.25968337059021
-13.0,0.21531915664672852
-2.6666666666666665,-1.9176952838897705
-4.666666666666667,-1.4927194118499756
0.8888888888888888,-0.7261407375335693
-2.111111111111111,-1.404691457748413
21.55555555555556,6.3635711669921875
4.444444444444445,-2.728545665740967
1.2222222222222223,-0.6253408193588257
13.333333333333334,6.892179489135742
-17.22222222222222,-1.2677698135375977
13.11111111111111,2.2420027256011963
3.555555555555556,3.6052327156066895
-3.4444444444444446,1.4682976007461548
11.22222222222222,4.210282325744629
-4.555555555555555,4.050545692443848
1.4444444444444444,-0.5344340205192566
-5.0,2.181212902069092
15.22222222222222,6.8589091300964355
4.444444444444445,1.3056782484054565
-7.666666666666667,0.4662686288356781
-3.111111111111111,1.495040774345398
-6.666666666666667,0.07632364332675934
0.4444444444444444,0.72037672996521
-4.111111111111111,1.9507968425750732
-2.2222222222222223,-1.1543067693710327
16.88888888888889,9.866819381713867
-4.0,-4.308597564697266
-11.333333333333334,0.6620830297470093
0.5555555555555556,3.656134605407715
8.777777777777779,5.886030673980713
1.0,-0.4063614308834076
-3.2222222222222223,-0.4738105833530426
0.0,-2.8728086948394775
3.2222222222222223,0.5862876176834106
1.2222222222222223,-0.008484482765197754
-4.111111111111111,-2.3958914279937744
-2.4444444444444446,-2.708887815475464
2.0,-1.2461249828338623
-4.444444444444445,-1.8978608846664429
-8.666666666666666,-3.9561543464660645
-1.7777777777777777,-1.5979057550430298
-4.333333333333333,-2.4347236156463623
-5.333333333333333,-4.358744144439697
2.0,-1.896846890449524
-0.2222222222222222,-0.01927545666694641
4.222222222222222,-3.1722989082336426
6.444444444444445,-2.9084274768829346
-15.88888888888889,-2.9876911640167236
21.0,2.3532156944274902
9.444444444444445,4.476958274841309
1.2222222222222223,-5.74876594543457
-7.888888888888889,-0.34137505292892456
-2.4444444444444446,-5.174754619598389
4.111111111111111,-1.9523557424545288
3.888888888888889,5.227010726928711
-4.111111111111111,0.664150059223175
-5.333333333333333,-1.931762933731079
31.22222222222222,-4.569301128387451
-4.888888888888889,0.8850405812263489
-5.777777777777778,1.0899782180786133
-1.8888888888888888,-0.8079508543014526
19.55555555555556,4.00851583480835
-2.0,-3.797041893005371
3.111111111111111,4.620329856872559
-1.1111111111111112,1.7675645351409912
11.22222222222222,2.8694331645965576
3.555555555555556,-0.9610370993614197
-0.8888888888888888,-0.8460479378700256
24.88888888888889,13.986312866210938
-4.111111111111111,0.39565688371658325
13.88888888888889,18.038532257080078
-1.5555555555555556,4.266382217407227
-7.111111111111111,2.921114444732666
-15.666666666666666,1.5404818058013916
-22.88888888888889,0.8233323097229004
9.666666666666666,2.1486339569091797
2.2222222222222223,11.977202415466309
-3.4444444444444446,2.1162109375
-6.555555555555555,2.5339255332946777
-14.0,5.33159065246582
2.2222222222222223,3.008826494216919
1.2222222222222223,10.1443452835083
-5.333333333333333,5.083835601806641
-6.333333333333333,-0.9566678404808044
-4.0,2.445321798324585
-3.2222222222222223,1.3264409303665161
-1.8888888888888888,-1.7148873805999756
0.3333333333333333,-6.948962211608887
7.777777777777778,3.7412655353546143
-1.0,-2.2525784969329834
-1.6666666666666667,1.0793665647506714
-17.22222222222222,-3.1604318618774414
-2.333333333333333,-1.3445276021957397
11.666666666666666,7.129066467285156
-0.6666666666666666,2.818443775177002
1.2222222222222223,-1.5218610763549805
19.33333333333333,0.3733900189399719
-3.888888888888889,0.5849382281303406
9.333333333333334,-1.788734793663025
-2.555555555555556,-2.4574666023254395
-7.555555555555555,-0.6701472401618958
-0.1111111111111111,-0.5622429251670837
3.888888888888889,-0.4512755274772644
-7.888888888888889,0.30196893215179443
-1.0,-0.6166182160377502
-1.2222222222222223,5.874527454376221
-6.222222222222222,-0.6237173080444336
-1.3333333333333333,-2.1729354858398438
-3.4444444444444446,1.108211636543274
0.7777777777777778,6.996284484863281
-6.333333333333333,1.7057143449783325
-8.666666666666666,-2.6371147632598877
-0.3333333333333333,-0.8540488481521606
1.1111111111111112,-1.2877599000930786
3.7777777777777777,6.52771520614624
-4.888888888888889,4.7885565757751465
7.666666666666667,1.908171534538269
7.333333333333333,5.008337020874023
10.11111111111111,-2.905640125274658
-2.7777777777777777,-3.4443225860595703
-3.555555555555556,-7.66632080078125
-4.0,-9.590396881103516
-5.333333333333333,-4.238204479217529
1.6666666666666667,-0.11136215925216675
-2.555555555555556,-5.35691499710083
12.22222222222222,1.2484638690948486
-2.888888888888889,-1.8556938171386719
-4.444444444444445,1.8184503316879272
-3.6666666666666665,-3.8687679767608643
-0.7777777777777778,-0.16322949528694153
6.333333333333333,-1.2015447616577148
-9.555555555555555,-8.209980964660645
-6.111111111111111,-3.47440505027771
0.8888888888888888,0.20187830924987793
4.222222222222222,0.7723840475082397
-26.0,-0.475958913564682
12.88888888888889,7.871177673339844
-4.444444444444445,-0.5356199741363525
-3.6666666666666665,-0.5135904550552368
2.0,2.234070062637329
-8.11111111111111,-3.396271228790283
-0.2222222222222222,1.4536525011062622
4.888888888888889,0.8288587331771851
-4.888888888888889,-0.15813808143138885
-3.555555555555556,-0.03558319807052612
6.888888888888889,0.6325023174285889
13.333333333333334,9.440520286560059
1.5555555555555556,2.408141613006592
-3.4444444444444446,0.10832998156547546
0.1111111111111111,2.680588960647583
3.2222222222222223,-3.8199565410614014
-6.222222222222222,1.0780853033065796
-7.0,-0.859092652797699
4.333333333333333,1.6965422630310059
0.7777777777777778,0.8123764991760254
2.4444444444444446,-2.7488536834716797
-0.2222222222222222,-1.9763381481170654
7.333333333333333,2.8884263038635254
0.3333333333333333,0.02413526177406311
-2.6666666666666665,0.8441078066825867
0.2222222222222222,-1.3001526594161987
-2.555555555555556,-2.728259801864624
-2.2222222222222223,3.6757564544677734
-1.2222222222222223,-0.6250805854797363
8.777777777777779,0.5305696725845337
-1.3333333333333333,-0.07945340871810913
5.222222222222222,-0.8692502975463867
0.1111111111111111,4.203819274902344
-3.333333333333333,-3.606308937072754
2.6666666666666665,-0.3720622658729553
-6.555555555555555,-5.8562211990356445
-17.88888888888889,-0.9614736437797546
5.555555555555555,4.988915920257568
6.333333333333333,1.4521825313568115
4.777777777777778,2.3794445991516113
11.22222222222222,2.97409725189209
1.6666666666666667,1.2820464372634888
-11.22222222222222,-3.196341037750244
-4.555555555555555,-0.16314248740673065
-4.222222222222222,-1.0148626565933228
0.5555555555555556,-0.23125028610229492
-8.11111111111111,-2.102973222732544
10.0,8.747506141662598
3.888888888888889,-2.109937906265259
-2.555555555555556,-1.1992590427398682
-3.333333333333333,-3.132418155670166
0.7777777777777778,3.33549427986145
-4.0,-3.232797384262085
-2.333333333333333,-2.200874090194702
1.8888888888888888,-3.219470262527466
19.88888888888889,4.816288948059082
-12.333333333333334,2.5962109565734863
-5.222222222222222,1.1325303316116333
-7.777777777777778,-2.1482362747192383
0.6666666666666666,3.108689546585083
0.7777777777777778,-2.5087738037109375
4.444444444444445,0.20698237419128418
-5.111111111111111,7.857240676879883
-3.333333333333333,-1.757664680480957
-14.77777777777778,-3.194514274597168
5.0,-1.9336061477661133
-2.0,-2.147672176361084
-1.6666666666666667,-3.477099895477295
-1.5555555555555556,-4.350858688354492
-2.4444444444444446,-0.854219913482666
7.777777777777778,3.1177306175231934
1.2222222222222223,-4.231364727020264
-9.11111111111111,-5.432292938232422
-1.8888888888888888,-6.239055633544922
-5.555555555555555,-1.1657735109329224
1.3333333333333333,0.32989394664764404
-0.5555555555555556,-2.441744565963745
-7.222222222222222,-3.091937303543091
15.444444444444445,0.8475049138069153
-13.22222222222222,-1.5387747287750244
-6.111111111111111,-3.372330904006958
-0.7777777777777778,0.7003864049911499
-13.0,5.068276882171631
-7.111111111111111,2.771299362182617
-5.777777777777778,3.3476827144622803
-2.111111111111111,0.1576627790927887
-5.444444444444445,-3.9507076740264893
-3.333333333333333,-4.934783935546875
0.0,0.6452692151069641
3.0,0.7824329733848572
26.444444444444443,4.670959949493408
2.6666666666666665,2.3060898780822754
-6.555555555555555,0.7824329733848572
-4.777777777777778,9.14051342010498
5.222222222222222,8.493691444396973
-16.666666666666668,-4.313384532928467
5.888888888888889,-1.6795121431350708
-5.0,-7.039595127105713
-4.555555555555555,-2.0138843059539795
-4.555555555555555,-3.0148496627807617
2.2222222222222223,-4.597092628479004
1.5555555555555556,-0.4306124448776245
-0.8888888888888888,0.38551533222198486
-8.444444444444445,-9.04125690460205
-2.7777777777777777,1.6622172594070435
4.0,-0.3090636134147644
-0.1111111111111111,-2.5939993858337402
7.555555555555555,0.9326655268669128
-2.333333333333333,-3.1741485595703125
-4.333333333333333,-2.3907811641693115
0.3333333333333333,-3.3632612228393555
-3.0,-0.07518088817596436
3.333333333333333,-3.4713234901428223
-4.555555555555555,-0.1643543243408203
1.3333333333333333,-0.8573237657546997
1.6666666666666667,-0.0028520822525024414
-4.555555555555555,-4.845555305480957
15.22222222222222,-1.2519891262054443
-3.7777777777777777,-0.30740463733673096
-0.3333333333333333,-2.817941188812256
-2.111111111111111,2.8945555686950684
-1.7777777777777777,0.586024284362793
-0.7777777777777778,1.857195258140564
-4.888888888888889,-2.4791243076324463
-3.111111111111111,-0.6286835074424744
-1.4444444444444444,-2.719282865524292
-5.777777777777778,2.3535807132720947
16.88888888888889,4.3633198738098145
0.1111111111111111,-4.715019226074219
-4.888888888888889,0.5313705801963806
3.4444444444444446,-1.6850696802139282
-2.555555555555556,-2.59748911857605
0.0,-1.1241623163223267
0.8888888888888888,-5.221198081970215
-20.0,0.31153160333633423
3.333333333333333,-4.733414173126221
-2.4444444444444446,-0.13905322551727295
-8.777777777777779,-7.628726482391357
-6.666666666666667,-2.201547384262085
-2.888888888888889,2.318941354751587
-5.444444444444445,-2.308556079864502
-8.555555555555555,5.391391277313232
-0.4444444444444444,-1.8067424297332764
-2.111111111111111,-2.8855180740356445
3.4444444444444446,0.6280849575996399
-7.333333333333333,-1.8541808128356934
-1.4444444444444444,-3.4448063373565674
-11.88888888888889,-2.589137077331543
-5.555555555555555,-2.662675142288208
-6.333333333333333,0.16406843066215515
-1.0,-0.7729920148849487
0.4444444444444444,-0.017808079719543457
-11.444444444444445,-7.702459335327148
7.222222222222222,-0.3636234402656555
-2.333333333333333,-1.683872938156128
-8.222222222222221,-4.501430034637451
1.7777777777777777,-2.7431561946868896
-11.333333333333334,-5.073530673980713
-4.333333333333333,-2.475851535797119
-9.555555555555555,0.33058005571365356
0.4444444444444444,9.798941612243652
-8.777777777777779,-5.248180866241455
-8.333333333333334,-2.4750816822052
-2.333333333333333,-6.4558305740356445
19.55555555555556,-3.390833854675293
-7.222222222222222,-6.0473103523254395
-2.888888888888889,-1.8268508911132812
-19.77777777777778,-7.540403842926025
7.111111111111111,-2.2785494327545166
-4.0,-4.12834358215332
-8.444444444444445,-2.7365431785583496
6.444444444444445,-0.18421053886413574
13.11111111111111,-5.495128631591797
-1.6666666666666667,-3.051642417907715
1.7777777777777777,-3.107999801635742
-3.6666666666666665,-1.8113884925842285
15.444444444444445,7.567042350769043
-0.3333333333333333,2.1275582313537598
37.0,2.309539794921875
-4.666666666666667,-1.771417260169983
-6.0,-4.20253324508667
34.55555555555556,6.128097057342529
-1.7777777777777777,-3.8869729042053223
-3.888888888888889,-3.4277336597442627
20.77777777777778,2.1802074909210205
-4.777777777777778,-0.126259446144104
-4.555555555555555,-2.4954166412353516
-10.88888888888889,-2.0005109310150146
-19.88888888888889,-5.045680522918701
0.3333333333333333,-5.237993240356445
-0.6666666666666666,-4.260959625244141
-11.444444444444445,6.196829319000244
-6.666666666666667,2.238726854324341
23.666666666666668,6.795977592468262
2.0,-1.8611444234848022
-4.222222222222222,-1.6707841157913208
-3.2222222222222223,-1.696923851966858
-2.555555555555556,-1.9045575857162476
-0.6666666666666666,-1.1070489883422852
-6.222222222222222,1.8504012823104858
2.888888888888889,0.06746500730514526
-0.8888888888888888,8.516990661621094
0.1111111111111111,-3.2327775955200195
0.6666666666666666,-0.7496731281280518
-23.88888888888889,-2.102400064468384
-2.555555555555556,3.703162431716919
0.5555555555555556,9.91920280456543
-3.0,-4.287046432495117
-10.555555555555555,-6.635156631469727
3.333333333333333,1.3329623937606812
3.111111111111111,5.152080535888672
0.2222222222222222,2.2554824352264404
-2.7777777777777777,-3.098400592803955
-1.3333333333333333,-3.8399136066436768
-2.6666666666666665,-3.752695083618164
-10.555555555555555,-1.5968029499053955
-2.0,-4.851119518280029
-1.7777777777777777,-8.492317199707031
-1.4444444444444444,-3.512763023376465
-12.88888888888889,-5.577647686004639
-5.666666666666667,2.979689598083496
23.0,10.176973342895508
0.2222222222222222,2.6886465549468994
14.666666666666666,-3.8047401905059814
5.0,-2.932102918624878
-4.222222222222222,-4.970914363861084
-8.0,-6.611560821533203
1.5555555555555556,-0.8131881356239319
0.1111111111111111,-5.23550271987915
2.333333333333333,-1.7747656106948853
-3.7777777777777777,-3.0779736042022705
-0.2222222222222222,-1.2671524286270142
2.555555555555556,0.0045323967933654785
-10.333333333333334,-5.417693614959717
0.3333333333333333,-0.032821983098983765
-7.0,-7.296146869659424
-9.88888888888889,-8.597397804260254
4.666666666666667,-4.278763294219971
-1.8888888888888888,-2.3908257484436035
-3.888888888888889,-1.103398323059082
-13.0,-2.834632396697998
4.333333333333333,-0.473234087228775
-2.7777777777777777,-0.3666531443595886
-2.4444444444444446,-1.9823932647705078
9.444444444444445,5.126587867736816
14.666666666666666,-2.2150652408599854
-5.555555555555555,-1.123424768447876
-3.4444444444444446,-1.4328409433364868
-9.333333333333334,-1.0136305093765259
-1.8888888888888888,-2.3287205696105957
-2.333333333333333,-1.8042004108428955
5.555555555555555,3.3977835178375244
-3.111111111111111,1.3706616163253784
11.88888888888889,5.815788745880127
-10.22222222222222,-0.6686953902244568
2.888888888888889,-2.931978464126587
9.555555555555555,-1.5208852291107178
-0.4444444444444444,-2.1655972003936768
-7.333333333333333,-2.7730796337127686
-8.666666666666666,-3.4447948932647705
-5.777777777777778,-10.837915420532227
6.777777777777778,-6.447308540344238
-7.444444444444445,-1.7891513109207153
-0.5555555555555556,-5.286184787750244
-2.7777777777777777,-4.334731578826904
-4.222222222222222,-2.3607077598571777
-3.555555555555556,-0.5536872148513794
0.4444444444444444,4.673373699188232
2.6666666666666665,3.054487943649292
15.444444444444445,3.3256804943084717
0.8888888888888888,-1.2444117069244385
-3.0,-1.3433655500411987
-3.888888888888889,1.310490608215332
-2.888888888888889,-3.5593557357788086
-8.333333333333334,-0.1920102834701538
-5.333333333333333,-0.980536162853241
-2.0,-1.6705888509750366
-5.111111111111111,-4.244911193847656
-1.6666666666666667,-0.9211170673370361
1.8888888888888888,1.558773398399353
-6.0,-0.301382839679718
3.6666666666666665,2.4950110912323
4.444444444444445,1.290960431098938
-6.333333333333333,-5.119191646575928
-5.0,1.7285758256912231
-4.222222222222222,-0.11407597362995148
-4.111111111111111,-4.245030403137207
-0.7777777777777778,-0.7036840319633484
0.3333333333333333,-2.499924659729004
-2.888888888888889,-2.314702272415161
-2.7777777777777777,-5.170138835906982
5.666666666666667,-2.092886447906494
-2.7777777777777777,-6.110189914703369
0.3333333333333333,-3.253307580947876
0.6666666666666666,-2.4052934646606445
-10.666666666666666,-1.6202259063720703
-8.88888888888889,-1.7888540029525757
2.4444444444444446,-10.069716453552246
-13.555555555555555,-3.9272780418395996
2.4444444444444446,10.443946838378906
-1.6666666666666667,0.7705961465835571
18.444444444444443,1.6467598676681519
-3.333333333333333,-0.36481550335884094
-2.888888888888889,-2.847867965698242
-4.222222222222222,-3.724395990371704
-1.1111111111111112,-1.6332783699035645
-3.7777777777777777,-8.325087547302246
31.11111111111111,7.299746990203857
-2.2222222222222223,-5.460216999053955
-3.555555555555556,-5.3826823234558105
-3.888888888888889,-4.692257404327393
-6.666666666666667,-1.587119460105896
-1.5555555555555556,-1.1502267122268677
0.5555555555555556,-6.346221446990967
-4.222222222222222,-2.99702525138855
-18.22222222222222,-4.444499492645264
-2.333333333333333,-2.6785287857055664
0.2222222222222222,-2.994220495223999
3.2222222222222223,-2.7804853916168213
3.4444444444444446,0.2589147090911865
-2.333333333333333,-1.2447866201400757
2.7777777777777777,-0.6594809889793396
1.3333333333333333,1.6270049810409546
-4.777777777777778,-1.7286632061004639
-8.11111111111111,1.3104146718978882
-0.7777777777777778,-0.38206738233566284
-7.444444444444445,-4.239323139190674
1.3333333333333333,7.291193008422852
-3.111111111111111,-3.7302896976470947
13.444444444444445,9.427403450012207
13.77777777777778,8.547501564025879
-2.888888888888889,3.1646716594696045
-3.111111111111111,-0.5910050868988037
-4.333333333333333,-2.8845760822296143
3.2222222222222223,8.842527389526367
-0.1111111111111111,-3.0101537704467773
0.3333333333333333,-3.5920803546905518
0.0,-0.8040750026702881
7.111111111111111,-2.119929552078247
24.22222222222222,5.0142741203308105
-6.0,-6.765148162841797
-11.0,-5.908223628997803
-2.111111111111111,-0.8199288845062256
-2.4444444444444446,-1.6875032186508179
-2.2222222222222223,-4.036961078643799
4.222222222222222,-0.27478447556495667
-9.22222222222222,-3.0419669151306152
10.333333333333334,6.977838039398193
-3.555555555555556,-4.748501300811768
17.555555555555557,5.937342643737793
1.8888888888888888,-3.874908685684204
1.8888888888888888,0.557445764541626
-5.666666666666667,3.2495765686035156
14.88888888888889,12.058015823364258
0.6666666666666666,1.499710202217102
1.1111111111111112,1.8154908418655396
-3.333333333333333,0.051856398582458496
3.4444444444444446,2.0069284439086914
-6.555555555555555,-3.272814989089966
-6.888888888888889,1.6063646078109741
-2.888888888888889,-0.6293389797210693
-2.2222222222222223,-0.17976900935173035
2.333333333333333,5.666854381561279
-4.666666666666667,1.5658448934555054
-2.888888888888889,4.631549835205078
-0.7777777777777778,-2.9975028038024902
-9.77777777777778,-4.430719375610352
-4.111111111111111,-5.943212985992432
-7.777777777777778,-6.721738815307617
-4.111111111111111,-4.4159955978393555
0.8888888888888888,-1.0994166135787964
-7.666666666666667,-3.3062453269958496
-4.333333333333333,-2.8241732120513916
-11.666666666666666,-5.307790279388428
0.2222222222222222,2.622457981109619
-3.0,-3.0380165576934814
-3.0,-4.695795059204102
8.444444444444445,5.174325466156006
-6.333333333333333,-4.769965171813965
-8.333333333333334,-6.2462053298950195
-0.3333333333333333,-8.252996444702148
-7.222222222222222,-2.974210262298584
-0.3333333333333333,-2.348146915435791
4.222222222222222,-4.609406471252441
-2.555555555555556,0.8756268620491028
-8.444444444444445,-7.9912214279174805
-4.111111111111111,-3.247161865234375
-0.1111111111111111,-5.1608052253723145
-2.555555555555556,-3.115131378173828
-2.4444444444444446,-5.062374114990234
-2.888888888888889,-3.61236834526062
10.11111111111111,-2.967634677886963
-2.4444444444444446,-2.868313789367676
7.0,-0.22682404518127441
-4.222222222222222,-3.978208541870117
-2.4444444444444446,-0.2502053380012512
-12.11111111111111,-7.335323333740234
0.3333333333333333,-3.5516316890716553
6.111111111111111,-5.13985013961792
-16.666666666666668,-6.347660064697266
1.8888888888888888,12.273445129394531
3.6666666666666665,0.7632917761802673
0.8888888888888888,-1.6202874183654785
-6.777777777777778,2.5834105014801025
-9.333333333333334,1.1426085233688354
-13.0,-2.2733547687530518
1.3333333333333333,-2.5015926361083984
2.333333333333333,4.204077243804932
-2.888888888888889,-0.8294480443000793
-8.0,3.124704360961914
1.3333333333333333,-2.1521782875061035
-1.0,-1.5069457292556763
1.6666666666666667,-2.5263583660125732
8.333333333333334,0.5979012250900269
3.6666666666666665,9.922545433044434
-3.111111111111111,-4.453022003173828
-7.444444444444445,-3.0189428329467773
2.6666666666666665,-3.2120754718780518
11.22222222222222,7.5340375900268555
-2.0,-2.498656749725342
-2.555555555555556,-3.860644817352295
-6.111111111111111,-3.861525774002075
-5.111111111111111,-7.826471328735352
-8.777777777777779,-3.715146064758301
-10.11111111111111,-4.896285533905029
-0.5555555555555556,0.6389808654785156
1.8888888888888888,-4.692496299743652
-0.2222222222222222,-3.3202388286590576
-13.666666666666666,-5.52462911605835
1.6666666666666667,-6.265449047088623
6.444444444444445,1.914175271987915
-5.111111111111111,-6.670976161956787
-1.0,-1.502214789390564
2.6666666666666665,-4.376873970031738
-4.111111111111111,-3.668142795562744
-2.2222222222222223,-0.9283405542373657
-0.3333333333333333,-4.216102600097656
-4.888888888888889,-0.01523841917514801
25.11111111111111,9.137328147888184
-10.88888888888889,-1.9992702007293701
2.555555555555556,-3.71561598777771
-0.4444444444444444,-6.680014610290527
-19.55555555555556,-4.567495822906494
-0.8888888888888888,-1.6059322357177734
-6.555555555555555,-2.422372341156006
-4.222222222222222,-3.354506731033325
-5.0,1.4369956254959106
-4.444444444444445,1.4128841161727905
-2.333333333333333,-3.3521692752838135
-3.888888888888889,-2.2450318336486816
-2.111111111111111,-1.9297516345977783
-6.111111111111111,-1.6138488054275513
2.2222222222222223,-4.935286998748779
-8.88888888888889,-4.747535705566406
1.8888888888888888,-0.8267130851745605
24.77777777777778,13.70896053314209
0.3333333333333333,-0.7300153970718384
-2.2222222222222223,-4.0364766120910645
8.555555555555555,-1.4890438318252563
-2.7777777777777777,-1.9904593229293823
3.4444444444444446,-2.8918991088867188
-2.555555555555556,-4.541641712188721
2.555555555555556,4.490797519683838
28.88888888888889,8.344793319702148
-18.11111111111111,0.15314671397209167
-5.666666666666667,8.471362113952637
-1.0,-4.969161510467529
0.3333333333333333,-2.6341207027435303
0.3333333333333333,5.6668701171875
-1.3333333333333333,-0.21094483137130737
-4.888888888888889,-4.79281759262085
-7.555555555555555,-2.5623481273651123
-6.888888888888889,0.2300621122121811
-4.0,1.8415061235427856
1.6666666666666667,-0.8893468379974365
8.666666666666666,-0.5001899003982544
1.7777777777777777,4.198343276977539
0.1111111111111111,-1.1064397096633911
13.88888888888889,12.516478538513184
-0.3333333333333333,-1.4808546304702759
8.444444444444445,-2.0377609729766846
-0.2222222222222222,-3.9166886806488037
-6.555555555555555,-1.450835108757019
2.6666666666666665,16.54884147644043
-4.555555555555555,-1.7095756530761719
-0.5555555555555556,14.972768783569336
-1.0,-0.8259148001670837
14.666666666666666,1.2852590084075928
-2.4444444444444446,-1.8417000770568848
-1.0,-4.221737861633301
-12.0,0.4289569854736328
-0.5555555555555556,-1.0620057582855225
-0.8888888888888888,4.567454814910889
-6.888888888888889,-0.3063340187072754
-4.555555555555555,-1.3761954307556152
0.1111111111111111,-10.598639488220215
-5.333333333333333,-5.485592842102051
-6.777777777777778,-3.4586806297302246
27.88888888888889,7.2748188972473145
-7.888888888888889,-4.673627853393555
-0.2222222222222222,-5.06398344039917
6.222222222222222,6.815496444702148
-14.444444444444445,-3.3958113193511963
-5.555555555555555,-6.581099510192871
-13.555555555555555,-7.619599342346191
-9.88888888888889,-4.324090003967285
-7.333333333333333,-2.656949281692505
0.0,-3.536830425262451
0.1111111111111111,-4.749709606170654
-5.555555555555555,6.459403991699219
-8.666666666666666,-8.285765647888184
-4.666666666666667,-2.6120102405548096
0.4444444444444444,-3.389618396759033
0.0,7.584098815917969
-5.444444444444445,-2.4270427227020264
0.2222222222222222,-6.484602451324463
-16.555555555555557,-6.463330268859863
5.222222222222222,1.059574007987976
-4.333333333333333,-4.318671703338623
-2.555555555555556,2.564659833908081
15.11111111111111,-0.6196049451828003
-0.6666666666666666,-3.4003944396972656
-0.4444444444444444,0.6177272200584412
-4.333333333333333,-5.7736921310424805
-3.7777777777777777,-2.6661791801452637
-2.333333333333333,-0.23459289968013763
2.555555555555556,-3.3039724826812744
15.88888888888889,0.5778465867042542
-21.88888888888889,-7.120283126831055
21.444444444444443,5.285103797912598
4.333333333333333,-0.28050506114959717
-1.2222222222222223,-2.5814943313598633
1.2222222222222223,-0.3284551501274109
-3.6666666666666665,3.7230069637298584
3.0,1.3236185312271118
-2.333333333333333,2.36836314201355
-3.888888888888889,0.3716563284397125
14.444444444444445,-4.056615352630615
-4.666666666666667,-3.9386491775512695
-4.0,-2.250720500946045
3.0,-1.5338778495788574
-6.555555555555555,-2.107339382171631
-4.333333333333333,4.1917195320129395
6.888888888888889,-0.9500699639320374
0.4444444444444444,-2.3657922744750977
-3.6666666666666665,0.7013076543807983
28.444444444444443,4.50059175491333
3.0,5.597850799560547
-24.11111111111111,-4.177455425262451
14.22222222222222,11.017923355102539
10.666666666666666,-1.3681601285934448
3.4444444444444446,2.829190969467163
-6.888888888888889,3.4211983680725098
0.0,-1.5287439823150635
9.11111111111111,9.781843185424805
-2.888888888888889,1.1616870164871216
-11.0,-1.5259565114974976
-4.111111111111111,-0.39703866839408875
-4.777777777777778,-1.2349741458892822
22.11111111111111,3.72115159034729
8.222222222222221,5.773357391357422
-4.777777777777778,1.19451105594635
-5.444444444444445,-2.0407378673553467
1.5555555555555556,2.5795116424560547
-3.4444444444444446,2.7458653450012207
-2.555555555555556,5.102402210235596
-5.111111111111111,3.08455228805542
-11.333333333333334,5.029194355010986
-5.777777777777778,-3.3699381351470947
-10.555555555555555,-2.2529096603393555
-13.666666666666666,-0.4922652840614319
-4.888888888888889,-1.8992646932601929
1.2222222222222223,-0.8128995895385742
-5.888888888888889,-5.115612030029297
-2.555555555555556,-4.622274398803711
-9.333333333333334,-1.7284811735153198
-9.22222222222222,-3.1140716075897217
-8.333333333333334,-4.240000247955322
-2.0,1.69545578956604
-5.333333333333333,-1.1562672853469849
-0.2222222222222222,-1.3264429569244385
0.4444444444444444,-0.6628040075302124
-3.333333333333333,0.15470176935195923
1.5555555555555556,0.13681045174598694
-2.2222222222222223,-3.589142322540283
-3.888888888888889,2.7940824031829834
11.444444444444445,11.564010620117188
12.666666666666666,8.414946556091309
1.3333333333333333,-4.764929294586182
-5.555555555555555,-0.10720956325531006
-2.0,-4.878983020782471
-2.0,-6.019063472747803
-5.222222222222222,-5.95997953414917
-0.5555555555555556,-5.453832149505615
9.333333333333334,-1.6569116115570068
5.333333333333333,-1.8303399085998535
-6.0,-6.293965816497803
-4.777777777777778,-7.630082130432129
-5.555555555555555,-4.575010776519775
-7.333333333333333,-5.349480152130127
9.444444444444445,1.105886459350586
2.555555555555556,-6.363341808319092
-1.2222222222222223,-5.909975528717041
-1.1111111111111112,-4.203029632568359
-10.0,-10.187952041625977
0.4444444444444444,-2.4848575592041016
-4.444444444444445,-6.742129325866699
-9.666666666666666,-5.245233058929443
1.3333333333333333,-2.7877306938171387
-0.8888888888888888,0.8331815004348755
-1.7777777777777777,0.8370540738105774
2.2222222222222223,-1.1529755592346191
-2.2222222222222223,0.08627840876579285
0.5555555555555556,3.0643856525421143
-9.88888888888889,0.670418381690979
4.444444444444445,12.107377052307129
-1.0,-2.7684130668640137
-2.888888888888889,1.1586461067199707
-6.0,-2.7872633934020996
-0.2222222222222222,-1.6176440715789795
-5.222222222222222,-1.0441550016403198
-3.0,5.35916805267334
0.5555555555555556,-0.5490959286689758
-5.0,-6.5736775398254395
-2.6666666666666665,-6.429719924926758
-10.444444444444445,-3.636808156967163
-0.7777777777777778,-7.916749000549316
7.111111111111111,-4.402126312255859
-4.222222222222222,-3.018152952194214
2.111111111111111,-1.621369481086731
-0.1111111111111111,-2.6051383018493652
42.55555555555556,1.1507899761199951
-8.11111111111111,-5.920644760131836
-3.6666666666666665,-7.477780342102051
-4.777777777777778,-6.72476863861084
1.7777777777777777,-5.194610118865967
7.222222222222222,-4.308908462524414
-2.111111111111111,-5.038486003875732
-9.0,-0.40507668256759644
1.3333333333333333,4.377608299255371
-1.4444444444444444,-4.332216262817383
32.44444444444444,13.384248733520508
10.0,11.279241561889648
-5.666666666666667,2.103518009185791
4.111111111111111,-1.7783081531524658
-9.0,0.4571087956428528
21.22222222222222,7.273071765899658
-6.666666666666667,-0.5188809633255005
3.0,3.393171787261963
-1.4444444444444444,0.4248236119747162
-0.2222222222222222,-0.010564476251602173
-1.1111111111111112,-0.077267587184906
-8.555555555555555,-2.0851521492004395
0.7777777777777778,-2.6060948371887207
4.555555555555555,-1.1872444152832031
4.222222222222222,-2.250967025756836
-41.333333333333336,-5.841653347015381
-4.888888888888889,0.721951425075531
4.555555555555555,0.9990696310997009
2.2222222222222223,6.3671770095825195
-1.5555555555555556,-1.6268635988235474
-0.4444444444444444,-0.15964406728744507
-0.8888888888888888,1.315142035484314
10.0,11.102666854858398
-8.222222222222221,-2.981095314025879
18.444444444444443,5.139066696166992
-4.888888888888889,-2.4859566688537598
0.1111111111111111,-4.392992973327637
-5.555555555555555,-0.4274800419807434
-2.4444444444444446,-2.133845567703247
-5.222222222222222,-3.2452588081359863
29.666666666666668,10.150623321533203
0.0,-8.884237289428711
2.2222222222222223,-5.133413314819336
20.88888888888889,1.264924168586731
-2.333333333333333,-0.4224392771720886
-4.111111111111111,3.0382723808288574
-10.444444444444445,-7.484106540679932
-10.77777777777778,-5.141908645629883
-4.666666666666667,-1.2562956809997559
8.777777777777779,-3.458873987197876
-3.2222222222222223,-4.414845943450928
-1.4444444444444444,-1.538132905960083
-1.1111111111111112,-4.098768711090088
6.888888888888889,-1.8165048360824585
-5.444444444444445,-3.418593406677246
2.4444444444444446,-3.6577019691467285
-12.555555555555555,0.6637696027755737
17.444444444444443,13.37714958190918
0.1111111111111111,-0.5215847492218018
9.666666666666666,-0.6212300062179565
-3.0,-0.8371180891990662
3.0,-4.005561351776123
-0.1111111111111111,-3.6497204303741455
-10.333333333333334,-6.509126663208008
1.3333333333333333,5.134119033813477
-10.77777777777778,-0.1072954535484314
0.3333333333333333,-4.600188255310059
2.2222222222222223,1.9088335037231445
-4.777777777777778,-2.423274040222168
-2.4444444444444446,3.9856622219085693
1.6666666666666667,9.832822799682617
-2.7777777777777777,-1.5427453517913818
0.2222222222222222,1.1917492151260376
-2.555555555555556,-0.9304503202438354
2.333333333333333,-6.952945232391357
1.6666666666666667,-3.872338056564331
-1.6666666666666667,-5.085555553436279
-1.8888888888888888,-2.6489267349243164
-5.888888888888889,-2.911247491836548
-0.6666666666666666,-1.6480283737182617
-0.8888888888888888,-1.205367922782898
1.5555555555555556,9.066478729248047
-4.222222222222222,-5.202063083648682
1.7777777777777777,7.067687034606934
-6.111111111111111,-1.3884589672088623
-2.4444444444444446,-3.8720808029174805
-0.7777777777777778,0.0825585126876831
8.0,2.6438207626342773
1.3333333333333333,-1.0286798477172852
20.33333333333333,11.91403579711914
1.3333333333333333,-1.1541557312011719
-4.222222222222222,-3.167705774307251
-8.777777777777779,-3.5435802936553955
-4.333333333333333,-0.47572922706604004
-2.7777777777777777,-0.6439887285232544
6.0,2.087279796600342
0.1111111111111111,0.27744626998901367
-2.888888888888889,0.006097286939620972
-0.1111111111111111,2.227588176727295
-2.7777777777777777,5.41018009185791
-10.11111111111111,-6.507585525512695
-10.0,-4.712197780609131
-2.555555555555556,-5.70833683013916
3.4444444444444446,0.4334067106246948
3.4444444444444446,2.7782106399536133
-1.6666666666666667,1.2523152828216553
-1.6666666666666667,-2.4653890132904053
1.5555555555555556,-2.5407567024230957
5.666666666666667,-0.8555126786231995
5.777777777777778,8.645293235778809
6.666666666666667,-4.250673770904541
5.333333333333333,-2.333906650543213
7.222222222222222,-4.354879379272461
-10.333333333333334,-1.6087998151779175
0.4444444444444444,-0.6628528237342834
8.666666666666666,5.141163349151611
-6.555555555555555,-7.1343674659729
1.7777777777777777,-0.9580899477005005
-6.777777777777778,2.655221939086914
7.111111111111111,8.15884780883789
-1.6666666666666667,-4.395681858062744
-0.6666666666666666,-0.030300676822662354
8.777777777777779,-3.879518985748291
-0.6666666666666666,-2.586182117462158
-7.777777777777778,-6.389111518859863
5.888888888888889,-1.9364603757858276
-4.111111111111111,-0.050678402185440063
-4.111111111111111,-0.9069055914878845
0.6666666666666666,-3.2671773433685303
-7.0,-2.419564723968506
-1.0,0.09673291444778442
-0.6666666666666666,-3.884373426437378
6.777777777777778,1.409533977508545
0.5555555555555556,-0.8224897384643555
-1.3333333333333333,3.6599886417388916
-2.111111111111111,1.4808226823806763
-8.11111111111111,2.723297595977783
3.4444444444444446,3.2732155323028564
-5.444444444444445,-0.09377333521842957
-1.5555555555555556,0.8911612629890442
-3.2222222222222223,-0.7462542057037354
4.444444444444445,1.5074474811553955
-1.3333333333333333,-3.2677664756774902
-8.333333333333334,0.6356433629989624
-5.0,2.032297134399414
1.0,5.686172008514404
0.8888888888888888,-4.18707799911499
-8.444444444444445,2.4344499111175537
-5.222222222222222,1.460637092590332
-4.888888888888889,-0.4757017493247986
8.333333333333334,6.0627827644348145
7.333333333333333,4.7606635093688965
1.2222222222222223,-1.8359826803207397
-8.88888888888889,-1.5034408569335938
4.333333333333333,-3.323345899581909
-0.6666666666666666,1.6954829692840576
3.111111111111111,-1.1053071022033691
3.555555555555556,3.6504931449890137
-3.111111111111111,0.07077640295028687
-1.8888888888888888,-0.6117763519287109
1.6666666666666667,-3.275810718536377
-7.666666666666667,-5.247912883758545
-4.111111111111111,-0.035397112369537354
3.4444444444444446,-2.2051455974578857
-9.333333333333334,-2.3694121837615967
1.5555555555555556,-4.3798441886901855
7.333333333333333,0.12872368097305298
-7.111111111111111,-3.778125286102295
-0.2222222222222222,-1.9839917421340942
7.333333333333333,-4.343756675720215
0.6666666666666666,-0.9798625111579895
-2.0,-1.7377833127975464
-5.888888888888889,10.450258255004883
-5.666666666666667,-1.7418279647827148
1.7777777777777777,1.9057602882385254
-14.666666666666666,-4.798491954803467
-15.333333333333334,-5.499587535858154
-7.777777777777778,-2.80912709236145
3.6666666666666665,-0.19417771697044373
-6.444444444444445,-2.7144312858581543
-1.3333333333333333,-1.231376051902771
-11.333333333333334,-2.2128634452819824
-15.88888888888889,-3.327845335006714
0.3333333333333333,0.4882470369338989
5.888888888888889,-2.9808452129364014
-5.555555555555555,-5.968883037567139
-4.222222222222222,-8.796682357788086
-1.3333333333333333,-6.538075923919678
-3.2222222222222223,-4.193303108215332
-0.1111111111111111,-1.1496301889419556
-6.666666666666667,-2.5728437900543213
-7.333333333333333,-3.271754264831543
-5.111111111111111,-12.274441719055176
5.222222222222222,0.7315744161605835
-7.444444444444445,-6.430614948272705
17.444444444444443,8.747553825378418
-3.4444444444444446,-6.3351826667785645
-5.333333333333333,-4.81068754196167
3.6666666666666665,-2.5384023189544678
-2.4444444444444446,-1.487587332725525
-21.0,-2.21804141998291
-8.333333333333334,-0.06983250379562378
-3.333333333333333,-5.074136734008789
1.5555555555555556,1.8268190622329712
-3.0,-1.5939347743988037
-14.333333333333334,-1.3679814338684082
-2.2222222222222223,0.3499060571193695
5.0,14.77055835723877
0.4444444444444444,-1.6703972816467285
-8.222222222222221,-1.6296820640563965
2.7777777777777777,-0.37768790125846863
-12.444444444444445,-0.8657605648040771
5.555555555555555,-3.3945934772491455
-2.111111111111111,-3.9011616706848145
-1.6666666666666667,-2.1189687252044678
-9.88888888888889,-4.853214740753174
-7.333333333333333,-8.263251304626465
-10.88888888888889,-8.2485990524292
-4.777777777777778,-7.763704299926758
-5.111111111111111,2.319929838180542
0.8888888888888888,0.9776354432106018
2.333333333333333,0.5256509780883789
1.3333333333333333,2.2804017066955566
-3.333333333333333,-4.97573184967041
5.555555555555555,-6.381570339202881
-2.6666666666666665,-0.847891628742218
-4.555555555555555,-3.8260207176208496
4.0,-5.487491130828857
-1.0,-3.0694377422332764
1.3333333333333333,-1.7834056615829468
-21.0,-3.275369167327881
-1.6666666666666667,-0.23587548732757568
2.111111111111111,-1.6144939661026
-7.888888888888889,-3.5777931213378906
-0.3333333333333333,-5.18126916885376
2.0,-1.3597140312194824
26.11111111111111,1.6445388793945312
-0.1111111111111111,-1.4312180280685425
-0.7777777777777778,-3.591078042984009
-11.0,-4.5650105476379395
4.222222222222222,-1.0231378078460693
-1.7777777777777777,-3.10658860206604
-9.0,-6.233479022979736
-4.555555555555555,-6.286200523376465
-5.0,-4.900546073913574
0.7777777777777778,-7.440218448638916
-3.333333333333333,-6.679505825042725
-3.111111111111111,-2.0304415225982666
5.0,-1.5394078493118286
-1.2222222222222223,2.5545685291290283
-7.555555555555555,-1.5621581077575684
-3.4444444444444446,-1.2816716432571411
-7.555555555555555,1.3775674104690552
-8.444444444444445,-2.8046202659606934
-2.555555555555556,-1.7571661472320557
-2.2222222222222223,-0.8469669818878174
-3.4444444444444446,-3.126960039138794
4.888888888888889,4.924250602722168
4.111111111111111,-1.865519404411316
-11.22222222222222,-5.062080383300781
-5.0,-3.1666598320007324
0.8888888888888888,-4.3058762550354
-0.7777777777777778,-5.252058506011963
-5.444444444444445,0.005267933011054993
-9.11111111111111,-2.843754529953003
-0.8888888888888888,-4.546324253082275
-2.0,-4.53207540512085
-2.6666666666666665,-4.72878360748291
21.55555555555556,6.117316722869873
11.77777777777778,-1.4823293685913086
14.88888888888889,8.394586563110352
-0.8888888888888888,-1.8752014636993408
1.4444444444444444,-3.1754119396209717
-2.7777777777777777,-2.791480541229248
-2.7777777777777777,-4.126797676086426
-8.777777777777779,-1.4705172777175903
-3.555555555555556,-4.598781585693359
-9.444444444444445,-5.646439552307129
2.0,-4.74523401260376
-7.0,-6.477784156799316
0.1111111111111111,0.2726019024848938
-5.888888888888889,-2.652700662612915
-11.444444444444445,4.235054969787598
-5.777777777777778,-1.032044529914856
-0.4444444444444444,-1.4943530559539795
-1.7777777777777777,2.767137050628662
-1.4444444444444444,2.588144540786743
-4.333333333333333,-0.5398267507553101
-8.555555555555555,-1.5497281551361084
-8.222222222222221,-2.3349905014038086
0.4444444444444444,1.4059160947799683
-4.555555555555555,0.8203525543212891
-6.0,0.08836036920547485
-1.0,-3.917623281478882
-4.333333333333333,-1.7446595430374146
-4.111111111111111,-2.0602316856384277
16.0,0.13781052827835083
-3.4444444444444446,4.475402355194092
-3.111111111111111,-3.1310760974884033
10.77777777777778,-0.07983380556106567
8.222222222222221,-0.1427990198135376
0.3333333333333333,-5.09528112411499
0.2222222222222222,-3.238051414489746
-14.88888888888889,-3.0237481594085693
3.333333333333333,7.413519382476807
1.0,-3.0185863971710205
0.6666666666666666,-3.9814658164978027
-4.333333333333333,-6.910099029541016
0.3333333333333333,-2.5846035480499268
-4.444444444444445,-2.9115586280822754
0.2222222222222222,-3.3113741874694824
5.222222222222222,-3.3202884197235107
-2.7777777777777777,-1.1342886686325073
-2.0,1.8341323137283325
28.444444444444443,4.519680500030518
-6.0,-1.700671672821045
-6.666666666666667,0.022783637046813965
-3.888888888888889,-1.3948500156402588
-10.11111111111111,-2.7867462635040283
-4.777777777777778,0.6439102292060852
1.4444444444444444,-3.272291421890259
-5.0,-2.8025126457214355
0.1111111111111111,0.5192295908927917
-6.444444444444445,-1.025256872177124
-2.333333333333333,-1.1226540803909302
-1.6666666666666667,-4.757386207580566
-4.111111111111111,2.93349289894104
-10.0,-2.9679601192474365
2.7777777777777777,-5.840707778930664
-1.5555555555555556,0.8725181818008423
-4.666666666666667,-4.41555118560791
-5.444444444444445,-0.7233055830001831
2.0,5.0231614112854
-6.222222222222222,3.952676296234131
-10.11111111111111,-4.701773166656494
9.555555555555555,-0.2406529188156128
-10.0,-4.860676288604736
-6.444444444444445,0.7302306890487671
0.8888888888888888,-2.509809732437134
-0.5555555555555556,-3.3000082969665527
-1.8888888888888888,-2.367098093032837
3.888888888888889,-3.8298215866088867
3.333333333333333,-2.1507816314697266
17.0,-0.016330599784851074
-0.7777777777777778,-0.30878400802612305
-3.2222222222222223,-1.7551186084747314
-4.777777777777778,0.10735413432121277
-3.2222222222222223,-6.403292655944824
-4.222222222222222,-3.714958906173706
-9.11111111111111,0.19460606575012207
-6.333333333333333,-5.65740442276001
-4.666666666666667,-0.9740633964538574
9.444444444444445,-0.23720474541187286
1.6666666666666667,-4.846059799194336
-3.0,3.2351558208465576
-5.444444444444445,-2.8777687549591064
2.111111111111111,-0.924241840839386
-5.888888888888889,-1.168321132659912
-1.8888888888888888,-1.649423599243164
-4.777777777777778,-2.127117395401001
2.111111111111111,-5.343837738037109
0.5555555555555556,-0.7137672901153564
-3.111111111111111,-4.064587116241455
-11.88888888888889,-7.078981399536133
-0.6666666666666666,0.17383593320846558
12.11111111111111,-0.5977464318275452
-0.5555555555555556,-0.060991257429122925
0.6666666666666666,1.2125405073165894
-4.888888888888889,-3.5423855781555176
-3.111111111111111,-2.494405746459961
-2.2222222222222223,-3.976857900619507
-3.2222222222222223,-8.452203750610352
-6.888888888888889,-4.143547058105469
3.4444444444444446,-1.8351473808288574
24.11111111111111,5.570674419403076
-0.8888888888888888,-2.7196121215820312
0.8888888888888888,-3.848803997039795
-6.555555555555555,-0.8375718593597412
-1.3333333333333333,-0.3070160448551178
-4.111111111111111,6.3118486404418945
9.666666666666666,-1.3680591583251953
5.111111111111111,-2.5833146572113037
4.333333333333333,0.02234065532684326
0.4444444444444444,5.573119640350342
-15.444444444444445,-2.9394032955169678
-7.0,-1.7026472091674805
1.7777777777777777,-0.3086586594581604
6.777777777777778,-2.103053331375122
8.0,-3.12046480178833
4.777777777777778,3.9672858715057373
19.55555555555556,9.108691215515137
-6.777777777777778,-1.3472744226455688
-7.222222222222222,-1.7267229557037354
0.1111111111111111,-3.2703514099121094
-0.4444444444444444,-3.195207357406616
-3.555555555555556,-1.2138532400131226
10.444444444444445,1.2303529977798462
3.4444444444444446,4.687089920043945
-0.1111111111111111,5.24959659576416
-7.666666666666667,-1.2373220920562744
0.1111111111111111,-1.2877405881881714
-3.333333333333333,-0.47702786326408386
-4.222222222222222,3.570563554763794
-0.7777777777777778,0.4887301027774811
-11.666666666666666,-3.0659449100494385
-2.333333333333333,0.05170735716819763
-0.3333333333333333,-0.1930106282234192
17.88888888888889,10.286953926086426
32.55555555555556,10.466894149780273
-11.0,7.176355838775635
-4.0,1.7560771703720093
-6.777777777777778,3.1292808055877686
-15.333333333333334,-1.0823230743408203
-7.666666666666667,0.9272119402885437
-3.555555555555556,-2.7469112873077393
-2.7777777777777777,-1.6243371963500977
0.1111111111111111,-0.21708613634109497
38.11111111111112,11.367547035217285
-8.0,0.01995544135570526
-4.222222222222222,-0.8821960687637329
0.0,0.40311363339424133
23.55555555555556,6.341731071472168
1.7777777777777777,-5.590419292449951
-2.7777777777777777,-0.4977523982524872
-5.777777777777778,-3.277620315551758
7.333333333333333,13.935656547546387
-6.555555555555555,-3.3746869564056396
-9.333333333333334,2.721679210662842
5.111111111111111,2.319962739944458
-5.444444444444445,2.554264783859253
3.6666666666666665,3.8190155029296875
-6.555555555555555,-1.1959644556045532
19.444444444444443,12.122581481933594
-4.777777777777778,0.4666246771812439
4.888888888888889,-1.2496188879013062
-3.2222222222222223,-4.024971008300781
-1.6666666666666667,0.4457016885280609
-7.555555555555555,-1.937406063079834
-3.4444444444444446,-1.0955730676651
1.5555555555555556,2.905089855194092
-7.555555555555555,-6.1086506843566895
-13.333333333333334,-3.757312059402466
-5.0,-5.489696979522705
-3.111111111111111,3.4669206142425537
-8.777777777777779,-2.081188440322876
-1.1111111111111112,-3.923170804977417
1.8888888888888888,1.0524471998214722
-6.222222222222222,-3.7513740062713623
-0.1111111111111111,-3.731661796569824
4.0,1.3498455286026
-18.22222222222222,-6.229919910430908
-1.7777777777777777,-1.1664037704467773
-13.333333333333334,-3.2394630908966064
-7.666666666666667,-9.030628204345703
-1.6666666666666667,-3.2308993339538574
-4.444444444444445,-1.2179251909255981
-11.444444444444445,-4.323436737060547
2.888888888888889,0.832886278629303
27.0,8.983731269836426
1.8888888888888888,-0.15820574760437012
-8.88888888888889,-5.930312156677246
-4.888888888888889,-8.567293167114258
-5.888888888888889,-9.55744457244873
-3.6666666666666665,-4.544407844543457
9.555555555555555,8.759730339050293
-1.6666666666666667,-4.285423755645752
0.8888888888888888,-3.898470640182495
-13.666666666666666,-8.72414779663086
-3.555555555555556,-4.940542697906494
-1.6666666666666667,-6.572089672088623
8.88888888888889,4.072709083557129
-4.888888888888889,-5.706241130828857
-3.888888888888889,-5.655329704284668
-9.88888888888889,-3.610743999481201
-1.5555555555555556,-6.075528144836426
7.666666666666667,5.728751182556152
3.7777777777777777,-2.6205191612243652
12.666666666666666,-5.225724220275879
-4.555555555555555,-5.131171226501465
13.555555555555555,14.957036972045898
6.777777777777778,-4.122043132781982
-9.11111111111111,-7.126683235168457
-2.555555555555556,-4.0544915199279785
-1.4444444444444444,-0.36710163950920105
-6.222222222222222,-6.621071815490723
-7.555555555555555,-6.202056884765625
1.0,5.398995876312256
-1.4444444444444444,1.0927366018295288
-9.88888888888889,-2.6396169662475586
1.2222222222222223,0.006597280502319336
2.2222222222222223,-3.3712234497070312
1.2222222222222223,-0.6147586703300476
8.444444444444445,-2.5345754623413086
0.8888888888888888,0.36216410994529724
-10.444444444444445,-1.7025792598724365
4.444444444444445,-0.12713071703910828
-1.6666666666666667,5.061654090881348
-3.888888888888889,-3.131174325942993
3.2222222222222223,-1.4605903625488281
-5.666666666666667,9.957904815673828
-9.0,-5.066187381744385
8.777777777777779,5.621641635894775
1.5555555555555556,-2.8269925117492676
-2.555555555555556,1.252582311630249
4.777777777777778,1.5061055421829224
-16.11111111111111,-5.535572052001953
-5.555555555555555,-4.265600204467773
-1.8888888888888888,-1.3761459589004517
25.11111111111111,8.852282524108887
-2.555555555555556,-3.346055746078491
-12.0,0.09700822830200195
-10.333333333333334,-7.100894927978516
-7.333333333333333,-2.7844927310943604
0.0,-0.3686927855014801
1.8888888888888888,-5.316377639770508
1.4444444444444444,-2.8321588039398193
19.55555555555556,1.0805935859680176
-5.222222222222222,-4.120389938354492
0.3333333333333333,1.1237512826919556
1.1111111111111112,-3.8962574005126953
25.666666666666668,10.364656448364258
-3.0,1.5633716583251953
3.555555555555556,-0.6182191371917725
4.222222222222222,2.8421804904937744
1.7777777777777777,-4.416204929351807
31.444444444444443,-5.665597915649414
19.33333333333333,8.295909881591797
-1.6666666666666667,-2.927900791168213
1.5555555555555556,1.4863568544387817
7.222222222222222,-1.7730036973953247
-3.7777777777777777,-4.850236892700195
-1.6666666666666667,-5.7656755447387695
0.2222222222222222,-5.218151569366455
3.7777777777777777,6.085677623748779
-2.0,-2.0498509407043457
1.6666666666666667,-1.4093273878097534
1.3333333333333333,0.5648998618125916
0.1111111111111111,5.501975059509277
-1.0,-0.692099928855896
7.0,2.498284101486206
-3.111111111111111,-0.5351066589355469
9.11111111111111,6.148608684539795
3.6666666666666665,-1.268594741821289
-4.888888888888889,5.444188117980957
-1.6666666666666667,-0.10535696148872375
-3.555555555555556,-3.4666097164154053
-1.4444444444444444,0.1792180836200714
-15.0,2.5199532508850098
1.0,3.0613436698913574
5.333333333333333,8.220929145812988
5.444444444444445,2.388678550720215
-3.0,-2.0892109870910645
-2.333333333333333,2.2339513301849365
-5.111111111111111,-3.1015231609344482
-3.6666666666666665,-2.6621718406677246
2.7777777777777777,2.2219600677490234
-8.777777777777779,-5.271995544433594
2.333333333333333,-3.1819446086883545
3.4444444444444446,2.8528995513916016
12.333333333333334,9.307369232177734
-1.0,1.6481529474258423
1.6666666666666667,1.4597132205963135
-1.1111111111111112,3.0889861583709717
-5.0,-1.669278621673584
-5.222222222222222,0.969822883605957
-4.777777777777778,-3.252608299255371
0.5555555555555556,-5.6759185791015625
6.0,3.17752742767334
13.77777777777778,16.891767501831055
6.666666666666667,0.28137895464897156
-1.0,-3.805306911468506
-3.7777777777777777,-1.8906844854354858
-5.777777777777778,-1.520257830619812
-3.555555555555556,-3.8244948387145996
0.2222222222222222,-2.8207874298095703
-3.888888888888889,4.515231609344482
-3.0,-3.3255388736724854
-5.888888888888889,-2.7866756916046143
5.0,10.351957321166992
-10.666666666666666,-0.12461376190185547
-3.333333333333333,-5.51856803894043
-9.666666666666666,-2.422644853591919
2.7777777777777777,-1.9537841081619263
-7.333333333333333,-5.155616283416748
19.22222222222222,6.469515323638916
-12.333333333333334,-5.063201427459717
-5.0,-7.033752918243408
-3.555555555555556,-8.02082347869873
-13.666666666666666,-11.134247779846191
6.777777777777778,4.184161186218262
1.3333333333333333,-2.860891580581665
48.22222222222222,-1.8748804330825806
3.2222222222222223,-0.3082229495048523
-4.0,-3.5527265071868896
10.77777777777778,-0.07486206293106079
-4.555555555555555,-1.2321739196777344
10.333333333333334,-5.289770603179932
0.8888888888888888,-2.288193464279175
-5.111111111111111,-6.718973159790039
5.0,-0.6047691106796265
-25.77777777777778,-4.949698448181152
-6.777777777777778,-2.6944479942321777
6.111111111111111,-1.7887883186340332
-9.22222222222222,-2.2122013568878174
-5.111111111111111,-1.4722826480865479
1.7777777777777777,-2.611041784286499
4.777777777777778,-2.0763542652130127
16.11111111111111,0.5623219013214111
-0.8888888888888888,-2.750469446182251
-2.888888888888889,-3.542675733566284
4.666666666666667,2.5334110260009766
-3.2222222222222223,-0.20762678980827332
11.0,3.043098211288452
6.777777777777778,2.081087589263916
-3.2222222222222223,-1.8250823020935059
5.111111111111111,6.197072505950928
-10.22222222222222,5.3177080154418945
2.333333333333333,-6.3985443115234375
2.2222222222222223,-4.61428165435791
-14.77777777777778,-3.149049997329712
0.8888888888888888,3.035151481628418
-8.777777777777779,-2.01350998878479
2.888888888888889,-0.5639365911483765
-5.333333333333333,-5.309532165527344
-2.0,-3.3643131256103516
0.1111111111111111,3.063626527786255
-1.0,-3.6393423080444336
1.2222222222222223,-1.7429512739181519
11.444444444444445,6.519045352935791
-2.0,-2.355952739715576
-1.4444444444444444,-0.11498767137527466
-5.333333333333333,-7.4806342124938965
-4.777777777777778,-4.586468696594238
-2.7777777777777777,-5.037452697753906
4.333333333333333,0.28048795461654663
-0.8888888888888888,-1.9526692628860474
7.222222222222222,-1.1974220275878906
-6.777777777777778,-3.516930341720581
28.22222222222222,11.216054916381836
6.555555555555555,-3.746765613555908
0.8888888888888888,1.5700817108154297
-6.555555555555555,1.2552449703216553
1.3333333333333333,0.4976654648780823
-1.5555555555555556,-2.645585060119629
0.7777777777777778,-10.14138412475586
-1.2222222222222223,-0.600269615650177
-7.333333333333333,-0.48202085494995117
-4.333333333333333,-0.5092027187347412
-0.6666666666666666,-6.051763534545898
-3.2222222222222223,-0.18384307622909546
-8.11111111111111,-2.899136543273926
6.666666666666667,-1.7803431749343872
-4.777777777777778,-0.427584707736969
-7.222222222222222,-0.6984989047050476
-4.222222222222222,-4.589201927185059
3.888888888888889,-2.3239755630493164
1.7777777777777777,3.0251150131225586
-2.7777777777777777,-3.1836013793945312
0.4444444444444444,0.5564289093017578
-7.666666666666667,-0.6914833188056946
10.0,2.63022518157959
2.0,-2.849151134490967
1.4444444444444444,-2.1936163902282715
3.2222222222222223,0.46223342418670654
-6.111111111111111,-6.013172626495361
-2.0,-1.9429563283920288
-6.888888888888889,4.563694000244141
6.222222222222222,2.29276704788208
-5.111111111111111,2.594158411026001
-3.4444444444444446,-3.5050148963928223
-3.333333333333333,2.6257832050323486
0.5555555555555556,0.4198196828365326
-7.222222222222222,-5.52244234085083
2.111111111111111,-1.1799709796905518
-1.6666666666666667,-1.8163597583770752
19.88888888888889,11.525703430175781
-5.666666666666667,0.3110988736152649
0.1111111111111111,-1.651015281677246
0.0,-4.723228454589844
-1.4444444444444444,3.9081456661224365
-1.4444444444444444,0.9138174057006836
1.1111111111111112,-2.3410463333129883
-1.4444444444444444,-2.1497795581817627
-4.777777777777778,-3.367274284362793
-16.88888888888889,-1.5308380126953125
-3.2222222222222223,-3.6744003295898438
3.6666666666666665,2.2224433422088623
-5.555555555555555,-1.3268193006515503
0.7777777777777778,-5.433857440948486
0.4444444444444444,2.1641921997070312
-1.3333333333333333,-0.19829833507537842
-1.5555555555555556,1.4616955518722534
-3.2222222222222223,-0.20259246230125427
14.88888888888889,20.00734519958496
-1.4444444444444444,-4.118474006652832
-0.6666666666666666,-3.7447171211242676
-1.8888888888888888,-3.1476247310638428
0.4444444444444444,-6.394495010375977
-6.0,-1.4788093566894531
-47.22222222222222,-4.349559783935547
40.55555555555556,9.74765396118164
-7.666666666666667,0.8570631146430969
2.6666666666666665,-3.8735005855560303
-3.0,-5.408263206481934
-1.5555555555555556,2.2602953910827637
2.7777777777777777,-3.5781033039093018
-3.7777777777777777,-3.329904079437256
-8.555555555555555,-2.566889524459839
-3.7777777777777777,0.3176274299621582
-1.7777777777777777,-9.702851295471191
3.0,-5.8896613121032715
16.22222222222222,-2.987393379211426
-7.0,-0.7885746955871582
-4.666666666666667,-1.3259731531143188
4.111111111111111,4.687193870544434
-1.4444444444444444,-2.9277586936950684
0.0,-4.0865373611450195
-3.111111111111111,-2.0297060012817383
1.5555555555555556,0.9498653411865234
-1.7777777777777777,3.8006668090820312
-6.222222222222222,-1.7579905986785889
-5.666666666666667,-1.5622488260269165
-1.2222222222222223,-3.697288990020752
-3.555555555555556,-0.2396082878112793
-12.77777777777778,5.858856201171875
-3.0,-3.1848130226135254
-1.2222222222222223,-2.98738431930542
-10.22222222222222,-2.175553560256958
12.444444444444445,2.1729390621185303
9.22222222222222,10.967964172363281
-5.777777777777778,-6.171598434448242
-5.888888888888889,0.20932888984680176
0.3333333333333333,-3.0828075408935547
3.6666666666666665,-1.7787981033325195
-3.0,-2.9515554904937744
-19.88888888888889,-4.870341777801514
-6.333333333333333,-3.6199159622192383
-0.2222222222222222,1.1633421182632446
-4.777777777777778,-3.638045072555542
-3.888888888888889,-2.8472373485565186
1.4444444444444444,-6.063905239105225
-2.888888888888889,-3.7955620288848877
1.5555555555555556,-4.646607875823975
-1.7777777777777777,-4.4167938232421875
-12.333333333333334,-5.723176956176758
16.11111111111111,2.0543887615203857
-3.888888888888889,-0.6908391118049622
-2.555555555555556,-4.254854679107666
2.888888888888889,-1.224126935005188
-3.2222222222222223,-3.7355353832244873
-0.6666666666666666,-5.0532097816467285
13.666666666666666,2.4981508255004883
11.333333333333334,-5.995907783508301
-7.666666666666667,-5.0309271812438965
-15.555555555555555,-5.05017614364624
-3.555555555555556,-0.289680540561676
-1.4444444444444444,-4.486430644989014
-1.6666666666666667,-1.8677500486373901
-9.0,-3.247087001800537
11.666666666666666,11.366193771362305
-20.88888888888889,-3.4275174140930176
-5.777777777777778,-3.2319114208221436
3.333333333333333,1.511109471321106
1.4444444444444444,0.44559627771377563
-3.111111111111111,-0.9291437864303589
1.2222222222222223,-0.31278273463249207
3.555555555555556,1.3746522665023804
-9.444444444444445,-2.83536958694458
-3.0,-1.427748203277588
-8.444444444444445,-2.087921142578125
-0.6666666666666666,4.883296489715576
-4.555555555555555,0.7755693793296814
-2.2222222222222223,0.19403806328773499
-0.5555555555555556,0.27408015727996826
-4.333333333333333,-5.212913990020752
-2.4444444444444446,-0.014735698699951172
-8.222222222222221,-3.8563790321350098
-0.7777777777777778,-4.398346424102783
-17.555555555555557,-5.201905727386475
1.1111111111111112,-2.600468397140503
-0.1111111111111111,-5.547467231750488
-3.888888888888889,-6.721773624420166
-5.666666666666667,-2.9596946239471436
0.4444444444444444,-1.9575306177139282
-11.444444444444445,-6.637153148651123
-5.777777777777778,-4.42048454284668
-2.4444444444444446,-5.073134422302246
-1.3333333333333333,-2.1394166946411133
-2.888888888888889,-6.551234245300293
-0.2222222222222222,-3.4783546924591064
3.4444444444444446,-4.312036514282227
-15.77777777777778,-7.013786315917969
-1.8888888888888888,-5.841153144836426
2.111111111111111,-7.386041164398193
2.888888888888889,2.834238290786743
4.333333333333333,2.213599681854248
-4.444444444444445,-0.7344268560409546
16.555555555555557,13.079146385192871
0.8888888888888888,-4.051711082458496
-0.4444444444444444,1.4256703853607178
-17.0,-1.6522470712661743
-1.7777777777777777,-2.270718574523926
-5.888888888888889,-9.730334281921387
5.111111111111111,5.884317398071289
-1.2222222222222223,-1.0813889503479004
3.7777777777777777,6.464305877685547
22.77777777777778,3.3063621520996094
0.5555555555555556,6.984554767608643
4.111111111111111,6.1616106033325195
4.0,2.535026788711548
-3.2222222222222223,-4.52054500579834
21.33333333333333,12.380916595458984
5.333333333333333,-1.1322407722473145
11.11111111111111,-1.9580199718475342
-3.2222222222222223,-1.1267644166946411
0.2222222222222222,-6.370789527893066
-2.2222222222222223,-2.3794960975646973
-24.33333333333333,-3.3946645259857178
-3.333333333333333,0.2914522886276245
5.555555555555555,-2.5174927711486816
2.2222222222222223,-3.4328980445861816
-0.3333333333333333,-0.8211054801940918
-0.3333333333333333,-1.994329571723938
-0.1111111111111111,4.095746994018555
-3.4444444444444446,1.442360520362854
-1.1111111111111112,1.8669724464416504
-9.88888888888889,-3.356839656829834
1.4444444444444444,0.060875385999679565
-5.555555555555555,1.3364992141723633
-12.444444444444445,-1.5941541194915771
3.333333333333333,1.1721991300582886
8.222222222222221,-2.250852108001709
-9.555555555555555,-1.5405235290527344
-0.8888888888888888,-3.6505937576293945
-2.333333333333333,-1.927288293838501
-0.6666666666666666,1.5351377725601196
-1.7777777777777777,1.4650776386260986
17.88888888888889,-0.4730337858200073
-5.888888888888889,-0.8998671770095825
-0.7777777777777778,-4.68415641784668
-3.0,3.7579476833343506
-1.2222222222222223,-1.1994497776031494
-6.555555555555555,-3.5051913261413574
-5.888888888888889,10.264618873596191
1.7777777777777777,0.36316001415252686
-8.444444444444445,0.2971397340297699
1.4444444444444444,-1.4049557447433472
-0.4444444444444444,-1.1847155094146729
0.1111111111111111,-2.585430383682251
-5.111111111111111,-3.228714942932129
-12.0,-3.7159411907196045
-3.333333333333333,-2.3215506076812744
-3.333333333333333,-3.1347622871398926
5.0,-2.9746360778808594
-0.6666666666666666,2.3456976413726807
3.6666666666666665,2.4411425590515137
-6.444444444444445,-6.789740562438965
6.111111111111111,1.148655891418457
-6.222222222222222,-8.843711853027344
-3.0,-3.423326015472412
-0.3333333333333333,-11.545461654663086
-3.555555555555556,-1.0521266460418701
-7.333333333333333,-3.156633138656616
27.55555555555556,8.58865737915039
-8.444444444444445,-3.45173716545105
-0.1111111111111111,-4.336700439453125
2.888888888888889,-7.290334701538086
-0.5555555555555556,-5.98994779586792
4.777777777777778,7.784648418426514
-2.6666666666666665,-2.810039758682251
-37.888888888888886,-5.833653926849365
-0.4444444444444444,-6.901782035827637
-6.888888888888889,2.4082086086273193
-6.0,-2.747100830078125
-2.888888888888889,-2.34690260887146
4.0,-2.7176878452301025
-1.4444444444444444,0.1595996618270874
-2.555555555555556,5.079158782958984
-3.0,-2.6563925743103027
1.4444444444444444,-3.2568111419677734
0.3333333333333333,5.356724739074707
-1.5555555555555556,-5.522944927215576
-2.888888888888889,-2.9410455226898193
-5.888888888888889,1.3793437480926514
1.7777777777777777,-0.8207073211669922
-6.444444444444445,-6.100268840789795
12.333333333333334,11.212580680847168
1.1111111111111112,-1.5669035911560059
-2.555555555555556,-3.3094756603240967
-3.111111111111111,-4.541720867156982
-1.4444444444444444,-1.7981384992599487
-12.333333333333334,-2.7054286003112793
12.555555555555555,2.9894683361053467
-6.777777777777778,-4.659210681915283
-0.8888888888888888,-0.46941354870796204
5.222222222222222,-0.9770603179931641
-2.111111111111111,0.33918070793151855
0.0,0.43576207756996155
-0.8888888888888888,-4.759647846221924
1.4444444444444444,-2.944338083267212
0.4444444444444444,-5.543942928314209
1.3333333333333333,-3.3610312938690186
-6.777777777777778,-7.033902168273926
-7.777777777777778,-4.680984973907471
7.555555555555555,4.002996921539307
-24.55555555555556,-3.56675124168396
32.22222222222222,10.722297668457031
9.333333333333334,1.9506186246871948
8.777777777777779,3.8626198768615723
-4.777777777777778,1.7752236127853394
-6.333333333333333,1.6075413227081299
