Score,Pred Score
8.88888888888889,-0.029002994298934937
-0.5555555555555556,-3.334740161895752
-8.444444444444445,-2.4858736991882324
0.4444444444444444,-9.019554138183594
-2.7777777777777777,-2.8367676734924316
-3.6666666666666665,-2.234417676925659
-5.222222222222222,-7.054929733276367
-10.555555555555555,-5.329166412353516
0.6666666666666666,-5.9960126876831055
8.0,2.96535587310791
0.2222222222222222,1.9573965072631836
-2.6666666666666665,-5.250645637512207
-5.111111111111111,-4.337854385375977
-9.333333333333334,-7.805978775024414
-0.3333333333333333,-0.7650469541549683
2.6666666666666665,-4.7270283699035645
-8.88888888888889,-8.21691608428955
-5.555555555555555,-2.1236202716827393
1.5555555555555556,-1.6563793420791626
-4.444444444444445,0.432223379611969
-8.0,-1.9070791006088257
5.222222222222222,3.3046977519989014
-1.8888888888888888,-6.44788932800293
-7.555555555555555,-3.3047759532928467
4.0,2.1868247985839844
0.1111111111111111,2.95741868019104
1.4444444444444444,-0.797275185585022
-2.0,-0.28032076358795166
-2.7777777777777777,1.642806053161621
-6.555555555555555,-6.032397270202637
-8.666666666666666,-5.461727619171143
-5.0,-4.721842288970947
-3.7777777777777777,-4.045497417449951
9.555555555555555,4.226449489593506
-10.22222222222222,-9.540753364562988
9.0,12.981744766235352
-2.7777777777777777,-1.0825519561767578
-1.5555555555555556,-0.5728344917297363
-1.8888888888888888,1.2388511896133423
2.4444444444444446,1.6151138544082642
-5.222222222222222,-3.805579662322998
-1.6666666666666667,-1.4144871234893799
5.888888888888889,4.917736530303955
-6.666666666666667,-8.179972648620605
-0.2222222222222222,-4.58597993850708
-6.666666666666667,-3.534653663635254
-5.111111111111111,-5.187914848327637
0.3333333333333333,0.40790024399757385
-0.4444444444444444,0.15201503038406372
-4.444444444444445,-4.780557155609131
3.4444444444444446,-4.814179420471191
-0.7777777777777778,0.1045510470867157
-9.555555555555555,-2.816343307495117
-5.333333333333333,-4.613147735595703
5.222222222222222,0.8554202914237976
6.444444444444445,0.8830801844596863
5.111111111111111,-3.627337694168091
4.888888888888889,-5.3435492515563965
-6.0,0.9542609453201294
-5.666666666666667,-7.293403148651123
37.77777777777778,9.75967788696289
-7.111111111111111,-3.0587642192840576
-1.4444444444444444,-2.8750901222229004
6.777777777777778,0.3556382656097412
-9.444444444444445,0.16157126426696777
-6.333333333333333,-1.311625599861145
-0.4444444444444444,2.234783172607422
5.111111111111111,-2.9899091720581055
9.11111111111111,-0.42062675952911377
-1.7777777777777777,10.318720817565918
-7.888888888888889,-0.20291268825531006
-3.6666666666666665,1.0141457319259644
-2.888888888888889,1.3091411590576172
-8.0,-8.702197074890137
-2.4444444444444446,-4.022028923034668
7.888888888888889,11.068951606750488
-0.2222222222222222,5.641702175140381
-0.5555555555555556,1.880434274673462
-2.7777777777777777,-5.423072814941406
-3.555555555555556,2.0182125568389893
-0.5555555555555556,-0.4440409541130066
-2.111111111111111,-2.164146900177002
-1.5555555555555556,-0.8815012574195862
2.4444444444444446,1.0572556257247925
-8.11111111111111,-5.75028657913208
-0.6666666666666666,-5.256693363189697
3.0,1.348907232284546
-1.4444444444444444,-1.7787550687789917
9.666666666666666,3.405651569366455
3.111111111111111,1.2587846517562866
-12.555555555555555,-8.308703422546387
4.666666666666667,2.428619861602783
-12.0,-10.140393257141113
-10.88888888888889,-7.48115348815918
17.11111111111111,17.55584144592285
9.22222222222222,11.521672248840332
-1.3333333333333333,-1.6045016050338745
5.666666666666667,-0.12590718269348145
-5.666666666666667,-3.182171106338501
-3.888888888888889,-6.278249263763428
-8.11111111111111,-2.658567428588867
-9.444444444444445,-1.0021740198135376
-2.7777777777777777,-2.622356653213501
-5.888888888888889,3.238593816757202
8.555555555555555,-4.720422744750977
-3.555555555555556,-4.158309459686279
2.555555555555556,1.6049169301986694
-25.22222222222222,-5.151709079742432
5.888888888888889,5.347955226898193
-2.7777777777777777,-1.5664703845977783
-6.444444444444445,-5.444242000579834
-17.444444444444443,-10.413949966430664
-0.1111111111111111,2.3715121746063232
-4.666666666666667,-1.98568594455719
-1.7777777777777777,-2.223421096801758
-0.2222222222222222,1.3019025325775146
6.111111111111111,-1.4046710729599
-5.444444444444445,-0.0032223165035247803
-4.222222222222222,-4.531834125518799
-3.6666666666666665,1.1241858005523682
-2.4444444444444446,-4.991096019744873
-10.0,-2.016652822494507
8.333333333333334,0.21426641941070557
25.55555555555556,19.728923797607422
-2.555555555555556,-4.641791343688965
-4.555555555555555,1.6482088565826416
-1.3333333333333333,-2.6081809997558594
22.666666666666668,25.024803161621094
3.2222222222222223,8.999792098999023
-3.2222222222222223,-3.055189847946167
-1.2222222222222223,-2.3892884254455566
-1.1111111111111112,-0.1121615469455719
-6.111111111111111,-3.963303565979004
-12.555555555555555,-6.555008888244629
13.11111111111111,12.33049201965332
8.88888888888889,-4.059360980987549
-2.2222222222222223,-5.3773908615112305
-8.666666666666666,-6.495241641998291
-11.555555555555555,-3.3120510578155518
-3.2222222222222223,1.1161645650863647
-2.0,-0.5600647926330566
-1.5555555555555556,-1.334651231765747
-6.111111111111111,-4.840647220611572
2.0,3.6955313682556152
-8.333333333333334,-7.511321067810059
-2.4444444444444446,-0.5603678822517395
4.222222222222222,-1.244676113128662
26.22222222222222,-3.304109811782837
-5.0,-2.729804515838623
-2.2222222222222223,-0.22493720054626465
1.1111111111111112,0.40992072224617004
-10.0,-3.5024282932281494
4.555555555555555,2.3732798099517822
3.6666666666666665,-0.9467490911483765
-11.666666666666666,-8.008258819580078
12.22222222222222,-2.163668155670166
-0.3333333333333333,0.2091214656829834
-9.11111111111111,-7.777258396148682
-1.4444444444444444,-2.5518174171447754
-3.4444444444444446,-1.3182748556137085
-10.11111111111111,-8.551006317138672
-2.111111111111111,0.4290073812007904
15.666666666666666,15.227538108825684
-3.888888888888889,-3.0354413986206055
-3.2222222222222223,-5.01568603515625
2.0,2.152503490447998
-4.666666666666667,-5.76492977142334
1.7777777777777777,-1.7021205425262451
1.0,-0.8980394601821899
-1.3333333333333333,-1.652848243713379
-5.222222222222222,-7.566736221313477
-0.2222222222222222,-0.17456652224063873
-3.0,0.7754061818122864
-6.555555555555555,-6.046606063842773
-1.3333333333333333,-1.4230836629867554
-2.111111111111111,-3.9147536754608154
9.555555555555555,4.1415886878967285
0.7777777777777778,1.689982295036316
38.11111111111112,13.945403099060059
0.0,-0.4332292675971985
-4.222222222222222,-4.18347692489624
1.3333333333333333,-1.9209272861480713
8.555555555555555,-2.4063823223114014
-3.555555555555556,-2.463191270828247
33.0,27.083227157592773
-4.777777777777778,-2.9421162605285645
29.0,11.712099075317383
-12.555555555555555,-14.545891761779785
2.111111111111111,-0.9146324396133423
-3.2222222222222223,-2.3316967487335205
-7.111111111111111,-5.873599052429199
-4.222222222222222,-3.029470920562744
-7.444444444444445,-4.581924915313721
-10.0,-3.3094141483306885
7.888888888888889,1.8367540836334229
1.6666666666666667,-2.6553564071655273
-4.0,-6.851277828216553
-2.888888888888889,-5.273373126983643
0.5555555555555556,4.473555564880371
-14.333333333333334,-7.911226272583008
-9.0,-4.238097190856934
-4.888888888888889,-8.955557823181152
-4.111111111111111,1.2070640325546265
-0.5555555555555556,1.2608356475830078
-1.6666666666666667,-1.2762091159820557
-1.3333333333333333,-2.4847936630249023
-5.666666666666667,-0.14614620804786682
-6.111111111111111,-5.209850788116455
0.8888888888888888,0.9118611216545105
-5.0,0.30551958084106445
-14.77777777777778,-9.060667037963867
0.8888888888888888,-3.5373785495758057
2.2222222222222223,6.858283996582031
2.7777777777777777,4.788769721984863
7.666666666666667,-2.228741407394409
-2.555555555555556,3.8940773010253906
-5.111111111111111,1.4451967477798462
-1.1111111111111112,-2.3034770488739014
8.222222222222221,16.163530349731445
9.333333333333334,-2.2559940814971924
7.888888888888889,5.22231388092041
0.3333333333333333,-5.01944637298584
-8.0,-4.008249282836914
-7.555555555555555,3.893012285232544
-4.777777777777778,-4.61727237701416
-0.3333333333333333,0.6034836173057556
-5.333333333333333,-2.2697601318359375
4.333333333333333,-0.4739871025085449
-1.4444444444444444,0.8033472895622253
-2.888888888888889,-4.963703155517578
3.111111111111111,-2.8721871376037598
17.333333333333332,4.779407978057861
2.0,2.3478925228118896
-13.88888888888889,-9.942928314208984
-4.444444444444445,-3.064293384552002
-11.666666666666666,-10.8923921585083
-4.444444444444445,-4.028193473815918
-4.222222222222222,-6.353726863861084
-7.333333333333333,-10.451696395874023
-3.2222222222222223,-1.7855534553527832
-3.4444444444444446,-2.5155091285705566
-3.111111111111111,0.9253441095352173
-5.333333333333333,-3.0423154830932617
7.888888888888889,4.659240245819092
19.88888888888889,13.671566009521484
-0.1111111111111111,-2.1652448177337646
-2.555555555555556,-1.9302115440368652
-6.888888888888889,-4.399990081787109
-6.111111111111111,-1.1326470375061035
-1.5555555555555556,-0.4558435082435608
-4.333333333333333,-8.037412643432617
0.6666666666666666,-2.7926573753356934
-24.0,-4.893454551696777
-4.222222222222222,-3.7176401615142822
-1.0,3.7383954524993896
1.3333333333333333,1.0011093616485596
-12.666666666666666,-5.516476631164551
-7.0,-3.294701337814331
-1.3333333333333333,-2.535949945449829
-7.0,-2.512725591659546
5.888888888888889,3.327383279800415
-8.11111111111111,-8.139625549316406
-5.777777777777778,-5.760983467102051
-2.888888888888889,-1.5908522605895996
-12.77777777777778,-5.535228252410889
-6.444444444444445,-7.274551868438721
-2.4444444444444446,-4.7898688316345215
6.0,-0.2717542052268982
-8.666666666666666,-0.17912161350250244
-2.111111111111111,2.139977216720581
11.11111111111111,4.3448967933654785
5.333333333333333,2.4739561080932617
2.4444444444444446,5.1413373947143555
-3.7777777777777777,-8.900227546691895
-1.8888888888888888,-4.5742268562316895
-0.7777777777777778,-5.607203960418701
-5.111111111111111,-1.3839924335479736
0.6666666666666666,-1.1147421598434448
-1.3333333333333333,-3.9988691806793213
18.77777777777778,21.09148406982422
7.0,4.748122692108154
-22.55555555555556,0.2877204418182373
-5.333333333333333,-6.321316719055176
-0.7777777777777778,1.9828126430511475
10.444444444444445,-5.075710296630859
-1.4444444444444444,-2.4980080127716064
-0.8888888888888888,-5.159542083740234
10.0,1.2135707139968872
23.0,7.576584339141846
0.1111111111111111,0.0022391676902770996
-1.6666666666666667,1.6394269466400146
-8.88888888888889,-1.0174895524978638
-10.444444444444445,-6.1158270835876465
-1.0,-1.684972882270813
0.6666666666666666,-1.608730435371399
-4.111111111111111,-3.997117280960083
18.11111111111111,-2.695824146270752
-1.3333333333333333,-5.816821575164795
-6.333333333333333,-4.191542148590088
-6.666666666666667,-5.991881847381592
-4.111111111111111,-1.7831634283065796
-7.555555555555555,-5.06488037109375
-10.555555555555555,-8.696427345275879
0.5555555555555556,-3.775534152984619
5.555555555555555,2.4547083377838135
-0.1111111111111111,-3.7645158767700195
-2.888888888888889,-8.5648832321167
2.4444444444444446,3.146833896636963
-2.888888888888889,-6.597371578216553
18.666666666666668,13.574071884155273
1.2222222222222223,-0.4196065366268158
-2.2222222222222223,-3.826070785522461
-1.0,0.21998777985572815
5.222222222222222,2.953376054763794
4.222222222222222,0.5830892324447632
-0.2222222222222222,1.5305776596069336
16.444444444444443,-8.05431842803955
-8.0,-4.591080665588379
-11.666666666666666,-11.850786209106445
0.1111111111111111,-5.191529750823975
2.2222222222222223,4.647630214691162
-5.333333333333333,-1.6727550029754639
-2.333333333333333,-2.136037826538086
-3.555555555555556,-1.3581981658935547
-3.111111111111111,-3.8863370418548584
-9.22222222222222,-1.5246987342834473
-9.666666666666666,2.0222232341766357
-6.333333333333333,-4.179811954498291
-8.333333333333334,-5.387314796447754
-11.555555555555555,-3.3908851146698
-8.333333333333334,-4.016279220581055
25.0,5.705864429473877
-5.222222222222222,-4.583593845367432
3.555555555555556,2.0084002017974854
-2.333333333333333,-0.2970825731754303
-13.666666666666666,-3.291060447692871
-2.333333333333333,-6.706732273101807
-6.444444444444445,0.6451359391212463
10.22222222222222,3.0516793727874756
-4.888888888888889,-13.105538368225098
6.444444444444445,14.097335815429688
2.0,1.0213780403137207
15.0,3.4659616947174072
-10.0,-10.823908805847168
-5.666666666666667,0.024210378527641296
-3.7777777777777777,-6.8729729652404785
1.2222222222222223,-3.9414405822753906
-1.4444444444444444,-1.8951740264892578
-4.222222222222222,-13.205506324768066
2.4444444444444446,-1.0369569063186646
2.333333333333333,2.843287467956543
-7.666666666666667,1.7582406997680664
-0.2222222222222222,1.9874556064605713
0.2222222222222222,2.7439937591552734
1.2222222222222223,-1.283859133720398
-4.888888888888889,-5.328978061676025
-1.2222222222222223,-0.6529645323753357
0.7777777777777778,1.0243781805038452
-1.5555555555555556,-1.5389119386672974
-4.444444444444445,-1.8610433340072632
-1.1111111111111112,-7.290379047393799
-3.111111111111111,-5.301907539367676
-0.2222222222222222,-6.6399712562561035
3.0,1.8715063333511353
30.0,12.72531509399414
12.88888888888889,19.806182861328125
-0.3333333333333333,-3.3634660243988037
41.55555555555556,-3.7844431400299072
-13.333333333333334,-8.780823707580566
-10.555555555555555,-2.7182352542877197
0.7777777777777778,-1.9779270887374878
0.3333333333333333,0.7644482254981995
-3.555555555555556,-3.491989850997925
7.222222222222222,7.615321636199951
4.666666666666667,10.664422035217285
-9.88888888888889,-8.234705924987793
-6.111111111111111,-4.517343997955322
-3.4444444444444446,-4.139429569244385
7.888888888888889,14.414987564086914
0.2222222222222222,1.3788104057312012
-0.3333333333333333,-3.5163798332214355
2.4444444444444446,13.059051513671875
0.3333333333333333,-0.16821569204330444
-4.777777777777778,-8.297317504882812
-2.111111111111111,0.001446843147277832
-6.111111111111111,-2.4333503246307373
3.333333333333333,-1.4875937700271606
0.8888888888888888,-3.2427380084991455
-4.777777777777778,-4.730315685272217
-3.888888888888889,-2.665018320083618
-10.0,-3.805795669555664
-21.33333333333333,-10.846151351928711
-4.444444444444445,-5.321178913116455
2.0,0.9757298231124878
-5.222222222222222,-2.2775766849517822
1.2222222222222223,-2.5026283264160156
-9.666666666666666,-9.049560546875
-7.222222222222222,-2.447499990463257
-6.555555555555555,-3.698732852935791
-8.777777777777779,-11.316134452819824
-8.11111111111111,-1.8198057413101196
0.3333333333333333,-7.037493705749512
0.4444444444444444,2.171734094619751
0.1111111111111111,0.5465252995491028
13.22222222222222,2.057957410812378
-3.888888888888889,-1.8472754955291748
-0.8888888888888888,-2.2741451263427734
-4.777777777777778,-6.488633632659912
-9.22222222222222,-5.2042460441589355
3.111111111111111,-0.45077580213546753
2.2222222222222223,3.4088947772979736
-10.555555555555555,-2.804602861404419
-1.0,-3.0749733448028564
-11.0,2.5625319480895996
-4.666666666666667,-0.6765369176864624
-4.0,-3.7598752975463867
3.6666666666666665,2.6668834686279297
-1.0,-2.4936537742614746
3.0,-2.448507785797119
-9.444444444444445,-9.643179893493652
3.333333333333333,-1.5897537469863892
-4.111111111111111,-3.0291366577148438
6.555555555555555,5.825353622436523
3.333333333333333,7.4503021240234375
-7.222222222222222,-4.334715843200684
0.4444444444444444,-0.34386733174324036
-2.7777777777777777,-5.134821891784668
-2.2222222222222223,0.8204343318939209
-2.6666666666666665,-10.32355785369873
-1.7777777777777777,-0.26957613229751587
13.22222222222222,19.476030349731445
-3.2222222222222223,-2.505967617034912
-6.888888888888889,-11.536947250366211
-8.666666666666666,-6.959610462188721
2.0,-0.2161824107170105
0.0,-0.7037441730499268
-2.888888888888889,-1.9226772785186768
-5.888888888888889,-3.8566932678222656
5.555555555555555,3.9651551246643066
-4.0,-1.6950684785842896
6.444444444444445,6.16442346572876
-3.555555555555556,-3.353539228439331
-1.3333333333333333,-1.3337429761886597
2.0,-4.0075907707214355
-6.0,-7.172225475311279
-18.88888888888889,-17.911497116088867
-13.555555555555555,-9.091923713684082
-2.888888888888889,-3.9446732997894287
6.444444444444445,3.5870165824890137
-4.111111111111111,-3.2626748085021973
-6.555555555555555,-5.437746047973633
-3.111111111111111,-4.2475409507751465
-1.5555555555555556,-1.5715181827545166
-1.7777777777777777,-5.15800666809082
5.555555555555555,2.7324442863464355
-1.5555555555555556,-0.8738842010498047
12.77777777777778,8.862899780273438
-7.777777777777778,-3.013099431991577
1.3333333333333333,-2.17221736907959
-2.555555555555556,4.831671237945557
19.22222222222222,17.95383644104004
4.666666666666667,-2.2765891551971436
-5.888888888888889,-3.42809796333313
-7.888888888888889,-4.48075008392334
10.77777777777778,1.8894782066345215
32.111111111111114,20.792449951171875
-5.666666666666667,-5.849925994873047
9.11111111111111,13.755637168884277
8.777777777777779,2.6460039615631104
-9.11111111111111,-5.692345142364502
4.555555555555555,2.7058420181274414
3.4444444444444446,2.0502731800079346
-11.555555555555555,-1.3419452905654907
-3.0,-2.7322096824645996
-5.222222222222222,-6.814655780792236
1.1111111111111112,0.8704421520233154
-9.555555555555555,-2.861079692840576
-3.888888888888889,1.9025366306304932
-0.3333333333333333,-4.275017261505127
1.6666666666666667,-3.9064269065856934
-8.555555555555555,-8.933881759643555
11.333333333333334,8.50348949432373
8.88888888888889,0.49952608346939087
-4.222222222222222,-4.855831623077393
-0.6666666666666666,2.0407207012176514
-8.333333333333334,-6.757288932800293
-2.888888888888889,-3.2975594997406006
-9.77777777777778,-9.561990737915039
-2.4444444444444446,-2.638733386993408
7.222222222222222,3.6408889293670654
-11.11111111111111,-1.934448003768921
-3.2222222222222223,0.917876660823822
3.555555555555556,1.9826436042785645
-1.2222222222222223,-2.8502793312072754
-15.11111111111111,-2.772268772125244
-8.222222222222221,-8.665955543518066
1.5555555555555556,-7.269356727600098
-6.222222222222222,-1.4728285074234009
-2.888888888888889,-3.225118398666382
-1.3333333333333333,3.775132179260254
4.0,-1.92142653465271
5.666666666666667,12.895421981811523
6.777777777777778,6.055896282196045
-3.6666666666666665,-3.127855062484741
-5.222222222222222,-2.0425350666046143
-6.0,-2.6280100345611572
0.4444444444444444,-5.60993766784668
-4.444444444444445,-0.28176119923591614
-6.888888888888889,-5.980221271514893
-0.1111111111111111,-2.535278558731079
-5.555555555555555,-5.252108573913574
-8.666666666666666,1.084473967552185
3.4444444444444446,3.96980357170105
-0.8888888888888888,2.642591714859009
-2.6666666666666665,-4.269590377807617
-1.3333333333333333,-4.245697975158691
2.4444444444444446,-1.3060758113861084
-9.22222222222222,-11.44324016571045
-12.333333333333334,-2.0404772758483887
25.666666666666668,17.832456588745117
2.4444444444444446,-2.2959518432617188
2.2222222222222223,2.483675003051758
-1.2222222222222223,-1.341579794883728
-2.6666666666666665,-2.7968122959136963
-5.333333333333333,-3.9698586463928223
0.0,2.970989942550659
-1.4444444444444444,-0.7867773771286011
-3.555555555555556,-4.8866353034973145
-0.5555555555555556,-2.4019789695739746
-5.222222222222222,-2.263861656188965
-2.0,-1.2269953489303589
3.555555555555556,-1.790296196937561
3.555555555555556,-0.7668313980102539
-1.0,-0.6630361676216125
5.222222222222222,-0.6480730772018433
-11.11111111111111,-5.846679210662842
-6.222222222222222,-6.805487155914307
-8.11111111111111,-0.4443930983543396
5.333333333333333,1.1912407875061035
-1.8888888888888888,1.4783625602722168
1.7777777777777777,3.5764732360839844
-1.4444444444444444,-7.40297794342041
-2.0,-9.991640090942383
-10.22222222222222,-4.514523029327393
2.2222222222222223,-0.6750357151031494
7.111111111111111,7.067653179168701
-5.0,-5.323829174041748
23.33333333333333,22.73414421081543
2.888888888888889,-0.8663860559463501
-0.3333333333333333,-0.8753613233566284
-2.7777777777777777,-1.341140866279602
20.11111111111111,9.274463653564453
-6.555555555555555,-4.832825660705566
-5.888888888888889,-0.6580445170402527
-13.0,-4.155361175537109
-2.6666666666666665,-5.7910990715026855
-4.666666666666667,-2.3295161724090576
0.8888888888888888,2.1748619079589844
-2.111111111111111,-1.6145414113998413
21.55555555555556,18.4060001373291
4.444444444444445,-1.7645999193191528
1.2222222222222223,-7.969669342041016
13.333333333333334,20.828115463256836
-17.22222222222222,-2.7637178897857666
13.11111111111111,1.3630969524383545
3.555555555555556,4.374745845794678
-3.4444444444444446,-7.27977180480957
11.22222222222222,-0.647270679473877
-4.555555555555555,0.2769510746002197
1.4444444444444444,1.052389144897461
-5.0,0.5488948822021484
15.22222222222222,16.752742767333984
4.444444444444445,0.40872079133987427
-7.666666666666667,0.1455768346786499
-3.111111111111111,-3.6043202877044678
-6.666666666666667,-1.3918927907943726
0.4444444444444444,1.2376140356063843
-4.111111111111111,-3.643517017364502
-2.2222222222222223,-1.1509591341018677
16.88888888888889,16.71697235107422
-4.0,-8.642056465148926
-11.333333333333334,-7.92611026763916
0.5555555555555556,0.5175991058349609
8.777777777777779,10.000834465026855
1.0,0.5141296982765198
-3.2222222222222223,-2.4490959644317627
0.0,-0.4821370840072632
3.2222222222222223,-1.1176061630249023
1.2222222222222223,1.5639355182647705
-4.111111111111111,-2.936614990234375
-2.4444444444444446,-1.6565899848937988
2.0,0.13561049103736877
-4.444444444444445,-4.443306922912598
-8.666666666666666,-3.090132713317871
-1.7777777777777777,-0.9340502023696899
-4.333333333333333,-0.7072387337684631
-5.333333333333333,-2.382464647293091
2.0,3.820713996887207
-0.2222222222222222,-2.1677732467651367
4.222222222222222,-1.14299476146698
6.444444444444445,-3.0239248275756836
-15.88888888888889,-5.256518363952637
21.0,25.27943992614746
9.444444444444445,6.843273639678955
1.2222222222222223,2.225903272628784
-7.888888888888889,-3.377397298812866
-2.4444444444444446,-6.58320426940918
4.111111111111111,-0.9206535816192627
3.888888888888889,1.0375229120254517
-4.111111111111111,-1.600772738456726
-5.333333333333333,-5.0586419105529785
31.22222222222222,2.0850396156311035
-4.888888888888889,-1.7039724588394165
-5.777777777777778,-3.5581247806549072
-1.8888888888888888,-7.263851642608643
19.55555555555556,3.226670265197754
-2.0,-1.8816934823989868
3.111111111111111,6.488810062408447
-1.1111111111111112,-5.625896453857422
11.22222222222222,1.5823330879211426
3.555555555555556,-0.6256862282752991
-0.8888888888888888,-3.266726493835449
24.88888888888889,19.642419815063477
-4.111111111111111,-0.5657722353935242
13.88888888888889,16.2503719329834
-1.5555555555555556,-1.4392907619476318
-7.111111111111111,-7.83391809463501
-15.666666666666666,-2.2129440307617188
-22.88888888888889,-5.383490562438965
9.666666666666666,1.506381869316101
2.2222222222222223,5.427071571350098
-3.4444444444444446,-3.9279251098632812
-6.555555555555555,-1.8986594676971436
-14.0,-7.107306957244873
2.2222222222222223,1.071000576019287
1.2222222222222223,-0.29780638217926025
-5.333333333333333,1.420782208442688
-6.333333333333333,-0.11322405934333801
-4.0,-1.3309412002563477
-3.2222222222222223,-3.461893320083618
-1.8888888888888888,-0.6032441258430481
0.3333333333333333,-3.165900230407715
7.777777777777778,3.995701551437378
-1.0,-0.8996291160583496
-1.6666666666666667,1.5744472742080688
-17.22222222222222,-9.150538444519043
-2.333333333333333,0.35975539684295654
11.666666666666666,11.900938987731934
-0.6666666666666666,3.267434597015381
1.2222222222222223,0.24724596738815308
19.33333333333333,0.3556620478630066
-3.888888888888889,-6.449630260467529
9.333333333333334,-2.4899163246154785
-2.555555555555556,-0.40742629766464233
-7.555555555555555,-8.907628059387207
-0.1111111111111111,-1.1370859146118164
3.888888888888889,0.07477402687072754
-7.888888888888889,-3.8256938457489014
-1.0,1.731741189956665
-1.2222222222222223,-0.7801815867424011
-6.222222222222222,-10.73197078704834
-1.3333333333333333,-4.495964050292969
-3.4444444444444446,-3.1039578914642334
0.7777777777777778,3.398803949356079
-6.333333333333333,-5.864720821380615
-8.666666666666666,-3.9340407848358154
-0.3333333333333333,-0.44254547357559204
1.1111111111111112,-2.5992014408111572
3.7777777777777777,6.725197792053223
-4.888888888888889,-4.145839214324951
7.666666666666667,4.955934524536133
7.333333333333333,12.003866195678711
10.11111111111111,2.650771141052246
-2.7777777777777777,-0.2545238733291626
-3.555555555555556,-1.3668208122253418
-4.0,-7.559892654418945
-5.333333333333333,-6.540749549865723
1.6666666666666667,-0.41218817234039307
-2.555555555555556,-2.439323902130127
12.22222222222222,8.474204063415527
-2.888888888888889,-3.4768621921539307
-4.444444444444445,-1.5383458137512207
-3.6666666666666665,-2.7632625102996826
-0.7777777777777778,-0.8919683694839478
6.333333333333333,1.0109856128692627
-9.555555555555555,-10.032733917236328
-6.111111111111111,-2.398249387741089
0.8888888888888888,0.14569562673568726
4.222222222222222,1.940081000328064
-26.0,-21.04847526550293
12.88888888888889,10.390825271606445
-4.444444444444445,-4.664656162261963
-3.6666666666666665,0.34433725476264954
2.0,0.4893683195114136
-8.11111111111111,-0.0359206423163414
-0.2222222222222222,-6.994347095489502
4.888888888888889,-0.13917556405067444
-4.888888888888889,-5.3476152420043945
-3.555555555555556,-0.8243451714515686
6.888888888888889,3.2816622257232666
13.333333333333334,9.926481246948242
1.5555555555555556,1.3318469524383545
-3.4444444444444446,-2.3827147483825684
0.1111111111111111,2.7741353511810303
3.2222222222222223,-2.3651888370513916
-6.222222222222222,1.5550068616867065
-7.0,-3.7837703227996826
4.333333333333333,4.300408363342285
0.7777777777777778,0.5884463787078857
2.4444444444444446,-1.7924963235855103
-0.2222222222222222,-3.80942964553833
7.333333333333333,4.084056377410889
0.3333333333333333,-1.090958595275879
-2.6666666666666665,-2.0222976207733154
0.2222222222222222,-1.4989557266235352
-2.555555555555556,-4.510388374328613
-2.2222222222222223,-1.953309178352356
-1.2222222222222223,0.035030484199523926
8.777777777777779,3.5472524166107178
-1.3333333333333333,1.0897785425186157
5.222222222222222,-1.6594289541244507
0.1111111111111111,1.5395668745040894
-3.333333333333333,-1.8605785369873047
2.6666666666666665,1.8980796337127686
-6.555555555555555,-3.037848711013794
-17.88888888888889,-3.9584593772888184
5.555555555555555,2.7207298278808594
6.333333333333333,7.021584987640381
4.777777777777778,3.6688997745513916
11.22222222222222,8.033621788024902
1.6666666666666667,1.318154215812683
-11.22222222222222,-3.4501726627349854
-4.555555555555555,1.2318692207336426
-4.222222222222222,-5.202602386474609
0.5555555555555556,1.1628375053405762
-8.11111111111111,-5.157467842102051
10.0,11.768351554870605
3.888888888888889,1.353156566619873
-2.555555555555556,-1.6747543811798096
-3.333333333333333,-1.8607172966003418
0.7777777777777778,7.8124680519104
-4.0,-3.1541640758514404
-2.333333333333333,-3.0182204246520996
1.8888888888888888,0.400212824344635
19.88888888888889,5.329598426818848
-12.333333333333334,-1.936274766921997
-5.222222222222222,-1.5212820768356323
-7.777777777777778,-4.60029411315918
0.6666666666666666,-2.1318156719207764
0.7777777777777778,-0.29498881101608276
4.444444444444445,1.870635986328125
-5.111111111111111,2.0656020641326904
-3.333333333333333,-6.750532627105713
-14.77777777777778,-5.826217174530029
5.0,4.170155048370361
-2.0,-0.33431118726730347
-1.6666666666666667,-0.16589927673339844
-1.5555555555555556,-2.706662893295288
-2.4444444444444446,-3.608013391494751
7.777777777777778,2.4639289379119873
1.2222222222222223,-0.858765721321106
-9.11111111111111,-5.70332670211792
-1.8888888888888888,-2.521343469619751
-5.555555555555555,-6.6180644035339355
1.3333333333333333,2.5109987258911133
-0.5555555555555556,0.4409565329551697
-7.222222222222222,-1.3895760774612427
15.444444444444445,15.192475318908691
-13.22222222222222,0.7674240469932556
-6.111111111111111,-1.5198676586151123
-0.7777777777777778,-0.6251446008682251
-13.0,1.0404001474380493
-7.111111111111111,-1.3295023441314697
-5.777777777777778,-0.31524115800857544
-2.111111111111111,-3.191704511642456
-5.444444444444445,-3.0094621181488037
-3.333333333333333,-4.242831230163574
0.0,2.5038352012634277
3.0,2.5626108646392822
26.444444444444443,23.445493698120117
2.6666666666666665,3.9632325172424316
-6.555555555555555,2.5626108646392822
-4.777777777777778,9.118441581726074
5.222222222222222,2.256620168685913
-16.666666666666668,-6.526106357574463
5.888888888888889,2.006361961364746
-5.0,-3.539816379547119
-4.555555555555555,-1.7723686695098877
-4.555555555555555,-3.824862003326416
2.2222222222222223,-1.961559772491455
1.5555555555555556,0.33043408393859863
-0.8888888888888888,-1.7355217933654785
-8.444444444444445,-9.601404190063477
-2.7777777777777777,2.041337251663208
4.0,0.47967416048049927
-0.1111111111111111,1.7493057250976562
7.555555555555555,4.584476947784424
-2.333333333333333,-1.4802321195602417
-4.333333333333333,-4.270697593688965
0.3333333333333333,-4.134562015533447
-3.0,-1.3152879476547241
3.333333333333333,-2.2416341304779053
-4.555555555555555,0.12448406219482422
1.3333333333333333,-4.172118663787842
1.6666666666666667,2.5950708389282227
-4.555555555555555,-10.671282768249512
15.22222222222222,6.405048370361328
-3.7777777777777777,-3.9294347763061523
-0.3333333333333333,-3.381561279296875
-2.111111111111111,-1.5129497051239014
-1.7777777777777777,2.2641427516937256
-0.7777777777777778,2.634694814682007
-4.888888888888889,-3.503746271133423
-3.111111111111111,0.38908565044403076
-1.4444444444444444,-1.671581506729126
-5.777777777777778,-1.57941472530365
16.88888888888889,13.15582275390625
0.1111111111111111,1.4633474349975586
-4.888888888888889,-8.158082962036133
3.4444444444444446,-3.2592504024505615
-2.555555555555556,-4.897177219390869
0.0,-3.9065051078796387
0.8888888888888888,-0.38039231300354004
-20.0,-9.503273963928223
3.333333333333333,-4.880716800689697
-2.4444444444444446,-6.460505962371826
-8.777777777777779,-12.866683959960938
-6.666666666666667,-4.9135565757751465
-2.888888888888889,-0.09491825103759766
-5.444444444444445,-2.8387033939361572
-8.555555555555555,1.2496999502182007
-0.4444444444444444,0.361841082572937
-2.111111111111111,-6.161691188812256
3.4444444444444446,2.499376058578491
-7.333333333333333,-2.8910648822784424
-1.4444444444444444,-4.46798038482666
-11.88888888888889,0.16778463125228882
-5.555555555555555,1.268955111503601
-6.333333333333333,3.9269731044769287
-1.0,-0.657880425453186
0.4444444444444444,2.983778953552246
-11.444444444444445,-8.163252830505371
7.222222222222222,4.56646203994751
-2.333333333333333,1.646700143814087
-8.222222222222221,-3.4035251140594482
1.7777777777777777,0.48121780157089233
-11.333333333333334,-9.657624244689941
-4.333333333333333,-2.5283749103546143
-9.555555555555555,-1.8029710054397583
0.4444444444444444,7.216067790985107
-8.777777777777779,-6.246802806854248
-8.333333333333334,-1.440702199935913
-2.333333333333333,-2.7419064044952393
19.55555555555556,8.624185562133789
-7.222222222222222,-8.725255966186523
-2.888888888888889,-0.8386956453323364
-19.77777777777778,-7.961075782775879
7.111111111111111,8.6654691696167
-4.0,-2.9929094314575195
-8.444444444444445,-2.004955530166626
6.444444444444445,6.122187614440918
13.11111111111111,2.288428544998169
-1.6666666666666667,0.9430558681488037
1.7777777777777777,1.4587807655334473
-3.6666666666666665,-0.27858710289001465
15.444444444444445,13.206668853759766
-0.3333333333333333,1.4175312519073486
37.0,17.436248779296875
-4.666666666666667,-1.3701984882354736
-6.0,-2.9445979595184326
34.55555555555556,28.5154972076416
-1.7777777777777777,-1.7998003959655762
-3.888888888888889,-0.09445005655288696
20.77777777777778,4.50044059753418
-4.777777777777778,-1.161134958267212
-4.555555555555555,-6.771214962005615
-10.88888888888889,-4.769277095794678
-19.88888888888889,-9.273137092590332
0.3333333333333333,-3.124063491821289
-0.6666666666666666,-2.0295252799987793
-11.444444444444445,-1.1873425245285034
-6.666666666666667,-5.25252628326416
23.666666666666668,19.781147003173828
2.0,-1.9236091375350952
-4.222222222222222,-7.006237983703613
-3.2222222222222223,-4.266669750213623
-2.555555555555556,-8.062276840209961
-0.6666666666666666,-3.5294628143310547
-6.222222222222222,0.8301670551300049
2.888888888888889,-0.5595325231552124
-0.8888888888888888,0.6958825588226318
0.1111111111111111,-6.387590408325195
0.6666666666666666,-4.969829082489014
-23.88888888888889,-7.135746955871582
-2.555555555555556,-5.135380744934082
0.5555555555555556,7.506170749664307
-3.0,-10.89526081085205
-10.555555555555555,-7.8019232749938965
3.333333333333333,-0.39626336097717285
3.111111111111111,3.830803155899048
0.2222222222222222,-1.8758174180984497
-2.7777777777777777,-4.538902759552002
-1.3333333333333333,-3.8115968704223633
-2.6666666666666665,-2.167512893676758
-10.555555555555555,-2.7269458770751953
-2.0,-6.0111541748046875
-1.7777777777777777,-4.132401466369629
-1.4444444444444444,-5.3269829750061035
-12.88888888888889,-13.78108024597168
-5.666666666666667,2.465139865875244
23.0,24.777658462524414
0.2222222222222222,4.4881205558776855
14.666666666666666,11.068002700805664
5.0,-2.592097043991089
-4.222222222222222,-3.6797938346862793
-8.0,-7.016212463378906
1.5555555555555556,0.37297624349594116
0.1111111111111111,-1.239221453666687
2.333333333333333,1.7101426124572754
-3.7777777777777777,-1.5017428398132324
-0.2222222222222222,-0.6639311909675598
2.555555555555556,2.012303113937378
-10.333333333333334,-10.373623847961426
0.3333333333333333,2.366419553756714
-7.0,-6.334643840789795
-9.88888888888889,-9.776290893554688
4.666666666666667,2.970233678817749
-1.8888888888888888,1.10301673412323
-3.888888888888889,-1.9941685199737549
-13.0,-6.301824569702148
4.333333333333333,2.6079800128936768
-2.7777777777777777,-2.3916409015655518
-2.4444444444444446,-2.8419606685638428
9.444444444444445,12.424812316894531
14.666666666666666,11.291276931762695
-5.555555555555555,-8.538041114807129
-3.4444444444444446,-3.766751527786255
-9.333333333333334,-12.35790729522705
-1.8888888888888888,0.5912365317344666
-2.333333333333333,-7.130231857299805
5.555555555555555,1.2201546430587769
-3.111111111111111,-2.2435121536254883
11.88888888888889,4.963115215301514
-10.22222222222222,-7.782050132751465
2.888888888888889,2.1518518924713135
9.555555555555555,-0.22014015913009644
-0.4444444444444444,1.1070939302444458
-7.333333333333333,-2.4894847869873047
-8.666666666666666,-4.165005207061768
-5.777777777777778,-5.081888675689697
6.777777777777778,-3.978058099746704
-7.444444444444445,-4.799776077270508
-0.5555555555555556,-4.368296146392822
-2.7777777777777777,-1.6728514432907104
-4.222222222222222,-10.967738151550293
-3.555555555555556,1.0352928638458252
0.4444444444444444,1.1930255889892578
2.6666666666666665,0.5706889629364014
15.444444444444445,19.25356674194336
0.8888888888888888,-2.4953765869140625
-3.0,-4.931938171386719
-3.888888888888889,0.663649320602417
-2.888888888888889,-2.1735892295837402
-8.333333333333334,-7.383182048797607
-5.333333333333333,-6.812955379486084
-2.0,-4.183684825897217
-5.111111111111111,-8.485799789428711
-1.6666666666666667,-1.4357436895370483
1.8888888888888888,0.23421314358711243
-6.0,-3.688662052154541
3.6666666666666665,1.6215428113937378
4.444444444444445,3.234057664871216
-6.333333333333333,-4.787771701812744
-5.0,-2.9738028049468994
-4.222222222222222,-5.381900787353516
-4.111111111111111,-3.803926706314087
-0.7777777777777778,-0.057979047298431396
0.3333333333333333,-1.6506385803222656
-2.888888888888889,-0.5482060313224792
-2.7777777777777777,-3.8888778686523438
5.666666666666667,5.41218376159668
-2.7777777777777777,-3.5654497146606445
0.3333333333333333,-2.596122980117798
0.6666666666666666,2.5416576862335205
-10.666666666666666,-0.6663757562637329
-8.88888888888889,-4.150016784667969
2.4444444444444446,0.5252374410629272
-13.555555555555555,-10.36578369140625
2.4444444444444446,12.524272918701172
-1.6666666666666667,0.7020107507705688
18.444444444444443,9.447029113769531
-3.333333333333333,0.8131958246231079
-2.888888888888889,-1.847405195236206
-4.222222222222222,-8.319704055786133
-1.1111111111111112,-1.3721866607666016
-3.7777777777777777,-5.1119184494018555
31.11111111111111,14.097681045532227
-2.2222222222222223,-4.232942581176758
-3.555555555555556,-5.71005916595459
-3.888888888888889,0.15230169892311096
-6.666666666666667,-5.477938175201416
-1.5555555555555556,-3.9276843070983887
0.5555555555555556,-5.457852363586426
-4.222222222222222,-3.6065824031829834
-18.22222222222222,-7.8665595054626465
-2.333333333333333,-3.0394928455352783
0.2222222222222222,-7.45313835144043
3.2222222222222223,2.136094570159912
3.4444444444444446,2.6985182762145996
-2.333333333333333,-0.6562515497207642
2.7777777777777777,-5.093322277069092
1.3333333333333333,0.5524848103523254
-4.777777777777778,-5.913783550262451
-8.11111111111111,-8.330741882324219
-0.7777777777777778,-3.9474053382873535
-7.444444444444445,-5.618767261505127
1.3333333333333333,1.7151389122009277
-3.111111111111111,-4.472253322601318
13.444444444444445,12.636743545532227
13.77777777777778,7.55190896987915
-2.888888888888889,-0.9196284413337708
-3.111111111111111,-2.066561222076416
-4.333333333333333,-2.506831169128418
3.2222222222222223,7.362577438354492
-0.1111111111111111,-4.536876201629639
0.3333333333333333,0.6661440134048462
0.0,1.4518476724624634
7.111111111111111,2.9904332160949707
24.22222222222222,20.725770950317383
-6.0,-7.083735942840576
-11.0,-3.3062307834625244
-2.111111111111111,0.8488806486129761
-2.4444444444444446,-4.00828742980957
-2.2222222222222223,-0.10428071022033691
4.222222222222222,0.5066356658935547
-9.22222222222222,-7.634212970733643
10.333333333333334,11.387090682983398
-3.555555555555556,-0.1415083408355713
17.555555555555557,15.559767723083496
1.8888888888888888,0.0723981261253357
1.8888888888888888,4.654783248901367
-5.666666666666667,1.6869124174118042
14.88888888888889,5.306480884552002
0.6666666666666666,0.9603591561317444
1.1111111111111112,-0.048637911677360535
-3.333333333333333,0.673543393611908
3.4444444444444446,0.6092526912689209
-6.555555555555555,-3.582228660583496
-6.888888888888889,2.2133278846740723
-2.888888888888889,0.6469298005104065
-2.2222222222222223,-3.456268072128296
2.333333333333333,-0.17889374494552612
-4.666666666666667,-1.2137482166290283
-2.888888888888889,3.0977330207824707
-0.7777777777777778,-5.409028053283691
-9.77777777777778,-2.78737473487854
-4.111111111111111,-6.993721008300781
-7.777777777777778,-9.828435897827148
-4.111111111111111,-2.1891796588897705
0.8888888888888888,0.3901590406894684
-7.666666666666667,-7.99871301651001
-4.333333333333333,2.536728858947754
-11.666666666666666,-8.975382804870605
0.2222222222222222,-2.39642596244812
-3.0,-2.0836567878723145
-3.0,-1.808750867843628
8.444444444444445,6.516589164733887
-6.333333333333333,-4.754263401031494
-8.333333333333334,-6.455815315246582
-0.3333333333333333,1.9275928735733032
-7.222222222222222,-5.281944274902344
-0.3333333333333333,-2.915484666824341
4.222222222222222,-0.5416708588600159
-2.555555555555556,-2.560832977294922
-8.444444444444445,-8.504399299621582
-4.111111111111111,0.3680782914161682
-0.1111111111111111,-1.8146275281906128
-2.555555555555556,0.008194684982299805
-2.4444444444444446,-4.895777225494385
-2.888888888888889,0.6848915815353394
10.11111111111111,-0.19760176539421082
-2.4444444444444446,-0.3280484080314636
7.0,5.34963321685791
-4.222222222222222,-3.2655386924743652
-2.4444444444444446,2.179661750793457
-12.11111111111111,-7.792636871337891
0.3333333333333333,0.7850498557090759
6.111111111111111,-3.8968594074249268
-16.666666666666668,-8.18069076538086
1.8888888888888888,12.679407119750977
3.6666666666666665,-1.0205222368240356
0.8888888888888888,-1.9490606784820557
-6.777777777777778,4.683562278747559
-9.333333333333334,-0.2788231372833252
-13.0,-4.417128562927246
1.3333333333333333,-3.2481086254119873
2.333333333333333,2.902249336242676
-2.888888888888889,-1.1179701089859009
-8.0,4.683823585510254
1.3333333333333333,-1.6331478357315063
-1.0,-0.2549961805343628
1.6666666666666667,-3.6154465675354004
8.333333333333334,-2.710719347000122
3.6666666666666665,22.444656372070312
-3.111111111111111,-2.4275240898132324
-7.444444444444445,-6.4326276779174805
2.6666666666666665,-0.8115712404251099
11.22222222222222,14.967076301574707
-2.0,-5.743993282318115
-2.555555555555556,-2.473341703414917
-6.111111111111111,-2.0683743953704834
-5.111111111111111,-5.183809280395508
-8.777777777777779,-4.224374771118164
-10.11111111111111,-5.393372058868408
-0.5555555555555556,-1.3962572813034058
1.8888888888888888,-4.580722808837891
-0.2222222222222222,1.9725620746612549
-13.666666666666666,-6.267334938049316
1.6666666666666667,-1.2473700046539307
6.444444444444445,8.567537307739258
-5.111111111111111,-13.093572616577148
-1.0,-0.3379378318786621
2.6666666666666665,-5.64025354385376
-4.111111111111111,-4.8667893409729
-2.2222222222222223,-5.580190658569336
-0.3333333333333333,-2.680166721343994
-4.888888888888889,-2.077936887741089
25.11111111111111,18.63643455505371
-10.88888888888889,-7.939860820770264
2.555555555555556,-3.5986204147338867
-0.4444444444444444,-6.141696453094482
-19.55555555555556,-6.208191871643066
-0.8888888888888888,-2.7374329566955566
-6.555555555555555,-3.9002606868743896
-4.222222222222222,-2.25246262550354
-5.0,-2.7407822608947754
-4.444444444444445,-4.854598045349121
-2.333333333333333,-0.957817792892456
-3.888888888888889,-4.929288864135742
-2.111111111111111,-4.804741859436035
-6.111111111111111,-0.6600630879402161
2.2222222222222223,-1.8668643236160278
-8.88888888888889,-8.932159423828125
1.8888888888888888,1.246769905090332
24.77777777777778,18.977672576904297
0.3333333333333333,-0.6757177710533142
-2.2222222222222223,-1.1806766986846924
8.555555555555555,1.3182276487350464
-2.7777777777777777,-1.23511803150177
3.4444444444444446,-1.6450332403182983
-2.555555555555556,-5.973249912261963
2.555555555555556,1.411629557609558
28.88888888888889,9.36175537109375
-18.11111111111111,-4.542591571807861
-5.666666666666667,10.51649284362793
-1.0,-6.236910343170166
0.3333333333333333,-0.07166707515716553
0.3333333333333333,-0.44685596227645874
-1.3333333333333333,-3.4285647869110107
-4.888888888888889,-3.990382432937622
-7.555555555555555,-4.324656009674072
-6.888888888888889,0.3527446389198303
-4.0,-4.6222124099731445
1.6666666666666667,2.6642563343048096
8.666666666666666,-2.3589792251586914
1.7777777777777777,-1.5975607633590698
0.1111111111111111,-1.9875930547714233
13.88888888888889,15.064888000488281
-0.3333333333333333,-0.6147785186767578
8.444444444444445,-2.0220558643341064
-0.2222222222222222,-3.134927749633789
-6.555555555555555,-4.915971279144287
2.6666666666666665,12.336244583129883
-4.555555555555555,-0.809323787689209
-0.5555555555555556,0.7176616787910461
-1.0,-1.6109726428985596
14.666666666666666,5.015880107879639
-2.4444444444444446,-0.4771472215652466
-1.0,-4.965775489807129
-12.0,-6.831744194030762
-0.5555555555555556,-1.4847359657287598
-0.8888888888888888,0.19813604652881622
-6.888888888888889,-0.9028412103652954
-4.555555555555555,-4.766887664794922
0.1111111111111111,-2.9666190147399902
-5.333333333333333,-8.059541702270508
-6.777777777777778,-4.158914566040039
27.88888888888889,20.976228713989258
-7.888888888888889,-4.908494472503662
-0.2222222222222222,-0.4528643488883972
6.222222222222222,6.482534408569336
-14.444444444444445,-6.710333824157715
-5.555555555555555,-10.138395309448242
-13.555555555555555,-5.183938026428223
-9.88888888888889,-7.105937480926514
-7.333333333333333,-4.185878753662109
0.0,-3.0106747150421143
0.1111111111111111,-0.47849059104919434
-5.555555555555555,5.3957648277282715
-8.666666666666666,-12.54598331451416
-4.666666666666667,-8.129493713378906
0.4444444444444444,1.3653476238250732
0.0,5.489348888397217
-5.444444444444445,-3.3913722038269043
0.2222222222222222,-3.299581289291382
-16.555555555555557,-7.751338958740234
5.222222222222222,4.246840476989746
-4.333333333333333,-3.67336368560791
-2.555555555555556,-1.437437653541565
15.11111111111111,4.9702348709106445
-0.6666666666666666,-3.271841526031494
-0.4444444444444444,-1.7976495027542114
-4.333333333333333,-1.166831135749817
-3.7777777777777777,-5.8169050216674805
-2.333333333333333,-1.150223731994629
2.555555555555556,-1.4899314641952515
15.88888888888889,8.513681411743164
-21.88888888888889,-10.674793243408203
21.444444444444443,16.193836212158203
4.333333333333333,2.1785056591033936
-1.2222222222222223,-0.5759394764900208
1.2222222222222223,3.1581082344055176
-3.6666666666666665,-0.4008830189704895
3.0,5.472022533416748
-2.333333333333333,1.4787451028823853
-3.888888888888889,-3.3561172485351562
14.444444444444445,1.6905046701431274
-4.666666666666667,-9.824740409851074
-4.0,-2.8579585552215576
3.0,2.3834471702575684
-6.555555555555555,-6.6085381507873535
-4.333333333333333,1.6748956441879272
6.888888888888889,9.185102462768555
0.4444444444444444,-1.8126051425933838
-3.6666666666666665,-1.3198440074920654
28.444444444444443,10.644197463989258
3.0,3.015115976333618
-24.11111111111111,-13.627453804016113
14.22222222222222,9.341842651367188
10.666666666666666,1.3051937818527222
3.4444444444444446,1.1916427612304688
-6.888888888888889,8.34448528289795
0.0,0.4945063292980194
9.11111111111111,6.370226860046387
-2.888888888888889,0.06737512350082397
-11.0,-8.762860298156738
-4.111111111111111,-2.5922181606292725
-4.777777777777778,-2.4166486263275146
22.11111111111111,6.289731979370117
8.222222222222221,6.5653462409973145
-4.777777777777778,-2.3608570098876953
-5.444444444444445,-8.158166885375977
1.5555555555555556,1.5300819873809814
-3.4444444444444446,-5.351625442504883
-2.555555555555556,-0.8884265422821045
-5.111111111111111,-6.064176082611084
-11.333333333333334,-2.4086549282073975
-5.777777777777778,-5.207879066467285
-10.555555555555555,-5.087945938110352
-13.666666666666666,-4.63435173034668
-4.888888888888889,-3.5804529190063477
1.2222222222222223,-2.0802605152130127
-5.888888888888889,-7.644487380981445
-2.555555555555556,-4.918344974517822
-9.333333333333334,-2.939574956893921
-9.22222222222222,-4.755956649780273
-8.333333333333334,3.414287805557251
-2.0,-0.23855364322662354
-5.333333333333333,-4.015981197357178
-0.2222222222222222,-3.2610769271850586
0.4444444444444444,-0.3649636507034302
-3.333333333333333,-0.9281549453735352
1.5555555555555556,1.710262656211853
-2.2222222222222223,-6.672143936157227
-3.888888888888889,-2.8276162147521973
11.444444444444445,16.669286727905273
12.666666666666666,15.875789642333984
1.3333333333333333,1.1339693069458008
-5.555555555555555,-0.6381885409355164
-2.0,-3.6798970699310303
-2.0,1.5811400413513184
-5.222222222222222,-1.4922431707382202
-0.5555555555555556,-2.1895134449005127
9.333333333333334,12.459260940551758
5.333333333333333,3.1718740463256836
-6.0,-4.551375389099121
-4.777777777777778,-2.513688802719116
-5.555555555555555,0.135468989610672
-7.333333333333333,-11.1857271194458
9.444444444444445,4.3521409034729
2.555555555555556,-3.7401909828186035
-1.2222222222222223,-0.29911884665489197
-1.1111111111111112,-1.4083322286605835
-10.0,-9.321165084838867
0.4444444444444444,1.3231854438781738
-4.444444444444445,-5.0310492515563965
-9.666666666666666,-8.068650245666504
1.3333333333333333,-1.0740545988082886
-0.8888888888888888,-3.9021260738372803
-1.7777777777777777,-0.7933716177940369
2.2222222222222223,-0.5258092880249023
-2.2222222222222223,-2.779376268386841
0.5555555555555556,0.28398728370666504
-9.88888888888889,-3.445415496826172
4.444444444444445,11.08863353729248
-1.0,0.4178106188774109
-2.888888888888889,1.7941206693649292
-6.0,-2.5960533618927
-0.2222222222222222,1.4309477806091309
-5.222222222222222,-3.732607841491699
-3.0,0.29680168628692627
0.5555555555555556,0.4378160834312439
-5.0,-5.9388322830200195
-2.6666666666666665,-3.8528811931610107
-10.444444444444445,-3.3666226863861084
-0.7777777777777778,-3.7149157524108887
7.111111111111111,-1.594303011894226
-4.222222222222222,-1.9739255905151367
2.111111111111111,-3.521843433380127
-0.1111111111111111,-4.618060111999512
42.55555555555556,22.717496871948242
-8.11111111111111,-8.63795280456543
-3.6666666666666665,-4.874168395996094
-4.777777777777778,-2.4324331283569336
1.7777777777777777,-7.363914966583252
7.222222222222222,-0.8737025856971741
-2.111111111111111,-11.45179271697998
-9.0,-1.158363938331604
1.3333333333333333,-0.30330705642700195
-1.4444444444444444,-2.376223087310791
32.44444444444444,20.91679573059082
10.0,3.8597841262817383
-5.666666666666667,0.24980424344539642
4.111111111111111,-1.438733458518982
-9.0,1.7532745599746704
21.22222222222222,21.033203125
-6.666666666666667,-3.4893388748168945
3.0,2.1490533351898193
-1.4444444444444444,-1.388096570968628
-0.2222222222222222,2.167174816131592
-1.1111111111111112,-2.311133623123169
-8.555555555555555,-4.6130194664001465
0.7777777777777778,-2.5874674320220947
4.555555555555555,-3.4388277530670166
4.222222222222222,-0.6384448409080505
-41.333333333333336,-16.856155395507812
-4.888888888888889,-6.5214643478393555
4.555555555555555,-1.4832215309143066
2.2222222222222223,3.7114264965057373
-1.5555555555555556,-0.4169633686542511
-0.4444444444444444,2.8557629585266113
-0.8888888888888888,-2.0654149055480957
10.0,11.356268882751465
-8.222222222222221,-5.69594144821167
18.444444444444443,10.07360553741455
-4.888888888888889,-7.207155704498291
0.1111111111111111,-4.507645606994629
-5.555555555555555,-5.923943996429443
-2.4444444444444446,-4.676159381866455
-5.222222222222222,-5.43134069442749
29.666666666666668,16.948200225830078
0.0,-4.8865814208984375
2.2222222222222223,-2.4604084491729736
20.88888888888889,8.760890007019043
-2.333333333333333,2.093153238296509
-4.111111111111111,-2.307603597640991
-10.444444444444445,-14.700109481811523
-10.77777777777778,-5.885056018829346
-4.666666666666667,-3.3487019538879395
8.777777777777779,0.47481927275657654
-3.2222222222222223,-2.1530191898345947
-1.4444444444444444,-0.8184471130371094
-1.1111111111111112,-2.79081130027771
6.888888888888889,7.017685890197754
-5.444444444444445,-4.226222991943359
2.4444444444444446,0.3285527229309082
-12.555555555555555,-4.42326021194458
17.444444444444443,16.30140495300293
0.1111111111111111,1.8260447978973389
9.666666666666666,2.7205300331115723
-3.0,-2.6849112510681152
3.0,-2.1946144104003906
-0.1111111111111111,-3.1567587852478027
-10.333333333333334,-8.301657676696777
1.3333333333333333,0.30952513217926025
-10.77777777777778,-7.1743974685668945
0.3333333333333333,-6.501914978027344
2.2222222222222223,0.18068927526474
-4.777777777777778,-0.9468662738800049
-2.4444444444444446,-2.9712882041931152
1.6666666666666667,5.564505100250244
-2.7777777777777777,-2.1177680492401123
0.2222222222222222,-0.5450130105018616
-2.555555555555556,-2.8138930797576904
2.333333333333333,-6.614569664001465
1.6666666666666667,-1.8672127723693848
-1.6666666666666667,-3.0317912101745605
-1.8888888888888888,-0.7823594212532043
-5.888888888888889,-2.8358919620513916
-0.6666666666666666,2.4558804035186768
-0.8888888888888888,-0.6682565212249756
1.5555555555555556,3.999504566192627
-4.222222222222222,-2.4148027896881104
1.7777777777777777,0.5855455994606018
-6.111111111111111,-4.796082496643066
-2.4444444444444446,-2.5694847106933594
-0.7777777777777778,-2.883570909500122
8.0,8.322362899780273
1.3333333333333333,2.6669085025787354
20.33333333333333,19.321077346801758
1.3333333333333333,5.082370281219482
-4.222222222222222,-4.7490234375
-8.777777777777779,-2.9635632038116455
-4.333333333333333,-1.3752554655075073
-2.7777777777777777,-0.16021770238876343
6.0,4.58010721206665
0.1111111111111111,-4.238436698913574
-2.888888888888889,-0.9370622634887695
-0.1111111111111111,1.4470984935760498
-2.7777777777777777,2.6286251544952393
-10.11111111111111,-5.161743640899658
-10.0,-6.188107013702393
-2.555555555555556,-3.1409902572631836
3.4444444444444446,2.9480230808258057
3.4444444444444446,1.8148554563522339
-1.6666666666666667,2.8208913803100586
-1.6666666666666667,-3.630620002746582
1.5555555555555556,-2.486220121383667
5.666666666666667,3.6772358417510986
5.777777777777778,3.3291068077087402
6.666666666666667,3.4295129776000977
5.333333333333333,0.11931727826595306
7.222222222222222,1.3901598453521729
-10.333333333333334,-8.13420295715332
0.4444444444444444,3.190561056137085
8.666666666666666,7.09441614151001
-6.555555555555555,-4.1980743408203125
1.7777777777777777,-2.229121685028076
-6.777777777777778,-8.340261459350586
7.111111111111111,10.992119789123535
-1.6666666666666667,0.43790125846862793
-0.6666666666666666,-6.000092506408691
8.777777777777779,0.09295566380023956
-0.6666666666666666,0.9415266513824463
-7.777777777777778,-2.4263997077941895
5.888888888888889,0.735679030418396
-4.111111111111111,-3.656846046447754
-4.111111111111111,-0.7817215919494629
0.6666666666666666,-2.3484725952148438
-7.0,-7.711626052856445
-1.0,-3.1872668266296387
-0.6666666666666666,-1.5995537042617798
6.777777777777778,3.4688198566436768
0.5555555555555556,1.8935476541519165
-1.3333333333333333,2.2321884632110596
-2.111111111111111,-2.753154993057251
-8.11111111111111,-4.804301738739014
3.4444444444444446,-0.9213230609893799
-5.444444444444445,-6.387449264526367
-1.5555555555555556,0.6520511507987976
-3.2222222222222223,-2.317164182662964
4.444444444444445,-3.997997522354126
-1.3333333333333333,-4.999757766723633
-8.333333333333334,-4.888484477996826
-5.0,1.8595815896987915
1.0,5.985686779022217
0.8888888888888888,-5.61105489730835
-8.444444444444445,0.20691639184951782
-5.222222222222222,-1.9330384731292725
-4.888888888888889,-4.3842034339904785
8.333333333333334,2.6039488315582275
7.333333333333333,1.7315648794174194
1.2222222222222223,-2.837951898574829
-8.88888888888889,2.1387200355529785
4.333333333333333,0.8268599510192871
-0.6666666666666666,-0.6125272512435913
3.111111111111111,-2.2806105613708496
3.555555555555556,0.7075652480125427
-3.111111111111111,-1.819758415222168
-1.8888888888888888,2.4211907386779785
1.6666666666666667,-3.913813829421997
-7.666666666666667,-0.7917198538780212
-4.111111111111111,-1.644026517868042
3.4444444444444446,-3.353297710418701
-9.333333333333334,-7.445737361907959
1.5555555555555556,0.5669845342636108
7.333333333333333,5.579994201660156
-7.111111111111111,-2.8421640396118164
-0.2222222222222222,0.373112291097641
7.333333333333333,-3.7447757720947266
0.6666666666666666,-1.8392058610916138
-2.0,-6.288971900939941
-5.888888888888889,14.649271011352539
-5.666666666666667,-1.4775141477584839
1.7777777777777777,1.615630030632019
-14.666666666666666,-7.539729595184326
-15.333333333333334,-3.2679922580718994
-7.777777777777778,-6.364967346191406
3.6666666666666665,-0.1187136173248291
-6.444444444444445,-3.812706470489502
-1.3333333333333333,-1.5571635961532593
-11.333333333333334,-4.599171161651611
-15.88888888888889,-10.471024513244629
0.3333333333333333,1.2679411172866821
5.888888888888889,0.31943437457084656
-5.555555555555555,-4.7520904541015625
-4.222222222222222,-0.7272455096244812
-1.3333333333333333,-6.334522247314453
-3.2222222222222223,-3.1313235759735107
-0.1111111111111111,0.03968802094459534
-6.666666666666667,-5.027251243591309
-7.333333333333333,-4.258601188659668
-5.111111111111111,-0.7165170311927795
5.222222222222222,8.699219703674316
-7.444444444444445,-6.020573139190674
17.444444444444443,20.253252029418945
-3.4444444444444446,-2.9660112857818604
-5.333333333333333,-3.123013496398926
3.6666666666666665,0.30116748809814453
-2.4444444444444446,-0.3552717864513397
-21.0,-7.039175033569336
-8.333333333333334,-14.614109992980957
-3.333333333333333,-3.95121169090271
1.5555555555555556,0.2558935284614563
-3.0,-1.3420037031173706
-14.333333333333334,-9.255532264709473
-2.2222222222222223,0.64779132604599
5.0,16.433643341064453
0.4444444444444444,-1.3024929761886597
-8.222222222222221,-6.211174488067627
2.7777777777777777,0.5071793794631958
-12.444444444444445,-10.963046073913574
5.555555555555555,-1.3821980953216553
-2.111111111111111,-2.7803566455841064
-1.6666666666666667,0.3009834885597229
-9.88888888888889,-4.765122890472412
-7.333333333333333,-8.425244331359863
-10.88888888888889,-11.273216247558594
-4.777777777777778,-3.2808475494384766
-5.111111111111111,3.272244691848755
0.8888888888888888,2.978778839111328
2.333333333333333,4.170436859130859
1.3333333333333333,5.338416576385498
-3.333333333333333,6.855122089385986
5.555555555555555,-4.277822017669678
-2.6666666666666665,-1.063329815864563
-4.555555555555555,-0.8328301906585693
4.0,-2.7318878173828125
-1.0,-2.2919297218322754
1.3333333333333333,-1.1888588666915894
-21.0,-8.408841133117676
-1.6666666666666667,-0.8496861457824707
2.111111111111111,5.646387100219727
-7.888888888888889,-9.767757415771484
-0.3333333333333333,-3.935159921646118
2.0,-0.9547398090362549
26.11111111111111,19.7662410736084
-0.1111111111111111,-6.459878444671631
-0.7777777777777778,-5.265937328338623
-11.0,-5.029572486877441
4.222222222222222,7.208908557891846
-1.7777777777777777,-1.1415598392486572
-9.0,-5.381948947906494
-4.555555555555555,-7.522572040557861
-5.0,-2.5668694972991943
0.7777777777777778,-7.677547454833984
-3.333333333333333,-2.355422258377075
-3.111111111111111,-5.445412635803223
5.0,4.36746883392334
-1.2222222222222223,-3.101957082748413
-7.555555555555555,-5.876285552978516
-3.4444444444444446,-1.8305364847183228
-7.555555555555555,-7.353333473205566
-8.444444444444445,-4.6904144287109375
-2.555555555555556,2.066734552383423
-2.2222222222222223,-0.8872284889221191
-3.4444444444444446,-4.042383670806885
4.888888888888889,2.4038641452789307
4.111111111111111,1.4710955619812012
-11.22222222222222,-9.474336624145508
-5.0,-4.8153791427612305
0.8888888888888888,-0.3451420068740845
-0.7777777777777778,-4.0686750411987305
-5.444444444444445,-1.3399978876113892
-9.11111111111111,-4.734906196594238
-0.8888888888888888,-3.472705602645874
-2.0,-5.144674777984619
-2.6666666666666665,-1.5939496755599976
21.55555555555556,16.28449058532715
11.77777777777778,5.335330486297607
14.88888888888889,6.83514928817749
-0.8888888888888888,-4.226035118103027
1.4444444444444444,-1.7834882736206055
-2.7777777777777777,-4.220509052276611
-2.7777777777777777,-1.656087040901184
-8.777777777777779,-0.12411150336265564
-3.555555555555556,-4.411128997802734
-9.444444444444445,-9.579211235046387
2.0,1.771626591682434
-7.0,-5.348435878753662
0.1111111111111111,0.1268574595451355
-5.888888888888889,-5.6642889976501465
-11.444444444444445,-8.994719505310059
-5.777777777777778,1.115938663482666
-0.4444444444444444,-2.9066028594970703
-1.7777777777777777,-5.002474784851074
-1.4444444444444444,3.7541139125823975
-4.333333333333333,-7.044501781463623
-8.555555555555555,-7.8711395263671875
-8.222222222222221,-1.608285665512085
0.4444444444444444,2.6853818893432617
-4.555555555555555,-5.3448638916015625
-6.0,-5.888327121734619
-1.0,-2.670614719390869
-4.333333333333333,0.9665074348449707
-4.111111111111111,-3.0198779106140137
16.0,18.380359649658203
-3.4444444444444446,2.8589396476745605
-3.111111111111111,-4.587949275970459
10.77777777777778,8.016189575195312
8.222222222222221,9.722430229187012
0.3333333333333333,-4.405988693237305
0.2222222222222222,-0.9614534974098206
-14.88888888888889,-7.150582313537598
3.333333333333333,6.702539920806885
1.0,-2.392099142074585
0.6666666666666666,-2.325540065765381
-4.333333333333333,-9.027668952941895
0.3333333333333333,-1.648635983467102
-4.444444444444445,-6.661105632781982
0.2222222222222222,-5.16974401473999
5.222222222222222,-1.9879786968231201
-2.7777777777777777,-3.885408401489258
-2.0,-1.1729854345321655
28.444444444444443,19.533491134643555
-6.0,-0.4781923294067383
-6.666666666666667,-2.4125773906707764
-3.888888888888889,3.745720863342285
-10.11111111111111,-7.05560302734375
-4.777777777777778,-0.9197402000427246
1.4444444444444444,-1.0490533113479614
-5.0,-7.518770217895508
0.1111111111111111,1.391550064086914
-6.444444444444445,-8.782360076904297
-2.333333333333333,-6.392823219299316
-1.6666666666666667,-2.1275079250335693
-4.111111111111111,-0.718076229095459
-10.0,-2.9611895084381104
2.7777777777777777,3.4296982288360596
-1.5555555555555556,-0.5667171478271484
-4.666666666666667,-4.585355758666992
-5.444444444444445,2.2824833393096924
2.0,0.4272044003009796
-6.222222222222222,-1.1723380088806152
-10.11111111111111,-5.510343551635742
9.555555555555555,2.163240671157837
-10.0,-8.085978507995605
-6.444444444444445,-5.470165729522705
0.8888888888888888,-1.0111360549926758
-0.5555555555555556,-1.075503945350647
-1.8888888888888888,2.8813555240631104
3.888888888888889,-3.302969217300415
3.333333333333333,3.3062586784362793
17.0,11.654366493225098
-0.7777777777777778,-2.4043490886688232
-3.2222222222222223,-1.8502248525619507
-4.777777777777778,-1.4124901294708252
-3.2222222222222223,-7.192632675170898
-4.222222222222222,-3.8741674423217773
-9.11111111111111,1.7647196054458618
-6.333333333333333,-7.648980617523193
-4.666666666666667,1.1894899606704712
9.444444444444445,3.104578971862793
1.6666666666666667,-3.706571102142334
-3.0,1.4197196960449219
-5.444444444444445,-5.244635581970215
2.111111111111111,0.29529905319213867
-5.888888888888889,-4.294840335845947
-1.8888888888888888,-1.0794599056243896
-4.777777777777778,-5.924201011657715
2.111111111111111,2.7024552822113037
0.5555555555555556,-1.1079801321029663
-3.111111111111111,-4.4592766761779785
-11.88888888888889,-11.531938552856445
-0.6666666666666666,-0.8032227158546448
12.11111111111111,4.056784152984619
-0.5555555555555556,-0.484724760055542
0.6666666666666666,1.8036298751831055
-4.888888888888889,-4.79879093170166
-3.111111111111111,-1.8231388330459595
-2.2222222222222223,-3.635481595993042
-3.2222222222222223,-6.007026195526123
-6.888888888888889,-6.921566963195801
3.4444444444444446,4.341567516326904
24.11111111111111,10.059758186340332
-0.8888888888888888,-3.468992233276367
0.8888888888888888,-5.491302490234375
-6.555555555555555,-3.2201056480407715
-1.3333333333333333,-5.853753089904785
-4.111111111111111,-3.0244386196136475
9.666666666666666,1.3685141801834106
5.111111111111111,5.166224956512451
4.333333333333333,-1.1013851165771484
0.4444444444444444,6.783784866333008
-15.444444444444445,-4.136960983276367
-7.0,-4.0262346267700195
1.7777777777777777,4.1346116065979
6.777777777777778,0.40577805042266846
8.0,-1.4750807285308838
4.777777777777778,-0.1099013090133667
19.55555555555556,20.98050880432129
-6.777777777777778,-5.753028392791748
-7.222222222222222,-11.09781265258789
0.1111111111111111,2.620826005935669
-0.4444444444444444,-6.4667558670043945
-3.555555555555556,-5.272698402404785
10.444444444444445,5.159601211547852
3.4444444444444446,5.991189002990723
-0.1111111111111111,0.016372710466384888
-7.666666666666667,-5.053774356842041
0.1111111111111111,0.8048800826072693
-3.333333333333333,-6.852227687835693
-4.222222222222222,-1.5473116636276245
-0.7777777777777778,-3.592515468597412
-11.666666666666666,-9.983437538146973
-2.333333333333333,-2.881826639175415
-0.3333333333333333,-2.0899085998535156
17.88888888888889,10.98591136932373
32.55555555555556,22.312166213989258
-11.0,7.645292282104492
-4.0,3.280484199523926
-6.777777777777778,-1.9431451559066772
-15.333333333333334,-5.083680152893066
-7.666666666666667,2.741231679916382
-3.555555555555556,-1.3375024795532227
-2.7777777777777777,-3.9544506072998047
0.1111111111111111,6.816211700439453
38.11111111111112,22.770524978637695
-8.0,-2.433760166168213
-4.222222222222222,-3.4489328861236572
0.0,-1.3190281391143799
23.55555555555556,23.024843215942383
1.7777777777777777,-6.915309429168701
-2.7777777777777777,-1.9819369316101074
-5.777777777777778,-2.1732165813446045
7.333333333333333,6.238954067230225
-6.555555555555555,-6.7638936042785645
-9.333333333333334,-1.540286898612976
5.111111111111111,0.7627665996551514
-5.444444444444445,-1.8192744255065918
3.6666666666666665,3.769359827041626
-6.555555555555555,-0.5671091675758362
19.444444444444443,22.77819061279297
-4.777777777777778,-3.88572359085083
4.888888888888889,2.7775909900665283
-3.2222222222222223,-4.182298183441162
-1.6666666666666667,0.386050820350647
-7.555555555555555,-1.4499651193618774
-3.4444444444444446,-2.3605575561523438
1.5555555555555556,-0.8966453075408936
-7.555555555555555,-5.631563186645508
-13.333333333333334,-8.17717170715332
-5.0,-5.402956962585449
-3.111111111111111,4.4411211013793945
-8.777777777777779,-1.6640037298202515
-1.1111111111111112,0.4657549262046814
1.8888888888888888,-0.1244802474975586
-6.222222222222222,-4.784972667694092
-0.1111111111111111,-1.2650028467178345
4.0,6.208409786224365
-18.22222222222222,-7.3935699462890625
-1.7777777777777777,2.858914613723755
-13.333333333333334,-6.315235137939453
-7.666666666666667,-14.795964241027832
-1.6666666666666667,-9.743025779724121
-4.444444444444445,0.1762218475341797
-11.444444444444445,-2.814095973968506
2.888888888888889,2.1145036220550537
27.0,24.469324111938477
1.8888888888888888,4.452980995178223
-8.88888888888889,-3.5308024883270264
-4.888888888888889,-4.787591934204102
-5.888888888888889,-9.606534004211426
-3.6666666666666665,-3.23964262008667
9.555555555555555,16.662635803222656
-1.6666666666666667,-3.9043595790863037
0.8888888888888888,1.4630941152572632
-13.666666666666666,-11.07466983795166
-3.555555555555556,-2.7443830966949463
-1.6666666666666667,-2.899420976638794
8.88888888888889,10.71365737915039
-4.888888888888889,-4.93655252456665
-3.888888888888889,-0.09603890776634216
-9.88888888888889,-8.474474906921387
-1.5555555555555556,-6.756793975830078
7.666666666666667,10.76926040649414
3.7777777777777777,2.6492722034454346
12.666666666666666,-9.848991394042969
-4.555555555555555,-6.988779544830322
13.555555555555555,15.055419921875
6.777777777777778,-2.239255905151367
-9.11111111111111,-7.546770095825195
-2.555555555555556,-1.6149219274520874
-1.4444444444444444,0.8098078966140747
-6.222222222222222,-5.83102560043335
-7.555555555555555,-7.660419464111328
1.0,1.7554832696914673
-1.4444444444444444,-2.6308441162109375
-9.88888888888889,-6.937089443206787
1.2222222222222223,-0.7649651169776917
2.2222222222222223,-8.43962574005127
1.2222222222222223,-4.7366790771484375
8.444444444444445,-6.419127464294434
0.8888888888888888,-1.2316704988479614
-10.444444444444445,-5.477948188781738
4.444444444444445,1.059282898902893
-1.6666666666666667,-0.672463595867157
-3.888888888888889,-6.830835819244385
3.2222222222222223,-0.04868057370185852
-5.666666666666667,0.11629801988601685
-9.0,-8.664715766906738
8.777777777777779,14.04201602935791
1.5555555555555556,-6.862399101257324
-2.555555555555556,-4.150026798248291
4.777777777777778,2.871539831161499
-16.11111111111111,-4.867425441741943
-5.555555555555555,-5.778079509735107
-1.8888888888888888,-1.7413018941879272
25.11111111111111,19.784839630126953
-2.555555555555556,-3.997560977935791
-12.0,-5.630395889282227
-10.333333333333334,-9.511199951171875
-7.333333333333333,-2.830022096633911
0.0,0.3197225034236908
1.8888888888888888,-2.291640043258667
1.4444444444444444,-0.389274001121521
19.55555555555556,8.518413543701172
-5.222222222222222,-0.9777620434761047
0.3333333333333333,-3.435450553894043
1.1111111111111112,-0.8973268270492554
25.666666666666668,18.024063110351562
-3.0,-2.9537429809570312
3.555555555555556,-2.827718734741211
4.222222222222222,-5.332979202270508
1.7777777777777777,-6.071887969970703
31.444444444444443,-5.85560941696167
19.33333333333333,9.70134449005127
-1.6666666666666667,0.4728323221206665
1.5555555555555556,2.6118581295013428
7.222222222222222,0.9101088643074036
-3.7777777777777777,-4.191872596740723
-1.6666666666666667,-7.176454544067383
0.2222222222222222,-2.670415163040161
3.7777777777777777,5.91487979888916
-2.0,-1.3817859888076782
1.6666666666666667,0.17412054538726807
1.3333333333333333,0.8321223258972168
0.1111111111111111,-1.6830168962478638
-1.0,-3.1577823162078857
7.0,3.2600204944610596
-3.111111111111111,-1.0005749464035034
9.11111111111111,4.579747200012207
3.6666666666666665,-0.791759729385376
-4.888888888888889,-2.664719581604004
-1.6666666666666667,-0.9490987062454224
-3.555555555555556,-7.002289772033691
-1.4444444444444444,0.05531132221221924
-15.0,-4.867173671722412
1.0,2.1855201721191406
5.333333333333333,1.5994141101837158
5.444444444444445,1.8725295066833496
-3.0,-3.914681911468506
-2.333333333333333,1.1398612260818481
-5.111111111111111,-4.3922576904296875
-3.6666666666666665,-3.967576265335083
2.7777777777777777,-0.3664299249649048
-8.777777777777779,-3.819512128829956
2.333333333333333,0.8970351219177246
3.4444444444444446,2.375380516052246
12.333333333333334,8.346331596374512
-1.0,0.9173302054405212
1.6666666666666667,2.461538553237915
-1.1111111111111112,0.21529695391654968
-5.0,-1.1674697399139404
-5.222222222222222,-6.752838611602783
-4.777777777777778,-5.489689826965332
0.5555555555555556,-1.26797354221344
6.0,1.329284906387329
13.77777777777778,11.878785133361816
6.666666666666667,5.142116546630859
-1.0,-1.9701327085494995
-3.7777777777777777,-0.6434814929962158
-5.777777777777778,-1.1356030702590942
-3.555555555555556,-1.5724196434020996
0.2222222222222222,1.6700913906097412
-3.888888888888889,5.4581122398376465
-3.0,-2.82749342918396
-5.888888888888889,-1.8134338855743408
5.0,12.65646743774414
-10.666666666666666,-3.269157648086548
-3.333333333333333,-3.4358348846435547
-9.666666666666666,-3.254621982574463
2.7777777777777777,2.2523043155670166
-7.333333333333333,-0.9406908750534058
19.22222222222222,19.8179931640625
-12.333333333333334,-5.9760212898254395
-5.0,-5.509766578674316
-3.555555555555556,-3.7220449447631836
-13.666666666666666,-13.829364776611328
6.777777777777778,16.531835556030273
1.3333333333333333,5.468324661254883
48.22222222222222,15.105947494506836
3.2222222222222223,4.134887218475342
-4.0,-1.3344733715057373
10.77777777777778,3.2239022254943848
-4.555555555555555,0.624622106552124
10.333333333333334,5.562696933746338
0.8888888888888888,0.38058602809906006
-5.111111111111111,-7.2932281494140625
5.0,1.2913728952407837
-25.77777777777778,-10.135794639587402
-6.777777777777778,-2.1964707374572754
6.111111111111111,6.7343854904174805
-9.22222222222222,-2.9655117988586426
-5.111111111111111,-3.2560596466064453
1.7777777777777777,-3.5646989345550537
4.777777777777778,2.9776928424835205
16.11111111111111,6.6017045974731445
-0.8888888888888888,-2.665984869003296
-2.888888888888889,-0.5100128054618835
4.666666666666667,1.5689479112625122
-3.2222222222222223,-4.795026779174805
11.0,4.3605780601501465
6.777777777777778,5.681181907653809
-3.2222222222222223,-3.0224788188934326
5.111111111111111,5.410104751586914
-10.22222222222222,0.994953453540802
2.333333333333333,-3.1753756999969482
2.2222222222222223,-3.0611789226531982
-14.77777777777778,-6.548029899597168
0.8888888888888888,-1.8353976011276245
-8.777777777777779,-3.2688839435577393
2.888888888888889,1.0821844339370728
-5.333333333333333,-10.932560920715332
-2.0,-8.758230209350586
0.1111111111111111,-1.1215242147445679
-1.0,-3.182213544845581
1.2222222222222223,0.7191681265830994
11.444444444444445,0.8788719177246094
-2.0,-5.06289005279541
-1.4444444444444444,-0.9922753572463989
-5.333333333333333,-10.897106170654297
-4.777777777777778,-6.737005233764648
-2.7777777777777777,-2.190101385116577
4.333333333333333,3.9757351875305176
-0.8888888888888888,-2.0716094970703125
7.222222222222222,3.0483152866363525
-6.777777777777778,-5.704632759094238
28.22222222222222,7.830618858337402
6.555555555555555,0.9459784626960754
0.8888888888888888,10.407302856445312
-6.555555555555555,-3.2147669792175293
1.3333333333333333,1.20466148853302
-1.5555555555555556,0.1553976833820343
0.7777777777777778,-5.253472328186035
-1.2222222222222223,1.905382752418518
-7.333333333333333,-6.808220863342285
-4.333333333333333,-2.6675333976745605
-0.6666666666666666,-4.630983829498291
-3.2222222222222223,-2.6486806869506836
-8.11111111111111,-3.2705492973327637
6.666666666666667,1.9212740659713745
-4.777777777777778,-5.456408977508545
-7.222222222222222,-2.917147636413574
-4.222222222222222,-5.926196575164795
3.888888888888889,-0.15994897484779358
1.7777777777777777,3.900160312652588
-2.7777777777777777,3.363852024078369
0.4444444444444444,7.553064346313477
-7.666666666666667,-5.3526811599731445
10.0,7.84396505355835
2.0,-2.0225601196289062
1.4444444444444444,-0.0032315850257873535
3.2222222222222223,2.9595444202423096
-6.111111111111111,-3.5049946308135986
-2.0,0.44674181938171387
-6.888888888888889,-1.162817358970642
6.222222222222222,2.238219976425171
-5.111111111111111,-0.6388007998466492
-3.4444444444444446,-3.109163522720337
-3.333333333333333,-2.713930130004883
0.5555555555555556,1.2431482076644897
-7.222222222222222,-8.005819320678711
2.111111111111111,3.4728610515594482
-1.6666666666666667,-3.8781685829162598
19.88888888888889,16.381999969482422
-5.666666666666667,-6.559032440185547
0.1111111111111111,-2.150937557220459
0.0,-2.7852354049682617
-1.4444444444444444,2.3097457885742188
-1.4444444444444444,-1.8189773559570312
1.1111111111111112,-4.439358234405518
-1.4444444444444444,-2.9632790088653564
-4.777777777777778,-10.291794776916504
-16.88888888888889,-15.69491195678711
-3.2222222222222223,-1.3699201345443726
3.6666666666666665,4.246723175048828
-5.555555555555555,-1.9021626710891724
0.7777777777777778,0.37601202726364136
0.4444444444444444,1.7414097785949707
-1.3333333333333333,-1.4697530269622803
-1.5555555555555556,-0.3535822331905365
-3.2222222222222223,-3.5411369800567627
14.88888888888889,14.414562225341797
-1.4444444444444444,-10.889850616455078
-0.6666666666666666,-2.298070192337036
-1.8888888888888888,-2.9213685989379883
0.4444444444444444,-7.105730056762695
-6.0,-4.04335355758667
-47.22222222222222,-4.921291351318359
40.55555555555556,22.008926391601562
-7.666666666666667,0.3105401396751404
2.6666666666666665,-4.545826435089111
-3.0,-5.8150177001953125
-1.5555555555555556,1.479114055633545
2.7777777777777777,-1.8404268026351929
-3.7777777777777777,-2.886873245239258
-8.555555555555555,-4.481842994689941
-3.7777777777777777,2.568789005279541
-1.7777777777777777,-6.032436370849609
3.0,-5.030191421508789
16.22222222222222,2.7185442447662354
-7.0,-6.404169082641602
-4.666666666666667,-4.991534233093262
4.111111111111111,0.7467672228813171
-1.4444444444444444,-2.9920570850372314
0.0,-0.6898478865623474
-3.111111111111111,-3.619279384613037
1.5555555555555556,3.8980932235717773
-1.7777777777777777,-0.010988891124725342
-6.222222222222222,-4.681156158447266
-5.666666666666667,-5.457228660583496
-1.2222222222222223,-0.24462708830833435
-3.555555555555556,-1.0826406478881836
-12.77777777777778,0.491707444190979
-3.0,-3.038118362426758
-1.2222222222222223,-4.269041538238525
-10.22222222222222,-6.1154913902282715
12.444444444444445,12.352241516113281
9.22222222222222,11.361380577087402
-5.777777777777778,-4.435389995574951
-5.888888888888889,-4.058352470397949
0.3333333333333333,-3.6045708656311035
3.6666666666666665,7.079707622528076
-3.0,-1.1047043800354004
-19.88888888888889,-10.476860046386719
-6.333333333333333,-1.8284912109375
-0.2222222222222222,-1.3337352275848389
-4.777777777777778,-3.0658037662506104
-3.888888888888889,-0.8562912940979004
1.4444444444444444,-2.138293504714966
-2.888888888888889,-5.136140823364258
1.5555555555555556,2.00588059425354
-1.7777777777777777,-4.340749263763428
-12.333333333333334,-5.704423904418945
16.11111111111111,17.27532386779785
-3.888888888888889,-3.9206178188323975
-2.555555555555556,-3.2103469371795654
2.888888888888889,-2.435741662979126
-3.2222222222222223,-5.174560070037842
-0.6666666666666666,-2.7226078510284424
13.666666666666666,10.086119651794434
11.333333333333334,-4.581259250640869
-7.666666666666667,-5.550078392028809
-15.555555555555555,-13.274967193603516
-3.555555555555556,0.31311437487602234
-1.4444444444444444,-2.994105339050293
-1.6666666666666667,-2.136803150177002
-9.0,0.0556461438536644
11.666666666666666,15.285372734069824
-20.88888888888889,-4.882744789123535
-5.777777777777778,-1.2050189971923828
3.333333333333333,1.5017006397247314
1.4444444444444444,2.6989121437072754
-3.111111111111111,-3.6729226112365723
1.2222222222222223,-1.122910737991333
3.555555555555556,5.809396743774414
-9.444444444444445,-5.134010314941406
-3.0,-4.690794467926025
-8.444444444444445,-7.569764614105225
-0.6666666666666666,1.3418573141098022
-4.555555555555555,-1.512949824333191
-2.2222222222222223,-1.9034241437911987
-0.5555555555555556,-1.6400516033172607
-4.333333333333333,-7.709275245666504
-2.4444444444444446,-2.9729700088500977
-8.222222222222221,-1.6423931121826172
-0.7777777777777778,-3.702244997024536
-17.555555555555557,-11.695775985717773
1.1111111111111112,-2.3872721195220947
-0.1111111111111111,-1.7805477380752563
-3.888888888888889,-7.363510608673096
-5.666666666666667,-5.698385715484619
0.4444444444444444,-2.7656853199005127
-11.444444444444445,-6.1461334228515625
-5.777777777777778,-3.5608596801757812
-2.4444444444444446,-7.336326599121094
-1.3333333333333333,-1.8931941986083984
-2.888888888888889,-3.5162386894226074
-0.2222222222222222,-0.13964787125587463
3.4444444444444446,-3.886969804763794
-15.77777777777778,-10.1729736328125
-1.8888888888888888,-2.0428154468536377
2.111111111111111,-6.593892574310303
2.888888888888889,3.006277084350586
4.333333333333333,-1.902452826499939
-4.444444444444445,-6.155056476593018
16.555555555555557,23.464256286621094
0.8888888888888888,-2.569490432739258
-0.4444444444444444,-0.19030672311782837
-17.0,-1.7164334058761597
-1.7777777777777777,1.123780608177185
-5.888888888888889,-6.990346431732178
5.111111111111111,2.9031219482421875
-1.2222222222222223,-2.0359344482421875
3.7777777777777777,-1.7257697582244873
22.77777777777778,11.21543025970459
0.5555555555555556,2.666156530380249
4.111111111111111,-1.9518682956695557
4.0,0.37406498193740845
-3.2222222222222223,-1.463111162185669
21.33333333333333,23.150407791137695
5.333333333333333,-0.23282647132873535
11.11111111111111,2.3562569618225098
-3.2222222222222223,-0.9509850740432739
0.2222222222222222,2.636533260345459
-2.2222222222222223,-4.191047668457031
-24.33333333333333,-3.0561769008636475
-3.333333333333333,-8.791220664978027
5.555555555555555,2.3671152591705322
2.2222222222222223,1.1560206413269043
-0.3333333333333333,-2.975680112838745
-0.3333333333333333,-3.3873369693756104
-0.1111111111111111,-2.4840903282165527
-3.4444444444444446,-3.6989495754241943
-1.1111111111111112,-1.0178818702697754
-9.88888888888889,-1.03419828414917
1.4444444444444444,0.180991530418396
-5.555555555555555,-1.919914960861206
-12.444444444444445,-6.497195720672607
3.333333333333333,0.2640765309333801
8.222222222222221,0.8952793478965759
-9.555555555555555,-8.239437103271484
-0.8888888888888888,-1.070047378540039
-2.333333333333333,-3.8619000911712646
-0.6666666666666666,-1.702749490737915
-1.7777777777777777,-7.278987884521484
17.88888888888889,8.624573707580566
-5.888888888888889,-2.4574286937713623
-0.7777777777777778,-5.968448162078857
-3.0,-0.6495697498321533
-1.2222222222222223,-5.515320301055908
-6.555555555555555,-1.855059027671814
-5.888888888888889,8.263306617736816
1.7777777777777777,2.0376408100128174
-8.444444444444445,-5.590814113616943
1.4444444444444444,-1.0542941093444824
-0.4444444444444444,2.1320698261260986
0.1111111111111111,-0.6619309782981873
-5.111111111111111,-4.5054473876953125
-12.0,0.3752782344818115
-3.333333333333333,-4.769647598266602
-3.333333333333333,-2.2981162071228027
5.0,-0.9878324866294861
-0.6666666666666666,-1.5890250205993652
3.6666666666666665,-0.2800133228302002
-6.444444444444445,-13.708124160766602
6.111111111111111,0.330029159784317
-6.222222222222222,-8.093549728393555
-3.0,-2.752481698989868
-0.3333333333333333,-8.230720520019531
-3.555555555555556,1.5200510025024414
-7.333333333333333,-3.3698606491088867
27.55555555555556,14.827469825744629
-8.444444444444445,-3.6234519481658936
-0.1111111111111111,-6.195072174072266
2.888888888888889,-8.046183586120605
-0.5555555555555556,-2.1515464782714844
4.777777777777778,15.705777168273926
-2.6666666666666665,-1.2723087072372437
-37.888888888888886,-12.426363945007324
-0.4444444444444444,-1.5572682619094849
-6.888888888888889,-0.11020350456237793
-6.0,-3.259091854095459
-2.888888888888889,1.3189067840576172
4.0,0.43510013818740845
-1.4444444444444444,-3.5184624195098877
-2.555555555555556,1.4702959060668945
-3.0,-1.298613429069519
1.4444444444444444,1.5857309103012085
0.3333333333333333,1.6331963539123535
-1.5555555555555556,-3.777517557144165
-2.888888888888889,-2.9383461475372314
-5.888888888888889,-4.502801418304443
1.7777777777777777,-0.4591403901576996
-6.444444444444445,-5.127175331115723
12.333333333333334,17.4313907623291
1.1111111111111112,-0.7052308917045593
-2.555555555555556,-2.5301218032836914
-3.111111111111111,-2.6089587211608887
-1.4444444444444444,-1.6104735136032104
-12.333333333333334,-10.343404769897461
12.555555555555555,13.965018272399902
-6.777777777777778,-8.478306770324707
-0.8888888888888888,-3.0095627307891846
5.222222222222222,6.151362419128418
-2.111111111111111,0.20977261662483215
0.0,-0.5246371030807495
-0.8888888888888888,-5.104883670806885
1.4444444444444444,-1.1938623189926147
0.4444444444444444,-0.324268639087677
1.3333333333333333,-3.9173238277435303
-6.777777777777778,-9.304627418518066
-7.777777777777778,-6.418354511260986
7.555555555555555,7.392360210418701
-24.55555555555556,-9.440508842468262
32.22222222222222,33.3001594543457
9.333333333333334,3.03212308883667
8.777777777777779,9.03670883178711
-4.777777777777778,1.213464617729187
-6.333333333333333,-6.413280963897705
