Score,Pred Score
4.219145585451182,9.709514617919922
-2.588665914009158,0.7922706604003906
-3.0703466753296,4.288566589355469
2.1112971208509976,-4.584919452667236
-19.1693792779686,-5.235065460205078
-0.9096556467231308,6.6734466552734375
-5.316952415477393,-2.6053881645202637
-5.39913759737588,-12.684295654296875
6.1026124307435,3.628279209136963
-1.6005087696864486,-12.729869842529297
-51.6773231694491,-20.52918243408203
0.51700222845629,10.701126098632812
-1.6521884315998507,0.05928611755371094
2.11024229353816,-3.1015777587890625
17.2594267615487,3.986978530883789
-1.73607437190069,-3.4944324493408203
-5.77436797253085,-1.7613067626953125
-0.568998602339841,-5.981040954589844
-1.289264920121349,8.486785888671875
-14.1813773041305,-11.851899147033691
-3.31847606547329,0.30000925064086914
11.710679650337616,1.0407257080078125
2.046344769010002,-8.225593566894531
-2.77042962989298,-6.279483795166016
9.014890317831036,17.793615341186523
2.726862934921635,4.716228485107422
-3.4922781726655696,-5.3401641845703125
1.292753014965791,4.108622074127197
8.16191414696451,4.553851127624512
-8.251107402184557,-2.739429473876953
7.262818938793504,29.26276397705078
4.14054171285972,-2.173664093017578
-13.546032832554804,-10.348657608032227
-16.8307740899425,5.56558084487915
-0.2642143205483515,0.3594207763671875
-6.135426654744688,6.7068328857421875
-7.187555808667961,-2.7508468627929688
8.149714042401495,-7.066287994384766
-6.426376983867103,-5.229743957519531
13.9953943577381,-3.377211570739746
-6.31868596379813,-15.205745697021484
5.321680837772678,-5.487602233886719
11.9978624338519,-9.243684768676758
7.909526276907584,-5.714649200439453
7.206977941743588,-6.737632751464844
-7.378812419643663,-7.1410369873046875
0.2475632146873464,19.53019905090332
12.7359625054994,12.350154876708984
5.220668557811489,6.629636764526367
1.3318185914773402,13.931976318359375
2.776867734737273,-49.0218505859375
-27.8178569354009,-40.47523498535156
-4.20883890972707,1.5746040344238281
2.78743688363977,5.551849365234375
-9.657849716236,-14.37751293182373
4.071661498679735,-17.16822052001953
-10.586292641023492,-0.9077854156494141
2.578081311550471,4.217876434326172
-42.2483635713802,-14.607929229736328
8.204494762209066,-8.371397972106934
18.5317724911246,9.35490608215332
6.097122298913325,-0.5396575927734375
-11.299328727708405,-8.014095306396484
-6.22433036882608,-1.5210838317871094
3.12612254618191,1.0684514045715332
8.756217929094177,4.124685287475586
-1.757118944268968,-25.282018661499023
-51.402683514636095,-25.04460334777832
-2.13735826282737,0.6950473785400391
8.88265541550952,-3.396029472351074
5.58846482112586,3.1755809783935547
7.383552345763623,12.404150009155273
10.229168329440906,7.513772964477539
-17.4030551064212,-10.45999526977539
2.204062447972561,0.23305130004882812
-3.195242757261453,5.291902542114258
-36.8822022827233,-14.538276672363281
3.812227003524945,-5.0393829345703125
-6.89310310865277,-6.435550689697266
-2.85382252753121,-4.229393005371094
-7.42349600405968,14.468372344970703
4.398848813602776,-0.5673131942749023
-68.1959205924323,-28.063621520996094
-3.773219093074008,6.713470458984375
8.453421074249384,0.1947011947631836
-62.9612541332419,-29.599624633789062
2.97844031586002,-6.754357814788818
-5.800670766453999,-4.020057678222656
2.409764321136161,-7.450489044189453
-1.6610011043127195,-4.528926849365234
1.39259946716825,-3.8851113319396973
-5.785469568057495,-24.652812957763672
10.468583156479704,1.6694221496582031
0.8267526169764301,-8.729170799255371
-0.4271227388875901,-3.609987735748291
-5.85807143580148,-19.682451248168945
-2.67676896274171,-4.034425735473633
-3.11888044241469,4.190763473510742
6.71098989067457,4.4354705810546875
6.429854346358795,3.064183235168457
-6.897600670415837,4.3077239990234375
-16.4910721624856,-20.307518005371094
-3.057699221935841,0.88262939453125
-17.6906096863185,-11.704658508300781
0.1461877509898399,11.05450439453125
-3.01321716593974,5.3092732429504395
-15.0412339008878,-19.802276611328125
-3.60075442831331,-2.5345096588134766
12.5056328567953,7.882844924926758
-13.8996269060666,-6.90709114074707
5.265272900492549,-12.783807754516602
12.283123760680592,6.603421211242676
-2.54688332955635,-1.5130195617675781
11.579228393987275,-0.39672183990478516
-0.3284521577656807,-11.064704895019531
-2.33292598982445,8.186225891113281
-0.1058882282985149,4.072357177734375
-2.4461467814868523,-18.538925170898438
-41.8026500314277,-12.004972457885742
4.417989059347175,0.31836891174316406
-40.2101205720394,-3.501378059387207
-14.277645616907492,-5.501091003417969
3.29681579894721,-3.939173698425293
-0.7012610501602399,-2.6663074493408203
8.463248256721428,-11.479290008544922
-2.491707941339629,-7.434385299682617
4.867927463076468,-1.0716049671173096
-1.876637029070265,-14.743385314941406
-12.955988512618,-26.99609375
-7.75971004909346,-18.997337341308594
4.67424026120176,0.5991096496582031
-7.08434802004719,-5.2269287109375
-6.19730890695259,-4.540533065795898
-0.1240821746904601,-0.7389247417449951
4.069163600073605,-7.992027282714844
-1.77750068778882,10.339752197265625
1.8601156760560384,-13.755495071411133
-10.8237586662752,-7.187004089355469
-50.1674018945849,-13.25421142578125
-5.8677981963370005,-4.018726348876953
-24.4869919201538,-15.302013397216797
-12.281506448986304,3.756199359893799
-5.8772631055401,-16.405452728271484
-0.1639564470097907,-0.8562545776367188
4.17561229224804,-1.322500228881836
2.77922195660905,-10.674156188964844
-3.454798154796729,1.795365333557129
7.692941411907634,-14.11517333984375
-2.390619984667185,4.4544830322265625
-33.1832620874725,-12.452259063720703
-18.23432595343749,-14.454208374023438
5.29419053806362,-7.169991493225098
-77.3623903172369,-24.813125610351562
15.4985727759109,15.31613540649414
7.73570234615748,-5.375424385070801
-9.325981865786185,-15.269817352294922
-9.72499716390718,-13.921758651733398
13.309934514349203,12.291906356811523
2.264898495983479,-9.266439437866211
-12.0320822507053,-16.310325622558594
-2.56542276271332,-0.1681811809539795
7.196532980977684,-10.75690746307373
-1.857666460494741,14.98045539855957
-1.4872271509121793,9.775861740112305
-3.12013961477547,-8.409543991088867
2.6303171850506604,0.2746315002441406
-60.49569009623433,-15.413586616516113
-30.3377383335249,-14.762252807617188
1.0590749185315824,-1.8540267944335938
-6.929951553081727,-11.99563217163086
-8.46093254820262,-2.9277210235595703
2.461922216333884,3.4939634799957275
4.5031585012656095,8.96099853515625
4.435147085081137,5.977519989013672
-2.88087637063392,6.473941802978516
-1.5082203021212124,0.6404037475585938
-0.6579761516790089,6.0802764892578125
3.719171936095444,7.049905776977539
-2.6053130644292946,8.295866012573242
7.276768036701751,-2.041229248046875
5.29091659278858,-0.6459503173828125
-1.0659561461183158,-20.807891845703125
15.4186986077963,13.762458801269531
7.543407488617369,9.283954620361328
9.58062385928767,-3.094156265258789
0.2570808252882703,-7.332893371582031
8.13893448615947,-3.165989875793457
-5.14141487663266,-11.81561279296875
-16.517773128145326,0.8563747406005859
0.7364260970712593,1.8969194889068604
4.25311060075082,-6.688570022583008
-25.4508968849616,9.162948608398438
-1.9051378030600723,-4.986540794372559
5.506094216928792,-1.4161248207092285
-0.1777753404752198,3.447331428527832
16.9349100756105,15.47011947631836
-11.607028837624,-6.794548988342285
-1.2671721747064446,-9.487629890441895
-16.1535771788668,-12.847662925720215
8.143116180793372,-1.9935503005981445
7.078924552126015,-4.389011383056641
-5.73967918172164,-9.768908500671387
-23.3725501337939,-7.186962127685547
9.04709717330502,-18.217105865478516
-3.724573545179619,2.2858448028564453
4.4516036428765,-2.16117000579834
-1.657597602265355,-6.1514892578125
5.586124430090477,2.0281143188476562
-26.6651088566214,-4.091831207275391
3.028467183462371,0.24912118911743164
-40.7258600860177,-9.244766235351562
-26.912205886836706,-17.938762664794922
-3.9965921287470247,0.013315916061401367
-4.739766082030863,-6.320610046386719
4.2006804390709,-7.703756332397461
-22.3071231538392,-11.833259582519531
-18.5891767455387,-13.724201202392578
-5.960419628776203,-2.7407913208007812
-18.9061714872788,-21.7954044342041
-21.4141717786538,-25.016693115234375
-12.208208404490907,-7.782036781311035
-3.72583443525641,3.024900436401367
-2.377061578670744,7.648481369018555
6.075310726130807,2.905543804168701
2.12042655289975,-25.823814392089844
3.181253849239128,-9.301750183105469
10.41580460128629,-5.951890468597412
-23.8934551543691,-32.082374572753906
-0.8981307679622897,-3.7041091918945312
3.7078671714499096,-1.9189600944519043
11.644495901203598,-6.2918701171875
-22.42608065327665,-9.873336791992188
-1.2036514942358316,0.06863665580749512
-13.5091075877696,-7.79327392578125
-1.79502295092813,-2.3197202682495117
2.332279780348585,-9.690238952636719
3.11049964318654,7.760883331298828
3.54836143321337,1.6604537963867188
3.77256113899207,2.9129533767700195
-2.35314836228574,-6.206415176391602
7.837521570550837,6.577847957611084
9.328533024448705,8.897262573242188
-37.9495035857927,-28.122695922851562
-4.144685584269085,2.4260942935943604
8.91646092056966,3.57735276222229
5.635020609606415,-1.4394721984863281
-15.1006814359747,1.6638736724853516
-2.4599041427842496,2.2581419944763184
2.42002639701588,-1.0791897773742676
-3.0331069492891496,9.26490592956543
10.480393919522983,4.558829307556152
4.452168509343501,-6.744799613952637
-2.552277046947741,-20.919479370117188
-5.97419023328963,9.717941284179688
-0.5734820606807138,-7.358755111694336
3.7606671418030695,-8.102349281311035
-31.4759298257721,-11.390541076660156
0.300408103033295,55.054141998291016
-6.32558602127377,2.403768301010132
0.90894434552881,-2.798035144805908
5.954690473588823,-5.29850959777832
0.0804428699766095,-11.405611038208008
8.45389840526827,6.784248352050781
-2.8859593337581737,2.5960235595703125
-1.122073026503361,-5.460549831390381
-75.56229656723696,-11.461898803710938
-6.291328737399075,-10.048728942871094
-10.1192188918475,1.6384315490722656
-56.3663437951974,-4.782199859619141
2.4288820651169605,7.551124572753906
5.05355462238675,6.503078460693359
-13.1809903671301,-9.701814651489258
-6.75960002722117,5.9716033935546875
9.0758909366509,-8.864227294921875
-1.4230966237807086,43.68891906738281
5.59963570142504,-15.773818969726562
4.133325903305868,-9.15909194946289
3.00680128293027,1.4776153564453125
-27.8195558011628,-12.337454795837402
-29.9162730471743,-15.801271438598633
20.7191486697607,10.609504699707031
3.455876052191651,4.171834945678711
2.595279020812243,-16.268516540527344
-4.0896099478500325,6.16070556640625
5.3817717725564,8.583599090576172
-1.9802660997523944,4.589443206787109
0.4007388327427847,-0.6957283020019531
10.11870938841209,15.695388793945312
-1.7174251595272625,-6.449977874755859
-13.2363849677504,-3.167363166809082
-58.24412469223692,-47.97799301147461
-47.9875704511971,-37.164093017578125
-3.681083449701528,-13.447534561157227
0.1118559290339978,-17.034961700439453
-8.998840630677615,-16.318191528320312
1.1941842843275,0.9887814521789551
19.33685959748449,11.612039566040039
-3.09775596823669,3.574483871459961
1.2555345380058751,-4.323974609375
-78.7451798053926,-15.422348976135254
8.35813394800668,11.514917373657227
-19.6754058911438,-14.57571792602539
4.743603615290096,0.4802703857421875
1.3155747227446202,-9.470817565917969
11.316750179392892,4.139982223510742
11.779516260068313,19.168365478515625
-3.802611775309477,4.705786228179932
-10.539071528779305,-6.457985877990723
4.49646859469848,3.81317138671875
3.59102041590596,5.8699188232421875
2.1560784090827942,0.35324859619140625
-17.309192174305,-6.389730453491211
-1.768261666543676,-10.18841552734375
-3.34531377329845,-4.21539306640625
-9.09730633851708,-5.612186908721924
-12.909180343140196,12.095251083374023
4.020569536845237,2.2544925212860107
2.28163515100639,-0.5632095336914062
-1.6307504375632549,-13.480010986328125
7.809600001042748,-1.84746515750885
-83.9761260280997,-10.058828353881836
7.656482330373112,3.6640796661376953
1.675245639565673,5.077569961547852
-15.991582533821994,6.345959186553955
8.681027307740193,-1.876129150390625
11.10272802991041,6.771397590637207
3.42951329804928,-2.402283191680908
-1.4295761119406232,6.942974090576172
-11.9299972333177,-6.451421737670898
11.923948375295712,5.361316680908203
5.960801203295765,6.118083953857422
-0.4381862293696001,-10.514719009399414
-2.43808381047612,-1.869598388671875
5.72263802046558,-9.942466735839844
1.1496085756031087,-3.7746167182922363
-6.72144892291601,-5.872762680053711
18.1939100849816,15.67922592163086
3.61441892535489,-5.738786697387695
-0.8028238008287005,-22.28215217590332
0.7001962140772594,-6.345548629760742
2.125547882163602,2.204732894897461
-2.8472026300298463,-15.7225923538208
-4.534682244798708,-12.675994873046875
4.49418879319923,12.977935791015625
-10.901275449743116,-9.413991928100586
-4.736229867816737,6.2575860023498535
-0.0053525606393112,83.365478515625
7.06923762363823,-1.9394149780273438
-0.0084306638066775,-3.2687034606933594
2.11900133622217,-0.3369274139404297
8.106852576346123,2.308131694793701
-0.1428452494230792,-16.614578247070312
-1.0683487237199796,2.0556182861328125
0.0285872237409883,-1.3199462890625
2.75380173901167,3.0311832427978516
-7.69948364751984,-5.606069564819336
-0.0556983764780604,-9.057214736938477
-1.32131943338233,-13.76531982421875
-3.0345245902191325,-2.031391143798828
-2.93911844531118,-8.263818740844727
9.94612085382829,2.9543142318725586
-3.5546157663424616,-15.61815071105957
-11.221818720505304,-13.371944427490234
3.9797293996962297,-2.7803049087524414
4.54734483862441,-0.2664165496826172
-45.634880019414,-22.176197052001953
-1.6020246929696491,-25.175331115722656
-4.12581810820042,-15.038406372070312
-3.019531285218114,-3.14208984375
5.42509465390903,24.038076400756836
-21.5871320482388,0.7805972099304199
-1.2497809936708242,-15.111141204833984
-35.0272315856836,-42.671791076660156
3.37898618824583,-12.152557373046875
-13.4460672849668,-15.515426635742188
10.982614675109394,-3.6682310104370117
2.35164464781062,3.0265884399414062
-20.9676231329802,-6.948719024658203
-1.6422791314174887,-5.540462493896484
-0.3136273830120112,0.6829891204833984
-16.967828162594074,-12.27969741821289
-2.8325461302865187,6.158744812011719
-2.6871577689602653,-3.3546624183654785
7.570838092245207,-16.792402267456055
-13.547300817594484,-20.283580780029297
8.99923705482913,-0.8121852874755859
-0.003939288658445,1.3796052932739258
6.147225205740463,-5.3722147941589355
-2.149900469098629,-7.412017822265625
-25.2381267145584,-13.821760177612305
-5.36204355968609,1.9672927856445312
4.43276114617859,3.024913787841797
3.27144637329635,5.896976470947266
-1.626797120535592,-2.064657211303711
-9.859535687586003,2.2512283325195312
2.0008593011464906,-16.70206069946289
0.369316059642221,7.26446533203125
5.79128728304933,7.918304443359375
0.1235817830644999,-3.8332555294036865
-3.36903782007548,-5.239360809326172
7.06032809637297,6.099396705627441
13.71198107208239,-3.324049949645996
-12.53254789251529,-8.723779678344727
5.45103123545738,0.43315982818603516
4.128157012788561,0.25693798065185547
-3.8590388668775,-4.018928527832031
7.36579899286375,2.3212814331054688
-11.03094492075089,-11.724361419677734
8.017093587799739,-11.954341888427734
15.384553292915324,-15.366621017456055
2.79124989437018,1.0462150573730469
2.81101468536903,-5.3968505859375
-1.7237618714553775,-2.6049821376800537
-2.202886656443709,62.19894790649414
2.369358494612781,1.9291267395019531
-11.30813578108209,14.233612060546875
4.484288991501213,0.3345451354980469
-35.8165916579592,-14.366665840148926
-5.19085420781142,-2.8018722534179688
2.86709961553106,0.020562171936035156
-4.349210006555943,7.686946392059326
5.029017096161708,0.13888168334960938
8.243548509216069,2.4317150115966797
-2.6184282494780104,-1.1097412109375
-5.527709296795018,-11.603337287902832
-52.7336020518746,-20.330337524414062
6.07843040491799,-7.207630157470703
-4.396710286499547,-11.441459655761719
6.6154810826822,5.604781627655029
9.772192422094813,-15.042224884033203
2.099307195887115,2.295173168182373
-12.414939844598162,-10.081853866577148
8.24149319055937,-0.7305049896240234
-1.5178355576616795,-0.4035472869873047
9.144089281431205,0.9783573150634766
1.418014053180695,-1.12493896484375
-60.92137282626391,-34.51915740966797
5.61896917638109,-11.845352172851562
-4.96580172718434,-13.036651611328125
-24.4432878855492,-3.256948471069336
1.675381804264854,-12.977439880371094
-2.8447496930443927,-9.736129760742188
-1.059512617215007,1.432321548461914
1.41805545618482,-0.8813061714172363
-7.06329362397977,-5.365573883056641
9.400493271217616,0.33764219284057617
3.1327986373042376,-4.474241256713867
4.097668935846943,6.4729156494140625
-4.01456885639382,-19.642501831054688
-2.260381023139061,3.0289134979248047
-8.237627320974727,-14.600605010986328
-2.23616712442702,4.072797775268555
-26.79502671025515,-41.60607147216797
-10.594900847222812,-33.424495697021484
4.509456424718162,3.7115132808685303
-22.9219832537164,-22.0927791595459
-6.2026319104393295,-18.024402618408203
-4.662511414401839,-7.62860107421875
-0.4503474699443348,4.533205986022949
-21.5531296050118,-19.30335807800293
-39.7169735486916,-14.289581298828125
-6.13466459150186,-14.436100006103516
6.093529951556334,-4.409893989562988
-33.3004252633332,-17.164199829101562
-7.789052707582185,-11.968826293945312
-61.6890402284636,-30.848495483398438
-10.613183176373598,-42.29674530029297
-12.6203596574975,-39.94915771484375
-15.2234416939723,-2.259575843811035
3.42848617073407,-3.632854461669922
-50.4820483838523,-12.08798599243164
-71.7765711158932,-25.310888290405273
4.338369925074482,-9.45772933959961
-34.0729170807354,-14.618804931640625
-10.285920522724917,6.889404296875
2.71808902854303,1.1260509490966797
2.26767773086615,-4.318916320800781
0.3189015990893598,-17.31963539123535
-39.873530292237,-40.43471145629883
5.053393098685065,-2.78753662109375
-5.77665564868809,0.11136817932128906
-22.4462583852743,-13.753280639648438
-10.162041561092582,-21.839183807373047
8.70853787657841,-13.641077041625977
-3.73521146317182,-0.48652076721191406
-1.3326443092463092,-14.521278381347656
-5.830142578087577,-2.8522567749023438
-7.815562497274902,1.0669963359832764
-20.7558388881914,-4.814647674560547
-1.03656181464744,2.5459976196289062
-3.930469946192945,-8.677774429321289
5.391699208755202,-2.3231124877929688
7.2595381633228,4.218631744384766
9.30630078585379,5.08064603805542
-3.77133000272187,-10.1585693359375
-42.936846127142296,-44.957847595214844
0.5211206139658471,-8.699089050292969
0.7345204104922589,4.470623016357422
6.86106163750481,8.848594665527344
-21.61387508166409,-6.817710876464844
-24.577379709126298,-26.374191284179688
3.986867952152618,1.653085708618164
-63.2346715672369,-58.03368377685547
4.55602013063716,-1.830956220626831
-20.3623076046531,-17.669588088989258
8.678125432705007,0.670867919921875
-2.1147225087047508,-5.252092361450195
-1.14890133483728,3.9052302837371826
3.7921116228684086,2.216701030731201
-1.3811964732242277,-2.7146263122558594
0.1752112379752922,-3.672628402709961
3.3452637215970498,8.762947082519531
6.63109301847755,-11.643054962158203
-8.72128086410909,-18.15643310546875
-0.1160299782726794,-6.893669128417969
0.1119561526876595,-5.236124038696289
11.877856996640997,-0.5864262580871582
-3.2142130797467816,-2.0100722312927246
-3.9552380984537248,-0.5644664764404297
-1.593720937577549,-19.135948181152344
3.3899996482015826,-4.412256240844727
7.66334596528203,-9.36337661743164
2.60625970962018,1.5540885925292969
5.006519903780723,3.8896732330322266
-58.5527340809363,-11.195194244384766
3.776985072333982,1.6058158874511719
2.4866177573815964,3.5566654205322266
-0.6920482116816997,-5.53718376159668
2.1747311895065486,3.3556690216064453
-13.14009076535719,-19.688777923583984
2.745769909533195,-3.834941864013672
-10.626155896203898,0.4499382972717285
0.0548896546292299,-3.133312225341797
-69.1366966634013,-16.504194259643555
14.8508222506114,12.206123352050781
-28.3488859938485,-28.007797241210938
0.6884341878779402,-6.0536346435546875
12.566471603210276,10.59665298461914
-5.472376660417956,-8.284651756286621
-2.1691769605730515,-10.131896018981934
-0.3887710448227697,15.244194030761719
9.1356503291117,2.757352828979492
4.93167956005568,-8.697516441345215
2.713132201978397,7.498126983642578
9.090654061652296,-14.567510604858398
1.741670982094262,-0.23877239227294922
-5.89266438028177,-4.417141914367676
-1.130678948105339,-0.3094520568847656
-46.587141393021525,-15.784904479980469
4.366245372711767,5.847230911254883
2.858782897786812,-1.9047012329101562
2.53362859007723,-6.716117858886719
-1.7943154401891548,2.4149551391601562
-0.6435038581465955,-11.494033813476562
5.99108205682079,-13.29046630859375
2.44728958086436,-16.353797912597656
1.5718362711845366,-1.3142719268798828
-55.54568697318505,-21.383533477783203
-9.231606713935047,0.6629276275634766
3.547124544521316,-31.35125732421875
-73.5286754265322,-2.5676164627075195
0.2047767843086013,-6.029147148132324
-10.398648228661925,-1.027052402496338
-46.9980356488569,-11.680906295776367
-62.9031214125763,-37.05743408203125
-10.35739215730591,-4.757408142089844
1.83593808226401,3.1195425987243652
7.827394642815597,6.257687568664551
-9.742168339465294,-13.189460754394531
-0.29408409265346,-6.976787567138672
-5.653435188749545,-7.018624305725098
-14.57002364123529,-23.714521408081055
-18.1797235112709,-5.644758224487305
-5.45440876641342,-3.8586788177490234
8.596988309863011,-1.4999680519104004
-5.493763326806099,1.5696735382080078
-8.393586343504198,-5.879833221435547
-3.963646539183849,10.749611854553223
9.625121597198186,15.513216972351074
-6.18357684414468,-6.495882034301758
-3.41466344580097,13.091375350952148
-4.03025121975644,-8.239778518676758
-2.66483863280114,-14.939701080322266
-0.190891674386513,4.932853698730469
16.1850033157246,23.66057014465332
-7.910003358009165,-2.5029869079589844
-2.07861348348741,0.056690216064453125
12.331931266595111,11.13619613647461
0.8825935384285006,-3.7474188804626465
-2.1789667599796294,-4.914031982421875
3.0307168501552093,-13.401132583618164
14.8229623836697,1.060276985168457
6.795393661635613,14.453964233398438
5.16750826555368,-9.588115692138672
-57.144820014625296,-14.196432113647461
6.167862854629888,0.07965564727783203
-2.698758931910008,-17.202285766601562
1.289294757415069,-2.133695602416992
13.9692836454661,2.4463281631469727
-38.6438610292767,-29.807388305664062
-3.119647295186995,-11.145622253417969
-6.745372906074374,1.8490142822265625
-2.7468186065138984,-0.16124796867370605
1.6198341998494314,-2.845245361328125
1.6646916021852596,-10.717782974243164
-7.87226820943855,-5.759647369384766
8.652061852316729,9.975746154785156
2.4933992323843923,0.9872255325317383
2.35160533891099,-7.8397979736328125
1.30779520720034,2.6247549057006836
-11.9965988914421,-2.3706092834472656
4.780848076735348,1.0010805130004883
11.2728180991378,-1.9599697589874268
0.7651079053562314,-2.8819923400878906
-10.6557437737239,-4.6304473876953125
3.27100049685324,-15.383216857910156
-5.2815921348029296,-2.7522850036621094
-27.5445722402187,-9.444915771484375
-2.683955047842884,-8.65444564819336
-43.929359067237,-21.842275619506836
-4.639593570653838,-7.372386455535889
-14.7229944429405,1.266134262084961
-5.00028834575103,2.7540111541748047
-1.2236747050651609,-3.5948009490966797
-17.6830733389949,13.679229736328125
-9.979741434164584,-10.086128234863281
-0.2823200449385875,-1.8588180541992188
-36.50577458359941,-0.12561416625976562
-4.853312003098937,-55.05133819580078
-27.4476544011683,-18.69715118408203
-49.5120706514507,-36.8905143737793
1.2287673509824204,7.145835876464844
9.503977484174175,6.259403228759766
-5.5186956836840375,14.632694244384766
-2.99361591491145,-4.995121002197266
7.99575647038201,2.089369773864746
11.7225687296843,6.152067184448242
6.987950206462267,-8.861518859863281
5.5273920092716775,-21.25518035888672
-7.19378137939456,-2.1538848876953125
6.001532732018722,7.591911315917969
7.92708077877978,0.4122805595397949
4.316615136301563,6.560943603515625
0.1590569364430157,-1.9760384559631348
2.8348518495029404,1.3020353317260742
-46.6686841099013,-27.302780151367188
-0.8984319813221007,-3.8117637634277344
4.30511943579503,6.654731750488281
-3.36735139960915,0.4183483123779297
6.58117049992555,-1.9174213409423828
6.753311816554961,-8.579410552978516
-1.1091988250418725,-4.4662017822265625
5.26551760771767,9.64892578125
-37.3999740396079,-11.24276351928711
-34.48768519828235,-9.276838302612305
-46.862925671502296,-19.852371215820312
-1.19024715514191,-3.6134490966796875
-1.4920816076829602,-11.098245620727539
-5.775806690181939,-6.320880889892578
-14.2382866820043,-0.5072154998779297
1.3131129859732091,2.970121383666992
13.1991243046288,18.796531677246094
3.6035536346157695,1.57012939453125
4.97603191479674,-11.311607360839844
2.9737175212081803,-4.642412185668945
-35.1782981083837,-15.681025505065918
-10.480511156242285,-15.49577522277832
-0.3170472839931941,-1.8614273071289062
3.59745169898486,3.8716235160827637
-5.139364658294922,3.38214111328125
-29.2662792150344,-17.55694580078125
11.555346181601609,4.403763771057129
3.7092867134231,-14.786832809448242
-0.7280966227290082,1.8726043701171875
0.9480162028997956,3.7606658935546875
-9.619042312244815,-29.252593994140625
-3.15562863494722,-14.644065856933594
7.285509446842615,-9.721624374389648
2.71319811317338,-6.667793273925781
1.026942322157092,0.05293393135070801
-4.65691689928222,-11.22027587890625
-8.677497573270493,-21.732887268066406
14.3436638764016,3.242678165435791
-11.8973420493851,-11.273666381835938
-6.61979034735207,-2.5680999755859375
8.86280218600469,11.308286666870117
-3.43040335892423,-18.543903350830078
0.4443344011282492,-0.3774566650390625
2.6678241356197647,-6.1697540283203125
2.334382802629,-10.844778060913086
-13.8157551615103,-7.753944396972656
1.9007667723773176,-6.675458908081055
-17.190033530139498,0.22921133041381836
3.88810032819938,-5.273830413818359
1.2705701336207027,-21.05477523803711
3.887422638441485,2.014047622680664
10.349523074958825,0.4901125431060791
9.62907409316032,7.035640716552734
0.7709161631446207,-0.01649332046508789
2.3166834950764685,-0.115509033203125
2.76912169862866,10.64140510559082
-46.2372447228831,-15.686059951782227
-37.0930621901092,-9.922505378723145
0.996650643215182,-1.9062118530273438
-12.898019313824,-10.457048416137695
-0.71117494174041,-10.876075744628906
-0.5663484394051013,9.928808212280273
-12.4595255596924,-5.203647613525391
-0.6089836493556324,0.3616366386413574
6.92534745147092,0.8126564025878906
3.320229681965675,8.897079467773438
-10.274169876330886,-14.541519165039062
-49.062306315025,-16.273147583007812
-30.7261055182573,-15.727977752685547
22.7414116448382,5.716770172119141
-0.9529303605806088,7.402741432189941
-10.739322929783883,-3.5879945755004883
-20.9507978903398,-13.603439331054688
-24.96156751119129,-30.985435485839844
14.9823899147147,10.276588439941406
-14.564555056626377,-1.5653076171875
1.907333647224608,-12.407142639160156
-1.178255647098801,4.8607025146484375
1.9806048133258944,-16.888301849365234
8.833837192566008,7.754461288452148
-18.5255095356289,-39.01453399658203
3.010752586641185,-3.870635986328125
3.67041582610247,-3.6707763671875
-33.7845903951132,-18.446718215942383
-13.812973987503693,4.814009666442871
-13.861300672159,-2.6156997680664062
-26.24662901330595,-22.355554580688477
-1.61504571199055,9.09707260131836
8.754663680824095,-2.5275115966796875
3.22816419080692,-14.196361541748047
-2.0585753436264698,-15.70162582397461
-9.59094984812801,-13.718147277832031
6.02246857213521,0.6168098449707031
-4.11149235653684,-14.169220924377441
-4.361976736345532,-5.235589981079102
-2.4097304318056905,-4.93702507019043
4.967381413305823,-0.793792724609375
-11.9154244975033,0.01956939697265625
-11.183106529127476,-9.372360229492188
-2.3538192484503564,-5.495319366455078
-2.204579993178592,-11.087762832641602
-91.8886792382854,-8.732789039611816
3.2582764286422226,-13.088695526123047
9.859104788483815,-10.502464294433594
-2.6304973605131474,-3.253342628479004
8.398744223780918,-14.715309143066406
1.4955767028094,15.819145202636719
6.720388221210122,-1.3661327362060547
6.99756701325662,0.5880584716796875
12.966325580978296,0.06721115112304688
-22.8644313188967,-7.436758041381836
-14.4731176558811,-4.280719757080078
-0.0918051514147744,-36.792266845703125
0.9434331950199416,-23.271560668945312
7.877641553655238,1.4490628242492676
-27.1636490162131,-18.54985237121582
3.42669038506664,-1.7842459678649902
0.31232235517322,9.491569519042969
1.1848602197973823,-12.891288757324219
-5.822632503482525,-8.498321533203125
-2.989164004622407,-18.7873592376709
1.69213972357191,-1.9266996383666992
-0.89184437235696,-5.685279846191406
2.446050707651698,-2.4917449951171875
5.07108724357905,-9.329581260681152
5.42147270471237,7.762515068054199
-2.20364176327536,41.08502960205078
3.08443697315444,2.8868560791015625
-5.97248436581227,-6.970794677734375
-1.0190872666435924,-3.9855499267578125
-14.885807229381896,-2.157595634460449
0.046018285265003,-12.75625228881836
6.00089213826483,-4.034300327301025
-1.4680391508473674,-9.732994079589844
-49.8653288018085,-43.51868438720703
-7.283890318199592,-10.284371376037598
3.6053774296538297,-2.6791391372680664
6.364261125349779,-4.124490737915039
-51.4043293278057,-19.645843505859375
-64.65676531723692,-22.600299835205078
-26.1965705632023,2.214517593383789
2.63157412115867,-9.964576721191406
16.694612728237402,-4.5769853591918945
-17.0314498829154,-11.809518814086914
-58.40351531723695,-9.205860137939453
-15.3173389528898,-2.9501399993896484
-6.613686761665703,-23.61321258544922
-39.0646563811545,-21.202978134155273
0.809697096857583,-2.547189712524414
0.4685622181175212,-14.040969848632812
-6.376202369524528,-4.988914489746094
-14.434457477598505,-0.3287086486816406
-26.0047332498617,-15.203895568847656
-17.5801214502402,-13.543519973754883
-2.60072537807549,7.351156234741211
7.184930267876617,8.820362091064453
0.555665600488549,-3.5176620483398438
8.747205755218493,4.9700164794921875
-2.289513933263135,-4.957424163818359
3.8009101564042025,6.012017250061035
-1.67197513843126,-17.473987579345703
-15.746453943284,-30.43396759033203
