Score,Pred Score
4.219145585451182,5.000541687011719
-2.588665914009158,5.25554084777832
-3.0703466753296,0.6132221221923828
2.1112971208509976,-5.2406487464904785
-19.1693792779686,-5.987159729003906
-0.9096556467231308,0.9473438262939453
-5.316952415477393,-4.9602508544921875
-5.39913759737588,5.2154998779296875
6.1026124307435,1.5949220657348633
-1.6005087696864486,-12.950546264648438
-51.6773231694491,-23.944007873535156
0.51700222845629,1.3537445068359375
-1.6521884315998507,0.2367849349975586
2.11024229353816,-4.667171478271484
17.2594267615487,6.157854080200195
-1.73607437190069,-0.5475425720214844
-5.77436797253085,-4.294063568115234
-0.568998602339841,-8.938483238220215
-1.289264920121349,1.96746826171875
-14.1813773041305,-12.5592679977417
-3.31847606547329,0.7289080619812012
11.710679650337616,-10.062049865722656
2.046344769010002,-9.362014770507812
-2.77042962989298,-1.429880142211914
9.014890317831036,18.13982391357422
2.726862934921635,7.954885005950928
-3.4922781726655696,-11.216171264648438
1.292753014965791,7.2447357177734375
8.16191414696451,7.551368713378906
-8.251107402184557,-4.741437911987305
7.262818938793504,14.252197265625
4.14054171285972,-0.5026493072509766
-13.546032832554804,-11.968486785888672
-16.8307740899425,6.952418804168701
-0.2642143205483515,2.7061004638671875
-6.135426654744688,10.158794403076172
-7.187555808667961,-9.181224822998047
8.149714042401495,-6.785224914550781
-6.426376983867103,-3.497903823852539
13.9953943577381,-1.4404034614562988
-6.31868596379813,-14.57498550415039
5.321680837772678,-13.44222640991211
11.9978624338519,-11.817180633544922
7.909526276907584,-7.80916690826416
7.206977941743588,-9.233863830566406
-7.378812419643663,8.150192260742188
0.2475632146873464,27.240406036376953
12.7359625054994,12.229158401489258
5.220668557811489,20.678442001342773
1.3318185914773402,18.416229248046875
2.776867734737273,-63.59857177734375
-27.8178569354009,-27.693634033203125
-4.20883890972707,1.3452129364013672
2.78743688363977,1.2573661804199219
-9.657849716236,-12.962352752685547
4.071661498679735,-20.61634063720703
-10.586292641023492,-0.1770162582397461
2.578081311550471,-7.246059417724609
-42.2483635713802,-15.886280059814453
8.204494762209066,-9.547209739685059
18.5317724911246,7.308374404907227
6.097122298913325,-11.059669494628906
-11.299328727708405,-10.236223220825195
-6.22433036882608,-0.1393280029296875
3.12612254618191,1.404930591583252
8.756217929094177,1.9614171981811523
-1.757118944268968,-23.913984298706055
-51.402683514636095,-22.105667114257812
-2.13735826282737,-4.379817962646484
8.88265541550952,-6.234683513641357
5.58846482112586,8.929651260375977
7.383552345763623,8.979972839355469
10.229168329440906,1.1599578857421875
-17.4030551064212,-11.643148422241211
2.204062447972561,0.18941116333007812
-3.195242757261453,12.396400451660156
-36.8822022827233,-13.590860366821289
3.812227003524945,-9.842849731445312
-6.89310310865277,-5.606916427612305
-2.85382252753121,-9.634462356567383
-7.42349600405968,6.6751556396484375
4.398848813602776,-0.4010143280029297
-68.1959205924323,-32.93736267089844
-3.773219093074008,0.505706787109375
8.453421074249384,0.2969646453857422
-62.9612541332419,-28.551681518554688
2.97844031586002,-7.301670074462891
-5.800670766453999,-2.62420654296875
2.409764321136161,-7.9906463623046875
-1.6610011043127195,-5.46751594543457
1.39259946716825,-3.3382444381713867
-5.785469568057495,-27.24126434326172
10.468583156479704,4.717778205871582
0.8267526169764301,-11.41287899017334
-0.4271227388875901,-4.035999298095703
-5.85807143580148,-23.622730255126953
-2.67676896274171,-5.157548904418945
-3.11888044241469,-6.189638137817383
6.71098989067457,4.3768768310546875
6.429854346358795,3.2685422897338867
-6.897600670415837,3.67730712890625
-16.4910721624856,-19.65044403076172
-3.057699221935841,1.162165641784668
-17.6906096863185,-8.765422821044922
0.1461877509898399,2.9810028076171875
-3.01321716593974,7.957548141479492
-15.0412339008878,-63.64971923828125
-3.60075442831331,-7.950862884521484
12.5056328567953,3.1259899139404297
-13.8996269060666,-9.833038330078125
5.265272900492549,-12.521394729614258
12.283123760680592,8.893260955810547
-2.54688332955635,-2.7644729614257812
11.579228393987275,2.410449504852295
-0.3284521577656807,-10.492995262145996
-2.33292598982445,8.923868179321289
-0.1058882282985149,2.6131973266601562
-2.4461467814868523,36.16033935546875
-41.8026500314277,-12.757269859313965
4.417989059347175,-3.4336776733398438
-40.2101205720394,-3.646365165710449
-14.277645616907492,-8.40908432006836
3.29681579894721,-7.490973472595215
-0.7012610501602399,-1.5564231872558594
8.463248256721428,-23.085052490234375
-2.491707941339629,-8.748941421508789
4.867927463076468,-1.0983195304870605
-1.876637029070265,-9.70803451538086
-12.955988512618,-25.53205108642578
-7.75971004909346,-26.182884216308594
4.67424026120176,19.69469451904297
-7.08434802004719,-11.77850341796875
-6.19730890695259,-10.521200180053711
-0.1240821746904601,-2.4718539714813232
4.069163600073605,-7.74578857421875
-1.77750068778882,5.1261749267578125
1.8601156760560384,-15.889619827270508
-10.8237586662752,-6.0822296142578125
-50.1674018945849,-13.534146308898926
-5.8677981963370005,-5.522899627685547
-24.4869919201538,-14.416524887084961
-12.281506448986304,1.7188702821731567
-5.8772631055401,-12.580558776855469
-0.1639564470097907,-3.0931663513183594
4.17561229224804,-1.694138526916504
2.77922195660905,4.767295837402344
-3.454798154796729,-2.195755958557129
7.692941411907634,-11.800758361816406
-2.390619984667185,-3.3784332275390625
-33.1832620874725,-11.214103698730469
-18.23432595343749,-14.008068084716797
5.29419053806362,-9.050344467163086
-77.3623903172369,-18.75066375732422
15.4985727759109,10.45199203491211
7.73570234615748,-8.20816421508789
-9.325981865786185,-9.731039047241211
-9.72499716390718,-14.986936569213867
13.309934514349203,15.749336242675781
2.264898495983479,-9.525053977966309
-12.0320822507053,-23.958526611328125
-2.56542276271332,0.3689298629760742
7.196532980977684,-12.162935256958008
-1.857666460494741,9.073123931884766
-1.4872271509121793,17.837902069091797
-3.12013961477547,-10.43993854522705
2.6303171850506604,0.5717926025390625
-60.49569009623433,-15.351141929626465
-30.3377383335249,-7.8025665283203125
1.0590749185315824,-5.394574165344238
-6.929951553081727,-13.073434829711914
-8.46093254820262,-4.799951553344727
2.461922216333884,2.5004146099090576
4.5031585012656095,5.800994873046875
4.435147085081137,7.632595062255859
-2.88087637063392,4.260334014892578
-1.5082203021212124,4.27142333984375
-0.6579761516790089,6.522060394287109
3.719171936095444,7.912684440612793
-2.6053130644292946,6.066040992736816
7.276768036701751,-1.0408515930175781
5.29091659278858,1.1383600234985352
-1.0659561461183158,-20.707290649414062
15.4186986077963,9.787952423095703
7.543407488617369,9.1992826461792
9.58062385928767,-5.398641586303711
0.2570808252882703,-7.049560546875
8.13893448615947,-6.438700199127197
-5.14141487663266,-12.645805358886719
-16.517773128145326,-4.12394905090332
0.7364260970712593,0.1641678810119629
4.25311060075082,-8.425453186035156
-25.4508968849616,0.5603485107421875
-1.9051378030600723,-10.665935516357422
5.506094216928792,-0.20647907257080078
-0.1777753404752198,-2.566650390625
16.9349100756105,7.746929168701172
-11.607028837624,-8.445287704467773
-1.2671721747064446,-9.288553237915039
-16.1535771788668,-10.901443481445312
8.143116180793372,5.5928449630737305
7.078924552126015,-7.134071350097656
-5.73967918172164,-3.236856460571289
-23.3725501337939,-8.784177780151367
9.04709717330502,-10.872140884399414
-3.724573545179619,1.8976054191589355
4.4516036428765,-3.3214855194091797
-1.657597602265355,-6.668848037719727
5.586124430090477,2.5993824005126953
-26.6651088566214,-5.19573974609375
3.028467183462371,-1.0930328369140625
-40.7258600860177,-6.218343257904053
-26.912205886836706,-18.049179077148438
-3.9965921287470247,-0.06412792205810547
-4.739766082030863,-18.4251708984375
4.2006804390709,-1.924386978149414
-22.3071231538392,-12.331478118896484
-18.5891767455387,-15.594467163085938
-5.960419628776203,-15.160884857177734
-18.9061714872788,-16.74019432067871
-21.4141717786538,-21.95354461669922
-12.208208404490907,-9.355243682861328
-3.72583443525641,2.401243209838867
-2.377061578670744,5.988725662231445
6.075310726130807,4.398066520690918
2.12042655289975,-23.70581817626953
3.181253849239128,-7.8280029296875
10.41580460128629,-7.493372917175293
-23.8934551543691,-28.517684936523438
-0.8981307679622897,-17.721172332763672
3.7078671714499096,-0.7186479568481445
11.644495901203598,3.6065444946289062
-22.42608065327665,-11.173683166503906
-1.2036514942358316,1.6171023845672607
-13.5091075877696,-15.421371459960938
-1.79502295092813,-2.113109588623047
2.332279780348585,-10.625900268554688
3.11049964318654,11.030683517456055
3.54836143321337,8.74865436553955
3.77256113899207,7.81728458404541
-2.35314836228574,-4.647533416748047
7.837521570550837,6.4976606369018555
9.328533024448705,9.708343505859375
-37.9495035857927,-20.205459594726562
-4.144685584269085,0.9484677314758301
8.91646092056966,9.470420837402344
5.635020609606415,0.7306365966796875
-15.1006814359747,0.49419403076171875
-2.4599041427842496,1.2918422222137451
2.42002639701588,-2.7066726684570312
-3.0331069492891496,7.671211242675781
10.480393919522983,4.664704322814941
4.452168509343501,-0.6674957275390625
-2.552277046947741,-20.097122192382812
-5.97419023328963,-0.7161941528320312
-0.5734820606807138,-8.049659729003906
3.7606671418030695,-8.650938034057617
-31.4759298257721,-19.620635986328125
0.300408103033295,54.00648880004883
-6.32558602127377,5.029553413391113
0.90894434552881,-3.0306296348571777
5.954690473588823,-0.8060798645019531
0.0804428699766095,-10.828577041625977
8.45389840526827,0.145355224609375
-2.8859593337581737,5.778495788574219
-1.122073026503361,-5.7318267822265625
-75.56229656723696,-4.6134796142578125
-6.291328737399075,-8.347728729248047
-10.1192188918475,-5.713741302490234
-56.3663437951974,-9.330970764160156
2.4288820651169605,26.039154052734375
5.05355462238675,8.738914489746094
-13.1809903671301,-9.62928581237793
-6.75960002722117,1.629281997680664
9.0758909366509,-2.6559410095214844
-1.4230966237807086,46.647483825683594
5.59963570142504,-16.060150146484375
4.133325903305868,-10.412818908691406
3.00680128293027,-6.326045989990234
-27.8195558011628,-11.8740816116333
-29.9162730471743,-14.984432220458984
20.7191486697607,9.090534210205078
3.455876052191651,5.313446044921875
2.595279020812243,-15.098217010498047
-4.0896099478500325,7.220685958862305
5.3817717725564,10.397397994995117
-1.9802660997523944,6.617458343505859
0.4007388327427847,-4.39794921875
10.11870938841209,24.63885498046875
-1.7174251595272625,-4.879695892333984
-13.2363849677504,6.081996917724609
-58.24412469223692,-42.590972900390625
-47.9875704511971,-35.142852783203125
-3.681083449701528,-12.981029510498047
0.1118559290339978,-19.90612030029297
-8.998840630677615,-3.9998626708984375
1.1941842843275,-0.9209790229797363
19.33685959748449,6.183701515197754
-3.09775596823669,3.889698028564453
1.2555345380058751,-5.708427429199219
-78.7451798053926,-13.850704193115234
8.35813394800668,12.116952896118164
-19.6754058911438,-13.062699317932129
4.743603615290096,9.317359924316406
1.3155747227446202,-10.981224060058594
11.316750179392892,6.050823211669922
11.779516260068313,13.621588706970215
-3.802611775309477,3.3779373168945312
-10.539071528779305,-3.0311717987060547
4.49646859469848,0.6961135864257812
3.59102041590596,5.545036315917969
2.1560784090827942,6.727439880371094
-17.309192174305,-2.9603919982910156
-1.768261666543676,-8.926513671875
-3.34531377329845,-2.34051513671875
-9.09730633851708,-8.441385269165039
-12.909180343140196,7.59693717956543
4.020569536845237,1.1627593040466309
2.28163515100639,-0.9910964965820312
-1.6307504375632549,-15.123672485351562
7.809600001042748,-2.255764961242676
-83.9761260280997,-9.935935020446777
7.656482330373112,2.8525161743164062
1.675245639565673,-0.5849456787109375
-15.991582533821994,8.178995132446289
8.681027307740193,-17.646251678466797
11.10272802991041,7.5689544677734375
3.42951329804928,2.591292381286621
-1.4295761119406232,6.092582702636719
-11.9299972333177,-9.027612686157227
11.923948375295712,7.931562423706055
5.960801203295765,14.822509765625
-0.4381862293696001,-12.523128509521484
-2.43808381047612,-16.316543579101562
5.72263802046558,-17.263046264648438
1.1496085756031087,0.3805046081542969
-6.72144892291601,-4.483375549316406
18.1939100849816,6.850955963134766
3.61441892535489,-13.423355102539062
-0.8028238008287005,-17.907054901123047
0.7001962140772594,-3.683694839477539
2.125547882163602,1.3359146118164062
-2.8472026300298463,-17.115127563476562
-4.534682244798708,-11.915122985839844
4.49418879319923,9.577445983886719
-10.901275449743116,-9.744147300720215
-4.736229867816737,5.626042366027832
-0.0053525606393112,36.31916809082031
7.06923762363823,-2.0131988525390625
-0.0084306638066775,-4.291559219360352
2.11900133622217,-0.4246079921722412
8.106852576346123,0.43605852127075195
-0.1428452494230792,-16.884281158447266
-1.0683487237199796,-22.915542602539062
0.0285872237409883,1.2769622802734375
2.75380173901167,14.253018379211426
-7.69948364751984,-4.0401716232299805
-0.0556983764780604,-2.090212821960449
-1.32131943338233,-17.17156219482422
-3.0345245902191325,0.5755157470703125
-2.93911844531118,-13.029587745666504
9.94612085382829,4.192729949951172
-3.5546157663424616,-15.971650123596191
-11.221818720505304,-21.6463623046875
3.9797293996962297,-5.8882737159729
4.54734483862441,-0.20023870468139648
-45.634880019414,-18.971107482910156
-1.6020246929696491,-23.802616119384766
-4.12581810820042,-5.709285736083984
-3.019531285218114,-20.24042510986328
5.42509465390903,14.515104293823242
-21.5871320482388,2.824922561645508
-1.2497809936708242,-16.88792610168457
-35.0272315856836,-49.64276123046875
3.37898618824583,-21.315513610839844
-13.4460672849668,-11.749574661254883
10.982614675109394,-3.9859619140625
2.35164464781062,-10.48834228515625
-20.9676231329802,-8.0390625
-1.6422791314174887,-8.343046188354492
-0.3136273830120112,-0.5898151397705078
-16.967828162594074,-13.844463348388672
-2.8325461302865187,7.902446746826172
-2.6871577689602653,-2.803706645965576
7.570838092245207,-15.195243835449219
-13.547300817594484,-18.71941566467285
8.99923705482913,-0.9963226318359375
-0.003939288658445,3.983107566833496
6.147225205740463,-7.3132734298706055
-2.149900469098629,-15.021881103515625
-25.2381267145584,-13.792800903320312
-5.36204355968609,2.4312915802001953
4.43276114617859,7.347063064575195
3.27144637329635,11.824493408203125
-1.626797120535592,-0.9038610458374023
-9.859535687586003,9.57919692993164
2.0008593011464906,-15.25777816772461
0.369316059642221,1.4276885986328125
5.79128728304933,12.161766052246094
0.1235817830644999,-3.827033758163452
-3.36903782007548,-14.349651336669922
7.06032809637297,10.765612602233887
13.71198107208239,-4.487739562988281
-12.53254789251529,-10.059844970703125
5.45103123545738,1.6513235569000244
4.128157012788561,0.49052906036376953
-3.8590388668775,-2.543851852416992
7.36579899286375,2.9090709686279297
-11.03094492075089,-10.607427597045898
8.017093587799739,-9.302845001220703
15.384553292915324,-16.350021362304688
2.79124989437018,3.263482093811035
2.81101468536903,-11.007553100585938
-1.7237618714553775,-2.1193008422851562
-2.202886656443709,55.43196105957031
2.369358494612781,1.8124637603759766
-11.30813578108209,-35.550689697265625
4.484288991501213,8.568981170654297
-35.8165916579592,-12.682748794555664
-5.19085420781142,-1.5506877899169922
2.86709961553106,1.8715753555297852
-4.349210006555943,10.042094230651855
5.029017096161708,-1.1472618579864502
8.243548509216069,1.0511856079101562
-2.6184282494780104,-1.3980751037597656
-5.527709296795018,-8.52528190612793
-52.7336020518746,-17.715106964111328
6.07843040491799,-7.02839469909668
-4.396710286499547,-12.206171035766602
6.6154810826822,6.5637712478637695
9.772192422094813,-12.085508346557617
2.099307195887115,7.2619524002075195
-12.414939844598162,-11.535442352294922
8.24149319055937,0.13807964324951172
-1.5178355576616795,-0.4502429962158203
9.144089281431205,-0.9241514205932617
1.418014053180695,-8.253753662109375
-60.92137282626391,-30.573326110839844
5.61896917638109,-2.9311752319335938
-4.96580172718434,-18.130447387695312
-24.4432878855492,-1.6131000518798828
1.675381804264854,-11.628803253173828
-2.8447496930443927,10.112083435058594
-1.059512617215007,-0.44427490234375
1.41805545618482,-1.9152874946594238
-7.06329362397977,-3.717667579650879
9.400493271217616,-1.0388445854187012
3.1327986373042376,-4.464700698852539
4.097668935846943,12.177033424377441
-4.01456885639382,-12.170021057128906
-2.260381023139061,5.114522933959961
-8.237627320974727,-12.717733383178711
-2.23616712442702,5.475088119506836
-26.79502671025515,-29.026748657226562
-10.594900847222812,-35.87094497680664
4.509456424718162,1.5570385456085205
-22.9219832537164,-24.6685791015625
-6.2026319104393295,-11.528583526611328
-4.662511414401839,-3.2924880981445312
-0.4503474699443348,5.45497989654541
-21.5531296050118,-18.21202850341797
-39.7169735486916,-14.921791076660156
-6.13466459150186,-14.37411880493164
6.093529951556334,-5.126610279083252
-33.3004252633332,-14.793922424316406
-7.789052707582185,-10.633125305175781
-61.6890402284636,-23.17388916015625
-10.613183176373598,-21.905540466308594
-12.6203596574975,-21.37183380126953
-15.2234416939723,-1.930619239807129
3.42848617073407,-1.6458358764648438
-50.4820483838523,-11.400967597961426
-71.7765711158932,-25.079313278198242
4.338369925074482,-11.29205322265625
-34.0729170807354,-11.47757339477539
-10.285920522724917,1.9907608032226562
2.71808902854303,2.918458938598633
2.26767773086615,4.14849853515625
0.3189015990893598,-17.625320434570312
-39.873530292237,-42.062408447265625
5.053393098685065,-8.546539306640625
-5.77665564868809,3.9991331100463867
-22.4462583852743,-23.2716064453125
-10.162041561092582,-21.528759002685547
8.70853787657841,-19.18564224243164
-3.73521146317182,-1.2668018341064453
-1.3326443092463092,-15.521047592163086
-5.830142578087577,2.2027664184570312
-7.815562497274902,-0.24184036254882812
-20.7558388881914,-7.47027587890625
-1.03656181464744,6.366615295410156
-3.930469946192945,-11.608640670776367
5.391699208755202,4.974079132080078
7.2595381633228,4.514483451843262
9.30630078585379,6.86160945892334
-3.77133000272187,3.7491302490234375
-42.936846127142296,-49.462249755859375
0.5211206139658471,3.6063613891601562
0.7345204104922589,4.942714691162109
6.86106163750481,8.494003295898438
-21.61387508166409,-5.229404449462891
-24.577379709126298,-27.143882751464844
3.986867952152618,3.8878960609436035
-63.2346715672369,-52.35564422607422
4.55602013063716,-1.1561460494995117
-20.3623076046531,-16.17601203918457
8.678125432705007,-0.2377452850341797
-2.1147225087047508,-4.9798102378845215
-1.14890133483728,5.473959445953369
3.7921116228684086,2.0101089477539062
-1.3811964732242277,-8.059555053710938
0.1752112379752922,-2.5128002166748047
3.3452637215970498,8.244850158691406
6.63109301847755,-19.520893096923828
-8.72128086410909,-17.895675659179688
-0.1160299782726794,-10.472396850585938
0.1119561526876595,-6.089996337890625
11.877856996640997,-0.05395698547363281
-3.2142130797467816,-5.23405647277832
-3.9552380984537248,1.9897727966308594
-1.593720937577549,-26.730751037597656
3.3899996482015826,-2.3706893920898438
7.66334596528203,-10.322696685791016
2.60625970962018,-5.326906204223633
5.006519903780723,-0.7820549011230469
-58.5527340809363,-8.511161804199219
3.776985072333982,-3.45074462890625
2.4866177573815964,9.7977294921875
-0.6920482116816997,-7.370256423950195
2.1747311895065486,2.8538761138916016
-13.14009076535719,-17.8383731842041
2.745769909533195,-6.324031829833984
-10.626155896203898,-2.2409706115722656
0.0548896546292299,-17.086410522460938
-69.1366966634013,-17.651243209838867
14.8508222506114,12.844314575195312
-28.3488859938485,-9.634506225585938
0.6884341878779402,3.3115997314453125
12.566471603210276,8.286296844482422
-5.472376660417956,-9.323328971862793
-2.1691769605730515,-12.621520042419434
-0.3887710448227697,8.679473876953125
9.1356503291117,5.665037155151367
4.93167956005568,-10.143924713134766
2.713132201978397,-1.7626419067382812
9.090654061652296,-17.97722053527832
1.741670982094262,-2.5459165573120117
-5.89266438028177,4.857392311096191
-1.130678948105339,-7.443784713745117
-46.587141393021525,-14.147560119628906
4.366245372711767,8.919745445251465
2.858782897786812,-7.3241424560546875
2.53362859007723,-5.040616989135742
-1.7943154401891548,6.699249267578125
-0.6435038581465955,-6.6139678955078125
5.99108205682079,-13.139762878417969
2.44728958086436,-19.293018341064453
1.5718362711845366,-9.771484375
-55.54568697318505,-19.080463409423828
-9.231606713935047,0.10285711288452148
3.547124544521316,-38.834197998046875
-73.5286754265322,-8.307366371154785
0.2047767843086013,-5.683178901672363
-10.398648228661925,1.6035213470458984
-46.9980356488569,-12.118741989135742
-62.9031214125763,-44.203399658203125
-10.35739215730591,-6.267078399658203
1.83593808226401,3.5181884765625
7.827394642815597,7.834779739379883
-9.742168339465294,-29.031112670898438
-0.29408409265346,-10.771045684814453
-5.653435188749545,-3.41701602935791
-14.57002364123529,-22.623409271240234
-18.1797235112709,-6.095695495605469
-5.45440876641342,-5.763187408447266
8.596988309863011,-0.7460503578186035
-5.493763326806099,3.9839649200439453
-8.393586343504198,-7.861356735229492
-3.963646539183849,10.359789848327637
9.625121597198186,19.556598663330078
-6.18357684414468,-8.359012603759766
-3.41466344580097,19.61235809326172
-4.03025121975644,-5.963172912597656
-2.66483863280114,-19.139995574951172
-0.190891674386513,1.9682464599609375
16.1850033157246,24.85348129272461
-7.910003358009165,-3.7308921813964844
-2.07861348348741,0.005001068115234375
12.331931266595111,8.928666114807129
0.8825935384285006,-4.9463605880737305
-2.1789667599796294,-6.14990234375
3.0307168501552093,-16.996299743652344
14.8229623836697,2.8710193634033203
6.795393661635613,10.218650817871094
5.16750826555368,-9.016648292541504
-57.144820014625296,-12.081710815429688
6.167862854629888,7.19194221496582
-2.698758931910008,-12.943038940429688
1.289294757415069,-0.8971214294433594
13.9692836454661,4.431467056274414
-38.6438610292767,-36.3083381652832
-3.119647295186995,-10.810306549072266
-6.745372906074374,-0.04578399658203125
-2.7468186065138984,-0.2512545585632324
1.6198341998494314,-4.270702362060547
1.6646916021852596,-7.108791351318359
-7.87226820943855,-9.559720039367676
8.652061852316729,13.922866821289062
2.4933992323843923,2.8706374168395996
2.35160533891099,-11.850936889648438
1.30779520720034,2.6189141273498535
-11.9965988914421,-2.111691474914551
4.780848076735348,-1.5838298797607422
11.2728180991378,-0.09004092216491699
0.7651079053562314,-4.914344787597656
-10.6557437737239,-8.500835418701172
3.27100049685324,-9.362510681152344
-5.2815921348029296,6.921613693237305
-27.5445722402187,-24.044235229492188
-2.683955047842884,-9.660236358642578
-43.929359067237,-15.569133758544922
-4.639593570653838,-8.788789749145508
-14.7229944429405,-4.324122428894043
-5.00028834575103,1.5149345397949219
-1.2236747050651609,-7.402266502380371
-17.6830733389949,10.963714599609375
-9.979741434164584,-9.07120132446289
-0.2823200449385875,-5.677803039550781
-36.50577458359941,3.666317939758301
-4.853312003098937,-57.93638610839844
-27.4476544011683,-16.04789924621582
-49.5120706514507,-33.308021545410156
1.2287673509824204,10.058135986328125
9.503977484174175,7.777256011962891
-5.5186956836840375,1.8388748168945312
-2.99361591491145,-7.196926116943359
7.99575647038201,2.255885124206543
11.7225687296843,6.495283126831055
6.987950206462267,-9.186254501342773
5.5273920092716775,-18.18262481689453
-7.19378137939456,-7.27655029296875
6.001532732018722,6.5648698806762695
7.92708077877978,-0.7989702224731445
4.316615136301563,-0.045131683349609375
0.1590569364430157,-1.5785918235778809
2.8348518495029404,4.423590660095215
-46.6686841099013,-26.216880798339844
-0.8984319813221007,-6.517452239990234
4.30511943579503,4.072517395019531
-3.36735139960915,0.0019378662109375
6.58117049992555,-2.6424407958984375
6.753311816554961,-7.422473907470703
-1.1091988250418725,-3.7776641845703125
5.26551760771767,2.3372955322265625
-37.3999740396079,-11.361730575561523
-34.48768519828235,-7.665128707885742
-46.862925671502296,-18.00099754333496
-1.19024715514191,-2.5308303833007812
-1.4920816076829602,-5.6650543212890625
-5.775806690181939,-9.551167488098145
-14.2382866820043,0.7881917953491211
1.3131129859732091,5.70994234085083
13.1991243046288,16.238601684570312
3.6035536346157695,5.919315338134766
4.97603191479674,-12.041685104370117
2.9737175212081803,-5.686206817626953
-35.1782981083837,-17.76018714904785
-10.480511156242285,-14.07644271850586
-0.3170472839931941,2.4418888092041016
3.59745169898486,6.558127403259277
-5.139364658294922,0.7006845474243164
-29.2662792150344,-11.58603286743164
11.555346181601609,4.480042934417725
3.7092867134231,-12.818962097167969
-0.7280966227290082,4.33038330078125
0.9480162028997956,10.286468505859375
-9.619042312244815,-39.75291442871094
-3.15562863494722,-4.73291015625
7.285509446842615,-9.715883255004883
2.71319811317338,-2.1390771865844727
1.026942322157092,1.7663497924804688
-4.65691689928222,-16.696487426757812
-8.677497573270493,-15.10073471069336
14.3436638764016,5.412605285644531
-11.8973420493851,-11.18109130859375
-6.61979034735207,-8.027679443359375
8.86280218600469,8.352180480957031
-3.43040335892423,-18.452835083007812
0.4443344011282492,1.2744216918945312
2.6678241356197647,-0.45003509521484375
2.334382802629,-10.159374237060547
-13.8157551615103,-11.653579711914062
1.9007667723773176,-4.521961212158203
-17.190033530139498,2.5263772010803223
3.88810032819938,-5.90660285949707
1.2705701336207027,-3.3100624084472656
3.887422638441485,3.27882719039917
10.349523074958825,0.7121579647064209
9.62907409316032,9.870258331298828
0.7709161631446207,-0.6461086273193359
2.3166834950764685,1.56878662109375
2.76912169862866,3.097736358642578
-46.2372447228831,-15.166255950927734
-37.0930621901092,-4.118877410888672
0.996650643215182,4.062278747558594
-12.898019313824,-9.334277153015137
-0.71117494174041,-11.165889739990234
-0.5663484394051013,14.555112838745117
-12.4595255596924,-2.8525829315185547
-0.6089836493556324,-0.2228708267211914
6.92534745147092,-6.586215972900391
3.320229681965675,16.922134399414062
-10.274169876330886,-4.318168640136719
-49.062306315025,-25.883026123046875
-30.7261055182573,-15.412942886352539
22.7414116448382,8.19997787475586
-0.9529303605806088,7.72639274597168
-10.739322929783883,-3.204277992248535
-20.9507978903398,-8.31951904296875
-24.96156751119129,-27.35302734375
14.9823899147147,7.110136032104492
-14.564555056626377,-4.8658599853515625
1.907333647224608,-12.262901306152344
-1.178255647098801,7.051116943359375
1.9806048133258944,-15.299789428710938
8.833837192566008,8.637422561645508
-18.5255095356289,-35.323143005371094
3.010752586641185,-5.3350677490234375
3.67041582610247,-7.664224624633789
-33.7845903951132,-14.722343444824219
-13.812973987503693,6.436075210571289
-13.861300672159,0.5128173828125
-26.24662901330595,-19.941852569580078
-1.61504571199055,7.464143753051758
8.754663680824095,-1.207977294921875
3.22816419080692,-14.209068298339844
-2.0585753436264698,-16.124862670898438
-9.59094984812801,-14.692085266113281
6.02246857213521,-0.805206298828125
-4.11149235653684,-13.178838729858398
-4.361976736345532,-10.45785903930664
-2.4097304318056905,-8.015810012817383
4.967381413305823,-6.9220428466796875
-11.9154244975033,-0.9777536392211914
-11.183106529127476,-7.62684440612793
-2.3538192484503564,-4.220157623291016
-2.204579993178592,-13.540075302124023
-91.8886792382854,-8.408876419067383
3.2582764286422226,-16.694046020507812
9.859104788483815,-10.677181243896484
-2.6304973605131474,-4.0513834953308105
8.398744223780918,-14.116483688354492
1.4955767028094,16.147178649902344
6.720388221210122,-6.14506721496582
6.99756701325662,2.0679187774658203
12.966325580978296,-0.4824676513671875
-22.8644313188967,-7.745822906494141
-14.4731176558811,-8.709630966186523
-0.0918051514147744,-18.179473876953125
0.9434331950199416,-33.775325775146484
7.877641553655238,3.432123899459839
-27.1636490162131,-20.064687728881836
3.42669038506664,7.342568397521973
0.31232235517322,10.711788177490234
1.1848602197973823,-15.026649475097656
-5.822632503482525,-14.64095687866211
-2.989164004622407,-19.749258041381836
1.69213972357191,6.987086296081543
-0.89184437235696,-5.308831214904785
2.446050707651698,-0.15384483337402344
5.07108724357905,-10.825981140136719
5.42147270471237,9.624798774719238
-2.20364176327536,23.9698486328125
3.08443697315444,1.2618904113769531
-5.97248436581227,-10.169818878173828
-1.0190872666435924,-14.792327880859375
-14.885807229381896,-5.579151153564453
0.046018285265003,-6.375999450683594
6.00089213826483,-4.99601411819458
-1.4680391508473674,-9.39419174194336
-49.8653288018085,-48.14244079589844
-7.283890318199592,-8.74403190612793
3.6053774296538297,-2.511505126953125
6.364261125349779,-5.392631530761719
-51.4043293278057,-14.454322814941406
-64.65676531723692,-19.8344669342041
-26.1965705632023,-3.3141860961914062
2.63157412115867,-9.075408935546875
16.694612728237402,-7.63129997253418
-17.0314498829154,-10.211626052856445
-58.40351531723695,-6.04486083984375
-15.3173389528898,-3.0004730224609375
-6.613686761665703,-18.50102996826172
-39.0646563811545,-19.957984924316406
0.809697096857583,-3.723562240600586
0.4685622181175212,-15.273689270019531
-6.376202369524528,-1.70294189453125
-14.434457477598505,-1.0323810577392578
-26.0047332498617,-13.994625091552734
-17.5801214502402,-15.45030403137207
-2.60072537807549,6.128471374511719
7.184930267876617,2.2402267456054688
0.555665600488549,-5.614921569824219
8.747205755218493,5.286983013153076
-2.289513933263135,-5.702532768249512
3.8009101564042025,8.198163986206055
-1.67197513843126,-16.99845314025879
-15.746453943284,-33.19929504394531
