Score,Pred Score
4.219145585451182,1.0511398315429688
-2.588665914009158,7.464417457580566
-3.0703466753296,-2.2582197189331055
2.1112971208509976,-5.291565895080566
-19.1693792779686,-5.49735164642334
-0.9096556467231308,-2.5330867767333984
-5.316952415477393,-9.104750633239746
-5.39913759737588,2.353546142578125
6.1026124307435,1.4058353900909424
-1.6005087696864486,-10.998920440673828
-51.6773231694491,-23.540565490722656
0.51700222845629,-6.285037994384766
-1.6521884315998507,1.458329200744629
2.11024229353816,-4.8557891845703125
17.2594267615487,6.959861755371094
-1.73607437190069,0.6801338195800781
-5.77436797253085,-4.893857955932617
-0.568998602339841,-10.841043472290039
-1.289264920121349,3.312225341796875
-14.1813773041305,-11.119014739990234
-3.31847606547329,0.9702842235565186
11.710679650337616,-15.479148864746094
2.046344769010002,-7.925437927246094
-2.77042962989298,0.607701301574707
9.014890317831036,16.45566749572754
2.726862934921635,7.290633201599121
-3.4922781726655696,-13.455390930175781
1.292753014965791,6.81508207321167
8.16191414696451,7.938621997833252
-8.251107402184557,-5.26025390625
7.262818938793504,-3.1745071411132812
4.14054171285972,1.528268814086914
-13.546032832554804,-12.257448196411133
-16.8307740899425,6.964674472808838
-0.2642143205483515,-1.874176025390625
-6.135426654744688,17.49298095703125
-7.187555808667961,-10.038372039794922
8.149714042401495,-11.094968795776367
-6.426376983867103,-1.983541488647461
13.9953943577381,-0.09856951236724854
-6.31868596379813,-12.972734451293945
5.321680837772678,-12.76364517211914
11.9978624338519,-10.273031234741211
7.909526276907584,-5.618204116821289
7.206977941743588,-4.8044586181640625
-7.378812419643663,15.754440307617188
0.2475632146873464,28.176252365112305
12.7359625054994,13.367525100708008
5.220668557811489,25.010080337524414
1.3318185914773402,21.115188598632812
2.776867734737273,-65.52005004882812
-27.8178569354009,-19.115150451660156
-4.20883890972707,2.8681774139404297
2.78743688363977,10.340072631835938
-9.657849716236,-11.454717636108398
4.071661498679735,-18.96826934814453
-10.586292641023492,1.4093823432922363
2.578081311550471,-2.6955642700195312
-42.2483635713802,-13.835968017578125
8.204494762209066,-8.044305801391602
18.5317724911246,5.80452823638916
6.097122298913325,-9.114059448242188
-11.299328727708405,-8.338172912597656
-6.22433036882608,-0.2751617431640625
3.12612254618191,3.2887892723083496
8.756217929094177,-0.6467761993408203
-1.757118944268968,-22.84933853149414
-51.402683514636095,-20.388612747192383
-2.13735826282737,-7.5755462646484375
8.88265541550952,-7.317392826080322
5.58846482112586,8.321355819702148
7.383552345763623,11.736656188964844
10.229168329440906,4.955907821655273
-17.4030551064212,-10.330656051635742
2.204062447972561,4.740234375
-3.195242757261453,16.156597137451172
-36.8822022827233,-11.652729988098145
3.812227003524945,-7.8681182861328125
-6.89310310865277,-7.577095031738281
-2.85382252753121,-9.295464515686035
-7.42349600405968,15.086296081542969
4.398848813602776,1.8239506483078003
-68.1959205924323,-27.57598876953125
-3.773219093074008,7.9405975341796875
8.453421074249384,-0.36032772064208984
-62.9612541332419,-31.771575927734375
2.97844031586002,-5.863924980163574
-5.800670766453999,-0.5936527252197266
2.409764321136161,-7.847267150878906
-1.6610011043127195,-5.714334487915039
1.39259946716825,-1.9147629737854004
-5.785469568057495,-23.642107009887695
10.468583156479704,3.304964065551758
0.8267526169764301,-9.869969367980957
-0.4271227388875901,-2.610346794128418
-5.85807143580148,-20.74868392944336
-2.67676896274171,-6.630790710449219
-3.11888044241469,-4.488706588745117
6.71098989067457,3.8837475776672363
6.429854346358795,1.7527103424072266
-6.897600670415837,6.200267791748047
-16.4910721624856,-21.660545349121094
-3.057699221935841,0.6846685409545898
-17.6906096863185,-7.001335144042969
0.1461877509898399,7.9780426025390625
-3.01321716593974,9.55184555053711
-15.0412339008878,-27.117767333984375
-3.60075442831331,-11.548742294311523
12.5056328567953,-3.088865280151367
-13.8996269060666,-12.033956527709961
5.265272900492549,-11.462638854980469
12.283123760680592,10.361002922058105
-2.54688332955635,-0.6500930786132812
11.579228393987275,2.9390029907226562
-0.3284521577656807,-9.160774230957031
-2.33292598982445,7.429162979125977
-0.1058882282985149,11.292762756347656
-2.4461467814868523,-1.7996826171875
-41.8026500314277,-11.151345252990723
4.417989059347175,-4.147304534912109
-40.2101205720394,-5.507187843322754
-14.277645616907492,-10.159345626831055
3.29681579894721,-11.214813232421875
-0.7012610501602399,-5.0697174072265625
8.463248256721428,-23.460559844970703
-2.491707941339629,-7.547945976257324
4.867927463076468,-0.18207740783691406
-1.876637029070265,-11.666887283325195
-12.955988512618,-23.70086669921875
-7.75971004909346,-19.618370056152344
4.67424026120176,29.11086654663086
-7.08434802004719,-11.820667266845703
-6.19730890695259,-13.81212043762207
-0.1240821746904601,-0.461814284324646
4.069163600073605,-8.022331237792969
-1.77750068778882,11.863815307617188
1.8601156760560384,-15.106729507446289
-10.8237586662752,-5.443168640136719
-50.1674018945849,-11.580087661743164
-5.8677981963370005,-4.370796203613281
-24.4869919201538,-11.572154998779297
-12.281506448986304,2.2013275623321533
-5.8772631055401,4.363658905029297
-0.1639564470097907,-2.566333770751953
4.17561229224804,-0.5735750198364258
2.77922195660905,11.531333923339844
-3.454798154796729,-3.9253530502319336
7.692941411907634,-8.494407653808594
-2.390619984667185,4.098274230957031
-33.1832620874725,-9.518316268920898
-18.23432595343749,-10.957695007324219
5.29419053806362,-9.725030899047852
-77.3623903172369,-20.229286193847656
15.4985727759109,7.975348472595215
7.73570234615748,-5.753957271575928
-9.325981865786185,-8.955533981323242
-9.72499716390718,-14.33989143371582
13.309934514349203,16.695480346679688
2.264898495983479,-7.599018096923828
-12.0320822507053,-16.648582458496094
-2.56542276271332,1.5267415046691895
7.196532980977684,-12.908905029296875
-1.857666460494741,13.98427963256836
-1.4872271509121793,16.98115348815918
-3.12013961477547,-10.051310539245605
2.6303171850506604,-2.826324462890625
-60.49569009623433,-14.473134994506836
-30.3377383335249,-8.833808898925781
1.0590749185315824,-7.552118301391602
-6.929951553081727,-15.804588317871094
-8.46093254820262,-5.189228057861328
2.461922216333884,2.226142406463623
4.5031585012656095,10.339057922363281
4.435147085081137,8.096935272216797
-2.88087637063392,4.675895690917969
-1.5082203021212124,8.557304382324219
-0.6579761516790089,8.551063537597656
3.719171936095444,7.457866668701172
-2.6053130644292946,3.8104257583618164
7.276768036701751,-2.7644176483154297
5.29091659278858,1.8520045280456543
-1.0659561461183158,-20.526275634765625
15.4186986077963,19.481658935546875
7.543407488617369,10.287699699401855
9.58062385928767,-5.616167068481445
0.2570808252882703,-20.49750518798828
8.13893448615947,-7.866141319274902
-5.14141487663266,-12.436576843261719
-16.517773128145326,-5.890409469604492
0.7364260970712593,0.8821911811828613
4.25311060075082,-7.643594741821289
-25.4508968849616,6.8138580322265625
-1.9051378030600723,-12.678178787231445
5.506094216928792,0.954963207244873
-0.1777753404752198,-5.192388534545898
16.9349100756105,1.773453712463379
-11.607028837624,-7.390103340148926
-1.2671721747064446,-6.970069885253906
-16.1535771788668,-11.343786239624023
8.143116180793372,5.885250091552734
7.078924552126015,-8.271900177001953
-5.73967918172164,-5.308859825134277
-23.3725501337939,-6.827563285827637
9.04709717330502,-11.202507972717285
-3.724573545179619,1.4267284870147705
4.4516036428765,-2.4591989517211914
-1.657597602265355,-4.473823547363281
5.586124430090477,2.0951805114746094
-26.6651088566214,-5.889097213745117
3.028467183462371,0.8660554885864258
-40.7258600860177,-9.236471176147461
-26.912205886836706,-14.48397445678711
-3.9965921287470247,1.9979922771453857
-4.739766082030863,-10.262603759765625
4.2006804390709,0.5426177978515625
-22.3071231538392,-9.72421646118164
-18.5891767455387,-13.949858665466309
-5.960419628776203,-12.574836730957031
-18.9061714872788,-18.921297073364258
-21.4141717786538,-23.268508911132812
-12.208208404490907,-7.085748672485352
-3.72583443525641,3.948505401611328
-2.377061578670744,-1.2257623672485352
6.075310726130807,4.465481758117676
2.12042655289975,-20.230770111083984
3.181253849239128,5.578834533691406
10.41580460128629,-5.384471893310547
-23.8934551543691,-27.441001892089844
-0.8981307679622897,-7.1491241455078125
3.7078671714499096,0.6020870208740234
11.644495901203598,8.465774536132812
-22.42608065327665,-12.88897705078125
-1.2036514942358316,2.916778326034546
-13.5091075877696,-17.572296142578125
-1.79502295092813,-1.253464698791504
2.332279780348585,18.372711181640625
3.11049964318654,10.071836471557617
3.54836143321337,9.50518798828125
3.77256113899207,7.776222229003906
-2.35314836228574,-4.288948059082031
7.837521570550837,6.135559558868408
9.328533024448705,10.402656555175781
-37.9495035857927,1.2913818359375
-4.144685584269085,1.8270277976989746
8.91646092056966,7.880265712738037
5.635020609606415,1.43743896484375
-15.1006814359747,1.0843868255615234
-2.4599041427842496,1.2909388542175293
2.42002639701588,-1.9634084701538086
-3.0331069492891496,7.998880386352539
10.480393919522983,3.838993549346924
4.452168509343501,-0.3522682189941406
-2.552277046947741,-16.659832000732422
-5.97419023328963,0.2612152099609375
-0.5734820606807138,-8.080520629882812
3.7606671418030695,-7.853438377380371
-31.4759298257721,-26.91461181640625
0.300408103033295,33.933349609375
-6.32558602127377,5.851010799407959
0.90894434552881,-2.270237445831299
5.954690473588823,-2.848008155822754
0.0804428699766095,-11.175710678100586
8.45389840526827,-1.0695877075195312
-2.8859593337581737,9.259803771972656
-1.122073026503361,-5.3240814208984375
-75.56229656723696,-6.3594512939453125
-6.291328737399075,-10.198383331298828
-10.1192188918475,-7.075092315673828
-56.3663437951974,-28.22034454345703
2.4288820651169605,16.822662353515625
5.05355462238675,10.16552734375
-13.1809903671301,-10.496491432189941
-6.75960002722117,-16.009933471679688
9.0758909366509,1.1372528076171875
-1.4230966237807086,8.358993530273438
5.59963570142504,-15.481258392333984
4.133325903305868,-7.203361511230469
3.00680128293027,-8.233844757080078
-27.8195558011628,-10.697250366210938
-29.9162730471743,-13.700998306274414
20.7191486697607,8.041725158691406
3.455876052191651,7.363821983337402
2.595279020812243,-13.735774993896484
-4.0896099478500325,9.604345321655273
5.3817717725564,8.16866683959961
-1.9802660997523944,9.06768798828125
0.4007388327427847,1.5032024383544922
10.11870938841209,28.241683959960938
-1.7174251595272625,-14.09455680847168
-13.2363849677504,4.507769584655762
-58.24412469223692,-40.39443588256836
-47.9875704511971,-41.77777099609375
-3.681083449701528,-15.101951599121094
0.1118559290339978,-21.129234313964844
-8.998840630677615,-26.960277557373047
1.1941842843275,-1.0932111740112305
19.33685959748449,2.8565940856933594
-3.09775596823669,-3.674884796142578
1.2555345380058751,-9.888648986816406
-78.7451798053926,-11.880388259887695
8.35813394800668,14.230414390563965
-19.6754058911438,-11.6577730178833
4.743603615290096,-1.4301910400390625
1.3155747227446202,-11.699925422668457
11.316750179392892,2.4407806396484375
11.779516260068313,15.384037017822266
-3.802611775309477,1.2504568099975586
-10.539071528779305,-4.202313423156738
4.49646859469848,-22.64859390258789
3.59102041590596,8.92913818359375
2.1560784090827942,6.2706298828125
-17.309192174305,-4.926612854003906
-1.768261666543676,-7.814620018005371
-3.34531377329845,-29.351715087890625
-9.09730633851708,-8.641260147094727
-12.909180343140196,3.452877998352051
4.020569536845237,0.6369693279266357
2.28163515100639,-1.4558944702148438
-1.6307504375632549,-37.16706848144531
7.809600001042748,-1.5386931896209717
-83.9761260280997,-7.333736419677734
7.656482330373112,-0.38816070556640625
1.675245639565673,-3.123279571533203
-15.991582533821994,7.418083190917969
8.681027307740193,-18.429027557373047
11.10272802991041,8.00827407836914
3.42951329804928,4.18131685256958
-1.4295761119406232,11.064384460449219
-11.9299972333177,-13.230890274047852
11.923948375295712,6.394059181213379
5.960801203295765,17.349897384643555
-0.4381862293696001,-11.148941040039062
-2.43808381047612,-12.756828308105469
5.72263802046558,-11.53814697265625
1.1496085756031087,2.0118560791015625
-6.72144892291601,-4.955022811889648
18.1939100849816,3.232309341430664
3.61441892535489,-15.887107849121094
-0.8028238008287005,-15.94002914428711
0.7001962140772594,-5.203264236450195
2.125547882163602,4.017862319946289
-2.8472026300298463,-14.821927070617676
-4.534682244798708,-12.905204772949219
4.49418879319923,12.644668579101562
-10.901275449743116,-8.155840873718262
-4.736229867816737,4.480321407318115
-0.0053525606393112,41.06451416015625
7.06923762363823,3.4992218017578125
-0.0084306638066775,-6.698629379272461
2.11900133622217,-1.12111234664917
8.106852576346123,-0.27544641494750977
-0.1428452494230792,-17.65550994873047
-1.0683487237199796,-29.654937744140625
0.0285872237409883,-26.190689086914062
2.75380173901167,14.363912582397461
-7.69948364751984,-5.375810623168945
-0.0556983764780604,-3.014267921447754
-1.32131943338233,-35.12384033203125
-3.0345245902191325,5.156768798828125
-2.93911844531118,-14.089263916015625
9.94612085382829,0.49144744873046875
-3.5546157663424616,-14.17734146118164
-11.221818720505304,-24.559803009033203
3.9797293996962297,-5.2219157218933105
4.54734483862441,0.7123827934265137
-45.634880019414,-17.27749252319336
-1.6020246929696491,-21.523021697998047
-4.12581810820042,-7.530248641967773
-3.019531285218114,-26.723148345947266
5.42509465390903,13.218542098999023
-21.5871320482388,2.682096004486084
-1.2497809936708242,-15.602307319641113
-35.0272315856836,-48.04901885986328
3.37898618824583,-27.28815460205078
-13.4460672849668,-11.73680305480957
10.982614675109394,-4.816817283630371
2.35164464781062,-12.983047485351562
-20.9676231329802,-12.451019287109375
-1.6422791314174887,-9.470890045166016
-0.3136273830120112,-0.30979156494140625
-16.967828162594074,-11.34579849243164
-2.8325461302865187,6.002859115600586
-2.6871577689602653,-1.2548198699951172
7.570838092245207,-14.962020874023438
-13.547300817594484,-16.834714889526367
8.99923705482913,-3.4072608947753906
-0.003939288658445,4.011253356933594
6.147225205740463,-5.445199012756348
-2.149900469098629,-15.320587158203125
-25.2381267145584,-12.222768783569336
-5.36204355968609,8.484270095825195
4.43276114617859,4.334037780761719
3.27144637329635,9.954028129577637
-1.626797120535592,-2.1618666648864746
-9.859535687586003,5.79838752746582
2.0008593011464906,-14.146331787109375
0.369316059642221,-6.564300537109375
5.79128728304933,18.517578125
0.1235817830644999,-2.3588032722473145
-3.36903782007548,-8.430618286132812
7.06032809637297,9.419368743896484
13.71198107208239,-7.665565490722656
-12.53254789251529,-8.187084197998047
5.45103123545738,3.1432371139526367
4.128157012788561,0.8748149871826172
-3.8590388668775,1.7142505645751953
7.36579899286375,3.2375030517578125
-11.03094492075089,-8.953028678894043
8.017093587799739,2.160858154296875
15.384553292915324,-14.914234161376953
2.79124989437018,1.1286134719848633
2.81101468536903,-12.3944091796875
-1.7237618714553775,-0.8795490264892578
-2.202886656443709,38.726097106933594
2.369358494612781,-0.33428192138671875
-11.30813578108209,-4.1512298583984375
4.484288991501213,-4.31439208984375
-35.8165916579592,-11.181615829467773
-5.19085420781142,-0.8802871704101562
2.86709961553106,-3.7847366333007812
-4.349210006555943,11.948125839233398
5.029017096161708,-2.710615396499634
8.243548509216069,-0.9568634033203125
-2.6184282494780104,-1.7972869873046875
-5.527709296795018,-8.110937118530273
-52.7336020518746,-18.24088478088379
6.07843040491799,-8.733482360839844
-4.396710286499547,-14.911258697509766
6.6154810826822,6.6381940841674805
9.772192422094813,-12.668767929077148
2.099307195887115,9.367185592651367
-12.414939844598162,-13.82761001586914
8.24149319055937,-2.7298355102539062
-1.5178355576616795,-2.456174850463867
9.144089281431205,-0.11816596984863281
1.418014053180695,-12.685836791992188
-60.92137282626391,-29.860610961914062
5.61896917638109,-8.030693054199219
-4.96580172718434,-15.901458740234375
-24.4432878855492,-3.0110225677490234
1.675381804264854,-11.20388412475586
-2.8447496930443927,-0.4487152099609375
-1.059512617215007,-3.7377548217773438
1.41805545618482,-2.8970041275024414
-7.06329362397977,-4.431634902954102
9.400493271217616,-2.493220806121826
3.1327986373042376,-6.770343780517578
4.097668935846943,11.643511772155762
-4.01456885639382,-21.320907592773438
-2.260381023139061,4.579567909240723
-8.237627320974727,-10.327275276184082
-2.23616712442702,5.468197822570801
-26.79502671025515,-48.19490051269531
-10.594900847222812,-39.19182586669922
4.509456424718162,0.14297175407409668
-22.9219832537164,-22.556358337402344
-6.2026319104393295,-13.607040405273438
-4.662511414401839,0.661102294921875
-0.4503474699443348,4.982159614562988
-21.5531296050118,-16.325611114501953
-39.7169735486916,-17.25592803955078
-6.13466459150186,-28.685943603515625
6.093529951556334,-5.876111030578613
-33.3004252633332,-12.952606201171875
-7.789052707582185,-11.743436813354492
-61.6890402284636,-44.5316162109375
-10.613183176373598,-23.84168243408203
-12.6203596574975,-46.68678283691406
-15.2234416939723,-1.0544147491455078
3.42848617073407,-9.93625259399414
-50.4820483838523,-9.635112762451172
-71.7765711158932,-22.410417556762695
4.338369925074482,-9.879325866699219
-34.0729170807354,-9.267580032348633
-10.285920522724917,6.4806365966796875
2.71808902854303,3.3613758087158203
2.26767773086615,7.90191650390625
0.3189015990893598,-17.29482650756836
-39.873530292237,-42.75783920288086
5.053393098685065,-9.141754150390625
-5.77665564868809,7.555198669433594
-22.4462583852743,-30.46630859375
-10.162041561092582,-20.462587356567383
8.70853787657841,-16.14938735961914
-3.73521146317182,0.2760334014892578
-1.3326443092463092,-13.511835098266602
-5.830142578087577,4.148406982421875
-7.815562497274902,-0.4624800682067871
-20.7558388881914,-9.782459259033203
-1.03656181464744,15.875503540039062
-3.930469946192945,-10.755197525024414
5.391699208755202,14.577796936035156
7.2595381633228,5.5723981857299805
9.30630078585379,7.0446906089782715
-3.77133000272187,-3.1988601684570312
-42.936846127142296,-42.69959259033203
0.5211206139658471,10.555534362792969
0.7345204104922589,3.926868438720703
6.86106163750481,7.359489440917969
-21.61387508166409,-7.342781066894531
-24.577379709126298,-26.0460205078125
3.986867952152618,5.984186172485352
-63.2346715672369,-51.13105773925781
4.55602013063716,0.6955337524414062
-20.3623076046531,-14.721558570861816
8.678125432705007,-2.2187938690185547
-2.1147225087047508,-2.4445228576660156
-1.14890133483728,6.173462867736816
3.7921116228684086,2.2730917930603027
-1.3811964732242277,-14.243560791015625
0.1752112379752922,-3.383127212524414
3.3452637215970498,13.374088287353516
6.63109301847755,-20.554428100585938
-8.72128086410909,-18.60637664794922
-0.1160299782726794,-9.973945617675781
0.1119561526876595,-5.4996337890625
11.877856996640997,2.2448008060455322
-3.2142130797467816,-5.863259792327881
-3.9552380984537248,0.17330169677734375
-1.593720937577549,-19.593605041503906
3.3899996482015826,-2.245058059692383
7.66334596528203,-8.195581436157227
2.60625970962018,-11.137067794799805
5.006519903780723,-1.4646720886230469
-58.5527340809363,-7.834821701049805
3.776985072333982,1.4052925109863281
2.4866177573815964,10.506523132324219
-0.6920482116816997,-5.172853469848633
2.1747311895065486,1.6634445190429688
-13.14009076535719,-13.60614013671875
2.745769909533195,-9.316444396972656
-10.626155896203898,-1.475799798965454
0.0548896546292299,-15.309833526611328
-69.1366966634013,-14.730584144592285
14.8508222506114,14.146820068359375
-28.3488859938485,-12.659927368164062
0.6884341878779402,4.2178497314453125
12.566471603210276,8.689126968383789
-5.472376660417956,-8.384149551391602
-2.1691769605730515,-10.123963356018066
-0.3887710448227697,5.5123138427734375
9.1356503291117,7.907967567443848
4.93167956005568,-8.310194969177246
2.713132201978397,1.2396469116210938
9.090654061652296,-13.443607330322266
1.741670982094262,1.0015859603881836
-5.89266438028177,5.407707214355469
-1.130678948105339,-1.7453174591064453
-46.587141393021525,-10.799177169799805
4.366245372711767,10.752270698547363
2.858782897786812,-3.4946441650390625
2.53362859007723,-4.456335067749023
-1.7943154401891548,12.68927001953125
-0.6435038581465955,3.9666213989257812
5.99108205682079,-13.30514907836914
2.44728958086436,-16.953536987304688
1.5718362711845366,-13.10595703125
-55.54568697318505,-15.486007690429688
-9.231606713935047,1.4899299144744873
3.547124544521316,-27.009490966796875
-73.5286754265322,-8.220779418945312
0.2047767843086013,-6.005804061889648
-10.398648228661925,1.9634275436401367
-46.9980356488569,-10.145929336547852
-62.9031214125763,-41.73760986328125
-10.35739215730591,13.19162368774414
1.83593808226401,6.091695785522461
7.827394642815597,7.327851295471191
-9.742168339465294,-16.925048828125
-0.29408409265346,-7.597023010253906
-5.653435188749545,-1.7034101486206055
-14.57002364123529,-18.929643630981445
-18.1797235112709,-7.90965461730957
-5.45440876641342,-3.7539615631103516
8.596988309863011,-0.45775890350341797
-5.493763326806099,2.6973342895507812
-8.393586343504198,-8.144609451293945
-3.963646539183849,7.542377471923828
9.625121597198186,20.485681533813477
-6.18357684414468,-6.824592590332031
-3.41466344580097,23.80557632446289
-4.03025121975644,-7.737773895263672
-2.66483863280114,-14.723041534423828
-0.190891674386513,-0.3538360595703125
16.1850033157246,28.180767059326172
-7.910003358009165,-4.539678573608398
-2.07861348348741,-0.2977638244628906
12.331931266595111,10.543643951416016
0.8825935384285006,-3.3722317218780518
-2.1789667599796294,-5.9353179931640625
3.0307168501552093,-13.023101806640625
14.8229623836697,2.996150016784668
6.795393661635613,-5.9735260009765625
5.16750826555368,-7.421457767486572
-57.144820014625296,-9.51431655883789
6.167862854629888,6.863840103149414
-2.698758931910008,-16.633819580078125
1.289294757415069,-1.7655601501464844
13.9692836454661,5.5221052169799805
-38.6438610292767,-27.20575714111328
-3.119647295186995,-13.332286834716797
-6.745372906074374,3.3092803955078125
-2.7468186065138984,1.5486133098602295
1.6198341998494314,-1.6447553634643555
1.6646916021852596,-4.541725158691406
-7.87226820943855,-9.16631031036377
8.652061852316729,-1.554718017578125
2.4933992323843923,3.2722010612487793
2.35160533891099,-18.061386108398438
1.30779520720034,2.361863613128662
-11.9965988914421,-1.5494756698608398
4.780848076735348,-0.7608499526977539
11.2728180991378,-0.11537718772888184
0.7651079053562314,-6.8451995849609375
-10.6557437737239,-10.655385971069336
3.27100049685324,-10.943084716796875
-5.2815921348029296,1.261911392211914
-27.5445722402187,-25.78691864013672
-2.683955047842884,-9.357494354248047
-43.929359067237,-14.45138931274414
-4.639593570653838,-6.459814548492432
-14.7229944429405,-5.637701988220215
-5.00028834575103,0.0389556884765625
-1.2236747050651609,-10.114277839660645
-17.6830733389949,-3.6411514282226562
-9.979741434164584,-10.54371452331543
-0.2823200449385875,-10.952259063720703
-36.50577458359941,1.0202484130859375
-4.853312003098937,-62.60621643066406
-27.4476544011683,-16.44356918334961
-49.5120706514507,-31.2474365234375
1.2287673509824204,6.2000579833984375
9.503977484174175,7.143686771392822
-5.5186956836840375,-13.535680770874023
-2.99361591491145,-2.3520126342773438
7.99575647038201,1.7258214950561523
11.7225687296843,5.632129669189453
6.987950206462267,-8.878872871398926
5.5273920092716775,-17.888763427734375
-7.19378137939456,-13.9556884765625
6.001532732018722,8.527833938598633
7.92708077877978,1.5427417755126953
4.316615136301563,0.506439208984375
0.1590569364430157,-1.0066235065460205
2.8348518495029404,7.001660346984863
-46.6686841099013,-24.923828125
-0.8984319813221007,-1.3595619201660156
4.30511943579503,9.786544799804688
-3.36735139960915,-1.6952581405639648
6.58117049992555,-2.778728485107422
6.753311816554961,-7.221416473388672
-1.1091988250418725,-6.23907470703125
5.26551760771767,8.376876831054688
-37.3999740396079,-11.012638092041016
-34.48768519828235,-7.763250350952148
-46.862925671502296,-17.4622802734375
-1.19024715514191,-5.5749969482421875
-1.4920816076829602,-6.175924301147461
-5.775806690181939,-9.545215606689453
-14.2382866820043,0.6485805511474609
1.3131129859732091,4.622871398925781
13.1991243046288,15.014700889587402
3.6035536346157695,5.423223495483398
4.97603191479674,-8.138008117675781
2.9737175212081803,-6.5074920654296875
-35.1782981083837,-16.20606803894043
-10.480511156242285,-14.008066177368164
-0.3170472839931941,1.666367530822754
3.59745169898486,6.860513210296631
-5.139364658294922,4.718245506286621
-29.2662792150344,-11.624435424804688
11.555346181601609,4.93619966506958
3.7092867134231,-11.461307525634766
-0.7280966227290082,5.854949951171875
0.9480162028997956,12.553485870361328
-9.619042312244815,-24.236053466796875
-3.15562863494722,7.158599853515625
7.285509446842615,-8.894636154174805
2.71319811317338,-1.4187002182006836
1.026942322157092,2.6190366744995117
-4.65691689928222,-5.1118011474609375
-8.677497573270493,-14.900032043457031
14.3436638764016,7.503156661987305
-11.8973420493851,-3.247314453125
-6.61979034735207,-8.348148345947266
8.86280218600469,8.245729446411133
-3.43040335892423,-14.411972045898438
0.4443344011282492,-2.322589874267578
2.6678241356197647,0.5990524291992188
2.334382802629,-9.305004119873047
-13.8157551615103,-9.442146301269531
1.9007667723773176,-3.7236194610595703
-17.190033530139498,2.4706194400787354
3.88810032819938,-5.848764419555664
1.2705701336207027,-2.244232177734375
3.887422638441485,3.7399039268493652
10.349523074958825,2.1561994552612305
9.62907409316032,7.795637130737305
0.7709161631446207,-0.14288043975830078
2.3166834950764685,-1.111175537109375
2.76912169862866,4.439332962036133
-46.2372447228831,-14.513999938964844
-37.0930621901092,-2.8236441612243652
0.996650643215182,0.85552978515625
-12.898019313824,-8.672983169555664
-0.71117494174041,-11.563301086425781
-0.5663484394051013,12.308156967163086
-12.4595255596924,-5.5723419189453125
-0.6089836493556324,0.6035144329071045
6.92534745147092,-12.959819793701172
3.320229681965675,15.432815551757812
-10.274169876330886,-10.336410522460938
-49.062306315025,-17.414794921875
-30.7261055182573,-14.298681259155273
22.7414116448382,6.705669403076172
-0.9529303605806088,9.65110969543457
-10.739322929783883,-3.5629501342773438
-20.9507978903398,-10.139007568359375
-24.96156751119129,-15.404693603515625
14.9823899147147,6.342825889587402
-14.564555056626377,-1.0122528076171875
1.907333647224608,-11.567920684814453
-1.178255647098801,4.937465667724609
1.9806048133258944,-14.243925094604492
8.833837192566008,7.9496870040893555
-18.5255095356289,-37.43060302734375
3.010752586641185,-0.7592620849609375
3.67041582610247,-11.483963012695312
-33.7845903951132,-11.119697570800781
-13.812973987503693,6.90972900390625
-13.861300672159,0.4911041259765625
-26.24662901330595,-18.216054916381836
-1.61504571199055,-4.287847518920898
8.754663680824095,-1.8012995719909668
3.22816419080692,-13.32998275756836
-2.0585753436264698,-16.75597381591797
-9.59094984812801,-13.505743026733398
6.02246857213521,-3.8528366088867188
-4.11149235653684,-13.322495460510254
-4.361976736345532,-10.223020553588867
-2.4097304318056905,-9.796281814575195
4.967381413305823,-4.170509338378906
-11.9154244975033,-1.9620676040649414
-11.183106529127476,-8.377168655395508
-2.3538192484503564,-6.66351318359375
-2.204579993178592,-12.957514762878418
-91.8886792382854,-9.039751052856445
3.2582764286422226,-5.050689697265625
9.859104788483815,-10.462011337280273
-2.6304973605131474,-2.6007943153381348
8.398744223780918,-13.380352020263672
1.4955767028094,16.46917152404785
6.720388221210122,-7.882457733154297
6.99756701325662,2.0811095237731934
12.966325580978296,-1.4884490966796875
-22.8644313188967,-7.608243942260742
-14.4731176558811,-11.039196014404297
-0.0918051514147744,-12.4954833984375
0.9434331950199416,-33.74540710449219
7.877641553655238,3.709171772003174
-27.1636490162131,-17.934057235717773
3.42669038506664,8.050436973571777
0.31232235517322,14.455503463745117
1.1848602197973823,-5.440132141113281
-5.822632503482525,-15.709491729736328
-2.989164004622407,-18.234060287475586
1.69213972357191,6.777622222900391
-0.89184437235696,-5.280305862426758
2.446050707651698,2.1115665435791016
5.07108724357905,-10.87332820892334
5.42147270471237,8.408777236938477
-2.20364176327536,27.078765869140625
3.08443697315444,0.4042205810546875
-5.97248436581227,-9.0870361328125
-1.0190872666435924,-5.1488037109375
-14.885807229381896,-7.375064849853516
0.046018285265003,-5.30830192565918
6.00089213826483,-2.896714210510254
-1.4680391508473674,-10.061456680297852
-49.8653288018085,-49.85839080810547
-7.283890318199592,-8.765270233154297
3.6053774296538297,-3.103414535522461
6.364261125349779,-7.040977478027344
-51.4043293278057,-11.895851135253906
-64.65676531723692,-18.264198303222656
-26.1965705632023,-3.8657398223876953
2.63157412115867,-11.783027648925781
16.694612728237402,-5.217463970184326
-17.0314498829154,-10.209653854370117
-58.40351531723695,-2.7778701782226562
-15.3173389528898,-2.6023597717285156
-6.613686761665703,-22.6839599609375
-39.0646563811545,-17.054428100585938
0.809697096857583,-3.491283416748047
0.4685622181175212,-13.864723205566406
-6.376202369524528,15.625938415527344
-14.434457477598505,-0.9041900634765625
-26.0047332498617,-11.51671028137207
-17.5801214502402,-15.642749786376953
-2.60072537807549,4.486888885498047
7.184930267876617,-3.8428115844726562
0.555665600488549,-5.201282501220703
8.747205755218493,5.417703151702881
-2.289513933263135,-4.8635406494140625
3.8009101564042025,7.3711957931518555
-1.67197513843126,-15.617327690124512
-15.746453943284,-43.01493835449219
