Score,Pred Score
4.219145585451182,9.906303405761719
-2.588665914009158,4.5045318603515625
-3.0703466753296,1.7115135192871094
2.1112971208509976,-4.765717029571533
-19.1693792779686,-5.4110212326049805
-0.9096556467231308,2.7992515563964844
-5.316952415477393,-6.20450496673584
-5.39913759737588,1.573028564453125
6.1026124307435,2.167543888092041
-1.6005087696864486,-13.258724212646484
-51.6773231694491,-23.316604614257812
0.51700222845629,4.039375305175781
-1.6521884315998507,0.37290287017822266
2.11024229353816,-3.7677059173583984
17.2594267615487,6.08978271484375
-1.73607437190069,-1.0348320007324219
-5.77436797253085,-3.4174747467041016
-0.568998602339841,-7.442904472351074
-1.289264920121349,3.8102493286132812
-14.1813773041305,-12.438867568969727
-3.31847606547329,0.9647090435028076
11.710679650337616,-7.643058776855469
2.046344769010002,-8.366348266601562
-2.77042962989298,-1.9566717147827148
9.014890317831036,18.63587760925293
2.726862934921635,7.208233833312988
-3.4922781726655696,-10.134620666503906
1.292753014965791,5.859409332275391
8.16191414696451,6.227465629577637
-8.251107402184557,-4.125478744506836
7.262818938793504,19.56946563720703
4.14054171285972,-0.4840660095214844
-13.546032832554804,-12.093799591064453
-16.8307740899425,6.067203998565674
-0.2642143205483515,3.5354080200195312
-6.135426654744688,12.593582153320312
-7.187555808667961,-9.68294906616211
8.149714042401495,-6.546663284301758
-6.426376983867103,-4.6736297607421875
13.9953943577381,-2.639075994491577
-6.31868596379813,-15.088951110839844
5.321680837772678,-13.966262817382812
11.9978624338519,-11.844757080078125
7.909526276907584,-7.312004566192627
7.206977941743588,-8.3978271484375
-7.378812419643663,-0.185760498046875
0.2475632146873464,25.952430725097656
12.7359625054994,11.400516510009766
5.220668557811489,19.99184226989746
1.3318185914773402,20.630813598632812
2.776867734737273,-59.48237609863281
-27.8178569354009,-37.157501220703125
-4.20883890972707,1.1533212661743164
2.78743688363977,3.7577285766601562
-9.657849716236,-13.458200454711914
4.071661498679735,-19.9595947265625
-10.586292641023492,-0.4463510513305664
2.578081311550471,-4.468559265136719
-42.2483635713802,-15.782630920410156
8.204494762209066,-9.295833587646484
18.5317724911246,7.9224019050598145
6.097122298913325,-8.442474365234375
-11.299328727708405,-9.057209014892578
-6.22433036882608,-1.2055377960205078
3.12612254618191,1.4345951080322266
8.756217929094177,2.1981868743896484
-1.757118944268968,-24.78678321838379
-51.402683514636095,-23.124204635620117
-2.13735826282737,-2.7495269775390625
8.88265541550952,-5.47969913482666
5.58846482112586,9.047285079956055
7.383552345763623,8.303504943847656
10.229168329440906,1.118173599243164
-17.4030551064212,-11.06795883178711
2.204062447972561,-0.524871826171875
-3.195242757261453,11.281866073608398
-36.8822022827233,-13.821749687194824
3.812227003524945,-13.889732360839844
-6.89310310865277,-6.226194381713867
-2.85382252753121,-9.084379196166992
-7.42349600405968,10.46246337890625
4.398848813602776,-0.6313104629516602
-68.1959205924323,-32.45857238769531
-3.773219093074008,5.5167694091796875
8.453421074249384,0.7967157363891602
-62.9612541332419,-29.247573852539062
2.97844031586002,-8.040977478027344
-5.800670766453999,-1.4578514099121094
2.409764321136161,-8.032194137573242
-1.6610011043127195,-4.548881530761719
1.39259946716825,-3.380880355834961
-5.785469568057495,-28.20237159729004
10.468583156479704,3.9928722381591797
0.8267526169764301,-11.323628425598145
-0.4271227388875901,-4.482695579528809
-5.85807143580148,-24.304580688476562
-2.67676896274171,-5.305755615234375
-3.11888044241469,-8.134742736816406
6.71098989067457,4.18912410736084
6.429854346358795,1.8053264617919922
-6.897600670415837,4.891075134277344
-16.4910721624856,-23.12005615234375
-3.057699221935841,1.6613969802856445
-17.6906096863185,-9.582313537597656
0.1461877509898399,6.857666015625
-3.01321716593974,7.372236251831055
-15.0412339008878,-62.27386474609375
-3.60075442831331,-6.354982376098633
12.5056328567953,2.432924270629883
-13.8996269060666,-8.83897590637207
5.265272900492549,-12.954708099365234
12.283123760680592,7.578961372375488
-2.54688332955635,-1.3573341369628906
11.579228393987275,1.479743242263794
-0.3284521577656807,-11.863717079162598
-2.33292598982445,10.621166229248047
-0.1058882282985149,1.451812744140625
-2.4461467814868523,12.46795654296875
-41.8026500314277,-12.698189735412598
4.417989059347175,-3.2668838500976562
-40.2101205720394,-3.7049360275268555
-14.277645616907492,-8.442039489746094
3.29681579894721,-9.141961097717285
-0.7012610501602399,1.0327606201171875
8.463248256721428,-23.556304931640625
-2.491707941339629,-7.982036590576172
4.867927463076468,-1.4952237606048584
-1.876637029070265,-11.2674560546875
-12.955988512618,-26.219247817993164
-7.75971004909346,-29.205089569091797
4.67424026120176,21.585357666015625
-7.08434802004719,-8.076919555664062
-6.19730890695259,-9.39016342163086
-0.1240821746904601,-2.3816709518432617
4.069163600073605,-8.070053100585938
-1.77750068778882,8.423545837402344
1.8601156760560384,-16.205936431884766
-10.8237586662752,-3.6115951538085938
-50.1674018945849,-13.596139907836914
-5.8677981963370005,-5.024564743041992
-24.4869919201538,-14.871448516845703
-12.281506448986304,2.370344638824463
-5.8772631055401,-12.886861801147461
-0.1639564470097907,-2.630117416381836
4.17561229224804,-1.9709339141845703
2.77922195660905,5.0568389892578125
-3.454798154796729,-3.8470993041992188
7.692941411907634,-11.866058349609375
-2.390619984667185,3.770111083984375
-33.1832620874725,-11.395333290100098
-18.23432595343749,-14.367835998535156
5.29419053806362,-10.109285354614258
-77.3623903172369,-19.896469116210938
15.4985727759109,11.734676361083984
7.73570234615748,-7.841085433959961
-9.325981865786185,-11.822132110595703
-9.72499716390718,-14.836139678955078
13.309934514349203,13.76362419128418
2.264898495983479,-9.561296463012695
-12.0320822507053,-28.861419677734375
-2.56542276271332,-0.06885075569152832
7.196532980977684,-12.238789558410645
-1.857666460494741,7.277717590332031
-1.4872271509121793,16.416133880615234
-3.12013961477547,-10.315603256225586
2.6303171850506604,-0.42786407470703125
-60.49569009623433,-15.754907608032227
-30.3377383335249,-9.550928115844727
1.0590749185315824,-6.389931678771973
-6.929951553081727,-13.945108413696289
-8.46093254820262,-4.036748886108398
2.461922216333884,2.7030515670776367
4.5031585012656095,5.9586639404296875
4.435147085081137,7.085948944091797
-2.88087637063392,8.042991638183594
-1.5082203021212124,6.163291931152344
-0.6579761516790089,-1.1235504150390625
3.719171936095444,7.0970845222473145
-2.6053130644292946,6.616268157958984
7.276768036701751,-0.9882469177246094
5.29091659278858,1.30845308303833
-1.0659561461183158,-21.091354370117188
15.4186986077963,12.74825668334961
7.543407488617369,8.397398948669434
9.58062385928767,-4.793584823608398
0.2570808252882703,-17.327667236328125
8.13893448615947,-5.751513481140137
-5.14141487663266,-10.871673583984375
-16.517773128145326,-3.621410369873047
0.7364260970712593,0.9611859321594238
4.25311060075082,-8.723823547363281
-25.4508968849616,5.976955413818359
-1.9051378030600723,-7.091342926025391
5.506094216928792,-0.1453542709350586
-0.1777753404752198,-1.0462226867675781
16.9349100756105,8.87191390991211
-11.607028837624,-7.359372138977051
-1.2671721747064446,-7.806251525878906
-16.1535771788668,-10.86924934387207
8.143116180793372,4.501212120056152
7.078924552126015,-4.885566711425781
-5.73967918172164,-2.8330154418945312
-23.3725501337939,-7.197087287902832
9.04709717330502,-11.435564994812012
-3.724573545179619,1.6927275657653809
4.4516036428765,-2.0198497772216797
-1.657597602265355,-6.269733428955078
5.586124430090477,2.6099987030029297
-26.6651088566214,-3.610759735107422
3.028467183462371,-1.7143974304199219
-40.7258600860177,-5.818744659423828
-26.912205886836706,-17.044557571411133
-3.9965921287470247,0.2762925624847412
-4.739766082030863,-5.458099365234375
4.2006804390709,-0.4876422882080078
-22.3071231538392,-10.883512496948242
-18.5891767455387,-15.332831382751465
-5.960419628776203,-9.551765441894531
-18.9061714872788,-18.08806800842285
-21.4141717786538,-21.757652282714844
-12.208208404490907,-9.217005729675293
-3.72583443525641,4.9304046630859375
-2.377061578670744,8.719649314880371
6.075310726130807,4.875123977661133
2.12042655289975,-21.271759033203125
3.181253849239128,-0.666717529296875
10.41580460128629,-6.672317028045654
-23.8934551543691,-33.58930206298828
-0.8981307679622897,-13.560638427734375
3.7078671714499096,-0.6346149444580078
11.644495901203598,8.197158813476562
-22.42608065327665,-11.436553955078125
-1.2036514942358316,1.3733420372009277
-13.5091075877696,-18.576507568359375
-1.79502295092813,-2.613628387451172
2.332279780348585,-0.4054718017578125
3.11049964318654,10.042339324951172
3.54836143321337,6.548490524291992
3.77256113899207,6.625088691711426
-2.35314836228574,-2.5924758911132812
7.837521570550837,6.66618537902832
9.328533024448705,8.182579040527344
-37.9495035857927,-7.698394775390625
-4.144685584269085,1.1835787296295166
8.91646092056966,8.21017837524414
5.635020609606415,-0.52587890625
-15.1006814359747,2.603647232055664
-2.4599041427842496,1.0035221576690674
2.42002639701588,-2.85207462310791
-3.0331069492891496,3.855283737182617
10.480393919522983,4.9693284034729
4.452168509343501,-0.9970188140869141
-2.552277046947741,-20.128387451171875
-5.97419023328963,0.0901336669921875
-0.5734820606807138,-8.204401016235352
3.7606671418030695,-8.495977401733398
-31.4759298257721,-22.42236328125
0.300408103033295,45.14459228515625
-6.32558602127377,4.784104824066162
0.90894434552881,-3.052032470703125
5.954690473588823,-1.414255142211914
0.0804428699766095,-10.601531982421875
8.45389840526827,2.1958236694335938
-2.8859593337581737,2.5483627319335938
-1.122073026503361,-5.365170001983643
-75.56229656723696,-5.941555023193359
-6.291328737399075,-8.46402359008789
-10.1192188918475,-5.024763107299805
-56.3663437951974,-14.720474243164062
2.4288820651169605,24.11248016357422
5.05355462238675,7.032623291015625
-13.1809903671301,-10.32113265991211
-6.75960002722117,-5.5269012451171875
9.0758909366509,-4.066261291503906
-1.4230966237807086,39.67207336425781
5.59963570142504,-15.510761260986328
4.133325903305868,-14.404762268066406
3.00680128293027,-6.600914001464844
-27.8195558011628,-11.968827247619629
-29.9162730471743,-15.111103057861328
20.7191486697607,7.655490875244141
3.455876052191651,4.919053077697754
2.595279020812243,-15.328010559082031
-4.0896099478500325,5.914333820343018
5.3817717725564,8.842874526977539
-1.9802660997523944,4.264354705810547
0.4007388327427847,-4.537790298461914
10.11870938841209,24.50080108642578
-1.7174251595272625,-7.242778778076172
-13.2363849677504,4.342533111572266
-58.24412469223692,-43.91437911987305
-47.9875704511971,-35.93059539794922
-3.681083449701528,-12.79937744140625
0.1118559290339978,-19.784400939941406
-8.998840630677615,-17.83831024169922
1.1941842843275,-0.7743415832519531
19.33685959748449,7.319355010986328
-3.09775596823669,0.9753913879394531
1.2555345380058751,-6.057470321655273
-78.7451798053926,-13.435519218444824
8.35813394800668,11.224151611328125
-19.6754058911438,-13.440906524658203
4.743603615290096,10.679924011230469
1.3155747227446202,-10.72145938873291
11.316750179392892,7.003669738769531
11.779516260068313,14.355209350585938
-3.802611775309477,3.003145694732666
-10.539071528779305,-2.4271278381347656
4.49646859469848,-11.137760162353516
3.59102041590596,4.763801574707031
2.1560784090827942,5.547355651855469
-17.309192174305,-3.857484817504883
-1.768261666543676,-8.859221458435059
-3.34531377329845,-18.2646484375
-9.09730633851708,-8.102938652038574
-12.909180343140196,7.618280410766602
4.020569536845237,1.271174430847168
2.28163515100639,-1.3467025756835938
-1.6307504375632549,-10.380645751953125
7.809600001042748,-2.240917444229126
-83.9761260280997,-9.619531631469727
7.656482330373112,3.7140464782714844
1.675245639565673,0.7078819274902344
-15.991582533821994,8.077631950378418
8.681027307740193,-12.705005645751953
11.10272802991041,7.494063377380371
3.42951329804928,0.018500804901123047
-1.4295761119406232,9.387054443359375
-11.9299972333177,-9.453214645385742
11.923948375295712,8.231023788452148
5.960801203295765,15.66342544555664
-0.4381862293696001,-11.233388900756836
-2.43808381047612,-4.844612121582031
5.72263802046558,-13.931098937988281
1.1496085756031087,-0.04892110824584961
-6.72144892291601,-4.7136383056640625
18.1939100849816,7.649059295654297
3.61441892535489,-11.52878189086914
-0.8028238008287005,-18.638233184814453
0.7001962140772594,-4.682512283325195
2.125547882163602,2.7901668548583984
-2.8472026300298463,-16.167682647705078
-4.534682244798708,-11.673673629760742
4.49418879319923,18.70013427734375
-10.901275449743116,-8.888408660888672
-4.736229867816737,5.18035364151001
-0.0053525606393112,52.87953186035156
7.06923762363823,3.5220565795898438
-0.0084306638066775,-4.068946838378906
2.11900133622217,-0.6019659042358398
8.106852576346123,-0.47495365142822266
-0.1428452494230792,-16.586071014404297
-1.0683487237199796,-11.560836791992188
0.0285872237409883,-14.347610473632812
2.75380173901167,12.291873931884766
-7.69948364751984,-3.8606252670288086
-0.0556983764780604,-2.9694766998291016
-1.32131943338233,-14.201675415039062
-3.0345245902191325,2.0713958740234375
-2.93911844531118,-11.938959121704102
9.94612085382829,4.230952262878418
-3.5546157663424616,-15.81305980682373
-11.221818720505304,-18.582014083862305
3.9797293996962297,-5.022003173828125
4.54734483862441,-0.683377742767334
-45.634880019414,-19.62841033935547
-1.6020246929696491,-23.458986282348633
-4.12581810820042,-7.726812362670898
-3.019531285218114,-11.657342910766602
5.42509465390903,16.255504608154297
-21.5871320482388,2.240823745727539
-1.2497809936708242,-15.833334922790527
-35.0272315856836,-43.42826843261719
3.37898618824583,-19.62674331665039
-13.4460672849668,-12.322549819946289
10.982614675109394,-4.206479072570801
2.35164464781062,-8.949676513671875
-20.9676231329802,-0.061981201171875
-1.6422791314174887,-8.034564971923828
-0.3136273830120112,1.1497154235839844
-16.967828162594074,-12.751501083374023
-2.8325461302865187,7.953577041625977
-2.6871577689602653,-1.9513602256774902
7.570838092245207,-16.423362731933594
-13.547300817594484,-18.58635711669922
8.99923705482913,-0.4920654296875
-0.003939288658445,2.859001636505127
6.147225205740463,-6.636439323425293
-2.149900469098629,-11.426681518554688
-25.2381267145584,-13.255441665649414
-5.36204355968609,7.15153694152832
4.43276114617859,6.92181396484375
3.27144637329635,10.746355056762695
-1.626797120535592,0.609795093536377
-9.859535687586003,7.205539703369141
2.0008593011464906,-15.628437042236328
0.369316059642221,4.553600311279297
5.79128728304933,12.87359619140625
0.1235817830644999,-3.4378457069396973
-3.36903782007548,-15.01595687866211
7.06032809637297,9.57575511932373
13.71198107208239,-4.495014190673828
-12.53254789251529,-9.529088973999023
5.45103123545738,1.994694471359253
4.128157012788561,0.7678930759429932
-3.8590388668775,-2.228825569152832
7.36579899286375,3.5076961517333984
-11.03094492075089,-10.67319393157959
8.017093587799739,-3.4997215270996094
15.384553292915324,-15.814790725708008
2.79124989437018,1.9403457641601562
2.81101468536903,-10.516624450683594
-1.7237618714553775,-2.866323471069336
-2.202886656443709,53.324249267578125
2.369358494612781,1.5251045227050781
-11.30813578108209,-5.8610076904296875
4.484288991501213,2.7225303649902344
-35.8165916579592,-12.194395065307617
-5.19085420781142,-0.9782943725585938
2.86709961553106,1.186410903930664
-4.349210006555943,9.32094955444336
5.029017096161708,-0.99033522605896
8.243548509216069,1.7421321868896484
-2.6184282494780104,-1.5924205780029297
-5.527709296795018,-9.27718734741211
-52.7336020518746,-18.63404083251953
6.07843040491799,-7.418561935424805
-4.396710286499547,-13.510297775268555
6.6154810826822,6.274153232574463
9.772192422094813,-12.911079406738281
2.099307195887115,6.810751438140869
-12.414939844598162,-11.834243774414062
8.24149319055937,-0.7329502105712891
-1.5178355576616795,-0.9045333862304688
9.144089281431205,-0.3613319396972656
1.418014053180695,-11.30804443359375
-60.92137282626391,-34.223114013671875
5.61896917638109,-3.7293853759765625
-4.96580172718434,-14.268821716308594
-24.4432878855492,-1.6865558624267578
1.675381804264854,-12.472412109375
-2.8447496930443927,-2.04656982421875
-1.059512617215007,-0.4092845916748047
1.41805545618482,-0.9500699043273926
-7.06329362397977,-4.938825607299805
9.400493271217616,-0.45428895950317383
3.1327986373042376,-5.355840682983398
4.097668935846943,8.758617401123047
-4.01456885639382,-17.99148178100586
-2.260381023139061,5.707622528076172
-8.237627320974727,-11.949003219604492
-2.23616712442702,4.854887008666992
-26.79502671025515,-42.71800231933594
-10.594900847222812,-37.38113784790039
4.509456424718162,2.135833978652954
-22.9219832537164,-23.912851333618164
-6.2026319104393295,-13.529521942138672
-4.662511414401839,-0.6725234985351562
-0.4503474699443348,5.44788932800293
-21.5531296050118,-18.592910766601562
-39.7169735486916,-15.955307006835938
-6.13466459150186,-21.756546020507812
6.093529951556334,-5.451632499694824
-33.3004252633332,-14.040016174316406
-7.789052707582185,-12.01487922668457
-61.6890402284636,-34.63024139404297
-10.613183176373598,-32.76240539550781
-12.6203596574975,-37.28071594238281
-15.2234416939723,-1.6718549728393555
3.42848617073407,-1.7589797973632812
-50.4820483838523,-11.240900039672852
-71.7765711158932,-24.576889038085938
4.338369925074482,-10.340038299560547
-34.0729170807354,-11.852258682250977
-10.285920522724917,3.7838134765625
2.71808902854303,2.8289642333984375
2.26767773086615,8.042205810546875
0.3189015990893598,-17.59018325805664
-39.873530292237,-43.5913200378418
5.053393098685065,-5.1361083984375
-5.77665564868809,3.3290672302246094
-22.4462583852743,-15.90191650390625
-10.162041561092582,-20.794832229614258
8.70853787657841,-16.783851623535156
-3.73521146317182,0.10894393920898438
-1.3326443092463092,-14.199380874633789
-5.830142578087577,5.515106201171875
-7.815562497274902,-0.11761474609375
-20.7558388881914,-7.804191589355469
-1.03656181464744,9.789154052734375
-3.930469946192945,-9.924392700195312
5.391699208755202,7.7752227783203125
7.2595381633228,4.44512939453125
9.30630078585379,6.721586227416992
-3.77133000272187,-8.499252319335938
-42.936846127142296,-43.695648193359375
0.5211206139658471,6.216094970703125
0.7345204104922589,5.162357330322266
6.86106163750481,10.141895294189453
-21.61387508166409,-5.2217559814453125
-24.577379709126298,-23.88819122314453
3.986867952152618,3.8344614505767822
-63.2346715672369,-48.79815673828125
4.55602013063716,-0.5435237884521484
-20.3623076046531,-14.464815139770508
8.678125432705007,0.6161308288574219
-2.1147225087047508,-3.9436111450195312
-1.14890133483728,5.5797271728515625
3.7921116228684086,2.5432262420654297
-1.3811964732242277,-8.732376098632812
0.1752112379752922,-1.8030109405517578
3.3452637215970498,10.685298919677734
6.63109301847755,-18.751792907714844
-8.72128086410909,-19.03253173828125
-0.1160299782726794,-2.1225509643554688
0.1119561526876595,-4.980930328369141
11.877856996640997,0.0629119873046875
-3.2142130797467816,-4.075955390930176
-3.9552380984537248,2.6374073028564453
-1.593720937577549,-29.7113037109375
3.3899996482015826,-2.915060043334961
7.66334596528203,-9.57971477508545
2.60625970962018,-7.84809684753418
5.006519903780723,1.1718730926513672
-58.5527340809363,-8.151069641113281
3.776985072333982,-2.2257843017578125
2.4866177573815964,8.121074676513672
-0.6920482116816997,-6.030891418457031
2.1747311895065486,3.511638641357422
-13.14009076535719,-17.405439376831055
2.745769909533195,-4.805606842041016
-10.626155896203898,-1.7336878776550293
0.0548896546292299,-15.515705108642578
-69.1366966634013,-17.111061096191406
14.8508222506114,13.27663803100586
-28.3488859938485,-6.084503173828125
0.6884341878779402,0.044589996337890625
12.566471603210276,8.776250839233398
-5.472376660417956,-8.235898971557617
-2.1691769605730515,-11.480969429016113
-0.3887710448227697,10.24428939819336
9.1356503291117,5.171189308166504
4.93167956005568,-9.367557525634766
2.713132201978397,3.1480026245117188
9.090654061652296,-17.931739807128906
1.741670982094262,-3.8382320404052734
-5.89266438028177,2.237638473510742
-1.130678948105339,-7.66826057434082
-46.587141393021525,-13.971206665039062
4.366245372711767,8.217073440551758
2.858782897786812,-5.760009765625
2.53362859007723,-5.138923645019531
-1.7943154401891548,3.3487167358398438
-0.6435038581465955,-7.452339172363281
5.99108205682079,-12.672630310058594
2.44728958086436,-18.14251708984375
1.5718362711845366,-6.556953430175781
-55.54568697318505,-18.830589294433594
-9.231606713935047,0.18272829055786133
3.547124544521316,-37.359466552734375
-73.5286754265322,-7.400424003601074
0.2047767843086013,-7.752694606781006
-10.398648228661925,1.357668399810791
-46.9980356488569,-11.785894393920898
-62.9031214125763,-45.88142395019531
-10.35739215730591,-2.3138389587402344
1.83593808226401,3.858429431915283
7.827394642815597,7.516549110412598
-9.742168339465294,-26.5726318359375
-0.29408409265346,-9.239341735839844
-5.653435188749545,-3.4449920654296875
-14.57002364123529,-22.002803802490234
-18.1797235112709,-6.344562530517578
-5.45440876641342,-4.690338134765625
8.596988309863011,-2.2097268104553223
-5.493763326806099,1.7713031768798828
-8.393586343504198,-7.733237266540527
-3.963646539183849,10.794119834899902
9.625121597198186,20.458454132080078
-6.18357684414468,-7.560565948486328
-3.41466344580097,17.94896125793457
-4.03025121975644,-3.897733688354492
-2.66483863280114,-17.113296508789062
-0.190891674386513,-4.2368621826171875
16.1850033157246,24.27320671081543
-7.910003358009165,-2.1817893981933594
-2.07861348348741,0.8314208984375
12.331931266595111,9.343904495239258
0.8825935384285006,-4.941324234008789
-2.1789667599796294,-2.0209197998046875
3.0307168501552093,-15.223957061767578
14.8229623836697,2.5414962768554688
6.795393661635613,9.041328430175781
5.16750826555368,-8.603372573852539
-57.144820014625296,-11.770439147949219
6.167862854629888,5.522490501403809
-2.698758931910008,-4.489349365234375
1.289294757415069,-0.8829727172851562
13.9692836454661,3.923396110534668
-38.6438610292767,-34.8214111328125
-3.119647295186995,-10.110496520996094
-6.745372906074374,13.840423583984375
-2.7468186065138984,-0.31470394134521484
1.6198341998494314,-3.205704689025879
1.6646916021852596,-7.172557830810547
-7.87226820943855,-8.738595008850098
8.652061852316729,8.463508605957031
2.4933992323843923,3.2579503059387207
2.35160533891099,-10.74334716796875
1.30779520720034,2.211961269378662
-11.9965988914421,-2.730135917663574
4.780848076735348,-3.3577423095703125
11.2728180991378,-1.4452252388000488
0.7651079053562314,-6.784400939941406
-10.6557437737239,-8.127885818481445
3.27100049685324,-12.340873718261719
-5.2815921348029296,3.8620643615722656
-27.5445722402187,-40.60157775878906
-2.683955047842884,-9.859634399414062
-43.929359067237,-19.626239776611328
-4.639593570653838,-10.666383743286133
-14.7229944429405,-3.9084510803222656
-5.00028834575103,-0.3367767333984375
-1.2236747050651609,-9.119524002075195
-17.6830733389949,-7.370033264160156
-9.979741434164584,-12.046735763549805
-0.2823200449385875,-18.316864013671875
-36.50577458359941,0.7858972549438477
-4.853312003098937,-60.370513916015625
-27.4476544011683,-18.885608673095703
-49.5120706514507,-36.78055953979492
1.2287673509824204,4.989154815673828
9.503977484174175,6.493513584136963
-5.5186956836840375,-13.89818000793457
-2.99361591491145,-7.945747375488281
7.99575647038201,0.8342351913452148
11.7225687296843,7.969577789306641
6.987950206462267,-9.914552688598633
5.5273920092716775,-21.33013153076172
-7.19378137939456,-24.33806610107422
6.001532732018722,6.755270004272461
7.92708077877978,0.7638516426086426
4.316615136301563,1.8206729888916016
0.1590569364430157,-1.7613756656646729
2.8348518495029404,2.9544925689697266
-46.6686841099013,-26.67876434326172
-0.8984319813221007,-5.780769348144531
4.30511943579503,4.035228729248047
-3.36735139960915,-0.9825172424316406
6.58117049992555,-2.5182151794433594
6.753311816554961,-6.5170135498046875
-1.1091988250418725,-6.416618347167969
5.26551760771767,2.09625244140625
-37.3999740396079,-11.176176071166992
-34.48768519828235,-7.426002502441406
-46.862925671502296,-19.302764892578125
-1.19024715514191,-2.3933792114257812
-1.4920816076829602,-8.635865211486816
-5.775806690181939,-10.890026092529297
-14.2382866820043,0.5742616653442383
1.3131129859732091,5.747461795806885
13.1991243046288,16.10216522216797
3.6035536346157695,5.933204650878906
4.97603191479674,-13.903072357177734
2.9737175212081803,-6.461198806762695
-35.1782981083837,-17.513263702392578
-10.480511156242285,-13.915952682495117
-0.3170472839931941,0.22999954223632812
3.59745169898486,6.03516960144043
-5.139364658294922,-0.2780170440673828
-29.2662792150344,-12.211273193359375
11.555346181601609,5.113473892211914
3.7092867134231,-12.773372650146484
-0.7280966227290082,3.157958984375
0.9480162028997956,8.736656188964844
-9.619042312244815,-39.952972412109375
-3.15562863494722,-13.761665344238281
7.285509446842615,-9.260856628417969
2.71319811317338,-2.9550952911376953
1.026942322157092,2.2033119201660156
-4.65691689928222,-16.967269897460938
-8.677497573270493,-15.865924835205078
14.3436638764016,3.8923494815826416
-11.8973420493851,-11.440109252929688
-6.61979034735207,-6.778125762939453
8.86280218600469,8.142109870910645
-3.43040335892423,-17.787036895751953
0.4443344011282492,1.0555801391601562
2.6678241356197647,-3.6445541381835938
2.334382802629,-10.488321304321289
-13.8157551615103,-10.852462768554688
1.9007667723773176,-3.4916820526123047
-17.190033530139498,1.9513134956359863
3.88810032819938,-5.817853927612305
1.2705701336207027,-7.3255157470703125
3.887422638441485,3.3010048866271973
10.349523074958825,0.7959117889404297
9.62907409316032,6.919788360595703
0.7709161631446207,-0.5617208480834961
2.3166834950764685,0.6395492553710938
2.76912169862866,4.19066047668457
-46.2372447228831,-15.857362747192383
-37.0930621901092,-4.97007942199707
0.996650643215182,3.1517410278320312
-12.898019313824,-9.367082595825195
-0.71117494174041,-12.116886138916016
-0.5663484394051013,12.681421279907227
-12.4595255596924,-3.039691925048828
-0.6089836493556324,0.5796582698822021
6.92534745147092,-4.9688568115234375
3.320229681965675,17.092079162597656
-10.274169876330886,-5.1804046630859375
-49.062306315025,-22.4940185546875
-30.7261055182573,-14.950414657592773
22.7414116448382,7.7773590087890625
-0.9529303605806088,7.382709503173828
-10.739322929783883,-5.503839492797852
-20.9507978903398,-9.66842269897461
-24.96156751119129,-29.071929931640625
14.9823899147147,8.096899032592773
-14.564555056626377,-5.6251220703125
1.907333647224608,-12.41982650756836
-1.178255647098801,9.011985778808594
1.9806048133258944,-15.35430908203125
8.833837192566008,8.982847213745117
-18.5255095356289,-36.410789489746094
3.010752586641185,-3.5658416748046875
3.67041582610247,-7.027698516845703
-33.7845903951132,-14.185447692871094
-13.812973987503693,5.560565948486328
-13.861300672159,-0.7461700439453125
-26.24662901330595,-20.22322654724121
-1.61504571199055,8.810001373291016
8.754663680824095,-1.8061342239379883
3.22816419080692,-14.298362731933594
-2.0585753436264698,-15.477958679199219
-9.59094984812801,-13.148822784423828
6.02246857213521,-0.3719749450683594
-4.11149235653684,-12.798267364501953
-4.361976736345532,-8.375629425048828
-2.4097304318056905,-7.209836959838867
4.967381413305823,-6.808403015136719
-11.9154244975033,0.16224288940429688
-11.183106529127476,-7.631038665771484
-2.3538192484503564,-4.841028213500977
-2.204579993178592,-13.02512264251709
-91.8886792382854,-8.050481796264648
3.2582764286422226,-14.082077026367188
9.859104788483815,-10.387985229492188
-2.6304973605131474,-3.611994743347168
8.398744223780918,-13.566543579101562
1.4955767028094,17.061870574951172
6.720388221210122,-4.6599273681640625
6.99756701325662,2.0583903789520264
12.966325580978296,0.8725852966308594
-22.8644313188967,-7.699522018432617
-14.4731176558811,-7.413661956787109
-0.0918051514147744,-25.910537719726562
0.9434331950199416,-32.565338134765625
7.877641553655238,3.1373190879821777
-27.1636490162131,-21.671451568603516
3.42669038506664,5.543222427368164
0.31232235517322,9.560389518737793
1.1848602197973823,-13.632637023925781
-5.822632503482525,-14.439689636230469
-2.989164004622407,-19.17117691040039
1.69213972357191,8.366981506347656
-0.89184437235696,-5.266239166259766
2.446050707651698,-0.9377241134643555
5.07108724357905,-9.858325958251953
5.42147270471237,8.466611862182617
-2.20364176327536,16.305206298828125
3.08443697315444,0.9771499633789062
-5.97248436581227,-9.685684204101562
-1.0190872666435924,-15.51788330078125
-14.885807229381896,-3.8947067260742188
0.046018285265003,-6.78050422668457
6.00089213826483,-3.6229419708251953
-1.4680391508473674,-9.26774787902832
-49.8653288018085,-45.16065979003906
-7.283890318199592,-8.922384262084961
3.6053774296538297,-2.808378219604492
6.364261125349779,-5.579374313354492
-51.4043293278057,-15.366508483886719
-64.65676531723692,-20.060726165771484
-26.1965705632023,-3.2546167373657227
2.63157412115867,-9.650070190429688
16.694612728237402,-6.9861555099487305
-17.0314498829154,-10.390130996704102
-58.40351531723695,-6.151248931884766
-15.3173389528898,-4.176858901977539
-6.613686761665703,-19.28697967529297
-39.0646563811545,-19.687301635742188
0.809697096857583,-3.321568012237549
0.4685622181175212,-14.984172821044922
-6.376202369524528,3.6775970458984375
-14.434457477598505,-2.7489356994628906
-26.0047332498617,-14.278678894042969
-17.5801214502402,-14.933597564697266
-2.60072537807549,7.21405029296875
7.184930267876617,5.338813781738281
0.555665600488549,-3.062591552734375
8.747205755218493,5.431491851806641
-2.289513933263135,-4.542789459228516
3.8009101564042025,7.472620964050293
-1.67197513843126,-16.90764617919922
-15.746453943284,-34.30641174316406
