Score,Pred Score
4.219145585451182,10.229236602783203
-2.588665914009158,1.4437990188598633
-3.0703466753296,3.8498687744140625
2.1112971208509976,-5.157246112823486
-19.1693792779686,-5.537458896636963
-0.9096556467231308,6.817502021789551
-5.316952415477393,-4.54481315612793
-5.39913759737588,1.33758544921875
6.1026124307435,3.351156711578369
-1.6005087696864486,-12.869417190551758
-51.6773231694491,-20.723220825195312
0.51700222845629,7.0500640869140625
-1.6521884315998507,-0.12469196319580078
2.11024229353816,-3.665346145629883
17.2594267615487,3.4841909408569336
-1.73607437190069,-4.633033752441406
-5.77436797253085,-2.968730926513672
-0.568998602339841,-5.495232582092285
-1.289264920121349,8.743217468261719
-14.1813773041305,-11.812395095825195
-3.31847606547329,0.42360353469848633
11.710679650337616,3.1159324645996094
2.046344769010002,-4.196891784667969
-2.77042962989298,-6.062705039978027
9.014890317831036,15.434797286987305
2.726862934921635,4.340617656707764
-3.4922781726655696,-7.2342987060546875
1.292753014965791,4.32459020614624
8.16191414696451,4.676424980163574
-8.251107402184557,-3.2875194549560547
7.262818938793504,27.656570434570312
4.14054171285972,-2.9855289459228516
-13.546032832554804,-10.106843948364258
-16.8307740899425,4.711221694946289
-0.2642143205483515,0.9051361083984375
-6.135426654744688,10.127777099609375
-7.187555808667961,-2.275005340576172
8.149714042401495,-6.438144683837891
-6.426376983867103,-4.491031646728516
13.9953943577381,-3.5393195152282715
-6.31868596379813,-18.224946975708008
5.321680837772678,-3.8659400939941406
11.9978624338519,-9.686288833618164
7.909526276907584,-5.755733013153076
7.206977941743588,-4.232967376708984
-7.378812419643663,-6.016319274902344
0.2475632146873464,20.760488510131836
12.7359625054994,11.421953201293945
5.220668557811489,8.412055969238281
1.3318185914773402,28.797836303710938
2.776867734737273,-48.59330749511719
-27.8178569354009,-38.448699951171875
-4.20883890972707,1.2508668899536133
2.78743688363977,8.01129150390625
-9.657849716236,-14.280376434326172
4.071661498679735,-16.371620178222656
-10.586292641023492,-0.730156421661377
2.578081311550471,6.467632293701172
-42.2483635713802,-14.778705596923828
8.204494762209066,-8.576138496398926
18.5317724911246,9.694204330444336
6.097122298913325,-0.5635528564453125
-11.299328727708405,-7.917361259460449
-6.22433036882608,-1.1734600067138672
3.12612254618191,1.0868196487426758
8.756217929094177,3.6519174575805664
-1.757118944268968,-24.979759216308594
-51.402683514636095,-24.340187072753906
-2.13735826282737,0.5415477752685547
8.88265541550952,-3.5559072494506836
5.58846482112586,2.0193357467651367
7.383552345763623,11.82772445678711
10.229168329440906,5.516836166381836
-17.4030551064212,-10.229520797729492
2.204062447972561,-1.1334342956542969
-3.195242757261453,4.934785842895508
-36.8822022827233,-14.432497024536133
3.812227003524945,-4.45416259765625
-6.89310310865277,-6.427223205566406
-2.85382252753121,-4.572571754455566
-7.42349600405968,12.296489715576172
4.398848813602776,-1.1363017559051514
-68.1959205924323,-29.474716186523438
-3.773219093074008,7.627372741699219
8.453421074249384,0.1955127716064453
-62.9612541332419,-29.54541015625
2.97844031586002,-7.428142547607422
-5.800670766453999,-4.47178840637207
2.409764321136161,-7.9568681716918945
-1.6610011043127195,-4.094646453857422
1.39259946716825,-4.115936279296875
-5.785469568057495,-25.308895111083984
10.468583156479704,1.1790409088134766
0.8267526169764301,-8.696552276611328
-0.4271227388875901,-3.7276713848114014
-5.85807143580148,-19.067224502563477
-2.67676896274171,-4.390083312988281
-3.11888044241469,2.166513442993164
6.71098989067457,3.824709177017212
6.429854346358795,3.231555938720703
-6.897600670415837,4.2260894775390625
-16.4910721624856,-22.75788116455078
-3.057699221935841,0.7352285385131836
-17.6906096863185,-10.970077514648438
0.1461877509898399,11.685646057128906
-3.01321716593974,4.638882160186768
-15.0412339008878,-19.2960205078125
-3.60075442831331,-2.9291248321533203
12.5056328567953,7.151264190673828
-13.8996269060666,-6.773481369018555
5.265272900492549,-12.780342102050781
12.283123760680592,6.594483375549316
-2.54688332955635,1.2910690307617188
11.579228393987275,-0.42537736892700195
-0.3284521577656807,-10.898505210876465
-2.33292598982445,4.5223846435546875
-0.1058882282985149,3.5580596923828125
-2.4461467814868523,-22.704681396484375
-41.8026500314277,-11.71548080444336
4.417989059347175,-0.30817604064941406
-40.2101205720394,-4.287367820739746
-14.277645616907492,-5.782037734985352
3.29681579894721,-5.447731971740723
-0.7012610501602399,-2.3516063690185547
8.463248256721428,-10.431175231933594
-2.491707941339629,-7.327322006225586
4.867927463076468,-1.1773946285247803
-1.876637029070265,-13.74142074584961
-12.955988512618,-26.284746170043945
-7.75971004909346,-18.693836212158203
4.67424026120176,-1.7957000732421875
-7.08434802004719,-6.526599884033203
-6.19730890695259,-5.241945266723633
-0.1240821746904601,-1.095484733581543
4.069163600073605,-6.444103240966797
-1.77750068778882,12.456893920898438
1.8601156760560384,-14.288907051086426
-10.8237586662752,-9.001739501953125
-50.1674018945849,-12.998823165893555
-5.8677981963370005,-3.4078826904296875
-24.4869919201538,-14.893102645874023
-12.281506448986304,3.0615835189819336
-5.8772631055401,-11.663125991821289
-0.1639564470097907,-1.4139575958251953
4.17561229224804,-1.5531749725341797
2.77922195660905,-5.2219085693359375
-3.454798154796729,3.083487033843994
7.692941411907634,-13.503402709960938
-2.390619984667185,4.760963439941406
-33.1832620874725,-12.243358612060547
-18.23432595343749,-13.932708740234375
5.29419053806362,-6.8948564529418945
-77.3623903172369,-24.138442993164062
15.4985727759109,14.145380973815918
7.73570234615748,-5.66401481628418
-9.325981865786185,-13.80496597290039
-9.72499716390718,-13.255903244018555
13.309934514349203,12.612730026245117
2.264898495983479,-9.269527435302734
-12.0320822507053,-15.457595825195312
-2.56542276271332,-0.19878935813903809
7.196532980977684,-11.329404830932617
-1.857666460494741,12.44656753540039
-1.4872271509121793,8.673561096191406
-3.12013961477547,-8.788536071777344
2.6303171850506604,-0.6123218536376953
-60.49569009623433,-15.811293601989746
-30.3377383335249,-14.739908218383789
1.0590749185315824,-3.182668685913086
-6.929951553081727,-12.292285919189453
-8.46093254820262,-3.2992591857910156
2.461922216333884,3.0256943702697754
4.5031585012656095,9.56756591796875
4.435147085081137,5.40406608581543
-2.88087637063392,6.662723541259766
-1.5082203021212124,3.6710357666015625
-0.6579761516790089,-10.916915893554688
3.719171936095444,6.199793815612793
-2.6053130644292946,6.941218376159668
7.276768036701751,-3.025705337524414
5.29091659278858,-0.7131431102752686
-1.0659561461183158,-20.972808837890625
15.4186986077963,9.702007293701172
7.543407488617369,8.852938652038574
9.58062385928767,-2.9150657653808594
0.2570808252882703,-39.904571533203125
8.13893448615947,-3.677432060241699
-5.14141487663266,-14.856315612792969
-16.517773128145326,0.000995635986328125
0.7364260970712593,1.535517692565918
4.25311060075082,-7.321041107177734
-25.4508968849616,2.4786453247070312
-1.9051378030600723,-0.6287016868591309
5.506094216928792,-1.5256195068359375
-0.1777753404752198,3.3295326232910156
16.9349100756105,15.044426918029785
-11.607028837624,-5.734040260314941
-1.2671721747064446,-8.44218635559082
-16.1535771788668,-11.970993041992188
8.143116180793372,-1.1442956924438477
7.078924552126015,-3.520059585571289
-5.73967918172164,-7.248682975769043
-23.3725501337939,-6.158945083618164
9.04709717330502,-17.06346893310547
-3.724573545179619,2.7109274864196777
4.4516036428765,-2.01273250579834
-1.657597602265355,-6.138291358947754
5.586124430090477,1.645914077758789
-26.6651088566214,-3.330538749694824
3.028467183462371,0.28453636169433594
-40.7258600860177,-7.997556686401367
-26.912205886836706,-16.203643798828125
-3.9965921287470247,0.24126100540161133
-4.739766082030863,9.18798828125
4.2006804390709,-3.5500869750976562
-22.3071231538392,-10.824575424194336
-18.5891767455387,-14.05152702331543
-5.960419628776203,3.7649192810058594
-18.9061714872788,-21.054397583007812
-21.4141717786538,-26.93366241455078
-12.208208404490907,-7.468798637390137
-3.72583443525641,5.39726448059082
-2.377061578670744,7.55815315246582
6.075310726130807,3.2980709075927734
2.12042655289975,-21.9620304107666
3.181253849239128,-10.61968994140625
10.41580460128629,-5.536028861999512
-23.8934551543691,-26.442092895507812
-0.8981307679622897,-6.5952301025390625
3.7078671714499096,-1.3450679779052734
11.644495901203598,3.0499725341796875
-22.42608065327665,-11.922943115234375
-1.2036514942358316,0.505448579788208
-13.5091075877696,-5.746223449707031
-1.79502295092813,-1.2439584732055664
2.332279780348585,-12.303955078125
3.11049964318654,6.805638313293457
3.54836143321337,1.7594356536865234
3.77256113899207,3.139108657836914
-2.35314836228574,-4.404546737670898
7.837521570550837,5.927936553955078
9.328533024448705,10.299201965332031
-37.9495035857927,-29.860870361328125
-4.144685584269085,2.53020977973938
8.91646092056966,4.312504768371582
5.635020609606415,-1.1819400787353516
-15.1006814359747,1.9705390930175781
-2.4599041427842496,1.6697330474853516
2.42002639701588,-1.3581254482269287
-3.0331069492891496,7.600086212158203
10.480393919522983,4.185774803161621
4.452168509343501,-5.987601280212402
-2.552277046947741,-19.214946746826172
-5.97419023328963,7.522270202636719
-0.5734820606807138,-5.887302398681641
3.7606671418030695,-7.494577407836914
-31.4759298257721,-13.912139892578125
0.300408103033295,54.80067825317383
-6.32558602127377,2.90303897857666
0.90894434552881,-2.4127166271209717
5.954690473588823,-5.15178108215332
0.0804428699766095,-9.364765167236328
8.45389840526827,4.653484344482422
-2.8859593337581737,3.4011611938476562
-1.122073026503361,-5.097809314727783
-75.56229656723696,-9.203510284423828
-6.291328737399075,-7.792640686035156
-10.1192188918475,2.842905044555664
-56.3663437951974,-10.0743408203125
2.4288820651169605,12.45257568359375
5.05355462238675,5.5579986572265625
-13.1809903671301,-9.602256774902344
-6.75960002722117,6.993579864501953
9.0758909366509,-6.050018310546875
-1.4230966237807086,39.59455108642578
5.59963570142504,-13.272682189941406
4.133325903305868,-6.537559509277344
3.00680128293027,1.9546699523925781
-27.8195558011628,-11.231033325195312
-29.9162730471743,-15.15913200378418
20.7191486697607,10.125545501708984
3.455876052191651,4.933638572692871
2.595279020812243,-13.106748580932617
-4.0896099478500325,6.273089408874512
5.3817717725564,6.175069808959961
-1.9802660997523944,2.7434768676757812
0.4007388327427847,0.3170967102050781
10.11870938841209,18.738079071044922
-1.7174251595272625,-3.8480491638183594
-13.2363849677504,-1.7538800239562988
-58.24412469223692,-44.980648040771484
-47.9875704511971,-40.939720153808594
-3.681083449701528,-10.952503204345703
0.1118559290339978,-14.055694580078125
-8.998840630677615,-10.52495002746582
1.1941842843275,0.7579936981201172
19.33685959748449,11.291088104248047
-3.09775596823669,2.151731491088867
1.2555345380058751,-4.169189453125
-78.7451798053926,-14.443032264709473
8.35813394800668,10.451589584350586
-19.6754058911438,-13.874210357666016
4.743603615290096,3.4113311767578125
1.3155747227446202,-8.561697006225586
11.316750179392892,3.2167415618896484
11.779516260068313,19.73462677001953
-3.802611775309477,4.082244873046875
-10.539071528779305,-4.001791000366211
4.49646859469848,3.3220596313476562
3.59102041590596,5.594276428222656
2.1560784090827942,0.3339729309082031
-17.309192174305,-5.481992721557617
-1.768261666543676,-9.203441619873047
-3.34531377329845,7.13189697265625
-9.09730633851708,-4.425692558288574
-12.909180343140196,10.930582046508789
4.020569536845237,1.822667121887207
2.28163515100639,-2.1517601013183594
-1.6307504375632549,-6.758636474609375
7.809600001042748,-1.389117956161499
-83.9761260280997,-9.915742874145508
7.656482330373112,3.7016220092773438
1.675245639565673,2.7587528228759766
-15.991582533821994,4.711662292480469
8.681027307740193,-10.324127197265625
11.10272802991041,4.850287437438965
3.42951329804928,-4.600216865539551
-1.4295761119406232,6.820507049560547
-11.9299972333177,-7.000858306884766
11.923948375295712,4.876579284667969
5.960801203295765,3.4002819061279297
-0.4381862293696001,-10.825994491577148
-2.43808381047612,-5.743499755859375
5.72263802046558,-13.349803924560547
1.1496085756031087,-2.9684653282165527
-6.72144892291601,-5.575977325439453
18.1939100849816,15.575706481933594
3.61441892535489,-6.844083786010742
-0.8028238008287005,-22.983556747436523
0.7001962140772594,-6.023345947265625
2.125547882163602,1.2943286895751953
-2.8472026300298463,-15.688706398010254
-4.534682244798708,-14.867521286010742
4.49418879319923,8.770004272460938
-10.901275449743116,-9.644180297851562
-4.736229867816737,5.756832599639893
-0.0053525606393112,21.506439208984375
7.06923762363823,-9.438514709472656
-0.0084306638066775,-3.903778076171875
2.11900133622217,-0.3707847595214844
8.106852576346123,1.189931869506836
-0.1428452494230792,-17.227985382080078
-1.0683487237199796,-24.95079803466797
0.0285872237409883,-31.203887939453125
2.75380173901167,5.125438690185547
-7.69948364751984,-6.915668487548828
-0.0556983764780604,-7.367316246032715
-1.32131943338233,-24.945167541503906
-3.0345245902191325,-2.426605224609375
-2.93911844531118,-7.984126091003418
9.94612085382829,3.468290328979492
-3.5546157663424616,-15.381264686584473
-11.221818720505304,-16.62708282470703
3.9797293996962297,-3.247373580932617
4.54734483862441,-0.009342432022094727
-45.634880019414,-21.542142868041992
-1.6020246929696491,-24.390338897705078
-4.12581810820042,-11.940210342407227
-3.019531285218114,-19.300796508789062
5.42509465390903,23.07126235961914
-21.5871320482388,0.4267578125
-1.2497809936708242,-14.640609741210938
-35.0272315856836,-44.210548400878906
3.37898618824583,-13.241559982299805
-13.4460672849668,-17.26845932006836
10.982614675109394,-3.371493339538574
2.35164464781062,4.6639862060546875
-20.9676231329802,-6.121528625488281
-1.6422791314174887,-6.031774044036865
-0.3136273830120112,-3.341146469116211
-16.967828162594074,-13.083755493164062
-2.8325461302865187,6.275938034057617
-2.6871577689602653,-3.1313624382019043
7.570838092245207,-14.638406753540039
-13.547300817594484,-20.916351318359375
8.99923705482913,-1.7175445556640625
-0.003939288658445,1.7692911624908447
6.147225205740463,-6.09791898727417
-2.149900469098629,-10.221176147460938
-25.2381267145584,-14.126140594482422
-5.36204355968609,3.215902328491211
4.43276114617859,2.721435546875
3.27144637329635,6.847179412841797
-1.626797120535592,-1.607844352722168
-9.859535687586003,10.165157318115234
2.0008593011464906,-16.897708892822266
0.369316059642221,3.4383926391601562
5.79128728304933,8.708343505859375
0.1235817830644999,-4.085451126098633
-3.36903782007548,-6.884552001953125
7.06032809637297,5.157469749450684
13.71198107208239,-2.487582206726074
-12.53254789251529,-9.893627166748047
5.45103123545738,0.23068976402282715
4.128157012788561,0.4722154140472412
-3.8590388668775,-1.8522167205810547
7.36579899286375,1.5000495910644531
-11.03094492075089,-11.754146575927734
8.017093587799739,-2.3040695190429688
15.384553292915324,-15.604040145874023
2.79124989437018,0.5487003326416016
2.81101468536903,-7.601633071899414
-1.7237618714553775,-2.369281768798828
-2.202886656443709,49.316131591796875
2.369358494612781,4.106122016906738
-11.30813578108209,1.014556884765625
4.484288991501213,9.868118286132812
-35.8165916579592,-14.192253112792969
-5.19085420781142,-3.9144325256347656
2.86709961553106,-0.19375991821289062
-4.349210006555943,7.372295379638672
5.029017096161708,0.2993497848510742
8.243548509216069,2.3797569274902344
-2.6184282494780104,-2.1024036407470703
-5.527709296795018,-10.372349739074707
-52.7336020518746,-20.554533004760742
6.07843040491799,-7.550024032592773
-4.396710286499547,-11.469518661499023
6.6154810826822,5.672785758972168
9.772192422094813,-17.045135498046875
2.099307195887115,2.2091517448425293
-12.414939844598162,-10.83132553100586
8.24149319055937,-1.7121601104736328
-1.5178355576616795,-1.1418075561523438
9.144089281431205,0.2799491882324219
1.418014053180695,-14.668426513671875
-60.92137282626391,-43.19011688232422
5.61896917638109,10.36175537109375
-4.96580172718434,-15.345664978027344
-24.4432878855492,-3.961332321166992
1.675381804264854,-13.10776138305664
-2.8447496930443927,-0.35150146484375
-1.059512617215007,1.8502044677734375
1.41805545618482,-1.2796335220336914
-7.06329362397977,-5.473353385925293
9.400493271217616,0.3025474548339844
3.1327986373042376,-3.984588623046875
4.097668935846943,7.832808494567871
-4.01456885639382,-13.685367584228516
-2.260381023139061,3.2705726623535156
-8.237627320974727,-13.925928115844727
-2.23616712442702,3.7024903297424316
-26.79502671025515,-22.55230712890625
-10.594900847222812,-27.71978759765625
4.509456424718162,2.5889415740966797
-22.9219832537164,-21.17022705078125
-6.2026319104393295,-14.789623260498047
-4.662511414401839,-5.576194763183594
-0.4503474699443348,3.720487594604492
-21.5531296050118,-17.546894073486328
-39.7169735486916,-12.89047622680664
-6.13466459150186,-3.832714080810547
6.093529951556334,-4.281017303466797
-33.3004252633332,-16.356216430664062
-7.789052707582185,-11.88945198059082
-61.6890402284636,-17.253501892089844
-10.613183176373598,-42.141624450683594
-12.6203596574975,-20.5751953125
-15.2234416939723,-1.9815025329589844
3.42848617073407,2.5037155151367188
-50.4820483838523,-11.953553199768066
-71.7765711158932,-22.90642547607422
4.338369925074482,-8.121330261230469
-34.0729170807354,-13.094829559326172
-10.285920522724917,7.048362731933594
2.71808902854303,1.7864913940429688
2.26767773086615,-0.6109542846679688
0.3189015990893598,-16.109272003173828
-39.873530292237,-34.875
5.053393098685065,1.5704345703125
-5.77665564868809,0.08346366882324219
-22.4462583852743,-13.853713989257812
-10.162041561092582,-21.842288970947266
8.70853787657841,-14.761029243469238
-3.73521146317182,-1.0257148742675781
-1.3326443092463092,-14.526611328125
-5.830142578087577,-3.00537109375
-7.815562497274902,0.9919700622558594
-20.7558388881914,-3.48724365234375
-1.03656181464744,0.45128631591796875
-3.930469946192945,-9.214012145996094
5.391699208755202,-9.761077880859375
7.2595381633228,4.657688140869141
9.30630078585379,4.410069465637207
-3.77133000272187,-9.637893676757812
-42.936846127142296,-45.86604309082031
0.5211206139658471,-12.418792724609375
0.7345204104922589,4.656343460083008
6.86106163750481,7.993724822998047
-21.61387508166409,-6.816490173339844
-24.577379709126298,-27.570228576660156
3.986867952152618,2.308091402053833
-63.2346715672369,-55.92230224609375
4.55602013063716,-2.1916849613189697
-20.3623076046531,-19.00553321838379
8.678125432705007,0.5084781646728516
-2.1147225087047508,-4.70504093170166
-1.14890133483728,4.313982009887695
3.7921116228684086,3.002067804336548
-1.3811964732242277,-1.9383468627929688
0.1752112379752922,-3.7994213104248047
3.3452637215970498,6.149864196777344
6.63109301847755,-13.695838928222656
-8.72128086410909,-18.73865509033203
-0.1160299782726794,-3.2894821166992188
0.1119561526876595,-5.118076324462891
11.877856996640997,-0.8540236949920654
-3.2142130797467816,-2.1239638328552246
-3.9552380984537248,-0.07277679443359375
-1.593720937577549,-20.176437377929688
3.3899996482015826,-5.075705528259277
7.66334596528203,-9.957176208496094
2.60625970962018,-4.989076614379883
5.006519903780723,3.7951431274414062
-58.5527340809363,-9.432989120483398
3.776985072333982,2.165424346923828
2.4866177573815964,2.5728702545166016
-0.6920482116816997,-6.303213119506836
2.1747311895065486,3.122915267944336
-13.14009076535719,-22.25927734375
2.745769909533195,-3.3723602294921875
-10.626155896203898,0.3320794105529785
0.0548896546292299,-8.227739334106445
-69.1366966634013,-16.88422966003418
14.8508222506114,13.081295013427734
-28.3488859938485,-25.86968994140625
0.6884341878779402,-3.6602096557617188
12.566471603210276,10.373785018920898
-5.472376660417956,-9.419538497924805
-2.1691769605730515,-10.65995979309082
-0.3887710448227697,14.178024291992188
9.1356503291117,2.4639892578125
4.93167956005568,-9.544404983520508
2.713132201978397,8.738975524902344
9.090654061652296,-16.90757179260254
1.741670982094262,-0.43227100372314453
-5.89266438028177,-3.1291465759277344
-1.130678948105339,-3.0356273651123047
-46.587141393021525,-15.994325637817383
4.366245372711767,5.618464469909668
2.858782897786812,-2.612163543701172
2.53362859007723,-6.088768005371094
-1.7943154401891548,1.3934288024902344
-0.6435038581465955,-3.837677001953125
5.99108205682079,-13.024833679199219
2.44728958086436,-16.285343170166016
1.5718362711845366,-3.192668914794922
-55.54568697318505,-21.025772094726562
-9.231606713935047,1.0071890354156494
3.547124544521316,-35.87872314453125
-73.5286754265322,-3.9522838592529297
0.2047767843086013,-5.59002685546875
-10.398648228661925,-0.7207398414611816
-46.9980356488569,-12.211748123168945
-62.9031214125763,-38.36528778076172
-10.35739215730591,-3.6908645629882812
1.83593808226401,3.524754524230957
7.827394642815597,5.230899810791016
-9.742168339465294,-19.6624755859375
-0.29408409265346,-7.744760513305664
-5.653435188749545,-8.202710151672363
-14.57002364123529,-23.582353591918945
-18.1797235112709,-5.190826416015625
-5.45440876641342,-4.783470153808594
8.596988309863011,-1.5642962455749512
-5.493763326806099,0.7739982604980469
-8.393586343504198,-6.014652252197266
-3.963646539183849,9.31186294555664
9.625121597198186,15.277624130249023
-6.18357684414468,-6.77945613861084
-3.41466344580097,13.663479804992676
-4.03025121975644,-9.253181457519531
-2.66483863280114,-14.496406555175781
-0.190891674386513,3.814788818359375
16.1850033157246,23.16539764404297
-7.910003358009165,-2.6309738159179688
-2.07861348348741,0.5493679046630859
12.331931266595111,10.984672546386719
0.8825935384285006,-4.246633052825928
-2.1789667599796294,-6.9308929443359375
3.0307168501552093,-13.001529693603516
14.8229623836697,0.590479850769043
6.795393661635613,13.581062316894531
5.16750826555368,-9.75745964050293
-57.144820014625296,-13.496896743774414
6.167862854629888,0.721886157989502
-2.698758931910008,-12.302490234375
1.289294757415069,-1.8334426879882812
13.9692836454661,2.226607322692871
-38.6438610292767,-28.162254333496094
-3.119647295186995,-11.549583435058594
-6.745372906074374,8.632400512695312
-2.7468186065138984,-0.5071849822998047
1.6198341998494314,-3.0064544677734375
1.6646916021852596,-10.178142547607422
-7.87226820943855,-6.207695960998535
8.652061852316729,8.188095092773438
2.4933992323843923,1.7019977569580078
2.35160533891099,-8.121475219726562
1.30779520720034,2.026157855987549
-11.9965988914421,-2.3526577949523926
4.780848076735348,-0.707118034362793
11.2728180991378,-2.10467267036438
0.7651079053562314,-2.0645523071289062
-10.6557437737239,-4.990024566650391
3.27100049685324,-14.231285095214844
-5.2815921348029296,-3.8799877166748047
-27.5445722402187,-33.86338806152344
-2.683955047842884,-14.365856170654297
-43.929359067237,-22.61349105834961
-4.639593570653838,-9.524313926696777
-14.7229944429405,-0.09006977081298828
-5.00028834575103,1.7300300598144531
-1.2236747050651609,-5.337578773498535
-17.6830733389949,0.085174560546875
-9.979741434164584,-12.266838073730469
-0.2823200449385875,-8.118057250976562
-36.50577458359941,-0.4782562255859375
-4.853312003098937,-54.05669403076172
-27.4476544011683,-19.4959716796875
-49.5120706514507,-38.43569564819336
1.2287673509824204,3.6351890563964844
9.503977484174175,4.924232482910156
-5.5186956836840375,5.310737609863281
-2.99361591491145,-11.719966888427734
7.99575647038201,1.48382568359375
11.7225687296843,6.53947639465332
6.987950206462267,-9.437047958374023
5.5273920092716775,-22.34829330444336
-7.19378137939456,-17.473609924316406
6.001532732018722,8.165465354919434
7.92708077877978,0.5409712791442871
4.316615136301563,5.859295845031738
0.1590569364430157,-1.8193514347076416
2.8348518495029404,1.995884895324707
-46.6686841099013,-24.226402282714844
-0.8984319813221007,-2.0668182373046875
4.30511943579503,7.006492614746094
-3.36735139960915,0.7202205657958984
6.58117049992555,-2.4084930419921875
6.753311816554961,-8.011220932006836
-1.1091988250418725,-5.743854522705078
5.26551760771767,8.449989318847656
-37.3999740396079,-11.761085510253906
-34.48768519828235,-9.158918380737305
-46.862925671502296,-19.571067810058594
-1.19024715514191,-4.9569091796875
-1.4920816076829602,-8.90986442565918
-5.775806690181939,-5.269355773925781
-14.2382866820043,0.013532638549804688
1.3131129859732091,5.0235090255737305
13.1991243046288,17.413375854492188
3.6035536346157695,3.723663330078125
4.97603191479674,-11.060733795166016
2.9737175212081803,-4.5263519287109375
-35.1782981083837,-15.522575378417969
-10.480511156242285,-15.747030258178711
-0.3170472839931941,-0.9354419708251953
3.59745169898486,3.713520050048828
-5.139364658294922,3.6128339767456055
-29.2662792150344,-15.841075897216797
11.555346181601609,4.7010016441345215
3.7092867134231,-14.403400421142578
-0.7280966227290082,-1.7267608642578125
0.9480162028997956,-1.711273193359375
-9.619042312244815,-30.174468994140625
-3.15562863494722,-19.12787628173828
7.285509446842615,-9.430795669555664
2.71319811317338,-5.84490966796875
1.026942322157092,0.40880680084228516
-4.65691689928222,-13.117538452148438
-8.677497573270493,-19.411251068115234
14.3436638764016,3.8075432777404785
-11.8973420493851,-12.7322998046875
-6.61979034735207,-2.6629409790039062
8.86280218600469,11.567086219787598
-3.43040335892423,-16.7193603515625
0.4443344011282492,-0.6079120635986328
2.6678241356197647,-2.3046951293945312
2.334382802629,-10.670842170715332
-13.8157551615103,-9.633293151855469
1.9007667723773176,-6.046436309814453
-17.190033530139498,0.30778932571411133
3.88810032819938,-5.393564224243164
1.2705701336207027,-18.32805633544922
3.887422638441485,1.3594183921813965
10.349523074958825,0.7734053134918213
9.62907409316032,6.723110198974609
0.7709161631446207,0.20458316802978516
2.3166834950764685,-1.2326736450195312
2.76912169862866,8.707887649536133
-46.2372447228831,-16.0023250579834
-37.0930621901092,-10.653923034667969
0.996650643215182,1.1729583740234375
-12.898019313824,-10.660272598266602
-0.71117494174041,-10.893026351928711
-0.5663484394051013,9.489463806152344
-12.4595255596924,-4.906322479248047
-0.6089836493556324,1.273677110671997
6.92534745147092,-1.3099441528320312
3.320229681965675,8.796279907226562
-10.274169876330886,-18.443099975585938
-49.062306315025,-17.08203125
-30.7261055182573,-15.266180038452148
22.7414116448382,5.278962135314941
-0.9529303605806088,7.208523750305176
-10.739322929783883,-3.841752052307129
-20.9507978903398,-13.954835891723633
-24.96156751119129,-29.00225830078125
14.9823899147147,9.72713851928711
-14.564555056626377,-1.8485565185546875
1.907333647224608,-12.38589859008789
-1.178255647098801,4.647743225097656
1.9806048133258944,-16.780315399169922
8.833837192566008,7.249086380004883
-18.5255095356289,-36.19743347167969
3.010752586641185,1.468475341796875
3.67041582610247,-3.5403804779052734
-33.7845903951132,-17.221553802490234
-13.812973987503693,5.855901718139648
-13.861300672159,-1.1867752075195312
-26.24662901330595,-21.618101119995117
-1.61504571199055,7.1486358642578125
8.754663680824095,-2.7028818130493164
3.22816419080692,-14.043432235717773
-2.0585753436264698,-14.702217102050781
-9.59094984812801,-13.055093765258789
6.02246857213521,2.2610931396484375
-4.11149235653684,-14.242012977600098
-4.361976736345532,-4.263103485107422
-2.4097304318056905,-4.596624374389648
4.967381413305823,2.6080780029296875
-11.9154244975033,-0.08693122863769531
-11.183106529127476,-8.818660736083984
-2.3538192484503564,-4.549873352050781
-2.204579993178592,-10.281768798828125
-91.8886792382854,-8.766039848327637
3.2582764286422226,-8.584835052490234
9.859104788483815,-10.026437759399414
-2.6304973605131474,-2.5746707916259766
8.398744223780918,-13.475984573364258
1.4955767028094,18.179574966430664
6.720388221210122,-0.9632072448730469
6.99756701325662,0.5594186782836914
12.966325580978296,1.0254898071289062
-22.8644313188967,-7.397952079772949
-14.4731176558811,-3.926754951477051
-0.0918051514147744,-34.432037353515625
0.9434331950199416,-21.455907821655273
7.877641553655238,1.5825181007385254
-27.1636490162131,-17.633487701416016
3.42669038506664,-1.8632915019989014
0.31232235517322,9.928238868713379
1.1848602197973823,-10.632217407226562
-5.822632503482525,-9.166351318359375
-2.989164004622407,-18.271032333374023
1.69213972357191,-1.1595382690429688
-0.89184437235696,-5.542725563049316
2.446050707651698,-3.828411102294922
5.07108724357905,-9.750146865844727
5.42147270471237,7.8020124435424805
-2.20364176327536,42.55742263793945
3.08443697315444,3.1210403442382812
-5.97248436581227,-7.098560333251953
-1.0190872666435924,-3.208038330078125
-14.885807229381896,-1.5851383209228516
0.046018285265003,-12.195711135864258
6.00089213826483,-3.6210808753967285
-1.4680391508473674,-9.953702926635742
-49.8653288018085,-40.20013427734375
-7.283890318199592,-9.936714172363281
3.6053774296538297,-2.881361961364746
6.364261125349779,-4.1736602783203125
-51.4043293278057,-18.994258880615234
-64.65676531723692,-21.797435760498047
-26.1965705632023,2.0412425994873047
2.63157412115867,-11.089351654052734
16.694612728237402,-4.574097156524658
-17.0314498829154,-11.375192642211914
-58.40351531723695,-9.813678741455078
-15.3173389528898,-2.588306427001953
-6.613686761665703,-20.25212860107422
-39.0646563811545,-20.32608985900879
0.809697096857583,-2.8169498443603516
0.4685622181175212,-14.062047958374023
-6.376202369524528,-3.2138442993164062
-14.434457477598505,-0.16860294342041016
-26.0047332498617,-14.831512451171875
-17.5801214502402,-13.699304580688477
-2.60072537807549,7.424041748046875
7.184930267876617,3.6817626953125
0.555665600488549,-3.9529380798339844
8.747205755218493,5.248453140258789
-2.289513933263135,-5.032777309417725
3.8009101564042025,5.390472412109375
-1.67197513843126,-17.268020629882812
-15.746453943284,-30.910415649414062
