Score,Pred Score
4.219145585451182,-104.72090148925781
-2.588665914009158,8.686816215515137
-3.0703466753296,28.889263153076172
2.1112971208509976,4.541173934936523
-19.1693792779686,0.9940986633300781
-0.9096556467231308,0.6247406005859375
-5.316952415477393,-10.429176330566406
-5.39913759737588,100.83700561523438
6.1026124307435,18.582355499267578
-1.6005087696864486,-21.948719024658203
-51.6773231694491,-20.45800018310547
0.51700222845629,-125.16888427734375
-1.6521884315998507,-10.59366226196289
2.11024229353816,-1.1031379699707031
17.2594267615487,3.237107276916504
-1.73607437190069,-18.01431655883789
-5.77436797253085,-8.21882438659668
-0.568998602339841,-28.329727172851562
-1.289264920121349,9.190292358398438
-14.1813773041305,5.480371952056885
-3.31847606547329,2.2162976264953613
11.710679650337616,-81.18931579589844
2.046344769010002,21.10541534423828
-2.77042962989298,-5.194425582885742
9.014890317831036,22.38860321044922
2.726862934921635,0.8717231750488281
-3.4922781726655696,-96.13581848144531
1.292753014965791,-9.73031997680664
8.16191414696451,-0.9077472686767578
-8.251107402184557,11.894752502441406
7.262818938793504,-130.5118408203125
4.14054171285972,-7.263805389404297
-13.546032832554804,-19.79883575439453
-16.8307740899425,13.581737518310547
-0.2642143205483515,15.508331298828125
-6.135426654744688,25.30340576171875
-7.187555808667961,40.60242462158203
8.149714042401495,15.37081527709961
-6.426376983867103,11.777807235717773
13.9953943577381,21.101442337036133
-6.31868596379813,67.29292297363281
5.321680837772678,37.611602783203125
11.9978624338519,-7.238621234893799
7.909526276907584,-4.592737197875977
7.206977941743588,25.509857177734375
-7.378812419643663,95.33049774169922
0.2475632146873464,70.65270233154297
12.7359625054994,-7.951789855957031
5.220668557811489,-3.2393569946289062
1.3318185914773402,-60.35597229003906
2.776867734737273,60.22691345214844
-27.8178569354009,14.014533996582031
-4.20883890972707,-10.889090538024902
2.78743688363977,94.18695068359375
-9.657849716236,-2.779033660888672
4.071661498679735,-43.112579345703125
-10.586292641023492,1.6315746307373047
2.578081311550471,3.1021194458007812
-42.2483635713802,3.674473762512207
8.204494762209066,-9.312395095825195
18.5317724911246,53.364295959472656
6.097122298913325,-29.308837890625
-11.299328727708405,-13.684179306030273
-6.22433036882608,2.5144519805908203
3.12612254618191,-17.32343292236328
8.756217929094177,15.59084701538086
-1.757118944268968,-0.490447998046875
-51.402683514636095,-24.328018188476562
-2.13735826282737,-17.05183219909668
8.88265541550952,7.349047660827637
5.58846482112586,-28.69561004638672
7.383552345763623,-13.463226318359375
10.229168329440906,-13.829633712768555
-17.4030551064212,0.12369537353515625
2.204062447972561,-0.636993408203125
-3.195242757261453,-29.93770408630371
-36.8822022827233,-15.911031723022461
3.812227003524945,-61.667930603027344
-6.89310310865277,-22.551834106445312
-2.85382252753121,-18.10715103149414
-7.42349600405968,-7.567558288574219
4.398848813602776,6.394061088562012
-68.1959205924323,-35.26959991455078
-3.773219093074008,-6.852058410644531
8.453421074249384,13.551899909973145
-62.9612541332419,-5.638908386230469
2.97844031586002,15.046842575073242
-5.800670766453999,-11.67030143737793
2.409764321136161,1.4211978912353516
-1.6610011043127195,15.847843170166016
1.39259946716825,-9.148056983947754
-5.785469568057495,-3.5320615768432617
10.468583156479704,-13.515695571899414
0.8267526169764301,-18.258413314819336
-0.4271227388875901,-0.46759796142578125
-5.85807143580148,-32.965118408203125
-2.67676896274171,-0.8261756896972656
-3.11888044241469,-0.29946136474609375
6.71098989067457,25.56867790222168
6.429854346358795,27.124900817871094
-6.897600670415837,-37.59870147705078
-16.4910721624856,-78.78416442871094
-3.057699221935841,16.15806770324707
-17.6906096863185,18.640884399414062
0.1461877509898399,-31.43939208984375
-3.01321716593974,24.915098190307617
-15.0412339008878,184.41876220703125
-3.60075442831331,-13.347148895263672
12.5056328567953,-8.381847381591797
-13.8996269060666,5.715435028076172
5.265272900492549,3.006803512573242
12.283123760680592,16.79320526123047
-2.54688332955635,45.26142120361328
11.579228393987275,10.009105682373047
-0.3284521577656807,-11.021138191223145
-2.33292598982445,-51.098777770996094
-0.1058882282985149,-29.13933563232422
-2.4461467814868523,-163.83273315429688
-41.8026500314277,-14.603851318359375
4.417989059347175,-0.34217262268066406
-40.2101205720394,2.6124801635742188
-14.277645616907492,0.2604560852050781
3.29681579894721,18.473033905029297
-0.7012610501602399,41.145240783691406
8.463248256721428,38.44233703613281
-2.491707941339629,1.8811626434326172
4.867927463076468,-4.9267377853393555
-1.876637029070265,-1.9892206192016602
-12.955988512618,-20.8310489654541
-7.75971004909346,27.182964324951172
4.67424026120176,-22.459381103515625
-7.08434802004719,-28.139606475830078
-6.19730890695259,-4.785621643066406
-0.1240821746904601,-13.984037399291992
4.069163600073605,9.401145935058594
-1.77750068778882,52.36731719970703
1.8601156760560384,-10.772871971130371
-10.8237586662752,-92.46532440185547
-50.1674018945849,2.8699073791503906
-5.8677981963370005,-9.802486419677734
-24.4869919201538,-0.7843208312988281
-12.281506448986304,16.577503204345703
-5.8772631055401,-28.469741821289062
-0.1639564470097907,10.51369857788086
4.17561229224804,-2.348177433013916
2.77922195660905,57.78410339355469
-3.454798154796729,10.463733673095703
7.692941411907634,-46.19102478027344
-2.390619984667185,72.11918640136719
-33.1832620874725,-5.27253532409668
-18.23432595343749,12.768112182617188
5.29419053806362,24.261573791503906
-77.3623903172369,-31.94000244140625
15.4985727759109,10.245468139648438
7.73570234615748,-4.855804443359375
-9.325981865786185,21.79197883605957
-9.72499716390718,-28.14954948425293
13.309934514349203,91.47992706298828
2.264898495983479,-13.260747909545898
-12.0320822507053,46.51800537109375
-2.56542276271332,1.2990303039550781
7.196532980977684,-9.938848495483398
-1.857666460494741,-8.885650634765625
-1.4872271509121793,6.501899719238281
-3.12013961477547,16.77471923828125
2.6303171850506604,-74.66720581054688
-60.49569009623433,-3.8314549922943115
-30.3377383335249,-20.37177276611328
1.0590749185315824,-6.860569000244141
-6.929951553081727,-22.45921516418457
-8.46093254820262,11.57122802734375
2.461922216333884,13.465621948242188
4.5031585012656095,-12.078353881835938
4.435147085081137,-6.069713592529297
-2.88087637063392,15.776596069335938
-1.5082203021212124,-30.260948181152344
-0.6579761516790089,-132.61807250976562
3.719171936095444,-8.803689956665039
-2.6053130644292946,2.2485485076904297
7.276768036701751,-15.261570930480957
5.29091659278858,10.886184692382812
-1.0659561461183158,-42.304847717285156
15.4186986077963,97.61567687988281
7.543407488617369,-1.9380722045898438
9.58062385928767,14.131362915039062
0.2570808252882703,144.76971435546875
8.13893448615947,9.457247734069824
-5.14141487663266,-0.8380203247070312
-16.517773128145326,-0.32496166229248047
0.7364260970712593,9.313529968261719
4.25311060075082,-1.6687049865722656
-25.4508968849616,41.995750427246094
-1.9051378030600723,-48.2595100402832
5.506094216928792,1.4745548963546753
-0.1777753404752198,-18.59197425842285
16.9349100756105,14.222686767578125
-11.607028837624,-17.657472610473633
-1.2671721747064446,3.8401527404785156
-16.1535771788668,-17.475845336914062
8.143116180793372,-3.270326614379883
7.078924552126015,-11.1361083984375
-5.73967918172164,-30.882631301879883
-23.3725501337939,-7.904392719268799
9.04709717330502,-9.1673583984375
-3.724573545179619,2.707277297973633
4.4516036428765,3.27121639251709
-1.657597602265355,-5.854181289672852
5.586124430090477,2.126051902770996
-26.6651088566214,-10.235700607299805
3.028467183462371,-9.725983619689941
-40.7258600860177,-2.6321582794189453
-26.912205886836706,-7.38444709777832
-3.9965921287470247,-2.1116347312927246
-4.739766082030863,-68.95600128173828
4.2006804390709,-13.171249389648438
-22.3071231538392,-9.267862319946289
-18.5891767455387,1.5754332542419434
-5.960419628776203,-43.18605041503906
-18.9061714872788,-23.858659744262695
-21.4141717786538,-24.302536010742188
-12.208208404490907,-6.314326286315918
-3.72583443525641,21.82330322265625
-2.377061578670744,-13.121444702148438
6.075310726130807,-2.3154869079589844
2.12042655289975,77.5274429321289
3.181253849239128,-21.04962158203125
10.41580460128629,1.2924458980560303
-23.8934551543691,-63.64653778076172
-0.8981307679622897,-117.5450439453125
3.7078671714499096,-7.006575107574463
11.644495901203598,54.22406005859375
-22.42608065327665,-28.851402282714844
-1.2036514942358316,17.577728271484375
-13.5091075877696,-53.767730712890625
-1.79502295092813,-1.5141353607177734
2.332279780348585,-3.529693603515625
3.11049964318654,10.142818450927734
3.54836143321337,5.0312042236328125
3.77256113899207,9.535783767700195
-2.35314836228574,18.387943267822266
7.837521570550837,20.892131805419922
9.328533024448705,33.7188720703125
-37.9495035857927,-160.74472045898438
-4.144685584269085,26.491670608520508
8.91646092056966,0.6314544677734375
5.635020609606415,-11.57929515838623
-15.1006814359747,-6.114362716674805
-2.4599041427842496,14.737435340881348
2.42002639701588,4.672167778015137
-3.0331069492891496,30.32891082763672
10.480393919522983,23.220312118530273
4.452168509343501,-3.276092052459717
-2.552277046947741,-2.5963191986083984
-5.97419023328963,4.240020751953125
-0.5734820606807138,3.1357383728027344
3.7606671418030695,-2.4549474716186523
-31.4759298257721,14.512638092041016
0.300408103033295,98.64869689941406
-6.32558602127377,17.289085388183594
0.90894434552881,-14.07225227355957
5.954690473588823,-4.441932678222656
0.0804428699766095,20.139293670654297
8.45389840526827,-71.53564453125
-2.8859593337581737,45.00535583496094
-1.122073026503361,3.1743125915527344
-75.56229656723696,1.3961181640625
-6.291328737399075,-1.8259429931640625
-10.1192188918475,-1.4220123291015625
-56.3663437951974,-5.400840759277344
2.4288820651169605,224.17694091796875
5.05355462238675,-16.303184509277344
-13.1809903671301,-3.045443534851074
-6.75960002722117,-5.95245361328125
9.0758909366509,117.803955078125
-1.4230966237807086,121.283203125
5.59963570142504,7.474906921386719
4.133325903305868,52.69584655761719
3.00680128293027,43.59741973876953
-27.8195558011628,-6.319355487823486
-29.9162730471743,4.599333763122559
20.7191486697607,8.172956466674805
3.455876052191651,-40.31355285644531
2.595279020812243,-4.196537017822266
-4.0896099478500325,28.040990829467773
5.3817717725564,27.86688232421875
-1.9802660997523944,20.563400268554688
0.4007388327427847,-198.06358337402344
10.11870938841209,1.1331329345703125
-1.7174251595272625,-89.410888671875
-13.2363849677504,1.3188295364379883
-58.24412469223692,-14.889549255371094
-47.9875704511971,-38.692169189453125
-3.681083449701528,13.093284606933594
0.1118559290339978,-7.518703460693359
-8.998840630677615,-62.372772216796875
1.1941842843275,14.342560768127441
19.33685959748449,53.0513916015625
-3.09775596823669,41.899566650390625
1.2555345380058751,-6.8889641761779785
-78.7451798053926,12.19422721862793
8.35813394800668,-1.5278282165527344
-19.6754058911438,3.1586265563964844
4.743603615290096,-150.7405242919922
1.3155747227446202,-18.089859008789062
11.316750179392892,-31.17098045349121
11.779516260068313,-26.41609764099121
-3.802611775309477,28.968841552734375
-10.539071528779305,-1.1623096466064453
4.49646859469848,-115.74874877929688
3.59102041590596,53.585411071777344
2.1560784090827942,-13.252227783203125
-17.309192174305,-7.669830322265625
-1.768261666543676,-4.517271995544434
-3.34531377329845,-23.005889892578125
-9.09730633851708,-15.093546867370605
-12.909180343140196,43.797523498535156
4.020569536845237,-20.632116317749023
2.28163515100639,-10.511550903320312
-1.6307504375632549,-190.9327392578125
7.809600001042748,-7.163251876831055
-83.9761260280997,-22.251665115356445
7.656482330373112,-10.011676788330078
1.675245639565673,-27.992029190063477
-15.991582533821994,17.246448516845703
8.681027307740193,89.14414978027344
11.10272802991041,29.128910064697266
3.42951329804928,22.458377838134766
-1.4295761119406232,-22.672470092773438
-11.9299972333177,-17.450815200805664
11.923948375295712,14.85382080078125
5.960801203295765,28.524450302124023
-0.4381862293696001,-18.04250717163086
-2.43808381047612,18.734329223632812
5.72263802046558,66.62625122070312
1.1496085756031087,-36.145660400390625
-6.72144892291601,10.9991455078125
18.1939100849816,5.1414031982421875
3.61441892535489,-19.836013793945312
-0.8028238008287005,2.322904586791992
0.7001962140772594,-8.70412826538086
2.125547882163602,-0.7384419441223145
-2.8472026300298463,-14.009773254394531
-4.534682244798708,19.321727752685547
4.49418879319923,42.49261474609375
-10.901275449743116,-2.5780868530273438
-4.736229867816737,29.735445022583008
-0.0053525606393112,233.001953125
7.06923762363823,181.18478393554688
-0.0084306638066775,0.21516036987304688
2.11900133622217,14.922135353088379
8.106852576346123,-4.248725891113281
-0.1428452494230792,-0.8713932037353516
-1.0683487237199796,-123.21636962890625
0.0285872237409883,-130.90756225585938
2.75380173901167,-10.232479095458984
-7.69948364751984,3.0491809844970703
-0.0556983764780604,-19.2283878326416
-1.32131943338233,-32.65388488769531
-3.0345245902191325,-16.182540893554688
-2.93911844531118,-21.09695053100586
9.94612085382829,24.612648010253906
-3.5546157663424616,-5.8971266746521
-11.221818720505304,-24.73666000366211
3.9797293996962297,28.34632682800293
4.54734483862441,0.9258508682250977
-45.634880019414,-25.1287784576416
-1.6020246929696491,-16.956565856933594
-4.12581810820042,-28.93563461303711
-3.019531285218114,-131.85105895996094
5.42509465390903,-9.122623443603516
-21.5871320482388,8.386850357055664
-1.2497809936708242,-24.266342163085938
-35.0272315856836,-23.86432647705078
3.37898618824583,-22.87602424621582
-13.4460672849668,-7.151651382446289
10.982614675109394,6.803562641143799
2.35164464781062,0.89263916015625
-20.9676231329802,-64.7161865234375
-1.6422791314174887,14.429023742675781
-0.3136273830120112,-15.729656219482422
-16.967828162594074,-16.117752075195312
-2.8325461302865187,-1.1662817001342773
-2.6871577689602653,3.532684803009033
7.570838092245207,-6.6494903564453125
-13.547300817594484,0.25930213928222656
8.99923705482913,25.573833465576172
-0.003939288658445,-6.536687850952148
6.147225205740463,-10.388322830200195
-2.149900469098629,8.720283508300781
-25.2381267145584,0.9785747528076172
-5.36204355968609,56.23858642578125
4.43276114617859,-20.032684326171875
3.27144637329635,10.238126754760742
-1.626797120535592,27.36679458618164
-9.859535687586003,16.486358642578125
2.0008593011464906,-9.353250503540039
0.369316059642221,67.2960205078125
5.79128728304933,52.94635772705078
0.1235817830644999,-19.731786727905273
-3.36903782007548,21.951560974121094
7.06032809637297,10.286163330078125
13.71198107208239,-11.810659408569336
-12.53254789251529,-5.1898193359375
5.45103123545738,-13.5197172164917
4.128157012788561,23.587900161743164
-3.8590388668775,49.687767028808594
7.36579899286375,-11.51260757446289
-11.03094492075089,-5.204030990600586
8.017093587799739,-42.351165771484375
15.384553292915324,-4.9159088134765625
2.79124989437018,-7.791679382324219
2.81101468536903,40.00008773803711
-1.7237618714553775,-9.262874603271484
-2.202886656443709,213.0401153564453
2.369358494612781,6.706413269042969
-11.30813578108209,215.64718627929688
4.484288991501213,25.368865966796875
-35.8165916579592,-8.284932136535645
-5.19085420781142,7.168795585632324
2.86709961553106,-21.689884185791016
-4.349210006555943,21.790225982666016
5.029017096161708,6.63631010055542
8.243548509216069,-1.9717597961425781
-2.6184282494780104,-18.42350196838379
-5.527709296795018,-31.194244384765625
-52.7336020518746,-7.666360855102539
6.07843040491799,-2.9941864013671875
-4.396710286499547,-22.53508186340332
6.6154810826822,38.128753662109375
9.772192422094813,-13.683162689208984
2.099307195887115,8.707019805908203
-12.414939844598162,-25.00784683227539
8.24149319055937,3.4563465118408203
-1.5178355576616795,-17.674041748046875
9.144089281431205,-10.161191940307617
1.418014053180695,-118.91311645507812
-60.92137282626391,-73.80460357666016
5.61896917638109,-153.90869140625
-4.96580172718434,3.5509796142578125
-24.4432878855492,-15.06737232208252
1.675381804264854,-60.51256561279297
-2.8447496930443927,-0.6896209716796875
-1.059512617215007,-6.491794586181641
1.41805545618482,20.49225616455078
-7.06329362397977,-3.7883758544921875
9.400493271217616,28.006084442138672
3.1327986373042376,-3.501995086669922
4.097668935846943,9.32956314086914
-4.01456885639382,-125.64755249023438
-2.260381023139061,31.849933624267578
-8.237627320974727,-3.5269107818603516
-2.23616712442702,16.29877471923828
-26.79502671025515,-24.797645568847656
-10.594900847222812,-5.616655349731445
4.509456424718162,16.668415069580078
-22.9219832537164,-12.738983154296875
-6.2026319104393295,12.261886596679688
-4.662511414401839,-6.1109619140625
-0.4503474699443348,6.343774795532227
-21.5531296050118,-13.030778884887695
-39.7169735486916,15.44431209564209
-6.13466459150186,16.908531188964844
6.093529951556334,10.166975975036621
-33.3004252633332,-11.698135375976562
-7.789052707582185,-3.1714859008789062
-61.6890402284636,-22.479740142822266
-10.613183176373598,-196.21795654296875
-12.6203596574975,-30.009613037109375
-15.2234416939723,-3.2873287200927734
3.42848617073407,15.271034240722656
-50.4820483838523,-12.078147888183594
-71.7765711158932,-13.565793991088867
4.338369925074482,-5.109355926513672
-34.0729170807354,4.695762634277344
-10.285920522724917,9.30645751953125
2.71808902854303,-13.587003707885742
2.26767773086615,-39.89280700683594
0.3189015990893598,-14.246015548706055
-39.873530292237,-20.50543975830078
5.053393098685065,36.59259033203125
-5.77665564868809,38.94447708129883
-22.4462583852743,237.1008758544922
-10.162041561092582,1.3356122970581055
8.70853787657841,-6.545766830444336
-3.73521146317182,-19.988000869750977
-1.3326443092463092,4.96754264831543
-5.830142578087577,-19.636856079101562
-7.815562497274902,9.643821716308594
-20.7558388881914,148.41773986816406
-1.03656181464744,149.96395874023438
-3.930469946192945,-8.767728805541992
5.391699208755202,202.26516723632812
7.2595381633228,55.285865783691406
9.30630078585379,19.230937957763672
-3.77133000272187,254.73043823242188
-42.936846127142296,-5.282035827636719
0.5211206139658471,292.77874755859375
0.7345204104922589,10.543741226196289
6.86106163750481,143.3105010986328
-21.61387508166409,15.943096160888672
-24.577379709126298,-25.956787109375
3.986867952152618,18.837797164916992
-63.2346715672369,16.562820434570312
4.55602013063716,1.3836584091186523
-20.3623076046531,61.075721740722656
8.678125432705007,-9.661354064941406
-2.1147225087047508,52.55192565917969
-1.14890133483728,19.709251403808594
3.7921116228684086,4.170286178588867
-1.3811964732242277,149.9667510986328
0.1752112379752922,22.091567993164062
3.3452637215970498,116.54679870605469
6.63109301847755,-25.856416702270508
-8.72128086410909,-25.942710876464844
-0.1160299782726794,-6.83074951171875
0.1119561526876595,2.1842050552368164
11.877856996640997,-16.681453704833984
-3.2142130797467816,11.61284065246582
-3.9552380984537248,-7.342369079589844
-1.593720937577549,2.8328094482421875
3.3899996482015826,-13.923945426940918
7.66334596528203,-25.17234230041504
2.60625970962018,-9.119537353515625
5.006519903780723,-34.80616760253906
-58.5527340809363,2.9858779907226562
3.776985072333982,38.37390899658203
2.4866177573815964,29.988035202026367
-0.6920482116816997,-3.1553115844726562
2.1747311895065486,13.090713500976562
-13.14009076535719,-1.6185979843139648
2.745769909533195,11.20541000366211
-10.626155896203898,19.881370544433594
0.0548896546292299,14.980621337890625
-69.1366966634013,-16.312877655029297
14.8508222506114,-22.087766647338867
-28.3488859938485,-133.5714111328125
0.6884341878779402,-45.402801513671875
12.566471603210276,-3.2145423889160156
-5.472376660417956,-21.215240478515625
-2.1691769605730515,-18.420093536376953
-0.3887710448227697,94.24943542480469
9.1356503291117,12.301986694335938
4.93167956005568,-26.600017547607422
2.713132201978397,-28.214126586914062
9.090654061652296,12.52558708190918
1.741670982094262,-12.820573806762695
-5.89266438028177,-17.312524795532227
-1.130678948105339,0.4202861785888672
-46.587141393021525,8.116352081298828
4.366245372711767,7.666929244995117
2.858782897786812,95.85718536376953
2.53362859007723,-17.26941680908203
-1.7943154401891548,23.047019958496094
-0.6435038581465955,101.35470581054688
5.99108205682079,-4.040416717529297
2.44728958086436,-12.469173431396484
1.5718362711845366,-37.837486267089844
-55.54568697318505,-15.133872985839844
-9.231606713935047,-0.5979022979736328
3.547124544521316,178.63104248046875
-73.5286754265322,-27.785385131835938
0.2047767843086013,3.3084945678710938
-10.398648228661925,-14.992419242858887
-46.9980356488569,-6.392050743103027
-62.9031214125763,-8.487335205078125
-10.35739215730591,-59.77833557128906
1.83593808226401,67.57999420166016
7.827394642815597,5.295019149780273
-9.742168339465294,191.82568359375
-0.29408409265346,-22.60722541809082
-5.653435188749545,11.774721145629883
-14.57002364123529,-10.804607391357422
-18.1797235112709,2.8731689453125
-5.45440876641342,0.20413494110107422
8.596988309863011,-12.770336151123047
-5.493763326806099,-4.680473327636719
-8.393586343504198,11.89129638671875
-3.963646539183849,19.386598587036133
9.625121597198186,-20.86063003540039
-6.18357684414468,-6.585996627807617
-3.41466344580097,41.23084259033203
-4.03025121975644,-2.7982254028320312
-2.66483863280114,-23.282268524169922
-0.190891674386513,-37.681270599365234
16.1850033157246,-31.521547317504883
-7.910003358009165,-9.7554931640625
-2.07861348348741,-26.088884353637695
12.331931266595111,9.91796588897705
0.8825935384285006,-1.7239618301391602
-2.1789667599796294,-40.58708190917969
3.0307168501552093,-16.509262084960938
14.8229623836697,23.768352508544922
6.795393661635613,179.8377685546875
5.16750826555368,-17.463748931884766
-57.144820014625296,-9.326194763183594
6.167862854629888,-27.36212921142578
-2.698758931910008,-31.854217529296875
1.289294757415069,-13.042949676513672
13.9692836454661,7.692154884338379
-38.6438610292767,-51.37505340576172
-3.119647295186995,-17.38241195678711
-6.745372906074374,-183.7867431640625
-2.7468186065138984,-7.207960605621338
1.6198341998494314,-19.452281951904297
1.6646916021852596,-2.9201698303222656
-7.87226820943855,-23.080459594726562
8.652061852316729,-43.167449951171875
2.4933992323843923,-1.2549324035644531
2.35160533891099,-1.980438232421875
1.30779520720034,7.107942581176758
-11.9965988914421,-11.171566009521484
4.780848076735348,6.335109233856201
11.2728180991378,10.441407203674316
0.7651079053562314,-5.495414733886719
-10.6557437737239,-6.146650314331055
3.27100049685324,7.2922515869140625
-5.2815921348029296,-36.92238998413086
-27.5445722402187,125.29228973388672
-2.683955047842884,-259.0830078125
-43.929359067237,-9.179931640625
-4.639593570653838,1.7930665016174316
-14.7229944429405,3.3565101623535156
-5.00028834575103,-16.891742706298828
-1.2236747050651609,53.89221954345703
-17.6830733389949,153.39663696289062
-9.979741434164584,25.135784149169922
-0.2823200449385875,96.4764633178711
-36.50577458359941,37.75909423828125
-4.853312003098937,-33.39691925048828
-27.4476544011683,-9.5562744140625
-49.5120706514507,12.278263092041016
1.2287673509824204,-16.220985412597656
9.503977484174175,10.859575271606445
-5.5186956836840375,122.85499572753906
-2.99361591491145,-47.35955810546875
7.99575647038201,-15.42556381225586
11.7225687296843,3.0754566192626953
6.987950206462267,-11.10828971862793
5.5273920092716775,-2.0677433013916016
-7.19378137939456,140.04769897460938
6.001532732018722,3.2313995361328125
7.92708077877978,79.064697265625
4.316615136301563,35.78057098388672
0.1590569364430157,-4.194855213165283
2.8348518495029404,-36.98516082763672
-46.6686841099013,-15.851509094238281
-0.8984319813221007,28.183849334716797
4.30511943579503,27.27086639404297
-3.36735139960915,-10.58566665649414
6.58117049992555,-7.902544021606445
6.753311816554961,-4.728931427001953
-1.1091988250418725,-19.152915954589844
5.26551760771767,-28.137435913085938
-37.3999740396079,-4.491328239440918
-34.48768519828235,3.132607936859131
-46.862925671502296,-4.7704010009765625
-1.19024715514191,-67.17402648925781
-1.4920816076829602,-27.22121810913086
-5.775806690181939,-24.962905883789062
-14.2382866820043,21.802452087402344
1.3131129859732091,81.05043029785156
13.1991243046288,-14.808201789855957
3.6035536346157695,103.82171630859375
4.97603191479674,-3.069826126098633
2.9737175212081803,-9.975521087646484
-35.1782981083837,-11.298069953918457
-10.480511156242285,-7.580573081970215
-0.3170472839931941,-28.134777069091797
3.59745169898486,18.375049591064453
-5.139364658294922,-6.285739898681641
-29.2662792150344,-21.3533935546875
11.555346181601609,37.298160552978516
3.7092867134231,24.52550506591797
-0.7280966227290082,132.50863647460938
0.9480162028997956,-16.408111572265625
-9.619042312244815,101.87417602539062
-3.15562863494722,30.528106689453125
7.285509446842615,-1.9098339080810547
2.71319811317338,-12.512887954711914
1.026942322157092,36.36501693725586
-4.65691689928222,125.19802856445312
-8.677497573270493,33.33742141723633
14.3436638764016,18.843196868896484
-11.8973420493851,122.17822265625
-6.61979034735207,4.944416046142578
8.86280218600469,21.78494644165039
-3.43040335892423,51.41502380371094
0.4443344011282492,-2.8195953369140625
2.6678241356197647,-46.656158447265625
2.334382802629,-7.917575836181641
-13.8157551615103,14.861587524414062
1.9007667723773176,7.524578094482422
-17.190033530139498,-0.3905372619628906
3.88810032819938,1.2352542877197266
1.2705701336207027,-22.285493850708008
3.887422638441485,-3.4423818588256836
10.349523074958825,-2.458834171295166
9.62907409316032,90.3607177734375
0.7709161631446207,-9.519794464111328
2.3166834950764685,89.02876281738281
2.76912169862866,27.72429656982422
-46.2372447228831,4.229526519775391
-37.0930621901092,14.030863761901855
0.996650643215182,-17.815261840820312
-12.898019313824,3.296833038330078
-0.71117494174041,-3.2806015014648438
-0.5663484394051013,19.68276023864746
-12.4595255596924,-25.083358764648438
-0.6089836493556324,21.290027618408203
6.92534745147092,-35.934593200683594
3.320229681965675,-109.14349365234375
-10.274169876330886,-215.55859375
-49.062306315025,-271.1973876953125
-30.7261055182573,3.620286703109741
22.7414116448382,-4.308881759643555
-0.9529303605806088,4.830862998962402
-10.739322929783883,8.23910140991211
-20.9507978903398,9.470085144042969
-24.96156751119129,-286.6331481933594
14.9823899147147,-7.715400695800781
-14.564555056626377,-265.30010986328125
1.907333647224608,-6.635936737060547
-1.178255647098801,-90.31648254394531
1.9806048133258944,-25.7421875
8.833837192566008,-12.012811660766602
-18.5255095356289,-26.7105712890625
3.010752586641185,-342.2589416503906
3.67041582610247,-1.7833786010742188
-33.7845903951132,-14.376060485839844
-13.812973987503693,24.789871215820312
-13.861300672159,-20.28985595703125
-26.24662901330595,5.761024475097656
-1.61504571199055,-15.194847106933594
8.754663680824095,-2.6727523803710938
3.22816419080692,-13.456893920898438
-2.0585753436264698,-20.494722366333008
-9.59094984812801,-11.474363327026367
6.02246857213521,40.89509582519531
-4.11149235653684,7.5123748779296875
-4.361976736345532,23.54004669189453
-2.4097304318056905,7.183564186096191
4.967381413305823,36.968955993652344
-11.9154244975033,14.298027038574219
-11.183106529127476,5.489686012268066
-2.3538192484503564,-3.3841304779052734
-2.204579993178592,25.854888916015625
-91.8886792382854,16.58797264099121
3.2582764286422226,75.24061584472656
9.859104788483815,1.8474206924438477
-2.6304973605131474,-9.93338680267334
8.398744223780918,4.235960006713867
1.4955767028094,3.996612548828125
6.720388221210122,38.917076110839844
6.99756701325662,1.7676630020141602
12.966325580978296,28.516761779785156
-22.8644313188967,5.68369197845459
-14.4731176558811,-15.843955993652344
-0.0918051514147744,82.76988983154297
0.9434331950199416,36.998382568359375
7.877641553655238,4.561208724975586
-27.1636490162131,-7.521274566650391
3.42669038506664,9.865062713623047
0.31232235517322,-18.635448455810547
1.1848602197973823,22.738780975341797
-5.822632503482525,21.883869171142578
-2.989164004622407,-11.232406616210938
1.69213972357191,2.8052291870117188
-0.89184437235696,8.165687561035156
2.446050707651698,32.91246032714844
5.07108724357905,-3.4031429290771484
5.42147270471237,17.30838394165039
-2.20364176327536,-19.178619384765625
3.08443697315444,-20.886611938476562
-5.97248436581227,-10.205656051635742
-1.0190872666435924,-89.57035827636719
-14.885807229381896,26.30251693725586
0.046018285265003,-7.138954162597656
6.00089213826483,-10.437028884887695
-1.4680391508473674,-4.093181610107422
-49.8653288018085,-57.93627166748047
-7.283890318199592,10.926131248474121
3.6053774296538297,-13.424562454223633
6.364261125349779,7.721548080444336
-51.4043293278057,5.370351791381836
-64.65676531723692,-11.481167793273926
-26.1965705632023,-21.45574188232422
2.63157412115867,12.191455841064453
16.694612728237402,-24.865705490112305
-17.0314498829154,8.298696517944336
-58.40351531723695,18.98870849609375
-15.3173389528898,-18.116342544555664
-6.613686761665703,-79.39128112792969
-39.0646563811545,-6.902561187744141
0.809697096857583,-15.280895233154297
0.4685622181175212,6.252199172973633
-6.376202369524528,7.460968017578125
-14.434457477598505,1.1684951782226562
-26.0047332498617,5.226186752319336
-17.5801214502402,-19.871658325195312
-2.60072537807549,2.8107385635375977
7.184930267876617,2.566986083984375
0.555665600488549,-8.827075958251953
8.747205755218493,48.17005157470703
-2.289513933263135,-16.09180450439453
3.8009101564042025,-4.738268852233887
-1.67197513843126,-23.233108520507812
-15.746453943284,-49.764068603515625
