Score,Pred Score
4.219145585451182,-8.392873764038086
-2.588665914009158,-1.3010988235473633
-3.0703466753296,1.1057595014572144
2.1112971208509976,-1.5237691402435303
-19.1693792779686,-1.1939668655395508
-0.9096556467231308,0.09584999084472656
-5.316952415477393,-22.002376556396484
-5.39913759737588,-19.968994140625
6.1026124307435,-2.121506929397583
-1.6005087696864486,-6.680698394775391
-51.6773231694491,-32.64872741699219
0.51700222845629,-3.0508193969726562
-1.6521884315998507,-0.9283129572868347
2.11024229353816,-3.0056135654449463
17.2594267615487,2.765982151031494
-1.73607437190069,-1.5833743810653687
-5.77436797253085,-2.604896068572998
-0.568998602339841,-4.272686004638672
-1.289264920121349,-20.330307006835938
-14.1813773041305,-11.135076522827148
-3.31847606547329,4.71382999420166
11.710679650337616,-1.9011039733886719
2.046344769010002,2.210080146789551
-2.77042962989298,2.462399482727051
9.014890317831036,-1.8818449974060059
2.726862934921635,-0.25577878952026367
-3.4922781726655696,-9.877891540527344
1.292753014965791,-0.20234012603759766
8.16191414696451,-1.113398551940918
-8.251107402184557,0.9014749526977539
7.262818938793504,-2.9344406127929688
4.14054171285972,2.3858375549316406
-13.546032832554804,0.9301015138626099
-16.8307740899425,-1.8086965084075928
-0.2642143205483515,-2.6579437255859375
-6.135426654744688,7.490886688232422
-7.187555808667961,-0.9399185180664062
8.149714042401495,-5.720138072967529
-6.426376983867103,-11.44493579864502
13.9953943577381,3.8032660484313965
-6.31868596379813,-13.414436340332031
5.321680837772678,6.35340690612793
11.9978624338519,-6.992173194885254
7.909526276907584,-12.440070152282715
7.206977941743588,1.4439125061035156
-7.378812419643663,-2.780827522277832
0.2475632146873464,3.5534563064575195
12.7359625054994,9.16889762878418
5.220668557811489,0.9213805198669434
1.3318185914773402,7.7717132568359375
2.776867734737273,-6.329244136810303
-27.8178569354009,-9.528543472290039
-4.20883890972707,-0.14869463443756104
2.78743688363977,10.704800605773926
-9.657849716236,-16.143192291259766
4.071661498679735,1.5604538917541504
-10.586292641023492,3.5700151920318604
2.578081311550471,1.7403407096862793
-42.2483635713802,-13.583641052246094
8.204494762209066,-5.301332950592041
18.5317724911246,1.7737574577331543
6.097122298913325,-15.252050399780273
-11.299328727708405,-10.3602876663208
-6.22433036882608,-4.081345558166504
3.12612254618191,0.169952392578125
8.756217929094177,6.308879852294922
-1.757118944268968,-33.203773498535156
-51.402683514636095,-26.708620071411133
-2.13735826282737,0.7826541662216187
8.88265541550952,0.2775909900665283
5.58846482112586,-2.948678970336914
7.383552345763623,6.585725784301758
10.229168329440906,7.500971794128418
-17.4030551064212,-10.132275581359863
2.204062447972561,3.9580605030059814
-3.195242757261453,-0.5285987854003906
-36.8822022827233,-17.677597045898438
3.812227003524945,-2.0112876892089844
-6.89310310865277,1.8478460311889648
-2.85382252753121,0.6862771511077881
-7.42349600405968,-3.6171302795410156
4.398848813602776,-2.1500422954559326
-68.1959205924323,-33.724449157714844
-3.773219093074008,0.9933910369873047
8.453421074249384,4.514025688171387
-62.9612541332419,-38.9537467956543
2.97844031586002,-13.159806251525879
-5.800670766453999,-1.221537470817566
2.409764321136161,-2.238266944885254
-1.6610011043127195,-3.4196722507476807
1.39259946716825,-0.46848222613334656
-5.785469568057495,-30.552104949951172
10.468583156479704,1.4935731887817383
0.8267526169764301,-8.367631912231445
-0.4271227388875901,1.8271474838256836
-5.85807143580148,-11.465399742126465
-2.67676896274171,1.0245375633239746
-3.11888044241469,-8.11826229095459
6.71098989067457,6.355241298675537
6.429854346358795,-1.1524553298950195
-6.897600670415837,-5.3034820556640625
-16.4910721624856,-11.655738830566406
-3.057699221935841,2.6367645263671875
-17.6906096863185,-26.754680633544922
0.1461877509898399,-16.514171600341797
-3.01321716593974,-1.774059772491455
-15.0412339008878,-35.427398681640625
-3.60075442831331,0.8951513767242432
12.5056328567953,10.956148147583008
-13.8996269060666,-0.05476069450378418
5.265272900492549,-6.048374176025391
12.283123760680592,-5.523970603942871
-2.54688332955635,-7.109314918518066
11.579228393987275,-2.016289710998535
-0.3284521577656807,-1.7053489685058594
-2.33292598982445,-10.748058319091797
-0.1058882282985149,3.8763675689697266
-2.4461467814868523,-2.437702178955078
-41.8026500314277,-8.239043235778809
4.417989059347175,0.21592044830322266
-40.2101205720394,-3.164926052093506
-14.277645616907492,7.90400505065918
3.29681579894721,-7.294186592102051
-0.7012610501602399,-9.404823303222656
8.463248256721428,7.132485389709473
-2.491707941339629,-7.397459030151367
4.867927463076468,2.8371238708496094
-1.876637029070265,-12.900239944458008
-12.955988512618,-22.943363189697266
-7.75971004909346,2.4367599487304688
4.67424026120176,3.383244514465332
-7.08434802004719,-7.154054641723633
-6.19730890695259,-1.787084698677063
-0.1240821746904601,0.1912611424922943
4.069163600073605,-13.99667739868164
-1.77750068778882,-8.180220603942871
1.8601156760560384,0.416384220123291
-10.8237586662752,-15.24638557434082
-50.1674018945849,-13.141213417053223
-5.8677981963370005,-9.630970001220703
-24.4869919201538,-24.491464614868164
-12.281506448986304,0.07858157157897949
-5.8772631055401,-5.712913513183594
-0.1639564470097907,-5.409857749938965
4.17561229224804,1.1317888498306274
2.77922195660905,2.0000381469726562
-3.454798154796729,-2.021465301513672
7.692941411907634,0.01894354820251465
-2.390619984667185,-9.422122955322266
-33.1832620874725,-14.435595512390137
-18.23432595343749,-15.790709495544434
5.29419053806362,-4.104625701904297
-77.3623903172369,-39.656158447265625
15.4985727759109,8.445599555969238
7.73570234615748,-11.247030258178711
-9.325981865786185,-7.924736499786377
-9.72499716390718,-4.867453098297119
13.309934514349203,-0.9018774032592773
2.264898495983479,-9.939851760864258
-12.0320822507053,-7.6671295166015625
-2.56542276271332,4.726731300354004
7.196532980977684,4.428664207458496
-1.857666460494741,4.291849136352539
-1.4872271509121793,-1.0103750228881836
-3.12013961477547,1.1476190090179443
2.6303171850506604,-5.113475322723389
-60.49569009623433,-12.634695053100586
-30.3377383335249,-14.060986518859863
1.0590749185315824,-6.778566360473633
-6.929951553081727,-11.901956558227539
-8.46093254820262,-2.431898355484009
2.461922216333884,6.142804145812988
4.5031585012656095,10.087934494018555
4.435147085081137,2.772047758102417
-2.88087637063392,-2.8550453186035156
-1.5082203021212124,2.9813613891601562
-0.6579761516790089,27.127548217773438
3.719171936095444,2.7577619552612305
-2.6053130644292946,3.7854950428009033
7.276768036701751,-0.8313913345336914
5.29091659278858,0.013155519962310791
-1.0659561461183158,4.415863037109375
15.4186986077963,9.818992614746094
7.543407488617369,7.678153991699219
9.58062385928767,-2.019987106323242
0.2570808252882703,3.7317657470703125
8.13893448615947,0.2994680404663086
-5.14141487663266,-16.620378494262695
-16.517773128145326,4.010993957519531
0.7364260970712593,-1.9473308324813843
4.25311060075082,-4.341585636138916
-25.4508968849616,-11.596336364746094
-1.9051378030600723,-2.4636335372924805
5.506094216928792,0.28369635343551636
-0.1777753404752198,0.2645268440246582
16.9349100756105,7.338081359863281
-11.607028837624,-8.999274253845215
-1.2671721747064446,-12.837324142456055
-16.1535771788668,-12.426626205444336
8.143116180793372,-4.572762966156006
7.078924552126015,-2.4810242652893066
-5.73967918172164,-1.1007232666015625
-23.3725501337939,-14.037790298461914
9.04709717330502,-13.976335525512695
-3.724573545179619,1.1969990730285645
4.4516036428765,-2.1971230506896973
-1.657597602265355,1.2389558553695679
5.586124430090477,5.988430023193359
-26.6651088566214,-4.611364364624023
3.028467183462371,-6.423049449920654
-40.7258600860177,-10.514646530151367
-26.912205886836706,-24.689176559448242
-3.9965921287470247,-0.14170122146606445
-4.739766082030863,-7.0170135498046875
4.2006804390709,5.540309906005859
-22.3071231538392,-17.130863189697266
-18.5891767455387,-20.767127990722656
-5.960419628776203,-2.5686159133911133
-18.9061714872788,-11.643410682678223
-21.4141717786538,-28.635597229003906
-12.208208404490907,-14.575578689575195
-3.72583443525641,-0.3475494384765625
-2.377061578670744,-1.9322214126586914
6.075310726130807,-0.6099636554718018
2.12042655289975,-12.027852058410645
3.181253849239128,1.3567352294921875
10.41580460128629,-9.161370277404785
-23.8934551543691,-22.069019317626953
-0.8981307679622897,0.54376220703125
3.7078671714499096,-2.2144417762756348
11.644495901203598,12.12376594543457
-22.42608065327665,-20.668502807617188
-1.2036514942358316,1.4784460067749023
-13.5091075877696,-25.913429260253906
-1.79502295092813,-7.930560111999512
2.332279780348585,20.007125854492188
3.11049964318654,2.016399383544922
3.54836143321337,-1.8975741863250732
3.77256113899207,3.586761951446533
-2.35314836228574,-2.0670251846313477
7.837521570550837,4.979208946228027
9.328533024448705,0.6559829711914062
-37.9495035857927,8.39666748046875
-4.144685584269085,-0.9263513088226318
8.91646092056966,-0.47412967681884766
5.635020609606415,5.6578874588012695
-15.1006814359747,1.6550135612487793
-2.4599041427842496,-9.809438705444336
2.42002639701588,-3.9428534507751465
-3.0331069492891496,-0.2963946461677551
10.480393919522983,9.326876640319824
4.452168509343501,-3.5569329261779785
-2.552277046947741,-16.704601287841797
-5.97419023328963,-0.2484574317932129
-0.5734820606807138,3.662181854248047
3.7606671418030695,-6.705253601074219
-31.4759298257721,-22.57318115234375
0.300408103033295,6.092254638671875
-6.32558602127377,4.83296012878418
0.90894434552881,3.780176877975464
5.954690473588823,-0.37600207328796387
0.0804428699766095,-6.999532699584961
8.45389840526827,12.581871032714844
-2.8859593337581737,-9.125755310058594
-1.122073026503361,-0.8880436420440674
-75.56229656723696,-25.111530303955078
-6.291328737399075,-8.0565767288208
-10.1192188918475,3.1725683212280273
-56.3663437951974,-24.14638328552246
2.4288820651169605,-20.217056274414062
5.05355462238675,4.362349510192871
-13.1809903671301,2.446784019470215
-6.75960002722117,-1.2378692626953125
9.0758909366509,-3.1391868591308594
-1.4230966237807086,-13.546985626220703
5.59963570142504,-6.538015842437744
4.133325903305868,-13.448646545410156
3.00680128293027,-0.7107019424438477
-27.8195558011628,-14.880178451538086
-29.9162730471743,-12.875944137573242
20.7191486697607,-3.596590042114258
3.455876052191651,7.908681392669678
2.595279020812243,-9.191911697387695
-4.0896099478500325,-9.017603874206543
5.3817717725564,9.019493103027344
-1.9802660997523944,-1.4961113929748535
0.4007388327427847,4.0060882568359375
10.11870938841209,3.796473264694214
-1.7174251595272625,-3.838052749633789
-13.2363849677504,-9.292722702026367
-58.24412469223692,-45.17544174194336
-47.9875704511971,-20.807254791259766
-3.681083449701528,-20.94276237487793
0.1118559290339978,-5.733083248138428
-8.998840630677615,-6.83929443359375
1.1941842843275,-0.4166327714920044
19.33685959748449,10.399301528930664
-3.09775596823669,4.223056793212891
1.2555345380058751,-3.6552231311798096
-78.7451798053926,-19.331443786621094
8.35813394800668,7.419292449951172
-19.6754058911438,-16.836986541748047
4.743603615290096,-11.37478256225586
1.3155747227446202,-8.025883674621582
11.316750179392892,6.044046401977539
11.779516260068313,7.98177433013916
-3.802611775309477,5.242600440979004
-10.539071528779305,-6.105253219604492
4.49646859469848,-3.9481277465820312
3.59102041590596,3.895895004272461
2.1560784090827942,-1.2296749353408813
-17.309192174305,-3.8248391151428223
-1.768261666543676,-4.012088775634766
-3.34531377329845,3.3479766845703125
-9.09730633851708,-7.089178085327148
-12.909180343140196,7.062782287597656
4.020569536845237,-1.7788301706314087
2.28163515100639,0.5337629914283752
-1.6307504375632549,-7.800575256347656
7.809600001042748,2.3462424278259277
-83.9761260280997,-15.266050338745117
7.656482330373112,5.113161087036133
1.675245639565673,-1.5191617012023926
-15.991582533821994,3.628145217895508
8.681027307740193,-8.872940063476562
11.10272802991041,-3.1066770553588867
3.42951329804928,-3.4028968811035156
-1.4295761119406232,4.436771869659424
-11.9299972333177,-1.4475841522216797
11.923948375295712,3.9686496257781982
5.960801203295765,-2.505345344543457
-0.4381862293696001,-11.836929321289062
-2.43808381047612,-15.849365234375
5.72263802046558,1.3110079765319824
1.1496085756031087,1.1794124841690063
-6.72144892291601,-2.299821615219116
18.1939100849816,5.215158462524414
3.61441892535489,-7.982908248901367
-0.8028238008287005,-27.90619659423828
0.7001962140772594,-7.224173545837402
2.125547882163602,-1.6969492435455322
-2.8472026300298463,-18.690305709838867
-4.534682244798708,-14.308758735656738
4.49418879319923,-0.6230983734130859
-10.901275449743116,-11.780807495117188
-4.736229867816737,6.256961822509766
-0.0053525606393112,-12.798553466796875
7.06923762363823,-18.788776397705078
-0.0084306638066775,-1.1782598495483398
2.11900133622217,-1.3693195581436157
8.106852576346123,2.075828790664673
-0.1428452494230792,-12.422439575195312
-1.0683487237199796,-7.177886962890625
0.0285872237409883,-19.75360107421875
2.75380173901167,-4.692766189575195
-7.69948364751984,-3.1873767375946045
-0.0556983764780604,-4.250030517578125
-1.32131943338233,-10.570825576782227
-3.0345245902191325,5.025127410888672
-2.93911844531118,2.9373764991760254
9.94612085382829,5.545626163482666
-3.5546157663424616,-14.73673152923584
-11.221818720505304,-10.360869407653809
3.9797293996962297,0.4592268466949463
4.54734483862441,3.2045254707336426
-45.634880019414,-26.76519775390625
-1.6020246929696491,-26.598583221435547
-4.12581810820042,-3.3285422325134277
-3.019531285218114,-7.837684631347656
5.42509465390903,3.4698448181152344
-21.5871320482388,-2.8845765590667725
-1.2497809936708242,-9.908405303955078
-35.0272315856836,-31.409677505493164
3.37898618824583,7.479898929595947
-13.4460672849668,-12.013580322265625
10.982614675109394,-0.26697027683258057
2.35164464781062,15.285552978515625
-20.9676231329802,-17.451416015625
-1.6422791314174887,0.4669368267059326
-0.3136273830120112,-17.426443099975586
-16.967828162594074,-3.5994620323181152
-2.8325461302865187,9.493965148925781
-2.6871577689602653,0.10490918159484863
7.570838092245207,-11.236759185791016
-13.547300817594484,-29.386028289794922
8.99923705482913,-1.7764177322387695
-0.003939288658445,0.3687312602996826
6.147225205740463,0.6561207175254822
-2.149900469098629,-8.241517066955566
-25.2381267145584,-22.747238159179688
-5.36204355968609,-0.4683852195739746
4.43276114617859,0.16450119018554688
3.27144637329635,-1.9056191444396973
-1.626797120535592,6.359482288360596
-9.859535687586003,-4.243321418762207
2.0008593011464906,-14.34726333618164
0.369316059642221,-3.2140984535217285
5.79128728304933,13.134708404541016
0.1235817830644999,-1.71946120262146
-3.36903782007548,-8.16702651977539
7.06032809637297,2.1040635108947754
13.71198107208239,0.5763627290725708
0.2886204877907422,-10.54046630859375
16.4171583068458,6.507094383239746
-44.7886924625105,-24.53773307800293
-7.726553411266567,-6.914607048034668
4.065326821312747,3.015676498413086
2.12749125232924,-20.163789749145508
9.06213659212517,5.4263916015625
-4.51305804704249,-20.728376388549805
4.28301459624688,-6.742591857910156
-7.211196994815285,-13.866771697998047
-58.4491138315396,-29.87177848815918
-0.5413656534735456,5.304864883422852
3.24770439300306,-1.9216630458831787
-0.6472060937938101,-7.313661575317383
-1.93656353174353,-0.6641454100608826
-1.94666134980912,1.2721343040466309
-0.670930828719279,-8.237707138061523
17.1612744381531,1.6203882694244385
-8.044482691931467,-8.660711288452148
16.9968892380515,2.3503098487854004
3.62056380925444,11.200875282287598
4.07090957771029,0.33249473571777344
-1.0680791130593923,-1.3138152360916138
4.69437535963172,-14.407691955566406
0.3837795244341289,0.596062183380127
0.6681105368389735,-9.767169952392578
-8.08045020128908,3.6331787109375
-42.6579269422049,-35.55652618408203
-30.89708550466269,-31.160079956054688
-1.1617148968623687,3.932948112487793
6.46185690649625,-0.3572477102279663
8.658679095048068,1.0515766143798828
-0.1898191226144924,-14.596065521240234
6.457932781589695,1.3006213903427124
-33.7712071062874,-12.194746017456055
-4.786538605318405,3.6726436614990234
-13.5632540546311,-15.003314018249512
-82.13826531723697,-13.838608741760254
-3.0453156276270903,-5.487892150878906
6.430237727930085,-22.52309799194336
5.31082796058257,-2.8483779430389404
-70.65073406723695,-38.91046905517578
4.71112087372323,-7.635005950927734
-10.78700495517378,-10.664217948913574
-6.055427015859325,48.40943145751953
-16.475900892606802,-1.6598281860351562
-2.487076105276776,-15.717597961425781
-48.3858044800915,-14.466958999633789
5.893700156574014,0.6442804336547852
-47.9957157156951,-15.15540885925293
-1.511416195100045,-20.982688903808594
-7.071587649042333,7.353784084320068
-0.3550158381598589,0.9948093891143799
-17.0078420331655,-18.344955444335938
10.3189652047012,18.459930419921875
8.829561804598438,0.684544563293457
10.909208084253878,3.999988079071045
-2.25262466719878,-5.675742149353027
0.7445982178878973,-1.7481675148010254
-4.813871520282443,4.947256088256836
2.85060083445348,-1.1223716735839844
-2.54595208771381,-11.678333282470703
-8.692928400841772,42.205169677734375
16.618750626525,8.049545288085938
7.37064384347005,-2.0436627864837646
-6.81516141534704,0.9637266397476196
-10.386374558578522,-10.678491592407227
3.73205068567752,-0.8890119791030884
-6.40442742836347,4.297269821166992
1.74273211890989,-1.648116111755371
-7.920344649869953,-9.632080078125
-9.28527551691871,3.3131637573242188
1.51502173443586,-1.5321301221847534
-90.3299705619704,-14.383048057556152
-6.512385872303066,-21.493072509765625
0.7982616963508231,0.23550304770469666
15.8859560938761,4.7684407234191895
-23.227454082363305,-13.645716667175293
5.4465900456679694,1.58841872215271
-13.2494383747796,-0.10870718955993652
-2.3458288386735573,0.1916065216064453
-1.5403494549472296,-2.0022432804107666
-2.941164138388841,-1.5036180019378662
-14.6311710829416,-20.9488525390625
-4.81834176383161,4.000818252563477
-4.03806373695381,-14.498472213745117
0.4076170529080399,0.21747970581054688
-34.8552692363716,-0.20599448680877686
-25.0659802428987,-11.364986419677734
-5.8684323426223,11.210369110107422
0.6771989561182002,-10.778482437133789
-14.6157572128631,-17.9652042388916
5.344594984386832,-9.838218688964844
-4.75101729862813,-11.886119842529297
-89.5439156156453,-22.921329498291016
-1.207429910073891,18.775390625
13.667582002208905,7.739447593688965
-82.4887013651952,-15.55733871459961
4.40921359309415,5.242455959320068
-19.923371510770203,-0.46413618326187134
-4.665207913971671,-5.5631608963012695
3.42106467876526,2.4828855991363525
-39.0956747424042,-2.0231146812438965
-10.288292260688207,-3.083843231201172
2.3067635611900137,3.9946603775024414
-4.92782811871599,-1.260793685913086
10.292368565007404,7.22407341003418
-8.184373188662292,-16.15386199951172
-4.763634360062484,0.6495761871337891
-2.40000424902785,-0.22956299781799316
5.009535132419683,3.2783203125
-22.2455703021075,-27.597633361816406
3.987299411465438,0.7590559720993042
-38.4962238749225,-12.705755233764648
-44.9949251983702,-1.6959002017974854
-1.378759213278819,5.598330497741699
8.07102955700163,2.8252782821655273
1.055995951979529,-2.6573805809020996
2.188685633501576,7.72595739364624
1.0880788430276551,7.241573810577393
-0.2898522089969393,-0.5457096099853516
-3.790702882666694,-1.399007797241211
-7.940842049461227,-11.05677318572998
4.398742241377427,-12.047611236572266
2.5565427438131976,8.961181640625
4.123908949931413,23.444747924804688
-76.9668504799361,-16.367151260375977
-14.1325019191809,-13.101849555969238
7.960789166364423,7.2905778884887695
0.4423212163888063,-2.4749038219451904
2.63206586722876,5.457871913909912
3.1988276731025875,-2.0899851322174072
-1.6552655274048038,3.834994316101074
8.077984978184695,4.296041965484619
-13.790764753514,-11.139616966247559
2.13745295521649,-3.6038522720336914
3.0897024917955025,-1.964444875717163
-0.3530077955256401,-14.716474533081055
-7.639409008216227,-0.6085367202758789
2.765011277030255,-2.7197771072387695
3.557691046156,-0.4767143726348877
4.00031385473591,-8.429387092590332
-55.7541546140486,-24.437095642089844
9.550892694239591,7.865077018737793
1.775572054007981,4.306694030761719
-2.248378586620203,-11.678657531738281
-56.2560888739038,-32.59754180908203
-2.5590885431480426,-2.1717467308044434
-40.5029244010595,-25.2961368560791
-30.8171784242839,-0.9052963256835938
2.679404112105611,-4.106579303741455
2.76740193393285,0.6913970708847046
-11.341527235964405,3.750194549560547
-3.448025235667948,-21.387948989868164
-0.0780407432645869,-11.223995208740234
11.616605850275496,2.343381404876709
9.179556151687803,-16.029495239257812
7.190050317883171,-4.436797618865967
-39.4932668903457,-13.10719108581543
-2.306526469902426,-0.6673861742019653
0.5403453062071405,2.581878662109375
-23.6042929930625,-24.097415924072266
-4.172986764275874,-13.072747230529785
0.5394390329931549,-0.1516408920288086
5.84905996845087,5.619884967803955
-22.9515728231767,-18.367782592773438
-3.134999611446543,0.5901485085487366
-6.066411004621831,-1.1065478324890137
2.24572304437811,-4.667938232421875
-70.8116033690518,-14.849555969238281
0.3224388648416145,5.006155490875244
4.755697845162629,8.349286079406738
1.7336328627834918,-16.703323364257812
3.939818822274421,-7.988624572753906
6.09033976794457,5.822871208190918
6.4251548431743295,-11.342445373535156
-6.47138721063866,-20.05718994140625
-0.0379657812584102,-25.773086547851562
4.4105627388370605,-3.0856542587280273
2.3065604778561424,4.443511962890625
7.588764503474316,5.187136650085449
-24.3954295810688,-5.694424629211426
7.380729755239978,-9.624545097351074
5.978124919049687,-1.5137100219726562
0.7860328468455551,-0.5848865509033203
-44.1817825469333,-36.51207733154297
3.58036180553514,-0.48064133524894714
3.33951124606136,-0.25726401805877686
-6.79658968512302,-3.0167970657348633
3.7347243087796,-11.169017791748047
4.76541245752904,4.833383083343506
8.922207576391518,-7.729000091552734
-11.864177458483407,-2.1785354614257812
1.166748445159433,2.366790294647217
-25.781275563237,-8.762980461120605
4.179707781567577,-0.3166823387145996
-1.073248118887358,-4.988076210021973
1.7249239205326918,0.6421751976013184
-81.52648016021857,-5.895769119262695
13.015759276594096,7.387815475463867
5.35198813185094,-0.9566688537597656
1.6198341998494314,-1.4504997730255127
1.6646916021852596,-14.309382438659668
-7.87226820943855,-2.7117233276367188
8.652061852316729,4.101524353027344
2.4933992323843923,-5.573210716247559
2.35160533891099,-18.806480407714844
1.30779520720034,-1.1455028057098389
-11.9965988914421,-3.6524620056152344
4.780848076735348,-2.206648111343384
11.2728180991378,-3.7679197788238525
0.7651079053562314,-4.12091064453125
-10.6557437737239,0.8501946926116943
3.27100049685324,-1.8987994194030762
-5.2815921348029296,-3.8414011001586914
-27.5445722402187,-29.965660095214844
-2.683955047842884,-8.688222885131836
-43.929359067237,-35.02617645263672
-4.639593570653838,-2.063678503036499
-14.7229944429405,5.437632083892822
-5.00028834575103,-1.3961942195892334
-1.2236747050651609,-3.1621761322021484
-17.6830733389949,-1.791670799255371
-9.979741434164584,-10.849613189697266
-0.2823200449385875,-11.697484970092773
-36.50577458359941,-2.1472091674804688
-4.853312003098937,-34.641536712646484
-27.4476544011683,-25.883188247680664
-49.5120706514507,-41.0543327331543
1.2287673509824204,-9.392207145690918
9.503977484174175,-2.6101903915405273
-5.5186956836840375,-6.825588226318359
-2.99361591491145,2.4969043731689453
7.99575647038201,-0.3642693758010864
11.7225687296843,9.780252456665039
6.987950206462267,-2.293578624725342
5.5273920092716775,-34.58538818359375
-7.19378137939456,-20.57865333557129
6.001532732018722,6.785557746887207
7.92708077877978,0.23488235473632812
4.316615136301563,-0.03678309917449951
0.1590569364430157,-0.5967795848846436
2.8348518495029404,1.6704144477844238
-46.6686841099013,-30.83820343017578
-0.8984319813221007,-9.489046096801758
4.30511943579503,-1.6271238327026367
-3.36735139960915,-9.007692337036133
6.58117049992555,-2.689568042755127
6.753311816554961,-3.1337318420410156
-1.1091988250418725,-9.891788482666016
5.26551760771767,4.931316375732422
-37.3999740396079,-12.4190092086792
-34.48768519828235,-10.7459716796875
-46.862925671502296,-27.704898834228516
-1.19024715514191,-4.178178787231445
-1.4920816076829602,-4.209178447723389
-5.775806690181939,-1.3477063179016113
-14.2382866820043,4.524847507476807
1.3131129859732091,2.2023239135742188
13.1991243046288,4.332450866699219
3.6035536346157695,0.268035888671875
4.97603191479674,8.721196174621582
2.9737175212081803,-2.611022472381592
-35.1782981083837,-11.037525177001953
-10.480511156242285,-14.041473388671875
-0.3170472839931941,-3.0403828620910645
3.59745169898486,-1.35400390625
-5.139364658294922,-7.301158905029297
-29.2662792150344,-11.573705673217773
11.555346181601609,5.771951675415039
3.7092867134231,-9.986041069030762
-0.7280966227290082,2.8929786682128906
0.9480162028997956,16.412437438964844
-9.619042312244815,-15.546510696411133
-3.15562863494722,1.174713134765625
7.285509446842615,-8.288846969604492
2.71319811317338,-1.0928590297698975
1.026942322157092,5.063005447387695
-4.65691689928222,-18.809389114379883
-8.677497573270493,-11.255400657653809
14.3436638764016,-0.7512719631195068
-11.8973420493851,-15.265180587768555
-6.61979034735207,-6.795572757720947
8.86280218600469,6.5275421142578125
-3.43040335892423,-10.755987167358398
0.4443344011282492,-3.0429372787475586
2.6678241356197647,4.801690578460693
2.334382802629,-7.233673095703125
-13.8157551615103,-13.612076759338379
1.9007667723773176,-2.454078435897827
-17.190033530139498,-0.5466399192810059
3.88810032819938,-5.117705345153809
1.2705701336207027,-6.540605545043945
3.887422638441485,1.6810095310211182
10.349523074958825,-0.37706542015075684
9.62907409316032,-1.0177106857299805
0.7709161631446207,-1.218465805053711
2.3166834950764685,-2.633037567138672
2.76912169862866,-2.691852569580078
-46.2372447228831,-30.87989044189453
-37.0930621901092,-7.161607265472412
0.996650643215182,-8.765892028808594
-12.898019313824,-14.621330261230469
-0.71117494174041,-12.890390396118164
-0.5663484394051013,0.564272403717041
-12.4595255596924,-1.2462563514709473
-0.6089836493556324,-4.1067728996276855
6.92534745147092,-3.813082218170166
3.320229681965675,10.25461196899414
-10.274169876330886,-25.638092041015625
-49.062306315025,-7.415136337280273
-30.7261055182573,-16.82156753540039
22.7414116448382,1.9510512351989746
-0.9529303605806088,6.320902347564697
-10.739322929783883,-3.0372424125671387
-20.9507978903398,-29.878498077392578
-24.96156751119129,-13.916536331176758
14.9823899147147,2.5476279258728027
-14.564555056626377,-6.125354766845703
1.907333647224608,-12.553779602050781
-1.178255647098801,3.0722923278808594
1.9806048133258944,-11.69487190246582
8.833837192566008,2.704688549041748
-18.5255095356289,-36.98168182373047
3.010752586641185,-5.751893997192383
3.67041582610247,-1.1773276329040527
-33.7845903951132,-31.155364990234375
-13.812973987503693,-5.075344085693359
-13.861300672159,1.8312252759933472
-26.24662901330595,-31.842700958251953
-1.61504571199055,3.7895545959472656
8.754663680824095,-3.581923484802246
3.22816419080692,-14.716550827026367
-2.0585753436264698,-11.627091407775879
-9.59094984812801,-20.000492095947266
6.02246857213521,-11.88427448272705
-4.11149235653684,-11.372661590576172
-4.361976736345532,-3.35079288482666
-2.4097304318056905,1.363210678100586
4.967381413305823,-0.4499664306640625
-11.9154244975033,4.948851108551025
-11.183106529127476,-12.657100677490234
-2.3538192484503564,-2.184925079345703
-2.204579993178592,-0.057893991470336914
-91.8886792382854,-12.299388885498047
3.2582764286422226,9.416175842285156
9.859104788483815,-13.491121292114258
-2.6304973605131474,4.531822204589844
8.398744223780918,-21.899024963378906
1.4955767028094,-21.00688362121582
6.720388221210122,3.293394088745117
6.99756701325662,-1.7534985542297363
12.966325580978296,17.262557983398438
-22.8644313188967,-3.326026439666748
-14.4731176558811,-0.7397174835205078
-0.0918051514147744,-17.751523971557617
0.9434331950199416,-32.59784698486328
7.877641553655238,-0.550175666809082
-27.1636490162131,-11.776352882385254
3.42669038506664,-8.514179229736328
0.31232235517322,6.074907302856445
1.1848602197973823,12.817680358886719
-5.822632503482525,-9.169050216674805
-2.989164004622407,-21.253368377685547
1.69213972357191,-11.091717720031738
-0.89184437235696,-4.612043857574463
2.446050707651698,5.6223955154418945
5.07108724357905,2.592170476913452
5.42147270471237,8.787705421447754
-2.20364176327536,-2.69903564453125
3.08443697315444,-2.316976547241211
-5.97248436581227,-5.650843620300293
-1.0190872666435924,-1.1249542236328125
-14.885807229381896,-14.128181457519531
0.046018285265003,-10.250350952148438
6.00089213826483,-12.552016258239746
-1.4680391508473674,-9.975761413574219
-49.8653288018085,-30.607933044433594
-7.283890318199592,-1.167816400527954
3.6053774296538297,-0.14138925075531006
6.364261125349779,-4.739254951477051
-51.4043293278057,-25.642776489257812
-64.65676531723692,-23.564496994018555
-26.1965705632023,-2.4962902069091797
2.63157412115867,-10.24653434753418
16.694612728237402,-11.813104629516602
-17.0314498829154,-1.4609938859939575
-58.40351531723695,-28.90736198425293
-15.3173389528898,-8.359930992126465
-6.613686761665703,-21.66883087158203
-39.0646563811545,-17.963010787963867
0.809697096857583,-3.2544045448303223
0.4685622181175212,-4.499865531921387
-6.376202369524528,-22.38580322265625
-14.434457477598505,-4.864815711975098
-26.0047332498617,-15.022693634033203
-17.5801214502402,-7.666225433349609
-2.60072537807549,12.728878021240234
7.184930267876617,8.961122512817383
0.555665600488549,-7.377537727355957
8.747205755218493,7.52024507522583
-2.289513933263135,-0.46718406677246094
3.8009101564042025,3.8120501041412354
-1.67197513843126,-22.273941040039062
-15.746453943284,-50.81047821044922
