Score,Pred Score
4.219145585451182,-5.624982833862305
-2.588665914009158,2.9368629455566406
-3.0703466753296,2.6464831829071045
2.1112971208509976,-2.1097095012664795
-19.1693792779686,-0.9118976593017578
-0.9096556467231308,-0.30897951126098633
-5.316952415477393,-25.4478759765625
-5.39913759737588,-10.52691650390625
6.1026124307435,-5.252065658569336
-1.6005087696864486,-12.166825294494629
-51.6773231694491,-34.34083557128906
0.51700222845629,-14.417373657226562
-1.6521884315998507,-2.4910945892333984
2.11024229353816,-1.246524453163147
17.2594267615487,6.344817161560059
-1.73607437190069,0.6587343215942383
-5.77436797253085,-4.859650135040283
-0.568998602339841,-5.403110980987549
-1.289264920121349,-20.201202392578125
-14.1813773041305,-1.9542908668518066
-3.31847606547329,2.206387758255005
11.710679650337616,0.7426719665527344
2.046344769010002,10.287609100341797
-2.77042962989298,9.37044906616211
9.014890317831036,6.581533432006836
2.726862934921635,4.279811382293701
-3.4922781726655696,-20.674955368041992
1.292753014965791,2.6734137535095215
8.16191414696451,-2.1967458724975586
-8.251107402184557,-4.837112903594971
7.262818938793504,-7.858894348144531
4.14054171285972,0.8471226692199707
-13.546032832554804,1.6350452899932861
-16.8307740899425,2.2440812587738037
-0.2642143205483515,-6.744405746459961
-6.135426654744688,27.223281860351562
-7.187555808667961,4.964729309082031
8.149714042401495,-6.993217468261719
-6.426376983867103,-3.4224600791931152
13.9953943577381,-3.1347005367279053
-6.31868596379813,1.5887203216552734
5.321680837772678,9.172966003417969
11.9978624338519,-10.71770191192627
7.909526276907584,-4.492755889892578
7.206977941743588,9.317283630371094
-7.378812419643663,-1.126392126083374
0.2475632146873464,-0.5878190994262695
12.7359625054994,6.91645622253418
5.220668557811489,2.0810303688049316
1.3318185914773402,-6.858863830566406
2.776867734737273,-3.9038736820220947
-27.8178569354009,1.8394317626953125
-4.20883890972707,-1.661269187927246
2.78743688363977,30.12696075439453
-9.657849716236,-9.299110412597656
4.071661498679735,-7.316949844360352
-10.586292641023492,0.20063304901123047
2.578081311550471,17.249046325683594
-42.2483635713802,-4.913751602172852
8.204494762209066,-6.860093116760254
18.5317724911246,4.8754167556762695
6.097122298913325,-23.342967987060547
-11.299328727708405,-9.603864669799805
-6.22433036882608,-4.665660858154297
3.12612254618191,-1.7920116186141968
8.756217929094177,8.90037727355957
-1.757118944268968,-19.44730567932129
-51.402683514636095,-15.409549713134766
-2.13735826282737,-0.06914222240447998
8.88265541550952,-1.5409449338912964
5.58846482112586,6.132291793823242
7.383552345763623,-4.844093322753906
10.229168329440906,13.169770240783691
-17.4030551064212,-9.803414344787598
2.204062447972561,6.962569236755371
-3.195242757261453,-2.3985424041748047
-36.8822022827233,-8.703119277954102
3.812227003524945,-1.9827919006347656
-6.89310310865277,-6.198395729064941
-2.85382252753121,-4.654232025146484
-7.42349600405968,-2.1717348098754883
4.398848813602776,-1.2261745929718018
-68.1959205924323,-15.962312698364258
-3.773219093074008,-8.797351837158203
8.453421074249384,5.9730987548828125
-62.9612541332419,-8.516080856323242
2.97844031586002,-7.86806583404541
-5.800670766453999,0.19969940185546875
2.409764321136161,-0.9174066185951233
-1.6610011043127195,-2.9266438484191895
1.39259946716825,-0.21709692478179932
-5.785469568057495,-15.431740760803223
10.468583156479704,2.141416549682617
0.8267526169764301,-8.6328125
-0.4271227388875901,3.3740570545196533
-5.85807143580148,-10.451433181762695
-2.67676896274171,1.7317414283752441
-3.11888044241469,7.516402244567871
6.71098989067457,3.823695182800293
6.429854346358795,2.019406795501709
-6.897600670415837,-6.879150390625
-16.4910721624856,-19.882469177246094
-3.057699221935841,4.817355155944824
-17.6906096863185,-15.140584945678711
0.1461877509898399,-23.399770736694336
-3.01321716593974,-1.4289093017578125
-15.0412339008878,5.1904296875
-3.60075442831331,-2.2564241886138916
12.5056328567953,-7.014317989349365
-13.8996269060666,-1.287672996520996
5.265272900492549,-8.613178253173828
12.283123760680592,1.97983980178833
-2.54688332955635,-8.090373992919922
11.579228393987275,0.003332376480102539
-0.3284521577656807,4.428062438964844
-2.33292598982445,-9.922042846679688
-0.1058882282985149,2.0923142433166504
-2.4461467814868523,14.9989013671875
-41.8026500314277,-7.1968889236450195
4.417989059347175,-6.072138786315918
-40.2101205720394,-5.695761680603027
-14.277645616907492,-5.988591194152832
3.29681579894721,-0.41966819763183594
-0.7012610501602399,0.7178997993469238
8.463248256721428,13.018758773803711
-2.491707941339629,-10.601781845092773
4.867927463076468,0.5886473655700684
-1.876637029070265,-11.899164199829102
-12.955988512618,-13.241007804870605
-7.75971004909346,-14.490293502807617
4.67424026120176,7.214748382568359
-7.08434802004719,-8.80035400390625
-6.19730890695259,-8.092580795288086
-0.1240821746904601,-0.7305538654327393
4.069163600073605,-14.586053848266602
-1.77750068778882,-19.0446720123291
1.8601156760560384,-9.286735534667969
-10.8237586662752,-13.17581558227539
-50.1674018945849,-6.459024429321289
-5.8677981963370005,-6.378279685974121
-24.4869919201538,-13.353328704833984
-12.281506448986304,0.08930730819702148
-5.8772631055401,-27.570098876953125
-0.1639564470097907,-6.649234771728516
4.17561229224804,-0.8296255469322205
2.77922195660905,-11.031366348266602
-3.454798154796729,3.7846221923828125
7.692941411907634,-7.0042805671691895
-2.390619984667185,-19.202518463134766
-33.1832620874725,-5.690160751342773
-18.23432595343749,-9.509011268615723
5.29419053806362,-6.366064071655273
-77.3623903172369,-29.562889099121094
15.4985727759109,9.731416702270508
7.73570234615748,-6.634946346282959
-9.325981865786185,-12.432079315185547
-9.72499716390718,-9.749993324279785
13.309934514349203,3.1941685676574707
2.264898495983479,-5.88510799407959
-12.0320822507053,-26.86457061767578
-2.56542276271332,2.8400726318359375
7.196532980977684,-6.80458402633667
-1.857666460494741,6.587129592895508
-1.4872271509121793,-1.2246733903884888
-3.12013961477547,-1.1465601921081543
2.6303171850506604,-7.884397506713867
-60.49569009623433,-5.949029922485352
-30.3377383335249,-9.451347351074219
1.0590749185315824,0.6080551147460938
-6.929951553081727,-13.774886131286621
-8.46093254820262,-3.5325331687927246
2.461922216333884,7.341538429260254
4.5031585012656095,13.54599380493164
4.435147085081137,2.0883517265319824
-2.88087637063392,-4.207971572875977
-1.5082203021212124,17.956653594970703
-0.6579761516790089,3.430328369140625
3.719171936095444,2.7054760456085205
-2.6053130644292946,4.145883083343506
7.276768036701751,-2.9614315032958984
5.29091659278858,-0.6687169075012207
-1.0659561461183158,0.4271068572998047
15.4186986077963,14.81491756439209
7.543407488617369,9.260029792785645
9.58062385928767,-3.0593409538269043
0.2570808252882703,-10.249618530273438
8.13893448615947,-1.8041467666625977
-5.14141487663266,-22.56631851196289
-16.517773128145326,-2.3188791275024414
0.7364260970712593,-4.25294828414917
4.25311060075082,2.1622626781463623
-25.4508968849616,-3.3076553344726562
-1.9051378030600723,-9.386224746704102
5.506094216928792,0.8695379495620728
-0.1777753404752198,-0.9937915802001953
16.9349100756105,4.6365509033203125
-11.607028837624,-9.943913459777832
-1.2671721747064446,-10.154388427734375
-16.1535771788668,-9.88845443725586
8.143116180793372,3.1091604232788086
7.078924552126015,-4.907227516174316
-5.73967918172164,-1.1612987518310547
-23.3725501337939,-11.605147361755371
9.04709717330502,-7.95687198638916
-3.724573545179619,0.24971234798431396
4.4516036428765,-1.9551186561584473
-1.657597602265355,-0.898287296295166
5.586124430090477,7.167646408081055
-26.6651088566214,-4.108619689941406
3.028467183462371,-17.292537689208984
-40.7258600860177,-5.7845869064331055
-26.912205886836706,-15.204919815063477
-3.9965921287470247,0.7339848279953003
-4.739766082030863,-13.379377365112305
4.2006804390709,5.635343551635742
-22.3071231538392,-10.091980934143066
-18.5891767455387,-10.934247016906738
-5.960419628776203,5.722132682800293
-18.9061714872788,-6.979296684265137
-21.4141717786538,-23.721996307373047
-12.208208404490907,-9.304962158203125
-3.72583443525641,-13.522224426269531
-2.377061578670744,-13.624237060546875
6.075310726130807,-2.936051607131958
2.12042655289975,0.3478851318359375
3.181253849239128,-5.3543548583984375
10.41580460128629,-10.926322937011719
-23.8934551543691,-16.35117530822754
-0.8981307679622897,-24.5567626953125
3.7078671714499096,-3.6577584743499756
11.644495901203598,8.323783874511719
-22.42608065327665,6.5240278244018555
-1.2036514942358316,-3.704792022705078
-13.5091075877696,-2.609619140625
-1.79502295092813,-3.0412917137145996
2.332279780348585,18.97509765625
3.11049964318654,2.511690616607666
3.54836143321337,5.594943046569824
3.77256113899207,2.255674362182617
-2.35314836228574,-5.934250831604004
7.837521570550837,7.482724189758301
9.328533024448705,1.8566665649414062
-37.9495035857927,-31.379150390625
-4.144685584269085,-3.1225318908691406
8.91646092056966,-3.2120933532714844
5.635020609606415,0.5232548713684082
-15.1006814359747,1.9480886459350586
-2.4599041427842496,-11.994455337524414
2.42002639701588,-4.298347473144531
-3.0331069492891496,-0.030918121337890625
10.480393919522983,7.2992143630981445
4.452168509343501,-1.3137328624725342
-2.552277046947741,-18.890544891357422
-5.97419023328963,8.866493225097656
-0.5734820606807138,1.8088874816894531
3.7606671418030695,-7.902108192443848
-31.4759298257721,-12.952327728271484
0.300408103033295,24.592514038085938
-6.32558602127377,3.9839093685150146
0.90894434552881,2.114973783493042
5.954690473588823,-8.369196891784668
0.0804428699766095,-10.037211418151855
8.45389840526827,10.574193954467773
-2.8859593337581737,1.8957290649414062
-1.122073026503361,-1.074781060218811
-75.56229656723696,-20.4234676361084
-6.291328737399075,-5.689345359802246
-10.1192188918475,-8.151386260986328
-56.3663437951974,-15.55862808227539
2.4288820651169605,21.15842628479004
5.05355462238675,-5.905335426330566
-13.1809903671301,-0.9816434383392334
-6.75960002722117,-3.1297035217285156
9.0758909366509,15.169303894042969
-1.4230966237807086,-1.1899490356445312
5.59963570142504,-15.420867919921875
4.133325903305868,9.08980655670166
3.00680128293027,-0.23856735229492188
-27.8195558011628,-9.870506286621094
-29.9162730471743,-9.67496109008789
20.7191486697607,5.887504577636719
3.455876052191651,1.753931999206543
2.595279020812243,-13.90389347076416
-4.0896099478500325,-10.13722038269043
5.3817717725564,15.939373970031738
-1.9802660997523944,-11.401355743408203
0.4007388327427847,2.7633399963378906
10.11870938841209,-13.636384010314941
-1.7174251595272625,-23.548561096191406
-13.2363849677504,-9.423470497131348
-58.24412469223692,-25.207155227661133
-47.9875704511971,-15.880516052246094
-3.681083449701528,-13.798809051513672
0.1118559290339978,-21.69840431213379
-8.998840630677615,5.1042938232421875
1.1941842843275,-3.4761300086975098
19.33685959748449,5.675912857055664
-3.09775596823669,18.68683624267578
1.2555345380058751,-7.575152397155762
-78.7451798053926,-15.213146209716797
8.35813394800668,9.152664184570312
-19.6754058911438,-10.149031639099121
4.743603615290096,-27.814502716064453
1.3155747227446202,-11.011285781860352
11.316750179392892,3.7329752445220947
11.779516260068313,9.894193649291992
-3.802611775309477,1.7231860160827637
-10.539071528779305,-3.4577791690826416
4.49646859469848,-23.16712188720703
3.59102041590596,-6.317317962646484
2.1560784090827942,-4.351624488830566
-17.309192174305,-8.899741172790527
-1.768261666543676,-11.332357406616211
-3.34531377329845,27.24142074584961
-9.09730633851708,-9.228590965270996
-12.909180343140196,-0.7809839248657227
4.020569536845237,-7.239494323730469
2.28163515100639,-13.40176010131836
-1.6307504375632549,-17.296279907226562
7.809600001042748,-1.0668444633483887
-83.9761260280997,-9.72848892211914
7.656482330373112,1.4527897834777832
1.675245639565673,-14.622858047485352
-15.991582533821994,2.5164906978607178
8.681027307740193,-12.04132080078125
11.10272802991041,-7.6413469314575195
3.42951329804928,0.4816650152206421
-1.4295761119406232,-0.12245488166809082
-11.9299972333177,-1.2242486476898193
11.923948375295712,1.630260944366455
5.960801203295765,-4.10795259475708
-0.4381862293696001,-13.848954200744629
-2.43808381047612,-12.248429298400879
5.72263802046558,3.3240785598754883
1.1496085756031087,-7.462301254272461
-6.72144892291601,-2.817592144012451
18.1939100849816,7.687459945678711
3.61441892535489,4.757150650024414
-0.8028238008287005,-18.253890991210938
0.7001962140772594,-1.272794485092163
2.125547882163602,-8.813623428344727
-2.8472026300298463,-13.510028839111328
-4.534682244798708,-20.029537200927734
4.49418879319923,-16.014930725097656
-10.901275449743116,-10.105123519897461
-4.736229867816737,1.6488133668899536
-0.0053525606393112,-75.85453796386719
7.06923762363823,-29.459808349609375
-0.0084306638066775,-2.797686815261841
2.11900133622217,-3.0598630905151367
8.106852576346123,2.753203868865967
-0.1428452494230792,-14.646673202514648
-1.0683487237199796,-10.428802490234375
0.0285872237409883,-37.6676025390625
2.75380173901167,3.294182777404785
-7.69948364751984,-6.067294597625732
-0.0556983764780604,-7.045452117919922
-1.32131943338233,-6.3424224853515625
-3.0345245902191325,4.229880332946777
-2.93911844531118,-7.601837635040283
9.94612085382829,6.105984210968018
-3.5546157663424616,-6.0360026359558105
-11.221818720505304,-14.045032501220703
3.9797293996962297,-3.745133399963379
4.54734483862441,1.813159465789795
-45.634880019414,-16.04075050354004
-1.6020246929696491,-17.387313842773438
-4.12581810820042,-7.170502662658691
-3.019531285218114,-3.459554672241211
5.42509465390903,7.28924560546875
-21.5871320482388,-2.269956111907959
-1.2497809936708242,-12.258533477783203
-35.0272315856836,-14.20668888092041
3.37898618824583,1.410080909729004
-13.4460672849668,-11.477128028869629
10.982614675109394,-1.6155375242233276
2.35164464781062,-9.043380737304688
-20.9676231329802,-3.56036376953125
-1.6422791314174887,-2.9723289012908936
-0.3136273830120112,-8.407251358032227
-16.967828162594074,-7.943265914916992
-2.8325461302865187,3.715973377227783
-2.6871577689602653,-1.3441402912139893
7.570838092245207,-14.239842414855957
-13.547300817594484,-13.940656661987305
8.99923705482913,-4.390632152557373
-0.003939288658445,1.2914777994155884
6.147225205740463,0.8193726539611816
-2.149900469098629,-22.290834426879883
-25.2381267145584,-12.058177947998047
-5.36204355968609,-7.673553466796875
4.43276114617859,-2.0064077377319336
3.27144637329635,1.626594066619873
-1.626797120535592,17.963878631591797
-9.859535687586003,2.2117090225219727
2.0008593011464906,-14.364969253540039
0.369316059642221,-8.38975715637207
5.79128728304933,11.428003311157227
0.1235817830644999,-3.269932508468628
-3.36903782007548,-40.904449462890625
7.06032809637297,0.7546155452728271
13.71198107208239,-0.04291176795959473
0.2886204877907422,-6.696236610412598
16.4171583068458,6.405749797821045
-44.7886924625105,-21.362472534179688
-7.726553411266567,-17.092182159423828
4.065326821312747,6.407161712646484
2.12749125232924,-9.55594253540039
9.06213659212517,6.445906639099121
-4.51305804704249,0.10581779479980469
4.28301459624688,6.664712905883789
-7.211196994815285,-11.880407333374023
-58.4491138315396,-17.706798553466797
-0.5413656534735456,16.39159393310547
3.24770439300306,-5.32801628112793
-0.6472060937938101,-9.72855281829834
-1.93656353174353,-3.4106314182281494
-1.94666134980912,1.17886483669281
-0.670930828719279,-8.128843307495117
17.1612744381531,1.7051610946655273
-8.044482691931467,-8.492385864257812
16.9968892380515,4.1723713874816895
3.62056380925444,-6.565807342529297
4.07090957771029,1.8474884033203125
-1.0680791130593923,-4.540437698364258
4.69437535963172,-15.811793327331543
0.3837795244341289,-2.445340871810913
0.6681105368389735,11.873735427856445
-8.08045020128908,-8.524557113647461
-42.6579269422049,-20.638364791870117
-30.89708550466269,-16.529003143310547
-1.1617148968623687,4.888666152954102
6.46185690649625,-1.6835482120513916
8.658679095048068,0.650538444519043
-0.1898191226144924,-5.397418975830078
6.457932781589695,-0.927315354347229
-33.7712071062874,-7.94169807434082
-4.786538605318405,2.911163330078125
-13.5632540546311,-4.296317100524902
-82.13826531723697,-17.905540466308594
-3.0453156276270903,16.3411865234375
6.430237727930085,-17.081939697265625
5.31082796058257,-5.811617851257324
-70.65073406723695,-21.42107391357422
4.71112087372323,-9.110101699829102
-10.78700495517378,8.44270133972168
-6.055427015859325,1.6221466064453125
-16.475900892606802,2.6581239700317383
-2.487076105276776,-48.75575256347656
-48.3858044800915,-9.810694694519043
5.893700156574014,-3.243600368499756
-47.9957157156951,-7.002017974853516
-1.511416195100045,-11.84780216217041
-7.071587649042333,7.619810581207275
-0.3550158381598589,-3.8876638412475586
-17.0078420331655,-8.416930198669434
10.3189652047012,-26.26837158203125
8.829561804598438,0.10383069515228271
10.909208084253878,4.882752418518066
-2.25262466719878,-8.606389045715332
0.7445982178878973,-3.228452205657959
-4.813871520282443,7.943188667297363
2.85060083445348,-0.825276255607605
-2.54595208771381,-13.383485794067383
-8.692928400841772,37.5753173828125
16.618750626525,13.276286125183105
7.37064384347005,-5.311614990234375
-6.81516141534704,-1.6347460746765137
-10.386374558578522,-14.147069931030273
3.73205068567752,-5.277480125427246
-6.40442742836347,4.366952896118164
1.74273211890989,1.9975810050964355
-7.920344649869953,-12.227973937988281
-9.28527551691871,2.938966989517212
1.51502173443586,-3.747640371322632
-90.3299705619704,-4.378549098968506
-6.512385872303066,-13.683050155639648
0.7982616963508231,-3.8723816871643066
15.8859560938761,5.523079872131348
-23.227454082363305,-5.924922943115234
5.4465900456679694,2.626958131790161
-13.2494383747796,-0.010626554489135742
-2.3458288386735573,1.5211873054504395
-1.5403494549472296,-4.556762218475342
-2.941164138388841,-4.563162803649902
-14.6311710829416,-9.535236358642578
-4.81834176383161,-1.492945671081543
-4.03806373695381,-12.781135559082031
0.4076170529080399,-15.082664489746094
-34.8552692363716,-2.4716742038726807
-25.0659802428987,4.410863876342773
-5.8684323426223,-0.3210258483886719
0.6771989561182002,-15.068265914916992
-14.6157572128631,-10.12790298461914
5.344594984386832,-14.82672119140625
-4.75101729862813,-13.20722484588623
-89.5439156156453,-15.983217239379883
-1.207429910073891,-9.353130340576172
13.667582002208905,6.490057468414307
-82.4887013651952,-4.755444049835205
4.40921359309415,5.398038864135742
-19.923371510770203,-1.476609468460083
-4.665207913971671,-4.289539337158203
3.42106467876526,0.6280736923217773
-39.0956747424042,-4.91654109954834
-10.288292260688207,-21.773174285888672
2.3067635611900137,-1.482100486755371
-4.92782811871599,-6.64323616027832
10.292368565007404,13.400827407836914
-8.184373188662292,-8.001791954040527
-4.763634360062484,-29.858314514160156
-2.40000424902785,-1.6303318738937378
5.009535132419683,5.097560882568359
-22.2455703021075,-16.891117095947266
3.987299411465438,-9.348161697387695
-38.4962238749225,10.613170623779297
-44.9949251983702,-1.1143786907196045
-1.378759213278819,-14.77687931060791
8.07102955700163,1.6160526275634766
1.055995951979529,-4.606293678283691
2.188685633501576,8.405396461486816
1.0880788430276551,8.835796356201172
-0.2898522089969393,0.7219398021697998
-3.790702882666694,1.5337369441986084
-7.940842049461227,-27.681106567382812
4.398742241377427,10.736610412597656
2.5565427438131976,7.646389961242676
4.123908949931413,-6.564069747924805
-76.9668504799361,-11.093812942504883
-14.1325019191809,-12.388381958007812
7.960789166364423,6.236920356750488
0.4423212163888063,-1.447479248046875
2.63206586722876,1.5695551633834839
3.1988276731025875,-19.031490325927734
-1.6552655274048038,2.8626186847686768
8.077984978184695,-1.8802752494812012
-13.790764753514,-10.438167572021484
2.13745295521649,1.8366940021514893
3.0897024917955025,-2.3022613525390625
-0.3530077955256401,-11.087186813354492
-7.639409008216227,-1.7261879444122314
2.765011277030255,2.610450267791748
3.557691046156,-4.585240364074707
4.00031385473591,-10.884047508239746
-55.7541546140486,-16.529077529907227
9.550892694239591,6.091911315917969
1.775572054007981,-26.784774780273438
-2.248378586620203,-10.463446617126465
-56.2560888739038,-20.452423095703125
-2.5590885431480426,-6.532332420349121
-40.5029244010595,-18.560531616210938
-30.8171784242839,-3.682187795639038
2.679404112105611,-10.562271118164062
2.76740193393285,-4.238210678100586
-11.341527235964405,-5.542118072509766
-3.448025235667948,-11.193215370178223
-0.0780407432645869,24.899080276489258
11.616605850275496,2.4232256412506104
9.179556151687803,-9.601863861083984
7.190050317883171,-7.9700469970703125
-39.4932668903457,-25.632240295410156
-2.306526469902426,-2.8782434463500977
0.5403453062071405,-15.069305419921875
-23.6042929930625,-12.971059799194336
-4.172986764275874,-16.831674575805664
0.5394390329931549,-0.30583620071411133
5.84905996845087,2.2919259071350098
-22.9515728231767,-41.25413513183594
-3.134999611446543,-2.1810059547424316
-6.066411004621831,-6.485523700714111
2.24572304437811,-8.327400207519531
-70.8116033690518,-19.887325286865234
0.3224388648416145,-1.3423230648040771
4.755697845162629,4.292042255401611
1.7336328627834918,-19.080663681030273
3.939818822274421,-5.167055130004883
6.09033976794457,2.637990951538086
6.4251548431743295,-13.145491600036621
-6.47138721063866,-2.4417266845703125
-0.0379657812584102,7.814201354980469
4.4105627388370605,0.6762874126434326
2.3065604778561424,1.444833755493164
7.588764503474316,3.9520044326782227
-24.3954295810688,-13.055176734924316
7.380729755239978,-10.9196195602417
5.978124919049687,1.2413768768310547
0.7860328468455551,-17.97698211669922
-44.1817825469333,-21.01344108581543
3.58036180553514,-3.238685131072998
3.33951124606136,-4.736000061035156
-6.79658968512302,-3.3627452850341797
3.7347243087796,-4.0950469970703125
4.76541245752904,4.981829643249512
8.922207576391518,-9.706695556640625
-11.864177458483407,-10.537285804748535
1.166748445159433,1.0651092529296875
-25.781275563237,-17.559555053710938
4.179707781567577,-0.16364836692810059
-1.073248118887358,-3.956035614013672
1.7249239205326918,-0.1534736156463623
-81.52648016021857,-6.465015411376953
13.015759276594096,5.775457382202148
5.35198813185094,-3.9328746795654297
1.6198341998494314,-6.3046135902404785
1.6646916021852596,-14.358701705932617
-7.87226820943855,-11.95271110534668
8.652061852316729,4.7581939697265625
2.4933992323843923,10.151033401489258
2.35160533891099,-24.277345657348633
1.30779520720034,-2.7254629135131836
-11.9965988914421,-7.356657028198242
4.780848076735348,-8.384584426879883
11.2728180991378,-3.3685007095336914
0.7651079053562314,-19.75438690185547
-10.6557437737239,-1.3269684314727783
3.27100049685324,-6.543613433837891
-5.2815921348029296,-8.030256271362305
-27.5445722402187,-36.26959991455078
-2.683955047842884,5.6529388427734375
-43.929359067237,-25.127622604370117
-4.639593570653838,-5.2793779373168945
-14.7229944429405,7.636213302612305
-5.00028834575103,-3.7548773288726807
-1.2236747050651609,-5.690428733825684
-17.6830733389949,-23.025060653686523
-9.979741434164584,-13.585958480834961
-0.2823200449385875,-31.36678695678711
-36.50577458359941,-1.5587067604064941
-4.853312003098937,-25.80048370361328
-27.4476544011683,-18.419429779052734
-49.5120706514507,-26.148578643798828
1.2287673509824204,-19.44988250732422
9.503977484174175,-4.340089797973633
-5.5186956836840375,-15.271469116210938
-2.99361591491145,14.422481536865234
7.99575647038201,-2.964275360107422
11.7225687296843,5.011063575744629
6.987950206462267,-11.016555786132812
5.5273920092716775,-25.972482681274414
-7.19378137939456,-30.88346290588379
6.001532732018722,-7.911935806274414
7.92708077877978,-2.7118592262268066
4.316615136301563,0.1901848316192627
0.1590569364430157,-3.627535343170166
2.8348518495029404,0.4461634159088135
-46.6686841099013,-12.095913887023926
-0.8984319813221007,-14.624715805053711
4.30511943579503,3.5917015075683594
-3.36735139960915,-9.011981964111328
6.58117049992555,-6.427312850952148
6.753311816554961,-6.366803169250488
-1.1091988250418725,-20.501991271972656
5.26551760771767,3.1871681213378906
-37.3999740396079,-8.670702934265137
-34.48768519828235,-5.430810928344727
-46.862925671502296,-18.98154067993164
-1.19024715514191,-6.170413970947266
-1.4920816076829602,-4.255019664764404
-5.775806690181939,-1.2103543281555176
-14.2382866820043,6.724936008453369
1.3131129859732091,-4.584667205810547
13.1991243046288,4.664115905761719
3.6035536346157695,-10.390270233154297
4.97603191479674,3.787764072418213
2.9737175212081803,-7.020579814910889
-35.1782981083837,-14.857889175415039
-10.480511156242285,-10.941633224487305
-0.3170472839931941,-10.582858085632324
3.59745169898486,-2.4445064067840576
-5.139364658294922,-17.529861450195312
-29.2662792150344,-9.248334884643555
11.555346181601609,6.589090347290039
3.7092867134231,-11.370080947875977
-0.7280966227290082,-4.26318359375
0.9480162028997956,18.488426208496094
-9.619042312244815,-4.552268981933594
-3.15562863494722,-0.535186767578125
7.285509446842615,-12.163129806518555
2.71319811317338,-4.728809356689453
1.026942322157092,2.7004339694976807
-4.65691689928222,-10.013214111328125
-8.677497573270493,-11.797537803649902
14.3436638764016,-3.679922580718994
-11.8973420493851,-14.177024841308594
-6.61979034735207,-11.65580940246582
8.86280218600469,6.298976898193359
-3.43040335892423,-15.673629760742188
0.4443344011282492,-6.945998191833496
2.6678241356197647,-1.5952892303466797
2.334382802629,-14.564203262329102
-13.8157551615103,-21.32666778564453
1.9007667723773176,-4.755138874053955
-17.190033530139498,-0.06143903732299805
3.88810032819938,-8.860593795776367
1.2705701336207027,-3.864837646484375
3.887422638441485,3.101405620574951
10.349523074958825,-1.736180305480957
9.62907409316032,8.248916625976562
0.7709161631446207,-4.20763635635376
2.3166834950764685,-12.790384292602539
2.76912169862866,-2.6984667778015137
-46.2372447228831,-17.094758987426758
-37.0930621901092,-3.417703628540039
0.996650643215182,-18.634183883666992
-12.898019313824,-9.244186401367188
-0.71117494174041,-11.846484184265137
-0.5663484394051013,-8.998900413513184
-12.4595255596924,-5.103046417236328
-0.6089836493556324,-6.133272171020508
6.92534745147092,-3.9307773113250732
3.320229681965675,19.65558624267578
-10.274169876330886,5.11328125
-49.062306315025,9.826892852783203
-30.7261055182573,-9.116022109985352
22.7414116448382,3.8299155235290527
-0.9529303605806088,9.022184371948242
-10.739322929783883,-1.1098408699035645
-20.9507978903398,-18.60150146484375
-24.96156751119129,7.148181915283203
14.9823899147147,3.331343173980713
-14.564555056626377,8.366706848144531
1.907333647224608,-15.586549758911133
-1.178255647098801,5.288608551025391
1.9806048133258944,-9.58188247680664
8.833837192566008,2.0759239196777344
-18.5255095356289,-12.616503715515137
3.010752586641185,8.001117706298828
3.67041582610247,-8.477516174316406
-33.7845903951132,-19.391551971435547
-13.812973987503693,-1.4650251865386963
-13.861300672159,1.2985515594482422
-26.24662901330595,-15.551309585571289
-1.61504571199055,1.0248289108276367
8.754663680824095,-7.121426582336426
3.22816419080692,-18.5233211517334
-2.0585753436264698,-16.650096893310547
-9.59094984812801,-12.723965644836426
6.02246857213521,-17.680709838867188
-4.11149235653684,-8.934036254882812
-4.361976736345532,-9.768982887268066
-2.4097304318056905,-9.84302043914795
4.967381413305823,-1.9564380645751953
-11.9154244975033,2.1995115280151367
-11.183106529127476,-12.176488876342773
-2.3538192484503564,-7.0139570236206055
-2.204579993178592,-1.9112521409988403
-91.8886792382854,-8.436030387878418
3.2582764286422226,-3.3178367614746094
9.859104788483815,-16.146896362304688
-2.6304973605131474,3.0930800437927246
8.398744223780918,-17.69742202758789
1.4955767028094,-4.998112678527832
6.720388221210122,0.6106126308441162
6.99756701325662,1.4388178586959839
12.966325580978296,0.2089080810546875
-22.8644313188967,-4.3302388191223145
-14.4731176558811,-0.22913432121276855
-0.0918051514147744,-3.7184219360351562
0.9434331950199416,-14.142242431640625
7.877641553655238,-0.45613789558410645
-27.1636490162131,-10.362910270690918
3.42669038506664,-6.487628936767578
0.31232235517322,-4.3149566650390625
1.1848602197973823,1.777688980102539
-5.822632503482525,-9.358896255493164
-2.989164004622407,-10.31146240234375
1.69213972357191,-3.772726058959961
-0.89184437235696,-7.778876304626465
2.446050707651698,-16.064472198486328
5.07108724357905,-4.909472942352295
5.42147270471237,4.660557270050049
-2.20364176327536,27.825714111328125
3.08443697315444,-0.044536590576171875
-5.97248436581227,-16.970470428466797
-1.0190872666435924,-3.713775634765625
-14.885807229381896,-5.589705467224121
0.046018285265003,-10.395631790161133
6.00089213826483,-11.167859077453613
-1.4680391508473674,-6.721690654754639
-49.8653288018085,-13.117493629455566
-7.283890318199592,-3.756786346435547
3.6053774296538297,-1.4555885791778564
6.364261125349779,-4.332662582397461
-51.4043293278057,-16.490968704223633
-64.65676531723692,-15.153852462768555
-26.1965705632023,-0.6832456588745117
2.63157412115867,-19.103023529052734
16.694612728237402,-8.677654266357422
-17.0314498829154,-4.788876056671143
-58.40351531723695,-16.384517669677734
-15.3173389528898,-9.835205078125
-6.613686761665703,-20.886247634887695
-39.0646563811545,-16.464969635009766
0.809697096857583,-5.347270965576172
0.4685622181175212,-15.891975402832031
-6.376202369524528,3.3921966552734375
-14.434457477598505,-4.201037406921387
-26.0047332498617,-15.086183547973633
-17.5801214502402,-11.125937461853027
-2.60072537807549,3.2582154273986816
7.184930267876617,-9.33489990234375
0.555665600488549,-9.83259391784668
8.747205755218493,8.642698287963867
-2.289513933263135,-2.675529718399048
3.8009101564042025,2.0972232818603516
-1.67197513843126,-11.413256645202637
-15.746453943284,-21.784292221069336
