Score,Pred Score
4.219145585451182,0.5380842685699463
-2.588665914009158,-1.0495280027389526
-3.0703466753296,0.5902436971664429
2.1112971208509976,2.083742141723633
-19.1693792779686,-0.4110633134841919
-0.9096556467231308,-0.7509346008300781
-5.316952415477393,-2.02522611618042
-5.39913759737588,-3.8440465927124023
6.1026124307435,-0.1564103364944458
-1.6005087696864486,-0.09488654136657715
-51.6773231694491,-25.11532974243164
0.51700222845629,-1.473085641860962
-1.6521884315998507,-1.8878631591796875
2.11024229353816,0.5744795799255371
17.2594267615487,9.591842651367188
-1.73607437190069,-0.7641876935958862
-5.77436797253085,-0.2908891439437866
-0.568998602339841,-4.982776641845703
-1.289264920121349,0.1357419490814209
-14.1813773041305,-28.952266693115234
-3.31847606547329,0.34311163425445557
11.710679650337616,4.683210372924805
2.046344769010002,0.13179564476013184
-2.77042962989298,-0.6662741899490356
9.014890317831036,-0.3842604160308838
2.726862934921635,6.121117115020752
-3.4922781726655696,0.525367259979248
1.292753014965791,-2.4177632331848145
8.16191414696451,5.999241828918457
-8.251107402184557,-1.3800815343856812
7.262818938793504,-0.6315393447875977
4.14054171285972,-0.3508927822113037
-13.546032832554804,0.1985151767730713
-16.8307740899425,-20.5269775390625
-0.2642143205483515,-4.636238098144531
-6.135426654744688,0.7099560499191284
-7.187555808667961,-1.4486281871795654
8.149714042401495,3.069746971130371
-6.426376983867103,-1.4330642223358154
13.9953943577381,0.6692025661468506
-6.31868596379813,2.4410409927368164
5.321680837772678,7.391932010650635
11.9978624338519,0.41442060470581055
7.909526276907584,0.00465083122253418
7.206977941743588,-1.709733247756958
-7.378812419643663,-2.706587791442871
0.2475632146873464,0.26309502124786377
12.7359625054994,0.8263790607452393
5.220668557811489,5.6158976554870605
1.3318185914773402,-0.29808759689331055
2.776867734737273,4.139256954193115
-27.8178569354009,-29.098020553588867
-4.20883890972707,-0.01025092601776123
2.78743688363977,0.035860419273376465
-9.657849716236,-26.3380069732666
4.071661498679735,0.40275275707244873
-10.586292641023492,0.36963725090026855
2.578081311550471,0.5644898414611816
-42.2483635713802,-29.691600799560547
8.204494762209066,-0.6864316463470459
18.5317724911246,2.475597620010376
6.097122298913325,-9.949203491210938
-11.299328727708405,3.810070753097534
-6.22433036882608,-0.784761905670166
3.12612254618191,0.36341702938079834
8.756217929094177,15.402053833007812
-1.757118944268968,-29.2681884765625
-51.402683514636095,-30.832931518554688
-2.13735826282737,0.5620489120483398
8.88265541550952,0.4182482957839966
5.58846482112586,8.918682098388672
7.383552345763623,3.1206021308898926
10.229168329440906,-0.47870373725891113
-17.4030551064212,-13.107582092285156
2.204062447972561,-0.12355458736419678
-3.195242757261453,0.4286686182022095
-36.8822022827233,-28.296489715576172
3.812227003524945,1.3659489154815674
-6.89310310865277,-3.8530216217041016
-2.85382252753121,-0.14209389686584473
-7.42349600405968,-1.3152012825012207
4.398848813602776,1.1818028688430786
-68.1959205924323,-27.418718338012695
-3.773219093074008,-0.4862055778503418
8.453421074249384,0.8635311126708984
-62.9612541332419,-24.405437469482422
2.97844031586002,3.2485814094543457
-5.800670766453999,0.04761862754821777
2.409764321136161,-0.5553426146507263
-1.6610011043127195,-1.2231788635253906
1.39259946716825,0.12144827842712402
-5.785469568057495,-29.17808723449707
10.468583156479704,8.403429985046387
0.8267526169764301,0.32392776012420654
-0.4271227388875901,0.5256484746932983
-5.85807143580148,-3.626870632171631
-2.67676896274171,0.7404143214225769
-3.11888044241469,-1.0341787338256836
6.71098989067457,0.7669042348861694
6.429854346358795,4.308625221252441
-6.897600670415837,-1.0129141807556152
-16.4910721624856,-25.075864791870117
-3.057699221935841,0.46324241161346436
-17.6906096863185,-29.524181365966797
0.1461877509898399,-0.9810178279876709
-3.01321716593974,0.3153494596481323
-15.0412339008878,-18.926231384277344
-3.60075442831331,-9.20554256439209
12.5056328567953,0.21601331233978271
-13.8996269060666,-13.352739334106445
5.265272900492549,0.14413535594940186
12.283123760680592,4.007498741149902
-2.54688332955635,0.43259406089782715
11.579228393987275,1.982957363128662
-0.3284521577656807,-0.34684646129608154
-2.33292598982445,0.09929418563842773
-0.1058882282985149,2.2914834022521973
-2.4461467814868523,-24.578548431396484
-41.8026500314277,-9.733526229858398
4.417989059347175,-0.8792526721954346
-40.2101205720394,-22.601665496826172
-14.277645616907492,-1.0021525621414185
3.29681579894721,8.07894229888916
-0.7012610501602399,-4.660103797912598
8.463248256721428,-1.1198889017105103
-2.491707941339629,-1.3052642345428467
4.867927463076468,0.13734877109527588
-1.876637029070265,0.05646622180938721
-12.955988512618,-28.550189971923828
-7.75971004909346,-1.2411410808563232
4.67424026120176,0.8244153261184692
-7.08434802004719,-8.92280387878418
-6.19730890695259,-1.998617172241211
-0.1240821746904601,-0.21553552150726318
4.069163600073605,-2.6574909687042236
-1.77750068778882,5.315371990203857
1.8601156760560384,-0.13101685047149658
-10.8237586662752,-25.366464614868164
-50.1674018945849,-25.570568084716797
-5.8677981963370005,-2.71344256401062
-24.4869919201538,-28.843647003173828
-12.281506448986304,-13.03538703918457
-5.8772631055401,-0.45501232147216797
-0.1639564470097907,-0.1507014036178589
4.17561229224804,0.4177628755569458
2.77922195660905,0.8349896669387817
-3.454798154796729,0.6285862922668457
7.692941411907634,1.9628252983093262
-2.390619984667185,0.6554381847381592
-33.1832620874725,-29.650802612304688
-18.23432595343749,-11.50526237487793
5.29419053806362,4.417820930480957
-77.3623903172369,-28.878013610839844
15.4985727759109,1.1087629795074463
7.73570234615748,-13.150435447692871
-9.325981865786185,-10.694406509399414
-9.72499716390718,0.4910731315612793
13.309934514349203,3.3116989135742188
2.264898495983479,-9.832986831665039
-12.0320822507053,-9.691102027893066
-2.56542276271332,0.25159668922424316
7.196532980977684,0.31804537773132324
-1.857666460494741,0.5161406993865967
-1.4872271509121793,-3.337157726287842
-3.12013961477547,0.36597585678100586
2.6303171850506604,-1.5596344470977783
-60.49569009623433,-29.712528228759766
-30.3377383335249,-21.367597579956055
1.0590749185315824,5.205004692077637
-6.929951553081727,-5.771361351013184
-8.46093254820262,-5.071144104003906
2.461922216333884,0.6576455235481262
4.5031585012656095,0.8471698760986328
4.435147085081137,0.5696665644645691
-2.88087637063392,0.761847972869873
-1.5082203021212124,0.14303088188171387
-0.6579761516790089,-0.6654467582702637
3.719171936095444,3.926741600036621
-2.6053130644292946,-6.142887592315674
7.276768036701751,9.867388725280762
5.29091659278858,3.4270505905151367
-1.0659561461183158,0.1402268409729004
15.4186986077963,0.5641694068908691
7.543407488617369,13.15637493133545
9.58062385928767,6.896176815032959
0.2570808252882703,-0.6619316339492798
8.13893448615947,0.043450236320495605
-5.14141487663266,-0.38362348079681396
-16.517773128145326,-2.6713783740997314
0.7364260970712593,0.26528263092041016
4.25311060075082,-0.9514939785003662
-25.4508968849616,-18.603137969970703
-1.9051378030600723,3.4170339107513428
5.506094216928792,0.38215041160583496
-0.1777753404752198,-2.693507194519043
16.9349100756105,19.704235076904297
-11.607028837624,0.36768507957458496
-1.2671721747064446,-25.893394470214844
-16.1535771788668,0.10849761962890625
8.143116180793372,-0.7435824871063232
7.078924552126015,13.95707893371582
-5.73967918172164,2.579501152038574
-23.3725501337939,-0.6118671894073486
9.04709717330502,13.755118370056152
-3.724573545179619,3.134976387023926
4.4516036428765,-1.3204110860824585
-1.657597602265355,0.14669358730316162
5.586124430090477,1.2066758871078491
-26.6651088566214,-23.17494773864746
3.028467183462371,0.7690410614013672
-40.7258600860177,2.5522260665893555
-26.912205886836706,-26.441532135009766
-3.9965921287470247,4.940093040466309
-4.739766082030863,0.28959929943084717
4.2006804390709,-11.055587768554688
-22.3071231538392,-28.214353561401367
-18.5891767455387,-25.40507698059082
-5.960419628776203,0.4956866502761841
-18.9061714872788,-0.30664771795272827
-21.4141717786538,-24.2606201171875
-12.208208404490907,-25.88733673095703
-3.72583443525641,0.423137903213501
-2.377061578670744,-0.756859302520752
6.075310726130807,1.0832405090332031
2.12042655289975,-1.0376262664794922
3.181253849239128,3.4363138675689697
10.41580460128629,-1.469275712966919
-23.8934551543691,-20.534799575805664
-0.8981307679622897,0.2312319278717041
3.7078671714499096,3.1824657917022705
11.644495901203598,0.9404948949813843
-22.42608065327665,-28.30401611328125
-1.2036514942358316,0.6676735281944275
-13.5091075877696,-13.717977523803711
-1.79502295092813,-1.0599905252456665
2.332279780348585,-0.6390739679336548
3.11049964318654,3.764925003051758
3.54836143321337,-0.45831573009490967
3.77256113899207,-0.7506915330886841
-2.35314836228574,-4.0225982666015625
7.837521570550837,6.602317810058594
9.328533024448705,0.6201519966125488
-37.9495035857927,-11.63123893737793
-4.144685584269085,-0.34321701526641846
8.91646092056966,9.883523941040039
5.635020609606415,-0.32986295223236084
-15.1006814359747,-8.366819381713867
-2.4599041427842496,0.12883877754211426
2.42002639701588,-0.015038251876831055
-3.0331069492891496,-4.338919162750244
10.480393919522983,1.0231525897979736
4.452168509343501,0.3679582476615906
-2.552277046947741,-3.5042104721069336
-5.97419023328963,0.25925910472869873
-0.5734820606807138,-0.23143768310546875
3.7606671418030695,-0.37266087532043457
-31.4759298257721,-27.288780212402344
0.300408103033295,-1.8183375597000122
-6.32558602127377,0.4544256925582886
0.90894434552881,2.0979628562927246
5.954690473588823,-0.4911006689071655
0.0804428699766095,0.9818563461303711
8.45389840526827,0.3447929620742798
-2.8859593337581737,-0.3149738311767578
-1.122073026503361,1.5985214710235596
-75.56229656723696,-77.735107421875
-6.291328737399075,-2.614640474319458
-10.1192188918475,-0.8602629899978638
-56.3663437951974,-29.147174835205078
2.4288820651169605,-1.3118720054626465
5.05355462238675,0.08109354972839355
-13.1809903671301,-0.5257763862609863
-6.75960002722117,-1.6611385345458984
9.0758909366509,-0.49182289838790894
-1.4230966237807086,0.2644662857055664
5.59963570142504,-4.043877124786377
4.133325903305868,-0.10061466693878174
3.00680128293027,-0.7321500778198242
-27.8195558011628,-27.23199462890625
-29.9162730471743,-30.772323608398438
20.7191486697607,3.1984639167785645
3.455876052191651,4.410192966461182
2.595279020812243,-14.025503158569336
-4.0896099478500325,0.01731276512145996
5.3817717725564,-0.699812650680542
-1.9802660997523944,3.5782370567321777
0.4007388327427847,1.3721598386764526
10.11870938841209,-4.173469543457031
-1.7174251595272625,-1.1533759832382202
-13.2363849677504,-10.12542724609375
-58.24412469223692,-35.10856246948242
-47.9875704511971,-26.753711700439453
-3.681083449701528,-50.699485778808594
0.1118559290339978,-2.5296969413757324
-8.998840630677615,-0.4785027503967285
1.1941842843275,1.2093429565429688
19.33685959748449,2.095048427581787
-3.09775596823669,1.502706527709961
1.2555345380058751,8.065580368041992
-78.7451798053926,-26.343761444091797
8.35813394800668,0.7106131315231323
-19.6754058911438,-30.40271759033203
4.743603615290096,-0.1748960018157959
1.3155747227446202,0.02437901496887207
11.316750179392892,2.2072207927703857
11.779516260068313,0.18125009536743164
-3.802611775309477,-7.4433064460754395
-10.539071528779305,-1.8337500095367432
4.49646859469848,-0.508355975151062
3.59102041590596,0.6994198560714722
2.1560784090827942,2.496748447418213
-17.309192174305,-1.9856038093566895
-1.768261666543676,0.540137529373169
-3.34531377329845,-0.6382731199264526
-9.09730633851708,-0.22684431076049805
-12.909180343140196,-7.109247207641602
4.020569536845237,2.0962276458740234
2.28163515100639,-0.9715417623519897
-1.6307504375632549,0.13565599918365479
7.809600001042748,1.6279081106185913
-83.9761260280997,-64.6402359008789
7.656482330373112,4.4063262939453125
1.675245639565673,-0.6263612508773804
-15.991582533821994,-0.7549431324005127
8.681027307740193,3.9770712852478027
11.10272802991041,2.200253486633301
3.42951329804928,0.33213555812835693
-1.4295761119406232,-6.658503532409668
-11.9299972333177,-8.994180679321289
11.923948375295712,0.14780795574188232
5.960801203295765,-2.292590618133545
-0.4381862293696001,-0.008170008659362793
-2.43808381047612,0.19661998748779297
5.72263802046558,-1.575394630432129
1.1496085756031087,-0.6063259840011597
-6.72144892291601,-0.11216044425964355
18.1939100849816,9.512568473815918
3.61441892535489,-0.36757898330688477
-0.8028238008287005,-30.75005340576172
0.7001962140772594,-0.913590669631958
2.125547882163602,2.1483757495880127
-2.8472026300298463,-30.048965454101562
-4.534682244798708,-15.346248626708984
4.49418879319923,0.2945132255554199
-10.901275449743116,-2.5537548065185547
-4.736229867816737,3.554175853729248
-0.0053525606393112,-0.7212510108947754
7.06923762363823,0.2223527431488037
-0.0084306638066775,-1.0220338106155396
2.11900133622217,0.35446465015411377
8.106852576346123,9.648710250854492
-0.1428452494230792,-1.0774297714233398
-1.0683487237199796,-0.6610245704650879
0.0285872237409883,-1.9568371772766113
2.75380173901167,-0.5875717401504517
-7.69948364751984,-5.23659610748291
-0.0556983764780604,-0.9629909992218018
-1.32131943338233,2.676452159881592
-3.0345245902191325,0.0015265941619873047
-2.93911844531118,0.2006514072418213
9.94612085382829,6.538402080535889
-3.5546157663424616,-32.53180694580078
-11.221818720505304,-21.324058532714844
3.9797293996962297,-0.16391336917877197
4.54734483862441,0.5730267763137817
-45.634880019414,-30.384605407714844
-1.6020246929696491,-27.166292190551758
-4.12581810820042,-2.5552597045898438
-3.019531285218114,-2.3177754878997803
5.42509465390903,-0.8538955450057983
-21.5871320482388,-34.73274230957031
-1.2497809936708242,-11.441043853759766
-35.0272315856836,-29.808692932128906
3.37898618824583,0.6305980682373047
-13.4460672849668,-19.42638397216797
10.982614675109394,0.0906057357788086
2.35164464781062,-1.871807336807251
-20.9676231329802,-7.994324684143066
-1.6422791314174887,-0.446478009223938
-0.3136273830120112,-1.0167326927185059
-16.967828162594074,0.0740349292755127
-2.8325461302865187,-8.928006172180176
-2.6871577689602653,-1.0157244205474854
7.570838092245207,-3.694236993789673
-13.547300817594484,-27.709030151367188
8.99923705482913,9.176846504211426
-0.003939288658445,0.7620954513549805
6.147225205740463,-0.2375316619873047
-2.149900469098629,0.3537874221801758
-25.2381267145584,-35.677589416503906
-5.36204355968609,0.8275312185287476
4.43276114617859,-0.4534151554107666
3.27144637329635,-0.5505762100219727
-1.626797120535592,-3.361964225769043
-9.859535687586003,6.495140075683594
2.0008593011464906,-0.32155728340148926
0.369316059642221,0.7928112745285034
5.79128728304933,0.8497782349586487
0.1235817830644999,-5.285250663757324
-3.36903782007548,-1.4871349334716797
7.06032809637297,4.7022809982299805
13.71198107208239,1.620539665222168
0.2886204877907422,-5.192372798919678
16.4171583068458,0.6382284164428711
-44.7886924625105,-44.927513122558594
-7.726553411266567,-2.5856988430023193
4.065326821312747,0.6687052845954895
2.12749125232924,-26.352170944213867
9.06213659212517,2.0240352153778076
-4.51305804704249,-25.98931121826172
4.28301459624688,0.48922693729400635
-7.211196994815285,-9.771482467651367
-58.4491138315396,-57.47345733642578
-0.5413656534735456,-2.7451424598693848
3.24770439300306,-1.8059388399124146
-0.6472060937938101,-1.3771369457244873
-1.93656353174353,-0.611433744430542
-1.94666134980912,0.02463209629058838
-0.670930828719279,-8.588264465332031
17.1612744381531,0.6046898365020752
-8.044482691931467,-0.7195091247558594
16.9968892380515,14.829233169555664
3.62056380925444,-2.605300188064575
4.07090957771029,0.9327442049980164
-1.0680791130593923,-1.7063267230987549
4.69437535963172,-1.2688133716583252
0.3837795244341289,-0.7105660438537598
0.6681105368389735,-0.6889995336532593
-8.08045020128908,-0.6876122355461121
-42.6579269422049,-27.810077667236328
-30.89708550466269,-36.99443054199219
-1.1617148968623687,0.052765607833862305
6.46185690649625,-0.277801513671875
8.658679095048068,7.800320148468018
-0.1898191226144924,0.10790681838989258
6.457932781589695,0.3064662218093872
-33.7712071062874,-22.16722869873047
-4.786538605318405,-0.023057103157043457
-13.5632540546311,-26.10125732421875
-82.13826531723697,-0.30806565284729004
-3.0453156276270903,-0.5090152025222778
6.430237727930085,3.8250789642333984
5.31082796058257,0.8072988986968994
-70.65073406723695,-25.50570297241211
4.71112087372323,-0.924476146697998
-10.78700495517378,2.8272581100463867
-6.055427015859325,-0.5438791513442993
-16.475900892606802,0.002458810806274414
-2.487076105276776,-0.6639965772628784
-48.3858044800915,-25.688411712646484
5.893700156574014,4.42333459854126
-47.9957157156951,-23.067060470581055
-1.511416195100045,-30.379419326782227
-7.071587649042333,0.09276878833770752
-0.3550158381598589,0.8175090551376343
-17.0078420331655,-29.094348907470703
10.3189652047012,-0.8221261501312256
8.829561804598438,0.3377429246902466
10.909208084253878,4.586139678955078
-2.25262466719878,2.5291805267333984
0.7445982178878973,-0.1063915491104126
-4.813871520282443,1.9640964269638062
2.85060083445348,2.842988967895508
-2.54595208771381,4.22735595703125
-8.692928400841772,1.9169502258300781
16.618750626525,3.5828635692596436
7.37064384347005,0.3652365207672119
-6.81516141534704,-1.8027849197387695
-10.386374558578522,-1.1255254745483398
3.73205068567752,0.21834313869476318
-6.40442742836347,-14.606293678283691
1.74273211890989,-0.29093265533447266
-7.920344649869953,-16.805423736572266
-9.28527551691871,-20.514057159423828
1.51502173443586,-0.042725563049316406
-90.3299705619704,-28.203887939453125
-6.512385872303066,-13.908056259155273
0.7982616963508231,-1.910809874534607
15.8859560938761,2.127354145050049
-23.227454082363305,-28.9680118560791
5.4465900456679694,1.7180246114730835
-13.2494383747796,-5.8919172286987305
-2.3458288386735573,0.23357760906219482
-1.5403494549472296,-7.975539207458496
-2.941164138388841,-1.5447036027908325
-14.6311710829416,-29.978721618652344
-4.81834176383161,0.4379887580871582
-4.03806373695381,-3.24284291267395
0.4076170529080399,0.28183555603027344
-34.8552692363716,0.08675241470336914
-25.0659802428987,0.7331240177154541
-5.8684323426223,-1.337937355041504
0.6771989561182002,4.249774932861328
-14.6157572128631,-25.566387176513672
5.344594984386832,4.743504524230957
-4.75101729862813,-0.13163447380065918
-89.5439156156453,-31.279661178588867
-1.207429910073891,-0.6511621475219727
13.667582002208905,11.484992980957031
-82.4887013651952,-30.323917388916016
4.40921359309415,-5.729940414428711
-19.923371510770203,-0.1854327917098999
-4.665207913971671,-2.054030418395996
3.42106467876526,0.35679805278778076
-39.0956747424042,-40.4200325012207
-10.288292260688207,-0.2657896876335144
2.3067635611900137,0.4281788468360901
-4.92782811871599,-0.04440879821777344
10.292368565007404,-0.706940770149231
-8.184373188662292,-27.004417419433594
-4.763634360062484,-0.8525009155273438
-2.40000424902785,-0.878350555896759
5.009535132419683,-0.5846076011657715
-22.2455703021075,-25.29576873779297
3.987299411465438,0.41227400302886963
-38.4962238749225,-28.1369686126709
-44.9949251983702,-37.28705978393555
-1.378759213278819,-4.5229926109313965
8.07102955700163,2.298487663269043
1.055995951979529,0.6047259569168091
2.188685633501576,0.6186622381210327
1.0880788430276551,6.859142303466797
-0.2898522089969393,-0.6337937116622925
-3.790702882666694,-0.8131284713745117
-7.940842049461227,0.03554201126098633
4.398742241377427,3.9701077938079834
2.5565427438131976,-0.7971769571304321
4.123908949931413,-2.191732168197632
-76.9668504799361,-13.495186805725098
-14.1325019191809,-25.503101348876953
7.960789166364423,4.22520637512207
0.4423212163888063,2.2590949535369873
2.63206586722876,0.7869882583618164
3.1988276731025875,-0.011482954025268555
-1.6552655274048038,0.436482310295105
8.077984978184695,0.4969618320465088
-13.790764753514,-0.9090831279754639
2.13745295521649,-3.925967216491699
3.0897024917955025,-0.7751256227493286
-0.3530077955256401,-1.393379807472229
-7.639409008216227,-0.9610241055488586
2.765011277030255,0.817939817905426
3.557691046156,0.3470728397369385
4.00031385473591,0.5056474208831787
-55.7541546140486,-59.38507843017578
9.550892694239591,1.9204987287521362
1.775572054007981,0.29793524742126465
-2.248378586620203,0.2848515510559082
-56.2560888739038,-54.463951110839844
-2.5590885431480426,-1.826484203338623
-40.5029244010595,-32.09264373779297
-30.8171784242839,-11.16138744354248
2.679404112105611,0.5787104368209839
2.76740193393285,-1.7545726299285889
-11.341527235964405,0.09403562545776367
-3.448025235667948,-31.202512741088867
-0.0780407432645869,-2.2393991947174072
11.616605850275496,2.3986847400665283
9.179556151687803,0.85761958360672
7.190050317883171,3.9629406929016113
-39.4932668903457,-10.239265441894531
-2.306526469902426,-1.2950339317321777
0.5403453062071405,1.0109331607818604
-23.6042929930625,-29.62261199951172
-4.172986764275874,-11.293920516967773
0.5394390329931549,0.14866232872009277
5.84905996845087,-0.8503197431564331
-22.9515728231767,-9.971328735351562
-3.134999611446543,0.9905368089675903
-6.066411004621831,0.15526080131530762
2.24572304437811,-0.4481799602508545
-70.8116033690518,-12.430672645568848
0.3224388648416145,0.409301221370697
4.755697845162629,1.1714580059051514
1.7336328627834918,0.04427218437194824
3.939818822274421,0.2335972785949707
6.09033976794457,0.9572252035140991
6.4251548431743295,4.696633338928223
-6.47138721063866,-2.4812793731689453
-0.0379657812584102,-0.24529922008514404
4.4105627388370605,0.30581486225128174
2.3065604778561424,-4.114505767822266
7.588764503474316,7.8229594230651855
-24.3954295810688,-2.601595878601074
7.380729755239978,0.05670166015625
5.978124919049687,3.9625678062438965
0.7860328468455551,2.56309175491333
-44.1817825469333,-42.20857238769531
3.58036180553514,0.3241473436355591
3.33951124606136,0.034013211727142334
-6.79658968512302,-4.395342826843262
3.7347243087796,-0.09293246269226074
4.76541245752904,-0.16003751754760742
8.922207576391518,2.1185121536254883
-11.864177458483407,-0.710186243057251
1.166748445159433,-0.18146204948425293
-25.781275563237,-3.9555459022521973
4.179707781567577,-2.2402493953704834
-1.073248118887358,-2.424767255783081
1.7249239205326918,0.45183050632476807
-81.52648016021857,0.05275774002075195
13.015759276594096,9.20129108428955
5.35198813185094,0.028934240341186523
1.6198341998494314,0.28867995738983154
1.6646916021852596,0.8996964693069458
-7.87226820943855,-4.886895179748535
8.652061852316729,-0.12286543846130371
2.4933992323843923,-1.351116418838501
2.35160533891099,-0.028366446495056152
1.30779520720034,-1.7485345602035522
-11.9965988914421,-0.2860572338104248
4.780848076735348,-0.9371516704559326
11.2728180991378,5.711824417114258
0.7651079053562314,3.245677947998047
-10.6557437737239,-7.021938800811768
3.27100049685324,0.6776282787322998
-5.2815921348029296,-1.8512511253356934
-27.5445722402187,-30.433515548706055
-2.683955047842884,0.759384274482727
-43.929359067237,-35.532501220703125
-4.639593570653838,-0.8145585060119629
-14.7229944429405,3.0928897857666016
-5.00028834575103,-2.1433522701263428
-1.2236747050651609,-2.8714025020599365
-17.6830733389949,-2.786410331726074
-9.979741434164584,-12.735069274902344
-0.2823200449385875,-1.1394693851470947
-36.50577458359941,-38.79174041748047
-4.853312003098937,-29.192039489746094
-27.4476544011683,-33.36260986328125
-49.5120706514507,-38.037986755371094
1.2287673509824204,3.5065817832946777
9.503977484174175,0.7220668792724609
-5.5186956836840375,-0.9687395095825195
-2.99361591491145,0.482401967048645
7.99575647038201,0.3872529864311218
11.7225687296843,5.478271484375
6.987950206462267,-0.5497901439666748
5.5273920092716775,-34.551124572753906
-7.19378137939456,0.19110393524169922
6.001532732018722,0.5808725357055664
7.92708077877978,2.4036974906921387
4.316615136301563,0.7819257974624634
0.1590569364430157,1.54195237159729
2.8348518495029404,-0.959876298904419
-46.6686841099013,-27.217159271240234
-0.8984319813221007,-0.8677284121513367
4.30511943579503,0.4272897243499756
-3.36735139960915,-1.079756498336792
6.58117049992555,1.5715906620025635
6.753311816554961,-0.5239748954772949
-1.1091988250418725,-0.6016402244567871
5.26551760771767,0.8929681181907654
-37.3999740396079,-34.512786865234375
-34.48768519828235,-34.755592346191406
-46.862925671502296,-34.71648025512695
-1.19024715514191,0.11213994026184082
-1.4920816076829602,-0.8733028173446655
-5.775806690181939,-4.513859748840332
-14.2382866820043,1.8163484334945679
1.3131129859732091,0.4553706645965576
13.1991243046288,-0.4143732786178589
3.6035536346157695,0.5630335807800293
4.97603191479674,1.0681123733520508
2.9737175212081803,-0.2671722173690796
-35.1782981083837,-27.42422866821289
-10.480511156242285,-15.698631286621094
-0.3170472839931941,-0.6562379598617554
3.59745169898486,2.750880002975464
-5.139364658294922,-0.05614209175109863
-29.2662792150344,-4.134599685668945
11.555346181601609,18.130035400390625
3.7092867134231,-1.0569844245910645
-0.7280966227290082,0.06967663764953613
0.9480162028997956,0.7678902745246887
-9.619042312244815,-28.134498596191406
-3.15562863494722,1.143008828163147
7.285509446842615,0.2797333002090454
2.71319811317338,-0.9918884038925171
1.026942322157092,2.6912355422973633
-4.65691689928222,-0.4588439464569092
-8.677497573270493,1.7034718990325928
14.3436638764016,0.2278207540512085
-11.8973420493851,-0.03567337989807129
-6.61979034735207,-3.625549793243408
8.86280218600469,0.19521188735961914
-3.43040335892423,-1.3302444219589233
0.4443344011282492,0.31139111518859863
2.6678241356197647,-2.332611322402954
2.334382802629,0.42394375801086426
-13.8157551615103,-12.223777770996094
1.9007667723773176,-0.789352297782898
-17.190033530139498,-31.782238006591797
3.88810032819938,2.8999528884887695
1.2705701336207027,0.04725754261016846
3.887422638441485,0.3681102395057678
10.349523074958825,-7.034522533416748
9.62907409316032,13.454500198364258
0.7709161631446207,0.33451247215270996
2.3166834950764685,2.110846519470215
2.76912169862866,-0.4658712148666382
-46.2372447228831,-41.70521926879883
-37.0930621901092,-39.148170471191406
0.996650643215182,0.12173640727996826
-12.898019313824,-21.8636531829834
-0.71117494174041,-1.024389624595642
-0.5663484394051013,0.5942382216453552
-12.4595255596924,5.715885162353516
-0.6089836493556324,-0.5911176204681396
6.92534745147092,-1.2254557609558105
3.320229681965675,0.2564901113510132
-10.274169876330886,-0.8326948881149292
-49.062306315025,-30.02130126953125
-30.7261055182573,-27.31936264038086
22.7414116448382,2.7231640815734863
-0.9529303605806088,0.615154504776001
-10.739322929783883,-1.0785844326019287
-20.9507978903398,-32.69279479980469
-24.96156751119129,-25.670394897460938
14.9823899147147,4.7748823165893555
-14.564555056626377,0.3380265235900879
1.907333647224608,-5.118541717529297
-1.178255647098801,0.8948084115982056
1.9806048133258944,-10.743391036987305
8.833837192566008,0.09495937824249268
-18.5255095356289,-28.736572265625
3.010752586641185,-0.07606744766235352
3.67041582610247,-6.161685466766357
-33.7845903951132,-41.04314422607422
-13.812973987503693,-16.032085418701172
-13.861300672159,0.18965578079223633
-26.24662901330595,-29.985443115234375
-1.61504571199055,-1.5268332958221436
8.754663680824095,12.649381637573242
3.22816419080692,-5.270628452301025
-2.0585753436264698,-0.2199552059173584
-9.59094984812801,-24.03723907470703
6.02246857213521,0.44585859775543213
-4.11149235653684,-15.413190841674805
-4.361976736345532,-1.7710072994232178
-2.4097304318056905,-0.40927863121032715
4.967381413305823,0.4573317766189575
-11.9154244975033,-23.530651092529297
-11.183106529127476,3.2515921592712402
-2.3538192484503564,-2.154170274734497
-2.204579993178592,-0.10613226890563965
-91.8886792382854,-36.668338775634766
3.2582764286422226,-0.08764886856079102
9.859104788483815,-0.8456720113754272
-2.6304973605131474,0.3750966191291809
8.398744223780918,-2.3764050006866455
1.4955767028094,-0.3929789066314697
6.720388221210122,9.905505180358887
6.99756701325662,-0.21730035543441772
12.966325580978296,3.644465684890747
-22.8644313188967,-20.726634979248047
-14.4731176558811,-4.914071559906006
-0.0918051514147744,-0.4066789150238037
0.9434331950199416,-0.6244378089904785
7.877641553655238,-4.961297988891602
-27.1636490162131,-1.6093517541885376
3.42669038506664,6.380971908569336
0.31232235517322,0.622872531414032
1.1848602197973823,-0.1428372859954834
-5.822632503482525,0.6704943180084229
-2.989164004622407,-29.15011215209961
1.69213972357191,-0.992171049118042
-0.89184437235696,2.189528465270996
2.446050707651698,0.8369868993759155
5.07108724357905,-3.1572751998901367
5.42147270471237,4.962625503540039
-2.20364176327536,-1.6577041149139404
3.08443697315444,0.2315448522567749
-5.97248436581227,-2.2064123153686523
-1.0190872666435924,0.7338142395019531
-14.885807229381896,-15.930490493774414
0.046018285265003,-7.151882171630859
6.00089213826483,3.815800189971924
-1.4680391508473674,-3.5456411838531494
-49.8653288018085,-29.520994186401367
-7.283890318199592,-0.44027233123779297
3.6053774296538297,3.3518154621124268
6.364261125349779,2.5146265029907227
-51.4043293278057,-32.73499298095703
-64.65676531723692,-51.497894287109375
-26.1965705632023,-1.0776376724243164
2.63157412115867,-1.5277202129364014
16.694612728237402,0.87056565284729
-17.0314498829154,-2.7341814041137695
-58.40351531723695,-52.94655990600586
-15.3173389528898,-1.722151517868042
-6.613686761665703,-28.263330459594727
-39.0646563811545,-27.41109275817871
0.809697096857583,-1.4060649871826172
0.4685622181175212,0.33982086181640625
-6.376202369524528,-0.8253946304321289
-14.434457477598505,-1.570804476737976
-26.0047332498617,-34.2575798034668
-17.5801214502402,-17.910409927368164
-2.60072537807549,0.3162180185317993
7.184930267876617,0.4394993782043457
0.555665600488549,-2.2363128662109375
8.747205755218493,4.030567169189453
-2.289513933263135,0.0550386905670166
3.8009101564042025,-3.587425708770752
-1.67197513843126,-29.94921875
-15.746453943284,-26.650779724121094
