Score,Pred Score
4.219145585451182,0.32550978660583496
-2.588665914009158,-1.8499598503112793
-3.0703466753296,-7.118795394897461
2.1112971208509976,-6.140271186828613
-19.1693792779686,-18.921123504638672
-0.9096556467231308,-1.1606346368789673
-5.316952415477393,-3.120246648788452
-5.39913759737588,-8.371908187866211
6.1026124307435,7.531557559967041
-1.6005087696864486,-6.27739143371582
-51.6773231694491,-36.085838317871094
0.51700222845629,-3.5291004180908203
-1.6521884315998507,1.1435332298278809
2.11024229353816,0.04238325357437134
17.2594267615487,22.484127044677734
-1.73607437190069,-2.890265703201294
-5.77436797253085,-8.516011238098145
-0.568998602339841,-6.182640075683594
-1.289264920121349,11.039285659790039
-14.1813773041305,-12.56187629699707
-3.31847606547329,-6.073996067047119
11.710679650337616,1.7694309949874878
2.046344769010002,-2.999894380569458
-2.77042962989298,-3.599004030227661
9.014890317831036,12.647067070007324
2.726862934921635,5.231339454650879
-3.4922781726655696,0.9253615140914917
1.292753014965791,2.0189225673675537
8.16191414696451,4.952723979949951
-8.251107402184557,-3.856610059738159
7.262818938793504,0.614467978477478
4.14054171285972,7.723882675170898
-13.546032832554804,-2.7897300720214844
-16.8307740899425,-11.505579948425293
-0.2642143205483515,-2.9008541107177734
-6.135426654744688,-7.075978755950928
-7.187555808667961,-6.57811975479126
8.149714042401495,6.790295124053955
-6.426376983867103,-9.804292678833008
13.9953943577381,12.049920082092285
-6.31868596379813,1.8055107593536377
5.321680837772678,-3.7940239906311035
11.9978624338519,10.595830917358398
7.909526276907584,9.470093727111816
7.206977941743588,10.741992950439453
-7.378812419643663,-8.829524040222168
0.2475632146873464,1.7281110286712646
12.7359625054994,14.662697792053223
5.220668557811489,-0.953784704208374
1.3318185914773402,2.840399742126465
2.776867734737273,4.563188552856445
-27.8178569354009,-27.221765518188477
-4.20883890972707,-7.609065055847168
2.78743688363977,10.197236061096191
-9.657849716236,-8.922004699707031
4.071661498679735,3.5199031829833984
-10.586292641023492,-8.890836715698242
2.578081311550471,6.685769081115723
-42.2483635713802,-42.95603942871094
8.204494762209066,8.17563247680664
18.5317724911246,15.018328666687012
6.097122298913325,-8.741634368896484
-11.299328727708405,-10.101720809936523
-6.22433036882608,-1.6110167503356934
3.12612254618191,4.448437690734863
8.756217929094177,7.175594806671143
-1.757118944268968,1.1256260871887207
-51.402683514636095,-26.683616638183594
-2.13735826282737,-5.806550979614258
8.88265541550952,9.229681968688965
5.58846482112586,-1.2207030057907104
7.383552345763623,-0.5028104782104492
10.229168329440906,1.6029289960861206
-17.4030551064212,-15.83893871307373
2.204062447972561,2.152473211288452
-3.195242757261453,2.28421950340271
-36.8822022827233,-18.949480056762695
3.812227003524945,5.174111843109131
-6.89310310865277,-8.726311683654785
-2.85382252753121,-12.648652076721191
-7.42349600405968,-12.127870559692383
4.398848813602776,6.226383686065674
-68.1959205924323,-62.897666931152344
-3.773219093074008,-6.449716567993164
8.453421074249384,8.975049018859863
-62.9612541332419,-64.34504699707031
2.97844031586002,3.745361089706421
-5.800670766453999,-5.861148357391357
2.409764321136161,2.478502035140991
-1.6610011043127195,-0.9698899984359741
1.39259946716825,1.2936495542526245
-5.785469568057495,-6.491609573364258
10.468583156479704,10.173848152160645
0.8267526169764301,-0.9520056247711182
-0.4271227388875901,-1.588984489440918
-5.85807143580148,-5.373185157775879
-2.67676896274171,0.07274889945983887
-3.11888044241469,-5.909704685211182
6.71098989067457,13.300372123718262
6.429854346358795,12.565439224243164
-6.897600670415837,-5.1898417472839355
-16.4910721624856,-21.764209747314453
-3.057699221935841,-2.070610523223877
-17.6906096863185,-21.882448196411133
0.1461877509898399,4.244178295135498
-3.01321716593974,0.639400064945221
-15.0412339008878,-8.5076322555542
-3.60075442831331,-6.065435886383057
12.5056328567953,14.784416198730469
-13.8996269060666,-13.093376159667969
5.265272900492549,5.992668151855469
12.283123760680592,9.23762321472168
-2.54688332955635,-4.889791965484619
11.579228393987275,10.18703842163086
-0.3284521577656807,0.5038536787033081
-2.33292598982445,-0.6663748025894165
-0.1058882282985149,5.000126361846924
-2.4461467814868523,-9.912467956542969
-41.8026500314277,-35.49447250366211
4.417989059347175,-12.274639129638672
-40.2101205720394,-24.292945861816406
-14.277645616907492,-23.88150405883789
3.29681579894721,4.4779582023620605
-0.7012610501602399,-1.5654759407043457
8.463248256721428,4.393696308135986
-2.491707941339629,-12.120302200317383
4.867927463076468,7.884174823760986
-1.876637029070265,-3.497176170349121
-12.955988512618,-34.63213348388672
-7.75971004909346,-4.08048152923584
4.67424026120176,10.089508056640625
-7.08434802004719,-0.3280395269393921
-6.19730890695259,-5.6814985275268555
-0.1240821746904601,-3.799118995666504
4.069163600073605,-3.064401626586914
-1.77750068778882,8.268162727355957
1.8601156760560384,5.006855010986328
-10.8237586662752,-23.5112247467041
-50.1674018945849,-48.940879821777344
-5.8677981963370005,-8.958815574645996
-24.4869919201538,-12.003510475158691
-12.281506448986304,-12.105507850646973
-5.8772631055401,4.02005672454834
-0.1639564470097907,3.4689550399780273
4.17561229224804,6.105198860168457
2.77922195660905,2.6549928188323975
-3.454798154796729,1.8219213485717773
7.692941411907634,-2.139934539794922
-2.390619984667185,-1.5816453695297241
-33.1832620874725,-36.06011199951172
-18.23432595343749,-13.606051445007324
5.29419053806362,2.167814254760742
-77.3623903172369,-52.80465316772461
15.4985727759109,4.245908260345459
7.73570234615748,5.617929458618164
-9.325981865786185,-4.047773838043213
-9.72499716390718,-14.36335277557373
13.309934514349203,7.648876667022705
2.264898495983479,4.033060550689697
-12.0320822507053,-22.965255737304688
-2.56542276271332,-3.8790860176086426
7.196532980977684,7.555459976196289
-1.857666460494741,3.646836280822754
-1.4872271509121793,-3.925750255584717
-3.12013961477547,-4.458453178405762
2.6303171850506604,-5.591861248016357
-60.49569009623433,-55.3193359375
-30.3377383335249,-25.524459838867188
1.0590749185315824,-4.572345733642578
-6.929951553081727,-13.707663536071777
-8.46093254820262,-4.66097354888916
2.461922216333884,6.657598495483398
4.5031585012656095,2.1546952724456787
4.435147085081137,2.3232171535491943
-2.88087637063392,3.251251697540283
-1.5082203021212124,7.411149501800537
-0.6579761516790089,-3.727872848510742
3.719171936095444,4.168666362762451
-2.6053130644292946,-1.8667339086532593
7.276768036701751,-6.935499668121338
5.29091659278858,3.2427361011505127
-1.0659561461183158,2.2657716274261475
15.4186986077963,0.022758007049560547
7.543407488617369,4.52750825881958
9.58062385928767,12.357769966125488
0.2570808252882703,-3.7320363521575928
8.13893448615947,8.08778190612793
-5.14141487663266,1.3334949016571045
-16.517773128145326,-8.556778907775879
0.7364260970712593,-1.6212728023529053
4.25311060075082,9.030750274658203
-25.4508968849616,-14.429094314575195
-1.9051378030600723,2.1253321170806885
5.506094216928792,5.306047439575195
-0.1777753404752198,0.7058759927749634
16.9349100756105,13.702534675598145
-11.607028837624,-15.330242156982422
-1.2671721747064446,-3.0726990699768066
-16.1535771788668,-18.61915397644043
8.143116180793372,2.785444974899292
7.078924552126015,8.284080505371094
0.2886204877907422,-6.39040994644165
16.4171583068458,15.36665153503418
-44.7886924625105,-43.67841339111328
-7.726553411266567,-7.968008995056152
4.065326821312747,6.081789970397949
2.12749125232924,1.379838228225708
9.06213659212517,10.244895935058594
-4.51305804704249,-10.031747817993164
4.28301459624688,10.02177619934082
-7.211196994815285,-12.355790138244629
-58.4491138315396,-54.989280700683594
-0.5413656534735456,-4.794443130493164
3.24770439300306,2.8292202949523926
-0.6472060937938101,-2.101008415222168
-1.93656353174353,2.4145913124084473
-1.94666134980912,-10.618115425109863
-0.670930828719279,5.536136150360107
17.1612744381531,9.986041069030762
-8.044482691931467,-8.147261619567871
16.9968892380515,13.159152030944824
3.62056380925444,0.9753341674804688
4.07090957771029,3.648036479949951
-1.0680791130593923,-1.1833162307739258
4.69437535963172,-6.975009441375732
0.3837795244341289,-5.333174228668213
0.6681105368389735,-5.145297527313232
-8.08045020128908,-7.401316165924072
-42.6579269422049,-32.23588943481445
-30.89708550466269,-36.881065368652344
-1.1617148968623687,-15.990804672241211
6.46185690649625,10.387184143066406
8.658679095048068,6.776854991912842
-0.1898191226144924,-4.077422618865967
6.457932781589695,-3.434635877609253
-33.7712071062874,-33.734283447265625
-4.786538605318405,-1.965480089187622
-13.5632540546311,-24.565406799316406
-82.13826531723697,-25.702348709106445
-3.0453156276270903,1.7710890769958496
6.430237727930085,6.214005470275879
5.31082796058257,3.158522844314575
-70.65073406723695,-66.44110870361328
4.71112087372323,6.752525806427002
-10.78700495517378,0.15518826246261597
-6.055427015859325,-0.03138577938079834
-16.475900892606802,-12.873382568359375
-2.487076105276776,-6.888661861419678
-48.3858044800915,-38.55718994140625
5.893700156574014,6.292885780334473
-47.9957157156951,-43.07182312011719
-1.511416195100045,-7.517537593841553
-7.071587649042333,-8.237858772277832
-0.3550158381598589,-2.0355658531188965
-17.0078420331655,-10.101014137268066
10.3189652047012,5.129204273223877
8.829561804598438,9.436552047729492
10.909208084253878,10.2805757522583
-2.25262466719878,8.093169212341309
0.7445982178878973,3.553884983062744
-4.813871520282443,-4.8825483322143555
2.85060083445348,1.8978043794631958
-2.54595208771381,0.004868209362030029
-8.692928400841772,3.7761857509613037
16.618750626525,10.966829299926758
7.37064384347005,7.627054691314697
-6.81516141534704,-4.494585990905762
-10.386374558578522,-6.312939643859863
3.73205068567752,5.267420291900635
-6.40442742836347,-5.738332748413086
1.74273211890989,3.277578830718994
-7.920344649869953,-1.9538089036941528
-9.28527551691871,-9.764798164367676
1.51502173443586,-1.0786261558532715
-90.3299705619704,-94.67111206054688
-6.512385872303066,-19.5933837890625
0.7982616963508231,7.894896030426025
15.8859560938761,5.076995372772217
-23.227454082363305,-32.45576095581055
5.4465900456679694,1.6990269422531128
-13.2494383747796,-10.87777042388916
-2.3458288386735573,-6.897303104400635
-1.5403494549472296,-5.759187698364258
-2.941164138388841,6.123555660247803
-14.6311710829416,-16.124340057373047
-4.81834176383161,7.120938301086426
-4.03806373695381,-2.3918545246124268
0.4076170529080399,4.618066310882568
-34.8552692363716,-31.928577423095703
-25.0659802428987,-17.453495025634766
-5.8684323426223,1.288041591644287
0.6771989561182002,-7.600391387939453
-14.6157572128631,-31.98343849182129
5.344594984386832,-3.488234758377075
-4.75101729862813,-3.407383918762207
-89.5439156156453,-46.381195068359375
-1.207429910073891,-2.411130905151367
13.667582002208905,6.7979912757873535
-82.4887013651952,-39.812828063964844
4.40921359309415,4.266050338745117
-19.923371510770203,-20.76044273376465
-4.665207913971671,1.811967372894287
3.42106467876526,4.2708845138549805
-39.0956747424042,-17.290645599365234
-10.288292260688207,-4.812342166900635
2.3067635611900137,8.474752426147461
-4.92782811871599,-1.591827392578125
10.292368565007404,4.000943660736084
-8.184373188662292,-9.310084342956543
-4.763634360062484,-2.794562339782715
-2.40000424902785,8.385115623474121
5.009535132419683,8.170955657958984
-22.2455703021075,-19.94074058532715
3.987299411465438,6.657029151916504
-38.4962238749225,-43.347686767578125
-44.9949251983702,-37.09953308105469
-1.378759213278819,-1.3018677234649658
8.07102955700163,11.437247276306152
1.055995951979529,-0.36447882652282715
2.188685633501576,4.9524431228637695
1.0880788430276551,8.547201156616211
-0.2898522089969393,-0.2320115566253662
-3.790702882666694,-0.46886885166168213
-7.940842049461227,-2.645453691482544
4.398742241377427,4.729618549346924
2.5565427438131976,7.807427883148193
4.123908949931413,4.207996845245361
-76.9668504799361,-22.343046188354492
-14.1325019191809,-16.030988693237305
7.960789166364423,13.443899154663086
0.4423212163888063,10.448726654052734
2.63206586722876,4.785763740539551
3.1988276731025875,9.242707252502441
-1.6552655274048038,-0.6364380121231079
8.077984978184695,14.078415870666504
-13.790764753514,-6.793606758117676
2.13745295521649,-2.811694860458374
3.0897024917955025,2.659256935119629
-0.3530077955256401,-9.370248794555664
-7.639409008216227,-8.686878204345703
2.765011277030255,2.275184392929077
3.557691046156,10.590380668640137
4.00031385473591,-0.09051543474197388
-55.7541546140486,-54.279808044433594
9.550892694239591,12.16495132446289
1.775572054007981,0.8274084329605103
-2.248378586620203,1.0867860317230225
-56.2560888739038,-47.985862731933594
-2.5590885431480426,-3.273937225341797
-40.5029244010595,-45.467308044433594
-30.8171784242839,-29.397315979003906
2.679404112105611,-0.6415551900863647
2.76740193393285,-2.464961290359497
-11.341527235964405,-6.305521011352539
-3.448025235667948,-23.175504684448242
-0.0780407432645869,-0.7379252910614014
11.616605850275496,5.228047847747803
9.179556151687803,3.6719601154327393
7.190050317883171,13.605027198791504
-39.4932668903457,-15.480135917663574
-2.306526469902426,-0.11354053020477295
0.5403453062071405,-6.466091156005859
-23.6042929930625,-30.82828712463379
-4.172986764275874,-10.632843971252441
0.5394390329931549,-5.552398204803467
5.84905996845087,9.582853317260742
-22.9515728231767,-5.519775390625
-3.134999611446543,-1.6888222694396973
-6.066411004621831,-8.526652336120605
2.24572304437811,0.25213074684143066
-70.8116033690518,-48.69663619995117
0.3224388648416145,3.0276689529418945
4.755697845162629,8.137372970581055
1.7336328627834918,3.063863754272461
3.939818822274421,2.2436344623565674
6.09033976794457,-2.8491036891937256
6.4251548431743295,6.1482625007629395
-6.47138721063866,-1.900115966796875
-0.0379657812584102,-3.9374306201934814
4.4105627388370605,0.2327113151550293
2.3065604778561424,9.659785270690918
7.588764503474316,-1.310400366783142
-24.3954295810688,-16.296907424926758
7.380729755239978,4.414261817932129
5.978124919049687,-1.1800806522369385
0.7860328468455551,10.609159469604492
-44.1817825469333,-50.803531646728516
3.58036180553514,-1.225715160369873
3.33951124606136,6.762928009033203
-6.79658968512302,-3.5156893730163574
3.7347243087796,-7.723360061645508
4.76541245752904,5.472012996673584
8.922207576391518,10.405940055847168
-11.864177458483407,-10.732551574707031
1.166748445159433,1.06041419506073
-25.781275563237,-23.286222457885742
4.179707781567577,2.718174457550049
-1.073248118887358,-4.595996379852295
1.7249239205326918,2.200324535369873
-81.52648016021857,-42.738704681396484
13.015759276594096,15.151106834411621
5.35198813185094,5.626408100128174
-12.53254789251529,-6.663194179534912
5.45103123545738,5.847914695739746
4.128157012788561,2.5837085247039795
-3.8590388668775,-1.3013644218444824
7.36579899286375,5.566290378570557
-11.03094492075089,-6.856688499450684
8.017093587799739,3.2555763721466064
15.384553292915324,13.251388549804688
2.79124989437018,2.527448892593384
2.81101468536903,3.135260581970215
-1.7237618714553775,-1.5202867984771729
-2.202886656443709,-5.970183849334717
2.369358494612781,3.0218284130096436
-11.30813578108209,-8.949997901916504
4.484288991501213,10.154443740844727
-35.8165916579592,-42.43838119506836
-5.19085420781142,-7.730819225311279
2.86709961553106,-2.4486515522003174
-4.349210006555943,0.25373610854148865
5.029017096161708,-2.1029434204101562
8.243548509216069,2.2755353450775146
-2.6184282494780104,-7.300337314605713
-5.527709296795018,-1.0707573890686035
-52.7336020518746,-50.468868255615234
6.07843040491799,5.227989196777344
-4.396710286499547,-0.6844131946563721
6.6154810826822,-4.276106834411621
9.772192422094813,-18.590633392333984
2.099307195887115,2.75258469581604
-12.414939844598162,-6.1544389724731445
8.24149319055937,6.043046951293945
-1.5178355576616795,-0.6658633947372437
9.144089281431205,1.9483476877212524
1.418014053180695,1.6047534942626953
-60.92137282626391,-45.369964599609375
5.61896917638109,9.921259880065918
-4.96580172718434,-5.235901355743408
-24.4432878855492,-30.002620697021484
1.675381804264854,4.466010093688965
-2.8447496930443927,-3.094054698944092
-1.059512617215007,-9.025164604187012
1.41805545618482,-5.029098987579346
-7.06329362397977,-7.300590515136719
9.400493271217616,7.81547212600708
3.1327986373042376,1.3180036544799805
4.097668935846943,2.639061689376831
-4.01456885639382,-3.7964820861816406
-2.260381023139061,-3.842829704284668
-8.237627320974727,-14.608098030090332
-2.23616712442702,3.847734212875366
-26.79502671025515,-32.997074127197266
-10.594900847222812,-26.253652572631836
4.509456424718162,8.80639362335205
-22.9219832537164,-22.011493682861328
-6.2026319104393295,-11.381864547729492
-4.662511414401839,5.118095397949219
-0.4503474699443348,-8.620482444763184
-21.5531296050118,-28.203880310058594
-39.7169735486916,-26.1981201171875
-6.13466459150186,-9.068544387817383
6.093529951556334,4.2578229904174805
-33.3004252633332,-36.434898376464844
-7.789052707582185,-1.902498722076416
-61.6890402284636,-34.32038116455078
-10.613183176373598,-10.38021469116211
-12.6203596574975,-7.647367477416992
-15.2234416939723,-6.04288911819458
3.42848617073407,7.899837017059326
-50.4820483838523,-39.933494567871094
-71.7765711158932,-70.48954772949219
4.338369925074482,1.7151380777359009
-34.0729170807354,-37.17864990234375
-10.285920522724917,-5.345569610595703
2.71808902854303,0.3703460395336151
2.26767773086615,-0.23846828937530518
0.3189015990893598,-2.3137850761413574
-39.873530292237,-44.41786575317383
5.053393098685065,5.144658088684082
-5.77665564868809,-12.311625480651855
-22.4462583852743,-17.35775375366211
-10.162041561092582,-17.581275939941406
8.70853787657841,12.51058292388916
-3.73521146317182,-6.082180500030518
-1.3326443092463092,-13.133041381835938
-5.830142578087577,-1.8102971315383911
-7.815562497274902,-5.75594425201416
-20.7558388881914,-20.684349060058594
-1.03656181464744,0.37957122921943665
-3.930469946192945,-15.844642639160156
5.391699208755202,-2.0350191593170166
7.2595381633228,5.829690456390381
9.30630078585379,4.365471363067627
-3.77133000272187,-8.486873626708984
-42.936846127142296,-48.476104736328125
0.5211206139658471,-9.157068252563477
0.7345204104922589,-2.4833168983459473
6.86106163750481,-1.898555040359497
-21.61387508166409,-18.10327911376953
-24.577379709126298,-39.18857955932617
3.986867952152618,-0.3605048656463623
-63.2346715672369,-49.365230560302734
4.55602013063716,2.570368528366089
-20.3623076046531,-16.201000213623047
8.678125432705007,14.76833724975586
-2.1147225087047508,-4.432941436767578
-1.14890133483728,2.852329969406128
3.7921116228684086,8.144906044006348
-1.3811964732242277,-9.489683151245117
0.1752112379752922,3.7759690284729004
3.3452637215970498,4.333077430725098
6.63109301847755,2.842576026916504
-8.72128086410909,-39.223812103271484
-0.1160299782726794,-0.6991549134254456
0.1119561526876595,1.451331377029419
11.877856996640997,-1.8954182863235474
-3.2142130797467816,-6.039281368255615
-3.9552380984537248,0.6026256084442139
-1.593720937577549,3.25351619720459
3.3899996482015826,12.659975051879883
7.66334596528203,14.664737701416016
2.60625970962018,8.969770431518555
5.006519903780723,-0.27997416257858276
-58.5527340809363,-18.251174926757812
3.776985072333982,-2.323349714279175
2.4866177573815964,-4.671514511108398
-0.6920482116816997,-0.8524651527404785
2.1747311895065486,1.6441575288772583
-13.14009076535719,-20.356651306152344
2.745769909533195,3.7706363201141357
-10.626155896203898,-6.20034646987915
0.0548896546292299,-6.349980354309082
-69.1366966634013,-49.84043884277344
14.8508222506114,6.992422580718994
-28.3488859938485,-28.621633529663086
0.6884341878779402,-3.887798309326172
12.566471603210276,8.582426071166992
-5.472376660417956,-3.5121347904205322
-2.1691769605730515,-6.367434978485107
-0.3887710448227697,-2.6720917224884033
9.1356503291117,9.777926445007324
4.93167956005568,12.516088485717773
2.713132201978397,-1.3272196054458618
9.090654061652296,4.214667320251465
1.741670982094262,9.457950592041016
-5.89266438028177,6.63934850692749
-1.130678948105339,1.3993301391601562
-46.587141393021525,-50.78534698486328
4.366245372711767,3.1191883087158203
2.858782897786812,1.8934154510498047
2.53362859007723,0.5469858646392822
-1.7943154401891548,4.551693916320801
-0.6435038581465955,-3.474529504776001
5.99108205682079,-13.79162311553955
2.44728958086436,7.437395095825195
1.5718362711845366,3.1530723571777344
-55.54568697318505,-51.53617477416992
-9.231606713935047,-6.885558605194092
3.547124544521316,-13.786020278930664
-73.5286754265322,-46.016414642333984
0.2047767843086013,-3.7275595664978027
-10.398648228661925,-8.953810691833496
-46.9980356488569,-43.7368278503418
-62.9031214125763,-59.63064193725586
-10.35739215730591,-3.7364137172698975
1.83593808226401,11.952141761779785
7.827394642815597,6.135454177856445
-9.742168339465294,-3.290734052658081
-0.29408409265346,-8.078726768493652
-5.653435188749545,1.1319777965545654
-14.57002364123529,-9.158090591430664
-18.1797235112709,-9.058941841125488
-5.45440876641342,-3.952036142349243
8.596988309863011,17.540878295898438
-5.493763326806099,-8.10518741607666
-8.393586343504198,-7.221784591674805
-3.963646539183849,-2.7892446517944336
9.625121597198186,9.115984916687012
-6.18357684414468,-7.227828502655029
-3.41466344580097,-1.9593034982681274
-4.03025121975644,-4.663750648498535
-2.66483863280114,-2.478153944015503
-0.190891674386513,0.5869245529174805
16.1850033157246,16.332223892211914
-7.910003358009165,-7.450910568237305
-2.07861348348741,-3.8674657344818115
12.331931266595111,10.153793334960938
0.8825935384285006,0.3042372465133667
-2.1789667599796294,-3.5885391235351562
3.0307168501552093,1.8364171981811523
14.8229623836697,14.744889259338379
6.795393661635613,6.810529708862305
5.16750826555368,12.271210670471191
-57.144820014625296,-26.737266540527344
6.167862854629888,2.966470718383789
-2.698758931910008,-5.78323221206665
1.289294757415069,0.018174409866333008
13.9692836454661,5.026682376861572
-38.6438610292767,-25.177875518798828
-3.119647295186995,-7.700674533843994
-6.745372906074374,-7.068619251251221
-2.7468186065138984,-4.129476547241211
1.6198341998494314,-2.330092191696167
1.6646916021852596,-7.769342422485352
-7.87226820943855,-10.140761375427246
8.652061852316729,-1.9057878255844116
2.4933992323843923,2.419290542602539
2.35160533891099,0.36962980031967163
1.30779520720034,0.4488232731819153
-11.9965988914421,-5.616153717041016
4.780848076735348,3.9454705715179443
11.2728180991378,12.354690551757812
0.7651079053562314,0.8734319806098938
-10.6557437737239,-8.527997016906738
3.27100049685324,1.0399585962295532
-5.2815921348029296,-3.0867104530334473
-27.5445722402187,-27.423532485961914
-2.683955047842884,1.1810572147369385
-43.929359067237,-46.96535873413086
-4.639593570653838,-7.69569730758667
-14.7229944429405,-13.636378288269043
-5.00028834575103,-1.952190637588501
-1.2236747050651609,-1.3425124883651733
-17.6830733389949,-7.590043544769287
-9.979741434164584,1.4028197526931763
-0.2823200449385875,-4.091178894042969
-36.50577458359941,-18.461009979248047
-4.853312003098937,-13.040088653564453
-27.4476544011683,-28.515594482421875
-49.5120706514507,-59.24028396606445
1.2287673509824204,-1.7743712663650513
9.503977484174175,8.141397476196289
-5.5186956836840375,-6.595955848693848
-2.99361591491145,1.0286171436309814
7.99575647038201,6.0490593910217285
11.7225687296843,6.917094707489014
6.987950206462267,-3.422961950302124
5.5273920092716775,-17.748212814331055
-7.19378137939456,-3.2929868698120117
6.001532732018722,8.253341674804688
7.92708077877978,-0.2362840473651886
4.316615136301563,6.447999954223633
0.1590569364430157,3.437283515930176
2.8348518495029404,5.6289520263671875
-46.6686841099013,-37.31566619873047
-0.8984319813221007,3.1283276081085205
4.30511943579503,2.2471349239349365
-3.36735139960915,-3.091878652572632
6.58117049992555,3.672027587890625
6.753311816554961,4.852494716644287
-1.1091988250418725,-10.251712799072266
5.26551760771767,-2.158090353012085
-37.3999740396079,-28.005685806274414
-34.48768519828235,-11.002985954284668
-46.862925671502296,-33.62298583984375
-1.19024715514191,-1.7695467472076416
-1.4920816076829602,-3.938715934753418
-5.775806690181939,-4.518604278564453
-14.2382866820043,-14.337821960449219
1.3131129859732091,-1.7673615217208862
13.1991243046288,14.128595352172852
3.6035536346157695,3.2288832664489746
4.97603191479674,5.904019832611084
2.9737175212081803,2.5004396438598633
-35.1782981083837,-35.21311950683594
-10.480511156242285,-6.330107688903809
-0.3170472839931941,-1.4924209117889404
3.59745169898486,4.892506122589111
-5.139364658294922,-5.546849727630615
-29.2662792150344,-23.436059951782227
11.555346181601609,12.288317680358887
3.7092867134231,-6.448250770568848
-0.7280966227290082,-11.237103462219238
0.9480162028997956,-1.799569010734558
-9.619042312244815,-8.82165813446045
-3.15562863494722,-3.263683557510376
7.285509446842615,8.788708686828613
2.71319811317338,2.7050697803497314
1.026942322157092,2.3503594398498535
-4.65691689928222,-10.602133750915527
-8.677497573270493,-9.927730560302734
14.3436638764016,5.611024856567383
-11.8973420493851,-9.829121589660645
-6.61979034735207,-5.31068754196167
8.86280218600469,0.1430913209915161
-3.43040335892423,-2.6664583683013916
0.4443344011282492,-3.308462381362915
2.6678241356197647,2.0592525005340576
2.334382802629,5.121307849884033
-13.8157551615103,-20.984987258911133
1.9007667723773176,-2.6915764808654785
-17.190033530139498,-11.953177452087402
3.88810032819938,-3.4839720726013184
1.2705701336207027,-0.45055198669433594
3.887422638441485,1.1136990785598755
10.349523074958825,4.085992336273193
9.62907409316032,-3.375697374343872
0.7709161631446207,-3.6458911895751953
2.3166834950764685,2.551297187805176
2.76912169862866,-0.5192186832427979
-46.2372447228831,-52.44795608520508
-37.0930621901092,-19.865297317504883
0.996650643215182,-2.0765228271484375
-12.898019313824,-12.974233627319336
-0.71117494174041,-3.319598913192749
-0.5663484394051013,4.504792213439941
-12.4595255596924,-9.588628768920898
-0.6089836493556324,-2.8280117511749268
6.92534745147092,5.506103992462158
3.320229681965675,6.714686870574951
-10.274169876330886,-4.6744208335876465
-49.062306315025,-38.32012176513672
-30.7261055182573,-42.72674560546875
22.7414116448382,14.284204483032227
-0.9529303605806088,11.364265441894531
-10.739322929783883,-2.2581264972686768
-20.9507978903398,-24.68243408203125
-24.96156751119129,-22.06288719177246
14.9823899147147,3.687727451324463
-14.564555056626377,-7.189799785614014
1.907333647224608,-2.8341281414031982
-1.178255647098801,0.5275686979293823
1.9806048133258944,-10.40604305267334
8.833837192566008,2.152571201324463
-18.5255095356289,-34.33306121826172
3.010752586641185,-8.807108879089355
3.67041582610247,-2.55022931098938
-33.7845903951132,-27.97084617614746
-13.812973987503693,-6.740797996520996
-13.861300672159,-8.034276962280273
-26.24662901330595,-21.57050323486328
-1.61504571199055,6.882143497467041
8.754663680824095,4.7433576583862305
3.22816419080692,-5.991899490356445
-2.0585753436264698,-5.338103771209717
-9.59094984812801,-8.898531913757324
6.02246857213521,2.5854601860046387
-4.11149235653684,-11.366636276245117
-4.361976736345532,-3.9928925037384033
-2.4097304318056905,-4.388563632965088
4.967381413305823,-7.498325824737549
-11.9154244975033,0.9375185966491699
-11.183106529127476,9.327018737792969
-2.3538192484503564,-4.201628684997559
-2.204579993178592,0.8059463500976562
-91.8886792382854,-36.91123962402344
3.2582764286422226,2.7712996006011963
9.859104788483815,4.401269912719727
-2.6304973605131474,3.3274645805358887
8.398744223780918,12.263298034667969
1.4955767028094,-8.847271919250488
6.720388221210122,7.262866497039795
6.99756701325662,7.692581653594971
12.966325580978296,17.718843460083008
-22.8644313188967,-18.07465362548828
-14.4731176558811,-10.575202941894531
-0.0918051514147744,0.8048845529556274
0.9434331950199416,-3.6942825317382812
7.877641553655238,-1.1865087747573853
-27.1636490162131,-29.301998138427734
3.42669038506664,3.092963933944702
0.31232235517322,1.283268928527832
1.1848602197973823,1.810394525527954
-5.822632503482525,2.9685170650482178
-2.989164004622407,-6.788110256195068
1.69213972357191,-3.1120662689208984
-0.89184437235696,-1.3795979022979736
2.446050707651698,4.562033653259277
5.07108724357905,2.5331852436065674
5.42147270471237,5.191532611846924
-2.20364176327536,-3.8022818565368652
3.08443697315444,-4.256680965423584
-5.97248436581227,-6.1060686111450195
-1.0190872666435924,-8.554476737976074
-14.885807229381896,-5.604701042175293
0.046018285265003,-5.066622257232666
6.00089213826483,4.664090633392334
-1.4680391508473674,-2.1340696811676025
-49.8653288018085,-45.49451446533203
-7.283890318199592,-10.906667709350586
3.6053774296538297,5.481838226318359
6.364261125349779,6.9882659912109375
-51.4043293278057,-49.73428726196289
-64.65676531723692,-30.414447784423828
-26.1965705632023,-19.72081756591797
2.63157412115867,2.424729824066162
16.694612728237402,12.013371467590332
-17.0314498829154,-14.592191696166992
-58.40351531723695,-39.16655349731445
-15.3173389528898,-15.93919849395752
-6.613686761665703,-19.855022430419922
-39.0646563811545,-54.702022552490234
0.809697096857583,-2.1148293018341064
0.4685622181175212,-0.9619803428649902
-6.376202369524528,-4.481115818023682
-14.434457477598505,-22.443740844726562
-26.0047332498617,-24.650548934936523
-17.5801214502402,-18.093122482299805
-2.60072537807549,-4.067378044128418
7.184930267876617,7.6992316246032715
0.555665600488549,0.6336978673934937
8.747205755218493,6.957754135131836
-2.289513933263135,-0.5425031185150146
3.8009101564042025,6.066617012023926
-1.67197513843126,-14.673660278320312
-15.746453943284,-17.53915786743164
