Score,Pred Score
4.219145585451182,-2.4346814155578613
-2.588665914009158,-0.0872342586517334
-3.0703466753296,-1.7601282596588135
2.1112971208509976,-5.121560573577881
-19.1693792779686,-4.118645668029785
-0.9096556467231308,-5.524247646331787
-5.316952415477393,-1.0300860404968262
-5.39913759737588,-1.4117140769958496
6.1026124307435,0.5846753120422363
-1.6005087696864486,-4.040123462677002
-51.6773231694491,-23.790000915527344
0.51700222845629,-4.040621757507324
-1.6521884315998507,-3.50100040435791
2.11024229353816,5.1679863929748535
17.2594267615487,8.209020614624023
-1.73607437190069,-4.662693023681641
-5.77436797253085,-2.48392653465271
-0.568998602339841,-3.0055782794952393
-1.289264920121349,-1.0345995426177979
-14.1813773041305,-23.777420043945312
-3.31847606547329,-5.861696720123291
11.710679650337616,-0.5211221575737
2.046344769010002,0.6227519512176514
-2.77042962989298,6.094393730163574
9.014890317831036,0.6790059804916382
2.726862934921635,2.494861125946045
-3.4922781726655696,-4.100712776184082
1.292753014965791,-2.687563180923462
8.16191414696451,0.2986295223236084
-8.251107402184557,-7.323054313659668
7.262818938793504,-3.6350107192993164
4.14054171285972,7.298015594482422
-13.546032832554804,1.1475532054901123
-16.8307740899425,2.867797613143921
-0.2642143205483515,-4.278223991394043
-6.135426654744688,-0.9464606046676636
-7.187555808667961,2.691201686859131
8.149714042401495,7.905246734619141
-6.426376983867103,-0.2412434220314026
13.9953943577381,-0.13401645421981812
-6.31868596379813,2.850172996520996
5.321680837772678,1.5239399671554565
11.9978624338519,13.692768096923828
7.909526276907584,0.7050375938415527
7.206977941743588,7.5997090339660645
-7.378812419643663,2.9831199645996094
0.2475632146873464,8.44422721862793
12.7359625054994,12.162988662719727
5.220668557811489,-3.3228790760040283
1.3318185914773402,-0.39601147174835205
2.776867734737273,-2.6204993724823
-27.8178569354009,-16.13206672668457
-4.20883890972707,-0.8333003520965576
2.78743688363977,-3.002211809158325
-9.657849716236,-19.64219093322754
4.071661498679735,-3.5577259063720703
-10.586292641023492,-2.040867567062378
2.578081311550471,-5.737707138061523
-42.2483635713802,-20.840951919555664
8.204494762209066,7.7091193199157715
18.5317724911246,-2.6382908821105957
6.097122298913325,-3.7820374965667725
-11.299328727708405,-10.55508041381836
-6.22433036882608,-4.046450614929199
3.12612254618191,3.789128065109253
8.756217929094177,10.761351585388184
-1.757118944268968,-23.433168411254883
-51.402683514636095,-38.71215057373047
-2.13735826282737,1.795533299446106
8.88265541550952,1.3178366422653198
5.58846482112586,1.319555640220642
7.383552345763623,-0.48143506050109863
10.229168329440906,3.73862886428833
-17.4030551064212,-2.5964772701263428
2.204062447972561,7.465245723724365
-3.195242757261453,5.213273525238037
-36.8822022827233,-18.34270668029785
3.812227003524945,1.1713141202926636
-6.89310310865277,-4.236847400665283
-2.85382252753121,2.541431427001953
-7.42349600405968,-5.609958171844482
4.398848813602776,3.6048738956451416
-68.1959205924323,-42.374691009521484
-3.773219093074008,-0.07426893711090088
8.453421074249384,-0.05608773231506348
-62.9612541332419,-48.866905212402344
2.97844031586002,3.2068910598754883
-5.800670766453999,-4.836289882659912
2.409764321136161,-8.923919677734375
-1.6610011043127195,-9.298262596130371
1.39259946716825,-2.7488760948181152
-5.785469568057495,-22.894886016845703
10.468583156479704,0.6970272660255432
0.8267526169764301,-1.4711014032363892
-0.4271227388875901,-6.429978370666504
-5.85807143580148,-9.166143417358398
-2.67676896274171,-0.36659181118011475
-3.11888044241469,1.2944154739379883
6.71098989067457,12.884125709533691
6.429854346358795,2.12394380569458
-6.897600670415837,-5.366239547729492
-16.4910721624856,-30.5335693359375
-3.057699221935841,1.9747599363327026
-17.6906096863185,-23.200021743774414
0.1461877509898399,2.1771466732025146
-3.01321716593974,0.4395962953567505
-15.0412339008878,-1.0102455615997314
-3.60075442831331,-6.542007923126221
12.5056328567953,1.6754014492034912
-13.8996269060666,-5.94697380065918
5.265272900492549,-4.494400501251221
12.283123760680592,8.81546401977539
-2.54688332955635,2.0016868114471436
11.579228393987275,0.8094786405563354
-0.3284521577656807,2.833629608154297
-2.33292598982445,-1.3752962350845337
-0.1058882282985149,-9.809680938720703
-2.4461467814868523,-13.562498092651367
-41.8026500314277,-19.337478637695312
4.417989059347175,-0.5309362411499023
-40.2101205720394,-14.714578628540039
-14.277645616907492,-2.407891273498535
3.29681579894721,3.8946752548217773
-0.7012610501602399,-4.12289571762085
8.463248256721428,-0.4559849500656128
-2.491707941339629,-14.324654579162598
4.867927463076468,10.9887113571167
-1.876637029070265,-5.8636298179626465
-12.955988512618,-29.84659767150879
-7.75971004909346,1.2982059717178345
4.67424026120176,-2.240159511566162
-7.08434802004719,-4.374800205230713
-6.19730890695259,-3.121426582336426
-0.1240821746904601,-0.15308022499084473
4.069163600073605,-1.0756945610046387
-1.77750068778882,-3.06242036819458
1.8601156760560384,5.665156841278076
-10.8237586662752,-30.071063995361328
-50.1674018945849,-30.744876861572266
-5.8677981963370005,-2.6539504528045654
-24.4869919201538,-21.734743118286133
-12.281506448986304,-1.1320018768310547
-5.8772631055401,2.8715407848358154
-0.1639564470097907,-3.9339935779571533
4.17561229224804,-0.6293821334838867
2.77922195660905,1.382735252380371
-3.454798154796729,1.2489855289459229
7.692941411907634,-7.423191070556641
-2.390619984667185,-3.8955695629119873
-33.1832620874725,-55.915443420410156
-18.23432595343749,-26.779052734375
5.29419053806362,3.3699817657470703
-77.3623903172369,-27.581066131591797
15.4985727759109,-6.694262504577637
7.73570234615748,-6.895755290985107
-9.325981865786185,-9.299847602844238
-9.72499716390718,1.2641977071762085
13.309934514349203,1.577392816543579
2.264898495983479,-3.635401725769043
-12.0320822507053,-15.747355461120605
-2.56542276271332,3.9903547763824463
7.196532980977684,10.321246147155762
-1.857666460494741,0.5678775906562805
-1.4872271509121793,1.7485604286193848
-3.12013961477547,-6.632727146148682
2.6303171850506604,8.279950141906738
-60.49569009623433,-37.4332389831543
-30.3377383335249,-12.606291770935059
1.0590749185315824,2.621685028076172
-6.929951553081727,-2.382054090499878
-8.46093254820262,0.10174113512039185
2.461922216333884,3.4719955921173096
4.5031585012656095,5.5737457275390625
4.435147085081137,-0.2005944848060608
-2.88087637063392,-1.0783512592315674
-1.5082203021212124,5.432322025299072
-0.6579761516790089,-5.280491828918457
3.719171936095444,-2.912677764892578
-2.6053130644292946,-0.959897518157959
7.276768036701751,-2.7937872409820557
5.29091659278858,-1.2502785921096802
-1.0659561461183158,3.987945556640625
15.4186986077963,0.7541282773017883
7.543407488617369,-1.907400131225586
9.58062385928767,5.010997772216797
0.2570808252882703,-3.547245502471924
8.13893448615947,-6.236289024353027
-5.14141487663266,-0.6293648481369019
-16.517773128145326,-0.6214476823806763
0.7364260970712593,-3.4248971939086914
4.25311060075082,1.360448956489563
-25.4508968849616,1.7188714742660522
-1.9051378030600723,0.1737251877784729
5.506094216928792,-3.915811061859131
-0.1777753404752198,-5.020305633544922
16.9349100756105,3.9671502113342285
-11.607028837624,-5.548816680908203
-1.2671721747064446,-14.447094917297363
-16.1535771788668,-22.437057495117188
8.143116180793372,6.068933010101318
7.078924552126015,5.6204915046691895
0.2886204877907422,-5.128981590270996
16.4171583068458,9.891303062438965
-44.7886924625105,-29.018333435058594
-7.726553411266567,-4.046471118927002
4.065326821312747,-5.036241054534912
2.12749125232924,-30.098779678344727
9.06213659212517,9.008882522583008
-4.51305804704249,-20.182613372802734
4.28301459624688,-1.2741074562072754
-7.211196994815285,-9.797024726867676
-58.4491138315396,-52.80002212524414
-0.5413656534735456,-9.49649429321289
3.24770439300306,2.0367398262023926
-0.6472060937938101,-3.340773582458496
-1.93656353174353,3.44411563873291
-1.94666134980912,-2.824406862258911
-0.670930828719279,-1.9885674715042114
17.1612744381531,4.186492919921875
-8.044482691931467,-3.118253469467163
16.9968892380515,16.854812622070312
3.62056380925444,-3.48276686668396
4.07090957771029,5.870646953582764
-1.0680791130593923,0.5808879137039185
4.69437535963172,1.4958693981170654
0.3837795244341289,-1.614771842956543
0.6681105368389735,3.1455183029174805
-8.08045020128908,1.4474259614944458
-42.6579269422049,-18.789295196533203
-30.89708550466269,-41.471153259277344
-1.1617148968623687,-2.981008291244507
6.46185690649625,5.854117393493652
8.658679095048068,9.525641441345215
-0.1898191226144924,-3.8087568283081055
6.457932781589695,2.1905622482299805
-33.7712071062874,-14.16624927520752
-4.786538605318405,3.4868621826171875
-13.5632540546311,-26.09872055053711
-82.13826531723697,2.9276084899902344
-3.0453156276270903,2.752426862716675
6.430237727930085,5.407838821411133
5.31082796058257,3.613825798034668
-70.65073406723695,-29.085790634155273
4.71112087372323,1.6713807582855225
-10.78700495517378,7.629920482635498
-6.055427015859325,-0.7927213907241821
-16.475900892606802,-1.784947395324707
-2.487076105276776,-2.0305631160736084
-48.3858044800915,-30.390979766845703
5.893700156574014,7.977697849273682
-47.9957157156951,-40.002620697021484
-1.511416195100045,-26.218406677246094
-7.071587649042333,6.630166530609131
-0.3550158381598589,7.470472812652588
-17.0078420331655,-22.77945327758789
10.3189652047012,3.498415946960449
8.829561804598438,-5.2172627449035645
10.909208084253878,11.380043029785156
-2.25262466719878,6.687828540802002
0.7445982178878973,-1.0630537271499634
-4.813871520282443,2.7568657398223877
2.85060083445348,2.622248888015747
-2.54595208771381,-10.872883796691895
-8.692928400841772,0.006643146276473999
16.618750626525,3.625051975250244
7.37064384347005,3.4523823261260986
-6.81516141534704,-6.057015895843506
-10.386374558578522,-7.548396110534668
3.73205068567752,6.86130428314209
-6.40442742836347,3.4357852935791016
1.74273211890989,-1.0214204788208008
-7.920344649869953,-7.825718879699707
-9.28527551691871,-5.053701400756836
1.51502173443586,-2.6502463817596436
-90.3299705619704,-67.53892517089844
-6.512385872303066,-33.7856330871582
0.7982616963508231,-1.8239431381225586
15.8859560938761,2.6531455516815186
-23.227454082363305,-31.42328453063965
5.4465900456679694,3.0916929244995117
-13.2494383747796,7.280478477478027
-2.3458288386735573,-5.239643573760986
-1.5403494549472296,-6.014179229736328
-2.941164138388841,-1.3125609159469604
-14.6311710829416,-18.71222686767578
-4.81834176383161,-5.704085826873779
-4.03806373695381,-5.061350345611572
0.4076170529080399,-2.5343246459960938
-34.8552692363716,-5.786116123199463
-25.0659802428987,8.0600004196167
-5.8684323426223,0.05149638652801514
0.6771989561182002,0.6797205805778503
-14.6157572128631,-18.796594619750977
5.344594984386832,-1.4926565885543823
-4.75101729862813,-3.422884702682495
-89.5439156156453,-28.021595001220703
-1.207429910073891,-4.20105504989624
13.667582002208905,11.607132911682129
-82.4887013651952,-33.05167770385742
4.40921359309415,3.193234443664551
-19.923371510770203,1.1662825345993042
-4.665207913971671,-4.364428997039795
3.42106467876526,0.4492902457714081
-39.0956747424042,-3.5982303619384766
-10.288292260688207,-7.7363972663879395
2.3067635611900137,-12.373659133911133
-4.92782811871599,-6.829955577850342
10.292368565007404,1.1598131656646729
-8.184373188662292,-34.948158264160156
-4.763634360062484,-14.901381492614746
-2.40000424902785,-2.829166889190674
5.009535132419683,1.2767702341079712
-22.2455703021075,-20.296123504638672
3.987299411465438,-4.440884113311768
-38.4962238749225,-36.062095642089844
-44.9949251983702,-8.090819358825684
-1.378759213278819,-5.4402642250061035
8.07102955700163,7.227446556091309
1.055995951979529,-0.20357632637023926
2.188685633501576,-4.5515594482421875
1.0880788430276551,5.147966384887695
-0.2898522089969393,-2.3454504013061523
-3.790702882666694,-6.423224449157715
-7.940842049461227,-3.2554657459259033
4.398742241377427,0.8678367137908936
2.5565427438131976,-1.38454008102417
4.123908949931413,-4.090912818908691
-76.9668504799361,-3.5875673294067383
-14.1325019191809,-13.064677238464355
7.960789166364423,7.251831531524658
0.4423212163888063,4.44871711730957
2.63206586722876,-0.4793893098831177
3.1988276731025875,-1.4018268585205078
-1.6552655274048038,-1.7918787002563477
8.077984978184695,6.082208633422852
-13.790764753514,-7.065804958343506
2.13745295521649,6.728665351867676
3.0897024917955025,-3.963648557662964
-0.3530077955256401,-9.104643821716309
-7.639409008216227,-1.6008397340774536
2.765011277030255,1.4425311088562012
3.557691046156,-5.733180522918701
4.00031385473591,-2.3064935207366943
-55.7541546140486,-24.968673706054688
9.550892694239591,13.414944648742676
1.775572054007981,-8.379953384399414
-2.248378586620203,0.22260785102844238
-56.2560888739038,-26.211687088012695
-2.5590885431480426,1.2744377851486206
-40.5029244010595,-30.527997970581055
-30.8171784242839,-8.51343059539795
2.679404112105611,2.5926034450531006
2.76740193393285,-5.067541599273682
-11.341527235964405,-2.6225786209106445
-3.448025235667948,-25.87331199645996
-0.0780407432645869,-6.62979793548584
11.616605850275496,6.499938011169434
9.179556151687803,-2.8386459350585938
7.190050317883171,-0.02431941032409668
-39.4932668903457,-14.053025245666504
-2.306526469902426,0.018687590956687927
0.5403453062071405,-6.88122034072876
-23.6042929930625,-34.10576629638672
-4.172986764275874,-6.365108966827393
0.5394390329931549,-9.858118057250977
5.84905996845087,0.03295895457267761
-22.9515728231767,-5.677839279174805
-3.134999611446543,-3.5900461673736572
-6.066411004621831,-1.8182463645935059
2.24572304437811,-5.690874099731445
-70.8116033690518,-15.232851028442383
0.3224388648416145,-7.399134635925293
4.755697845162629,-0.45981550216674805
1.7336328627834918,-3.353767156600952
3.939818822274421,5.866305828094482
6.09033976794457,4.289004802703857
6.4251548431743295,5.294055461883545
-6.47138721063866,-6.976767063140869
-0.0379657812584102,-5.731642723083496
4.4105627388370605,-9.336552619934082
2.3065604778561424,-1.1312034130096436
7.588764503474316,3.0613107681274414
-24.3954295810688,-10.373910903930664
7.380729755239978,4.381220817565918
5.978124919049687,1.6489441394805908
0.7860328468455551,12.680052757263184
-44.1817825469333,-56.865234375
3.58036180553514,-3.174677610397339
3.33951124606136,3.494203805923462
-6.79658968512302,-5.598381519317627
3.7347243087796,-0.8908026218414307
4.76541245752904,10.875069618225098
8.922207576391518,1.137934923171997
-11.864177458483407,-8.0228910446167
1.166748445159433,11.581315994262695
-25.781275563237,-7.005359172821045
4.179707781567577,-1.562952995300293
-1.073248118887358,-9.678524017333984
1.7249239205326918,2.345421314239502
-81.52648016021857,-17.81391143798828
13.015759276594096,6.960734844207764
5.35198813185094,-0.4517506957054138
-12.53254789251529,-1.9029617309570312
5.45103123545738,7.218224048614502
4.128157012788561,-5.045335292816162
-3.8590388668775,5.100378036499023
7.36579899286375,-0.9341144561767578
-11.03094492075089,-20.610488891601562
8.017093587799739,8.739051818847656
15.384553292915324,-24.787397384643555
2.79124989437018,-5.092875957489014
2.81101468536903,-9.157991409301758
-1.7237618714553775,-4.3867998123168945
-2.202886656443709,-14.557710647583008
2.369358494612781,3.5097544193267822
-11.30813578108209,-9.726761817932129
4.484288991501213,1.04838228225708
-35.8165916579592,-26.30613899230957
-5.19085420781142,-1.9917144775390625
2.86709961553106,-6.271296977996826
-4.349210006555943,-0.5259246230125427
5.029017096161708,-2.4276633262634277
8.243548509216069,2.286064386367798
-2.6184282494780104,-11.044925689697266
-5.527709296795018,-8.519010543823242
-52.7336020518746,-20.024246215820312
6.07843040491799,-1.8445004224777222
-4.396710286499547,-6.764293193817139
6.6154810826822,7.0133137702941895
9.772192422094813,-9.095149040222168
2.099307195887115,4.09539794921875
-12.414939844598162,-6.000008583068848
8.24149319055937,3.20902681350708
-1.5178355576616795,1.9736175537109375
9.144089281431205,7.28966760635376
1.418014053180695,-1.832284927368164
-60.92137282626391,-33.459651947021484
5.61896917638109,11.25862979888916
-4.96580172718434,-7.172998905181885
-24.4432878855492,-7.700525760650635
1.675381804264854,-1.414562463760376
-2.8447496930443927,-4.512945175170898
-1.059512617215007,1.9562766551971436
1.41805545618482,-3.80513334274292
-7.06329362397977,-3.682213544845581
9.400493271217616,-2.004051923751831
3.1327986373042376,-1.7238136529922485
4.097668935846943,2.0256216526031494
-4.01456885639382,-4.449392318725586
-2.260381023139061,1.3761427402496338
-8.237627320974727,-24.42232322692871
-2.23616712442702,4.195956707000732
-26.79502671025515,-26.99700355529785
-10.594900847222812,-26.692455291748047
4.509456424718162,7.670331954956055
-22.9219832537164,-26.20520782470703
-6.2026319104393295,-8.758251190185547
-4.662511414401839,-3.14902925491333
-0.4503474699443348,3.438322067260742
-21.5531296050118,-28.963232040405273
-39.7169735486916,-4.739934921264648
-6.13466459150186,-11.241903305053711
6.093529951556334,0.5224564075469971
-33.3004252633332,-33.593421936035156
-7.789052707582185,0.1373971700668335
-61.6890402284636,-18.685115814208984
-10.613183176373598,-5.77320671081543
-12.6203596574975,-18.142934799194336
-15.2234416939723,-2.270420789718628
3.42848617073407,-2.8041775226593018
-50.4820483838523,-23.069459915161133
-71.7765711158932,-38.92424011230469
4.338369925074482,-1.2645914554595947
-34.0729170807354,-21.412179946899414
-10.285920522724917,-6.11163330078125
2.71808902854303,5.93756103515625
2.26767773086615,-6.377876281738281
0.3189015990893598,-1.4830162525177002
-39.873530292237,-25.2922306060791
5.053393098685065,-5.043971538543701
-5.77665564868809,0.2868364751338959
-22.4462583852743,-22.63845443725586
-10.162041561092582,-23.74435043334961
8.70853787657841,2.417687177658081
-3.73521146317182,-3.8348028659820557
-1.3326443092463092,-21.27260398864746
-5.830142578087577,-5.660314559936523
-7.815562497274902,-0.8707753419876099
-20.7558388881914,-17.819936752319336
-1.03656181464744,0.0737466812133789
-3.930469946192945,-13.801959037780762
5.391699208755202,-7.9275431632995605
7.2595381633228,-2.6566884517669678
9.30630078585379,-8.47213363647461
-3.77133000272187,-5.20145845413208
-42.936846127142296,-41.41182327270508
0.5211206139658471,-5.039055824279785
0.7345204104922589,1.3653627634048462
6.86106163750481,-5.237317085266113
-21.61387508166409,-12.407832145690918
-24.577379709126298,-32.62137985229492
3.986867952152618,3.457550048828125
-63.2346715672369,-50.24378967285156
4.55602013063716,10.603386878967285
-20.3623076046531,-3.610474109649658
8.678125432705007,4.249945163726807
-2.1147225087047508,-0.5882652997970581
-1.14890133483728,-2.4450860023498535
3.7921116228684086,7.591555118560791
-1.3811964732242277,-11.894210815429688
0.1752112379752922,-6.662022590637207
3.3452637215970498,-0.013415753841400146
6.63109301847755,5.13600492477417
-8.72128086410909,-36.64645004272461
-0.1160299782726794,4.200395584106445
0.1119561526876595,-2.916563034057617
11.877856996640997,7.312263488769531
-3.2142130797467816,-6.801580905914307
-3.9552380984537248,-5.347368240356445
-1.593720937577549,-2.174187183380127
3.3899996482015826,8.18175983428955
7.66334596528203,6.646633148193359
2.60625970962018,14.745765686035156
5.006519903780723,-5.299093723297119
-58.5527340809363,-5.871316432952881
3.776985072333982,-1.0276453495025635
2.4866177573815964,-3.77899432182312
-0.6920482116816997,-8.595213890075684
2.1747311895065486,3.606585741043091
-13.14009076535719,-11.742880821228027
2.745769909533195,3.2086434364318848
-10.626155896203898,0.08671331405639648
0.0548896546292299,3.9129741191864014
-69.1366966634013,-17.18826675415039
14.8508222506114,6.772697925567627
-28.3488859938485,-12.190177917480469
0.6884341878779402,-5.483852863311768
12.566471603210276,-1.3823329210281372
-5.472376660417956,-6.484917163848877
-2.1691769605730515,0.5230764746665955
-0.3887710448227697,-3.101145029067993
9.1356503291117,4.93392276763916
4.93167956005568,-1.5902299880981445
2.713132201978397,0.9457762241363525
9.090654061652296,0.05262792110443115
1.741670982094262,-3.7816812992095947
-5.89266438028177,-2.2109413146972656
-1.130678948105339,-0.07625383138656616
-46.587141393021525,-33.863868713378906
4.366245372711767,1.2583247423171997
2.858782897786812,-7.025832176208496
2.53362859007723,-2.219285488128662
-1.7943154401891548,-6.566242694854736
-0.6435038581465955,0.7686458826065063
5.99108205682079,-9.86011028289795
2.44728958086436,3.294994354248047
1.5718362711845366,-1.3906066417694092
-55.54568697318505,-56.30727005004883
-9.231606713935047,-7.901037216186523
3.547124544521316,-23.76353645324707
-73.5286754265322,-8.739668846130371
0.2047767843086013,-1.034807801246643
-10.398648228661925,-6.661599636077881
-46.9980356488569,-31.74934959411621
-62.9031214125763,-43.45349884033203
-10.35739215730591,-1.7589069604873657
1.83593808226401,14.613950729370117
7.827394642815597,3.69576358795166
-9.742168339465294,-2.385779857635498
-0.29408409265346,-0.5989500880241394
-5.653435188749545,0.8166240453720093
-14.57002364123529,-20.039335250854492
-18.1797235112709,1.6017590761184692
-5.45440876641342,1.242215633392334
8.596988309863011,3.977217197418213
-5.493763326806099,-6.76446533203125
-8.393586343504198,-2.9037418365478516
-3.963646539183849,-2.3724656105041504
9.625121597198186,-5.3532490730285645
-6.18357684414468,-2.1208019256591797
-3.41466344580097,0.8097728490829468
-4.03025121975644,-8.919086456298828
-2.66483863280114,6.57357120513916
-0.190891674386513,-4.4110026359558105
16.1850033157246,3.627194404602051
-7.910003358009165,-6.95643424987793
-2.07861348348741,-6.831722736358643
12.331931266595111,3.3446338176727295
0.8825935384285006,-1.6552505493164062
-2.1789667599796294,-6.221053123474121
3.0307168501552093,-1.4535995721817017
14.8229623836697,18.253583908081055
6.795393661635613,12.185030937194824
5.16750826555368,7.517326354980469
-57.144820014625296,-11.9193696975708
6.167862854629888,1.9465256929397583
-2.698758931910008,-7.887614727020264
1.289294757415069,1.8055408000946045
13.9692836454661,3.054539680480957
-38.6438610292767,-25.89547348022461
-3.119647295186995,3.3021275997161865
-6.745372906074374,0.2569313645362854
-2.7468186065138984,0.9375104904174805
1.6198341998494314,6.8429789543151855
1.6646916021852596,-11.917952537536621
-7.87226820943855,-2.9102985858917236
8.652061852316729,1.6267964839935303
2.4933992323843923,-1.992027997970581
2.35160533891099,2.380965232849121
1.30779520720034,5.810415267944336
-11.9965988914421,4.729300022125244
4.780848076735348,2.6131420135498047
11.2728180991378,1.852558970451355
0.7651079053562314,6.531374931335449
-10.6557437737239,-12.973416328430176
3.27100049685324,-3.7991697788238525
-5.2815921348029296,1.0406466722488403
-27.5445722402187,-32.6300163269043
-2.683955047842884,7.859414577484131
-43.929359067237,-43.899356842041016
-4.639593570653838,-0.047663986682891846
-14.7229944429405,0.6155163049697876
-5.00028834575103,0.3901393413543701
-1.2236747050651609,-0.9949714541435242
-17.6830733389949,-11.338818550109863
-9.979741434164584,-17.245939254760742
-0.2823200449385875,-1.7857762575149536
-36.50577458359941,-5.742658615112305
-4.853312003098937,-43.33966827392578
-27.4476544011683,-34.102420806884766
-49.5120706514507,-45.11587905883789
1.2287673509824204,-6.092608451843262
9.503977484174175,2.804636240005493
-5.5186956836840375,-4.933570861816406
-2.99361591491145,1.2359954118728638
7.99575647038201,-1.9277698993682861
11.7225687296843,5.266498565673828
6.987950206462267,-3.2305526733398438
5.5273920092716775,-35.59429931640625
-7.19378137939456,-6.3810272216796875
6.001532732018722,3.520690679550171
7.92708077877978,-1.4208227396011353
4.316615136301563,0.16546285152435303
0.1590569364430157,-2.3584673404693604
2.8348518495029404,-3.161627769470215
-46.6686841099013,-35.228275299072266
-0.8984319813221007,-2.4646475315093994
4.30511943579503,1.574981927871704
-3.36735139960915,-4.63142728805542
6.58117049992555,0.929987907409668
6.753311816554961,-3.6380927562713623
-1.1091988250418725,-4.6667704582214355
5.26551760771767,9.087794303894043
-37.3999740396079,-25.111553192138672
-34.48768519828235,-14.091995239257812
-46.862925671502296,-20.002527236938477
-1.19024715514191,-1.5429050922393799
-1.4920816076829602,-2.7880630493164062
-5.775806690181939,-2.16756534576416
-14.2382866820043,-7.303022384643555
1.3131129859732091,-2.9324965476989746
13.1991243046288,6.743214130401611
3.6035536346157695,-4.045731067657471
4.97603191479674,-4.238397121429443
2.9737175212081803,1.6555662155151367
-35.1782981083837,-43.356895446777344
-10.480511156242285,-21.649873733520508
-0.3170472839931941,-0.09075495600700378
3.59745169898486,2.7672736644744873
-5.139364658294922,0.5272602438926697
-29.2662792150344,-8.565520286560059
11.555346181601609,8.162425994873047
3.7092867134231,-4.196512699127197
-0.7280966227290082,-2.106855869293213
0.9480162028997956,-1.9275964498519897
-9.619042312244815,-17.496501922607422
-3.15562863494722,2.609003782272339
7.285509446842615,8.139959335327148
2.71319811317338,-1.4106528759002686
1.026942322157092,3.647688150405884
-4.65691689928222,-5.617963790893555
-8.677497573270493,-5.383317947387695
14.3436638764016,1.6691404581069946
-11.8973420493851,-6.5420451164245605
-6.61979034735207,0.6382200717926025
8.86280218600469,3.716383934020996
-3.43040335892423,-1.6615674495697021
0.4443344011282492,-3.6142008304595947
2.6678241356197647,7.107674598693848
2.334382802629,2.8605740070343018
-13.8157551615103,2.8096187114715576
1.9007667723773176,-3.615402936935425
-17.190033530139498,5.789383411407471
3.88810032819938,-2.7706992626190186
1.2705701336207027,-2.3698511123657227
3.887422638441485,0.5385139584541321
10.349523074958825,-3.138777017593384
9.62907409316032,1.1468026638031006
0.7709161631446207,-7.981556415557861
2.3166834950764685,6.822039604187012
2.76912169862866,6.0977935791015625
-46.2372447228831,-29.100967407226562
-37.0930621901092,-2.873009443283081
0.996650643215182,-0.7222326993942261
-12.898019313824,-19.044076919555664
-0.71117494174041,-2.210440158843994
-0.5663484394051013,2.958094358444214
-12.4595255596924,-11.226768493652344
-0.6089836493556324,1.0305981636047363
6.92534745147092,2.1093966960906982
3.320229681965675,4.582151412963867
-10.274169876330886,-3.4421918392181396
-49.062306315025,-24.11939239501953
-30.7261055182573,-39.925193786621094
22.7414116448382,-6.031177043914795
-0.9529303605806088,4.227728843688965
-10.739322929783883,-5.735755443572998
-20.9507978903398,-27.873186111450195
-24.96156751119129,-23.46963882446289
14.9823899147147,-5.281374931335449
-14.564555056626377,-6.093249797821045
1.907333647224608,6.104332447052002
-1.178255647098801,0.7970309257507324
1.9806048133258944,-16.814144134521484
8.833837192566008,2.1493875980377197
-18.5255095356289,-38.29392623901367
3.010752586641185,-5.5363664627075195
3.67041582610247,7.535135746002197
-33.7845903951132,-24.52581214904785
-13.812973987503693,3.3069937229156494
-13.861300672159,-2.1394894123077393
-26.24662901330595,-19.91785430908203
-1.61504571199055,2.898345708847046
8.754663680824095,6.086635589599609
3.22816419080692,7.591906547546387
-2.0585753436264698,0.32813388109207153
-9.59094984812801,-16.12160873413086
6.02246857213521,-0.6258536577224731
-4.11149235653684,-15.014433860778809
-4.361976736345532,-4.0473551750183105
-2.4097304318056905,0.6685431003570557
4.967381413305823,-1.430495023727417
-11.9154244975033,0.07721102237701416
-11.183106529127476,-0.23180460929870605
-2.3538192484503564,-2.9738290309906006
-2.204579993178592,-5.096806049346924
-91.8886792382854,-14.067801475524902
3.2582764286422226,-2.0609323978424072
9.859104788483815,0.6646926403045654
-2.6304973605131474,2.0416219234466553
8.398744223780918,3.6086883544921875
1.4955767028094,2.019763469696045
6.720388221210122,3.7984187602996826
6.99756701325662,-0.4173969030380249
12.966325580978296,4.685500621795654
-22.8644313188967,-7.098865985870361
-14.4731176558811,-6.8644280433654785
-0.0918051514147744,-9.7560396194458
0.9434331950199416,-5.940516948699951
7.877641553655238,5.030045509338379
-27.1636490162131,-6.657323837280273
3.42669038506664,-6.801114559173584
0.31232235517322,-0.6702191233634949
1.1848602197973823,-3.466506004333496
-5.822632503482525,-8.11865234375
-2.989164004622407,-18.549449920654297
1.69213972357191,-9.600920677185059
-0.89184437235696,-10.351653099060059
2.446050707651698,1.1796197891235352
5.07108724357905,3.1399757862091064
5.42147270471237,4.299747467041016
-2.20364176327536,-2.6083948612213135
3.08443697315444,8.970934867858887
-5.97248436581227,0.02088063955307007
-1.0190872666435924,-5.02915620803833
-14.885807229381896,-1.2953132390975952
0.046018285265003,-10.282636642456055
6.00089213826483,9.072993278503418
-1.4680391508473674,-3.358478546142578
-49.8653288018085,-25.61408042907715
-7.283890318199592,-16.93465232849121
3.6053774296538297,-9.868038177490234
6.364261125349779,2.188075542449951
-51.4043293278057,-24.476299285888672
-64.65676531723692,-29.856094360351562
-26.1965705632023,-10.007399559020996
2.63157412115867,0.4527851939201355
16.694612728237402,-0.6710188388824463
-17.0314498829154,-10.49785041809082
-58.40351531723695,-23.90532112121582
-15.3173389528898,-6.912607192993164
-6.613686761665703,-30.804466247558594
-39.0646563811545,-30.877424240112305
0.809697096857583,2.3018906116485596
0.4685622181175212,-2.5835771560668945
-6.376202369524528,-3.1585168838500977
-14.434457477598505,-11.921443939208984
-26.0047332498617,-20.52437973022461
-17.5801214502402,-9.203898429870605
-2.60072537807549,1.4649181365966797
7.184930267876617,4.359225749969482
0.555665600488549,1.0304663181304932
8.747205755218493,-6.8642497062683105
-2.289513933263135,-3.5052618980407715
3.8009101564042025,2.530379295349121
-1.67197513843126,-18.361051559448242
-15.746453943284,-26.463420867919922
