Score,Pred Score
-0.6666666666666666,-3.0419609546661377
7.333333333333333,-0.6922701001167297
-0.4444444444444444,-4.632754325866699
-4.111111111111111,-0.7015566825866699
-7.333333333333333,-1.5689619779586792
1.3333333333333333,1.9436603784561157
-8.444444444444445,-1.311344861984253
1.6666666666666667,-1.9991148710250854
3.333333333333333,-3.7549445629119873
2.111111111111111,3.147703170776367
0.1111111111111111,-1.7283408641815186
11.22222222222222,-1.1397135257720947
-3.111111111111111,-10.250377655029297
-3.888888888888889,-4.111016273498535
14.11111111111111,3.864212989807129
-4.444444444444445,-3.362258195877075
6.0,0.5268526077270508
12.555555555555555,18.83050537109375
-0.8888888888888888,-4.250710964202881
-4.0,-5.432750225067139
-1.1111111111111112,0.10178899765014648
-3.555555555555556,-2.7409777641296387
-10.666666666666666,-5.260707855224609
9.11111111111111,-0.8104885220527649
-1.7777777777777777,-3.314649820327759
-3.4444444444444446,-3.095041513442993
23.22222222222222,13.793288230895996
0.8888888888888888,-3.1671342849731445
0.3333333333333333,-3.822377920150757
-3.7777777777777777,-3.0061068534851074
2.111111111111111,-2.9891042709350586
-2.2222222222222223,-0.6441740989685059
-2.2222222222222223,-1.4861613512039185
3.111111111111111,5.296018600463867
0.1111111111111111,10.69699478149414
-2.555555555555556,-2.5712623596191406
-0.2222222222222222,-0.69687819480896
3.111111111111111,3.0672049522399902
-4.444444444444445,0.06615814566612244
-5.222222222222222,0.4311177730560303
4.0,13.069230079650879
-4.777777777777778,-6.600502014160156
1.0,-0.7391346096992493
-4.111111111111111,-1.5371712446212769
-4.777777777777778,2.014230489730835
14.11111111111111,0.4276008605957031
2.2222222222222223,2.5629830360412598
-4.888888888888889,-5.078954219818115
-6.888888888888889,-2.0004265308380127
-9.444444444444445,3.1712846755981445
13.666666666666666,-1.6577730178833008
3.4444444444444446,4.493403434753418
-8.222222222222221,1.608787178993225
5.777777777777778,0.8502116203308105
0.0,-1.0159521102905273
13.666666666666666,12.200538635253906
-1.0,-1.7646974325180054
7.333333333333333,-2.7172114849090576
-2.888888888888889,0.24058349430561066
-7.111111111111111,-0.5475081205368042
-1.2222222222222223,-4.660944938659668
0.0,-0.6638727188110352
-7.666666666666667,-2.389842987060547
-1.5555555555555556,-0.5984939932823181
11.88888888888889,14.421313285827637
-4.666666666666667,-1.3776015043258667
-10.333333333333334,-0.7105622887611389
-9.555555555555555,-1.4156548976898193
-2.6666666666666665,-0.6651378273963928
-3.333333333333333,-2.380885601043701
1.8888888888888888,-1.3474273681640625
-5.666666666666667,0.6386927366256714
-3.888888888888889,1.4883266687393188
-1.5555555555555556,-2.427446126937866
-1.8888888888888888,-5.340329170227051
-7.888888888888889,-4.833951950073242
0.4444444444444444,-0.6025504469871521
3.555555555555556,0.6698214411735535
-0.8888888888888888,-1.4542735815048218
-5.777777777777778,-3.4672205448150635
-2.888888888888889,0.5247507095336914
-2.111111111111111,-0.16625463962554932
46.333333333333336,-0.6766550540924072
0.8888888888888888,-0.38014477491378784
1.1111111111111112,2.3684513568878174
0.0,-2.538015127182007
10.0,4.064289093017578
-1.1111111111111112,4.607641696929932
8.555555555555555,2.030590772628784
-4.777777777777778,1.6718746423721313
0.2222222222222222,-2.371431589126587
8.222222222222221,4.731223106384277
10.11111111111111,9.217582702636719
-2.555555555555556,-1.3207999467849731
-4.888888888888889,-5.19063663482666
20.88888888888889,17.157703399658203
19.33333333333333,22.81214714050293
-1.3333333333333333,3.0194432735443115
-4.111111111111111,0.9911601543426514
-2.7777777777777777,-2.1817426681518555
9.0,5.563288688659668
-6.111111111111111,-0.3826338052749634
-3.7777777777777777,-5.674376010894775
-5.0,-4.816304683685303
-3.0,-2.9089176654815674
-6.222222222222222,-8.976266860961914
-6.333333333333333,-1.1817721128463745
-1.8888888888888888,1.945251703262329
3.111111111111111,0.6702079176902771
-4.888888888888889,-4.413850784301758
6.777777777777778,5.6750078201293945
-4.444444444444445,-5.682689666748047
7.666666666666667,0.3207263648509979
0.5555555555555556,-2.1231014728546143
-7.0,-5.456045150756836
-10.0,-9.776068687438965
-0.5555555555555556,-0.8722835183143616
0.1111111111111111,-1.8008943796157837
-3.4444444444444446,-3.3276233673095703
6.777777777777778,6.007826328277588
-6.0,-4.635191440582275
-3.333333333333333,-1.5123594999313354
8.777777777777779,2.2620747089385986
-6.333333333333333,-5.939990997314453
-7.444444444444445,-7.34869909286499
0.1111111111111111,-4.749506950378418
-4.0,-5.574641704559326
6.222222222222222,2.1314897537231445
-3.4444444444444446,-1.5068340301513672
4.777777777777778,1.935475468635559
-2.111111111111111,-0.5826795697212219
-4.111111111111111,-0.3992730975151062
11.88888888888889,-1.2784479856491089
-0.5555555555555556,-0.6591368317604065
4.444444444444445,1.249187707901001
-0.3333333333333333,-3.6909642219543457
-4.555555555555555,3.2263660430908203
-0.7777777777777778,-2.9879088401794434
-2.2222222222222223,-2.449000358581543
-5.222222222222222,-4.982752799987793
10.444444444444445,9.919760704040527
-3.4444444444444446,-1.7990241050720215
-3.7777777777777777,0.7998384833335876
0.2222222222222222,-4.0290069580078125
-4.0,-6.356228351593018
-22.444444444444443,-7.095106601715088
-5.777777777777778,-4.037382125854492
-4.222222222222222,-1.0145658254623413
-2.333333333333333,0.03689488768577576
5.555555555555555,-1.5046550035476685
23.0,0.48158740997314453
4.777777777777778,2.717355489730835
-18.88888888888889,-4.055525302886963
-10.22222222222222,-11.080562591552734
5.222222222222222,1.2554383277893066
-5.0,-1.9185572862625122
7.444444444444445,2.4271562099456787
6.333333333333333,4.0091447830200195
1.4444444444444444,-2.907756805419922
-0.8888888888888888,1.378651738166809
3.111111111111111,-2.449636697769165
0.5555555555555556,4.823126316070557
-1.8888888888888888,0.3001183569431305
-11.77777777777778,4.823126316070557
-5.555555555555555,-1.4282209873199463
-1.3333333333333333,-2.115544319152832
-1.8888888888888888,-2.118837356567383
0.0,1.336233377456665
0.8888888888888888,-5.07781982421875
5.0,1.0138428211212158
2.4444444444444446,2.545264482498169
-0.1111111111111111,1.2082663774490356
2.111111111111111,2.698064088821411
-0.2222222222222222,0.7631374597549438
19.444444444444443,15.03841781616211
3.7777777777777777,4.9347310066223145
-3.111111111111111,-0.12152624130249023
7.555555555555555,8.154560089111328
1.5555555555555556,-1.4361439943313599
-1.1111111111111112,-2.36399245262146
-1.6666666666666667,-2.1621737480163574
3.111111111111111,3.6398210525512695
-1.6666666666666667,2.128474473953247
1.3333333333333333,1.632705807685852
-10.555555555555555,-6.10975456237793
-5.333333333333333,0.4139770567417145
-0.8888888888888888,-2.5744950771331787
-6.111111111111111,-4.227365493774414
-12.333333333333334,-1.3200998306274414
-6.111111111111111,-2.984355926513672
-6.111111111111111,0.19214564561843872
-10.22222222222222,-3.4709222316741943
4.444444444444445,-1.379812479019165
-2.555555555555556,-0.20547473430633545
-8.777777777777779,0.4366194009780884
-14.555555555555555,-3.7809839248657227
-15.0,3.5680224895477295
31.33333333333333,22.352149963378906
-20.11111111111111,1.4399926662445068
-3.4444444444444446,-1.6761541366577148
-0.1111111111111111,-2.913909673690796
-1.3333333333333333,-0.4251892566680908
1.6666666666666667,-0.26675140857696533
-4.888888888888889,-3.989398241043091
2.333333333333333,-1.9438555240631104
-13.333333333333334,-7.4113054275512695
0.5555555555555556,0.8328104615211487
1.2222222222222223,-1.7168097496032715
-8.777777777777779,-4.072038650512695
-0.2222222222222222,-0.30452096462249756
3.2222222222222223,-2.7751619815826416
-2.7777777777777777,-3.7276782989501953
-3.333333333333333,-2.2465405464172363
-5.0,-4.742544174194336
-3.333333333333333,-5.3046555519104
-6.777777777777778,-3.0767228603363037
1.0,-2.74360990524292
-4.444444444444445,-1.2959578037261963
-2.111111111111111,-2.8228886127471924
-20.55555555555556,-4.4924163818359375
3.333333333333333,0.0014676600694656372
-4.777777777777778,-0.5177450180053711
-1.4444444444444444,-2.920478343963623
-9.11111111111111,-5.631237030029297
-12.666666666666666,-6.576262950897217
-21.11111111111111,0.8851449489593506
3.555555555555556,-1.6079665422439575
-4.777777777777778,-3.895315408706665
-5.888888888888889,-3.5691375732421875
-7.555555555555555,-8.009878158569336
-3.555555555555556,-2.2007148265838623
3.0,1.2022569179534912
4.0,1.0936241149902344
-5.333333333333333,-3.6360955238342285
17.444444444444443,10.369433403015137
-11.77777777777778,-1.1129909753799438
-4.888888888888889,-4.833511829376221
6.444444444444445,-0.8634377121925354
4.0,0.27141231298446655
-9.88888888888889,-6.23590612411499
15.77777777777778,5.832211017608643
0.6666666666666666,-3.226893186569214
-9.444444444444445,-6.1454758644104
-1.7777777777777777,-2.0436298847198486
2.333333333333333,3.1007416248321533
-4.222222222222222,-5.425764560699463
-8.11111111111111,-5.344626426696777
1.8888888888888888,-3.1880593299865723
-12.555555555555555,-6.728099346160889
5.444444444444445,1.2255594730377197
-3.111111111111111,-5.926807403564453
-2.555555555555556,-2.9474892616271973
5.666666666666667,0.04985278844833374
1.4444444444444444,-1.775545597076416
-3.0,-3.8238515853881836
-0.1111111111111111,0.6228891015052795
1.1111111111111112,-4.264950275421143
-0.8888888888888888,-4.218632698059082
-7.333333333333333,-4.938109874725342
-13.77777777777778,-1.399205207824707
0.7777777777777778,1.4831171035766602
-2.6666666666666665,-3.2480645179748535
-19.55555555555556,-6.012567043304443
5.0,-1.2354156970977783
-2.2222222222222223,-1.0412037372589111
1.0,-2.5365524291992188
-3.0,-3.474930763244629
-3.888888888888889,-4.467001438140869
-3.4444444444444446,-2.7639167308807373
5.0,-0.4932297468185425
19.22222222222222,10.218915939331055
-2.4444444444444446,-1.4150313138961792
6.222222222222222,-3.3946545124053955
-5.333333333333333,-3.088088274002075
-10.77777777777778,-6.5665998458862305
0.0,-6.980921745300293
1.8888888888888888,0.29015982151031494
21.55555555555556,15.949700355529785
-7.777777777777778,-10.643040657043457
-7.222222222222222,-5.26699686050415
-1.7777777777777777,-11.839173316955566
5.444444444444445,-4.9666666984558105
-3.888888888888889,-0.606177806854248
-8.222222222222221,-3.6041455268859863
6.111111111111111,-3.2184362411499023
2.7777777777777777,-0.6430056095123291
-6.333333333333333,-8.038187980651855
0.2222222222222222,-2.381304979324341
-7.777777777777778,1.065242052078247
1.2222222222222223,1.4845242500305176
3.4444444444444446,-1.5669194459915161
-2.888888888888889,-2.455697536468506
14.88888888888889,9.411900520324707
-1.7777777777777777,-4.0848846435546875
-3.888888888888889,0.31072402000427246
-5.777777777777778,-4.284229278564453
27.11111111111111,7.536787509918213
1.7777777777777777,-6.072930812835693
0.3333333333333333,-4.49628210067749
-12.77777777777778,-3.9075615406036377
27.88888888888889,20.135831832885742
-4.222222222222222,0.5655791759490967
-1.2222222222222223,-0.6060479283332825
-3.0,1.0153387784957886
3.6666666666666665,1.8159416913986206
-1.5555555555555556,-1.3553334474563599
-4.222222222222222,-2.485597848892212
-0.7777777777777778,-0.5114665031433105
6.777777777777778,19.31927490234375
-0.7777777777777778,-3.2072319984436035
-8.777777777777779,-6.528214454650879
0.2222222222222222,-1.8989399671554565
-0.2222222222222222,2.519801139831543
-8.0,-3.927217483520508
-4.333333333333333,-5.760620594024658
-3.0,-3.1282191276550293
-7.666666666666667,0.24635112285614014
1.1111111111111112,-2.5490732192993164
-0.5555555555555556,-1.8731787204742432
-2.111111111111111,-3.8627631664276123
-7.555555555555555,-1.0009698867797852
17.666666666666668,7.987643241882324
-8.11111111111111,-2.4286816120147705
19.55555555555556,7.400881767272949
-6.555555555555555,5.7039408683776855
10.555555555555555,1.2646816968917847
-14.444444444444445,-10.183450698852539
6.666666666666667,-2.07955265045166
-3.888888888888889,2.5894687175750732
-6.333333333333333,-3.6328482627868652
-6.666666666666667,-2.811439275741577
-4.444444444444445,-3.1060850620269775
-2.111111111111111,-3.359182119369507
-10.333333333333334,-2.4989733695983887
-6.111111111111111,0.036225825548172
20.666666666666668,23.219928741455078
-5.444444444444445,-5.817084312438965
7.555555555555555,4.235724449157715
-1.4444444444444444,-1.4785950183868408
-7.222222222222222,-1.5670499801635742
-3.111111111111111,-3.289889335632324
-3.555555555555556,-3.349189043045044
-2.4444444444444446,-2.2369284629821777
-1.1111111111111112,-1.942381739616394
-7.555555555555555,-3.3736345767974854
10.11111111111111,8.003368377685547
-1.4444444444444444,-1.1288801431655884
-2.333333333333333,-2.6290736198425293
-1.6666666666666667,1.2523000240325928
8.88888888888889,0.4822823703289032
-3.888888888888889,-1.7174928188323975
-6.222222222222222,-0.19345533847808838
-11.88888888888889,-7.263232707977295
-1.5555555555555556,-3.135012149810791
7.111111111111111,-2.1124625205993652
4.666666666666667,-5.937281608581543
2.4444444444444446,-4.269648551940918
1.5555555555555556,-6.535750389099121
3.333333333333333,-4.794014930725098
-10.11111111111111,-2.7553248405456543
-8.444444444444445,-5.218255043029785
-2.555555555555556,-2.2048184871673584
2.4444444444444446,-4.6480326652526855
2.888888888888889,-1.46220064163208
-4.111111111111111,-7.433398723602295
-10.444444444444445,-6.917407035827637
17.666666666666668,12.151460647583008
27.77777777777778,13.297220230102539
-1.7777777777777777,-0.9234582185745239
11.88888888888889,0.8567246198654175
0.5555555555555556,1.3972190618515015
6.444444444444445,4.2921576499938965
-4.0,-6.725439071655273
-7.444444444444445,-5.114781856536865
-4.555555555555555,-5.543004035949707
12.333333333333334,13.455550193786621
6.0,6.803049564361572
-2.0,-1.2803047895431519
1.6666666666666667,-1.7998785972595215
17.333333333333332,19.6092529296875
10.11111111111111,8.83590030670166
-1.2222222222222223,-0.13022756576538086
5.666666666666667,5.509742736816406
-3.0,2.5705814361572266
-0.2222222222222222,3.899563789367676
6.888888888888889,5.906193256378174
1.4444444444444444,-0.5924727916717529
-1.2222222222222223,-3.181906223297119
-2.333333333333333,0.7568767666816711
-7.888888888888889,-4.256726264953613
20.22222222222222,18.700349807739258
-6.111111111111111,-3.7633090019226074
-12.444444444444445,-7.6789445877075195
-7.888888888888889,-4.808638095855713
1.2222222222222223,-3.0923545360565186
-2.888888888888889,-0.1791536808013916
-17.333333333333332,-14.896926879882812
0.0,0.7687532305717468
5.222222222222222,4.670397758483887
5.111111111111111,2.605196237564087
-5.444444444444445,-3.7765493392944336
10.22222222222222,-2.7751142978668213
-1.6666666666666667,-3.3789408206939697
-4.444444444444445,-0.5457730293273926
18.11111111111111,18.917701721191406
-4.777777777777778,-8.89516830444336
5.333333333333333,3.001403570175171
-2.555555555555556,-0.9326571226119995
5.888888888888889,14.432927131652832
8.11111111111111,-1.3891541957855225
-0.4444444444444444,0.31764674186706543
-5.444444444444445,-2.437208652496338
-0.6666666666666666,-3.8737621307373047
-5.444444444444445,-9.225711822509766
-17.0,-10.380080223083496
-1.0,-0.7145901918411255
2.333333333333333,-1.5184376239776611
0.2222222222222222,-3.374910593032837
-2.7777777777777777,-1.6105061769485474
-6.777777777777778,-2.3226399421691895
0.4444444444444444,2.7333767414093018
0.6666666666666666,-2.086277723312378
-0.7777777777777778,-3.9365744590759277
-7.555555555555555,-1.3110746145248413
-7.333333333333333,-3.506340265274048
-12.77777777777778,-4.147769927978516
0.2222222222222222,-2.6549558639526367
9.77777777777778,-1.2112782001495361
-6.222222222222222,-3.279231071472168
-4.888888888888889,-3.5423367023468018
-10.11111111111111,3.1933305263519287
-8.777777777777779,-4.134811878204346
-2.111111111111111,-4.027656078338623
1.6666666666666667,-0.6814656853675842
-0.7777777777777778,-0.5998548269271851
-0.1111111111111111,-3.4100074768066406
-0.5555555555555556,1.1659908294677734
-6.666666666666667,-1.5328677892684937
-9.88888888888889,-1.5878337621688843
-8.666666666666666,-7.684843063354492
0.6666666666666666,-2.3980350494384766
-0.7777777777777778,0.09079647064208984
0.3333333333333333,-6.954892158508301
1.3333333333333333,-3.5274605751037598
-2.2222222222222223,-4.9964680671691895
-6.444444444444445,-1.3622450828552246
2.4444444444444446,-4.88577127456665
-5.555555555555555,-9.413658142089844
-8.444444444444445,-6.53645658493042
15.0,2.021547555923462
2.2222222222222223,1.6689916849136353
2.6666666666666665,-0.6445696949958801
-2.7777777777777777,-3.0251283645629883
-5.222222222222222,-0.03579103946685791
-8.555555555555555,-4.810489177703857
-3.0,-5.914494514465332
-1.6666666666666667,-1.7713124752044678
-1.0,-3.383026123046875
-0.4444444444444444,2.020594835281372
37.11111111111112,12.246988296508789
-4.444444444444445,-2.979081153869629
0.5555555555555556,-4.945526123046875
-16.0,-3.1558873653411865
-10.22222222222222,-4.700108051300049
-2.333333333333333,-2.5099430084228516
-4.333333333333333,3.6059658527374268
-1.8888888888888888,4.615137577056885
-4.777777777777778,-5.583449840545654
-8.666666666666666,-0.0664287805557251
0.5555555555555556,-3.7430408000946045
17.333333333333332,7.956407070159912
1.5555555555555556,-0.6378889083862305
-4.222222222222222,3.1428682804107666
-6.111111111111111,-1.4559184312820435
6.222222222222222,3.7393507957458496
-1.3333333333333333,-0.8502682447433472
6.333333333333333,6.549961090087891
9.444444444444445,-0.03457432985305786
-0.1111111111111111,-1.273952603340149
-6.0,2.385979175567627
-4.666666666666667,1.3705205917358398
-6.666666666666667,-1.1886680126190186
12.77777777777778,9.028796195983887
0.2222222222222222,-0.9207174777984619
-14.555555555555555,-2.1983799934387207
-9.333333333333334,-3.9750475883483887
2.6666666666666665,0.5676942467689514
-1.3333333333333333,-2.893742799758911
-12.555555555555555,-0.7816767692565918
-8.777777777777779,1.2588320970535278
2.6666666666666665,-2.293757438659668
-7.222222222222222,-5.8390960693359375
2.6666666666666665,-1.1252996921539307
-6.444444444444445,-3.6827282905578613
-42.55555555555556,-6.427639484405518
4.777777777777778,-0.8134769797325134
0.5555555555555556,-3.2580182552337646
-9.666666666666666,-8.577044486999512
9.77777777777778,13.319245338439941
9.444444444444445,0.23007044196128845
-2.7777777777777777,-4.619448661804199
2.0,-1.7502260208129883
-2.111111111111111,-3.011936664581299
-10.666666666666666,0.07026782631874084
-3.888888888888889,-8.401177406311035
-0.6666666666666666,-2.5292811393737793
-6.111111111111111,-3.5870800018310547
-2.555555555555556,0.1521758735179901
-5.444444444444445,-6.0627827644348145
-3.6666666666666665,-5.456225395202637
2.555555555555556,2.9690663814544678
4.333333333333333,-0.6831361055374146
-5.555555555555555,-3.7966198921203613
-0.6666666666666666,-2.741136312484741
-1.6666666666666667,-1.5673550367355347
1.5555555555555556,-0.7529657483100891
-8.0,-6.52643346786499
1.2222222222222223,0.7172894477844238
12.333333333333334,6.992359161376953
0.4444444444444444,-2.4536988735198975
0.2222222222222222,-3.2943289279937744
0.4444444444444444,3.7129156589508057
0.1111111111111111,-2.7833476066589355
0.3333333333333333,-0.6185545921325684
1.2222222222222223,-0.5659034848213196
-1.4444444444444444,-5.163357257843018
2.888888888888889,-0.356391042470932
14.88888888888889,12.396289825439453
0.1111111111111111,-3.1977779865264893
-4.888888888888889,0.7795311212539673
19.55555555555556,12.123668670654297
-3.7777777777777777,-3.352172374725342
-2.7777777777777777,-5.156435966491699
-4.0,-4.59778356552124
-4.111111111111111,-2.544295072555542
-0.1111111111111111,-8.428628921508789
2.333333333333333,0.36526989936828613
0.6666666666666666,0.1672673225402832
1.0,2.293083667755127
-5.111111111111111,-2.6628007888793945
-1.2222222222222223,-1.5570595264434814
-3.111111111111111,-4.555098056793213
-16.333333333333332,-6.124209880828857
-7.555555555555555,-4.313696384429932
-7.777777777777778,-5.034916400909424
-1.5555555555555556,-2.930901288986206
-7.333333333333333,-2.3423538208007812
1.1111111111111112,-2.832692861557007
3.333333333333333,-2.5880632400512695
-6.444444444444445,-0.8999649882316589
-6.0,0.2939433157444
-1.7777777777777777,-1.487950325012207
3.2222222222222223,7.954189777374268
1.0,-0.9816853404045105
-8.0,-0.7394660711288452
0.4444444444444444,-1.3049064874649048
1.8888888888888888,-6.164636135101318
8.88888888888889,0.612845778465271
-0.5555555555555556,-15.598280906677246
-8.444444444444445,0.08381390571594238
0.4444444444444444,0.562395453453064
-2.7777777777777777,-1.652292013168335
-3.6666666666666665,3.9823477268218994
-5.222222222222222,-4.46375846862793
-10.555555555555555,-1.9868948459625244
0.6666666666666666,-2.4321951866149902
8.0,0.5080904364585876
0.2222222222222222,10.679139137268066
-2.6666666666666665,-0.6958285570144653
-5.111111111111111,-1.5540177822113037
-9.333333333333334,-3.370025634765625
-0.3333333333333333,0.6335793733596802
2.6666666666666665,-2.3763437271118164
-8.88888888888889,-8.716712951660156
-5.555555555555555,-6.3505096435546875
1.5555555555555556,-0.49654752016067505
-4.444444444444445,-2.558525562286377
-8.0,-1.2870638370513916
5.222222222222222,3.6941285133361816
-1.8888888888888888,-1.5466160774230957
-7.555555555555555,-0.2623139023780823
4.0,4.574556827545166
0.1111111111111111,1.2719523906707764
1.4444444444444444,0.37734293937683105
-2.0,-0.801393449306488
-2.7777777777777777,-2.4732041358947754
-6.555555555555555,-2.029723644256592
-8.666666666666666,-5.091187000274658
-5.0,-3.9273455142974854
-3.7777777777777777,-5.8850226402282715
9.555555555555555,-3.0423405170440674
-10.22222222222222,-5.136686325073242
9.0,7.612078666687012
-2.7777777777777777,-1.4762612581253052
-1.5555555555555556,-0.30465900897979736
-1.8888888888888888,4.077526092529297
2.4444444444444446,-2.3449344635009766
-5.222222222222222,-1.90798020362854
-1.6666666666666667,-0.8477833271026611
5.888888888888889,-3.2691307067871094
-6.666666666666667,-2.2317302227020264
-0.2222222222222222,-2.1804263591766357
-6.666666666666667,-2.655810832977295
-5.111111111111111,-2.194780111312866
0.3333333333333333,-1.017512559890747
-0.4444444444444444,-2.595004081726074
-4.444444444444445,-1.4336556196212769
3.4444444444444446,-12.774035453796387
-0.7777777777777778,-1.7619309425354004
-9.555555555555555,-5.901252746582031
-5.333333333333333,-3.247130870819092
5.222222222222222,-2.070563554763794
6.444444444444445,6.029256343841553
5.111111111111111,-3.567568063735962
4.888888888888889,-3.4867184162139893
-6.0,3.7524664402008057
-5.666666666666667,-4.257885932922363
37.77777777777778,16.892555236816406
-7.111111111111111,-3.0375733375549316
-1.4444444444444444,-2.5962350368499756
6.777777777777778,-2.433542490005493
-9.444444444444445,-2.9815406799316406
-6.333333333333333,-1.4958635568618774
-0.4444444444444444,-3.7416934967041016
5.111111111111111,-2.4243149757385254
9.11111111111111,0.31458061933517456
-1.7777777777777777,0.06336146593093872
-7.888888888888889,5.157682418823242
-3.6666666666666665,-1.8308241367340088
-2.888888888888889,4.864803314208984
-8.0,-6.209997653961182
-2.4444444444444446,-3.831653594970703
7.888888888888889,11.606953620910645
-0.2222222222222222,-1.3273136615753174
-0.5555555555555556,-0.4909001588821411
-2.7777777777777777,-0.22097274661064148
-3.555555555555556,-1.0335354804992676
-0.5555555555555556,-2.534332275390625
-2.111111111111111,6.02297306060791
-1.5555555555555556,-0.9451515674591064
2.4444444444444446,-0.10317331552505493
-8.11111111111111,-1.5516711473464966
-0.6666666666666666,-3.948537826538086
3.0,1.0134669542312622
-1.4444444444444444,-0.6792088747024536
9.666666666666666,1.2868926525115967
3.111111111111111,7.834901332855225
-12.555555555555555,-1.6760950088500977
4.666666666666667,-0.22562968730926514
-12.0,-11.436200141906738
-10.88888888888889,-5.569752216339111
17.11111111111111,8.937472343444824
9.22222222222222,7.460849761962891
-1.3333333333333333,-2.680506467819214
5.666666666666667,0.5900848507881165
-5.666666666666667,-2.5746304988861084
-3.888888888888889,-8.932117462158203
-8.11111111111111,-3.609060287475586
-9.444444444444445,-1.3613572120666504
-2.7777777777777777,-1.446155309677124
-5.888888888888889,2.5499281883239746
8.555555555555555,-2.929368734359741
-3.555555555555556,-4.26685905456543
2.555555555555556,6.240778923034668
-25.22222222222222,-4.5683698654174805
5.888888888888889,-1.6900629997253418
-2.7777777777777777,-2.804774522781372
-6.444444444444445,-1.8187557458877563
-17.444444444444443,-8.750395774841309
-0.1111111111111111,-2.819744348526001
-4.666666666666667,0.26115745306015015
-1.7777777777777777,-1.7555900812149048
-0.2222222222222222,0.00919729471206665
6.111111111111111,-1.3947237730026245
-5.444444444444445,-6.286269187927246
-4.222222222222222,-6.289661407470703
-3.6666666666666665,-3.8610029220581055
-2.4444444444444446,-1.1443599462509155
-10.0,-6.791475772857666
8.333333333333334,-3.516448974609375
25.55555555555556,17.83763313293457
-2.555555555555556,-4.031894683837891
-4.555555555555555,-0.519961416721344
-1.3333333333333333,-2.78532338142395
22.666666666666668,12.808839797973633
3.2222222222222223,5.895942211151123
-3.2222222222222223,-2.7816402912139893
-1.2222222222222223,-4.211978435516357
-1.1111111111111112,-2.981175184249878
-6.111111111111111,-3.2586522102355957
-12.555555555555555,-5.9105119705200195
13.11111111111111,5.498795509338379
8.88888888888889,0.7916449308395386
-2.2222222222222223,-4.066311836242676
-8.666666666666666,-4.448562145233154
-11.555555555555555,-0.987111508846283
-3.2222222222222223,3.8390748500823975
-2.0,3.535346746444702
-1.5555555555555556,-5.11038064956665
-6.111111111111111,-2.320523500442505
2.0,0.1341014802455902
-8.333333333333334,-5.1287760734558105
-2.4444444444444446,-1.6397746801376343
4.222222222222222,-1.8237082958221436
26.22222222222222,-1.6554560661315918
-5.0,-3.84570574760437
-2.2222222222222223,-3.933854579925537
1.1111111111111112,0.9757896661758423
-10.0,-5.814183712005615
4.555555555555555,-1.7231090068817139
3.6666666666666665,-2.5928263664245605
-11.666666666666666,-4.714500904083252
12.22222222222222,-3.058811902999878
-0.3333333333333333,-4.9585771560668945
-9.11111111111111,-4.927000999450684
-1.4444444444444444,-5.779918670654297
-3.4444444444444446,-2.5461487770080566
-10.11111111111111,-4.704706192016602
-2.111111111111111,0.16704590618610382
15.666666666666666,8.830829620361328
-3.888888888888889,-2.209874391555786
-3.2222222222222223,-7.028301239013672
2.0,1.616304636001587
-4.666666666666667,-4.905302047729492
1.7777777777777777,-1.8722091913223267
1.0,-2.002852439880371
-1.3333333333333333,-1.1720479726791382
-5.222222222222222,-4.084810256958008
-0.2222222222222222,1.6504309177398682
-3.0,-2.7235147953033447
-6.555555555555555,-3.8865201473236084
-1.3333333333333333,-2.838818073272705
-2.111111111111111,-3.581958055496216
9.555555555555555,-2.358060598373413
0.7777777777777778,-4.923070430755615
38.11111111111112,26.19860076904297
0.0,-1.8800584077835083
-4.222222222222222,-3.525331735610962
1.3333333333333333,-0.5079687833786011
8.555555555555555,-1.284477949142456
-3.555555555555556,-3.3692078590393066
33.0,26.11054801940918
-4.777777777777778,-2.7666525840759277
29.0,16.59659767150879
-12.555555555555555,-9.386913299560547
2.111111111111111,3.0188512802124023
-3.2222222222222223,-5.217849254608154
-7.111111111111111,-6.767018795013428
-4.222222222222222,-5.22964334487915
-7.444444444444445,-3.2092907428741455
-10.0,-0.974419355392456
7.888888888888889,7.57451057434082
1.6666666666666667,-6.745131015777588
-4.0,-4.632383346557617
-2.888888888888889,-3.0993096828460693
0.5555555555555556,1.7829574346542358
-14.333333333333334,-4.184578895568848
-9.0,5.756495475769043
-4.888888888888889,-7.577988624572754
-4.111111111111111,6.507284164428711
-0.5555555555555556,0.1400483250617981
-1.6666666666666667,-1.5519424676895142
-1.3333333333333333,-1.132690668106079
-5.666666666666667,1.7481389045715332
-6.111111111111111,-2.580435037612915
0.8888888888888888,2.9468090534210205
-5.0,3.8602614402770996
-14.77777777777778,-3.163214683532715
0.8888888888888888,-1.1021265983581543
2.2222222222222223,14.629776000976562
2.7777777777777777,1.0264596939086914
7.666666666666667,-0.5057274103164673
-2.555555555555556,-3.038189649581909
-5.111111111111111,1.2764006853103638
-1.1111111111111112,-3.8947441577911377
8.222222222222221,20.00228500366211
9.333333333333334,-1.928444743156433
7.888888888888889,13.543143272399902
0.3333333333333333,-1.0439682006835938
-8.0,-5.225830554962158
-7.555555555555555,4.4758477210998535
-4.777777777777778,-1.4696149826049805
-0.3333333333333333,2.925446033477783
-5.333333333333333,-2.6655006408691406
4.333333333333333,-2.224801778793335
-1.4444444444444444,0.4911395311355591
-2.888888888888889,-6.8799824714660645
3.111111111111111,-5.526364326477051
17.333333333333332,6.0004048347473145
2.0,-1.4215624332427979
-13.88888888888889,-5.801688194274902
-4.444444444444445,-4.834940433502197
-11.666666666666666,-10.68445873260498
-4.444444444444445,-4.56200647354126
-4.222222222222222,-0.7908144593238831
-7.333333333333333,-5.530650615692139
-3.2222222222222223,-3.6579232215881348
-3.4444444444444446,-0.7149789333343506
-3.111111111111111,-4.469091415405273
-5.333333333333333,-6.7336106300354
7.888888888888889,0.9892794489860535
19.88888888888889,27.41374969482422
-0.1111111111111111,-0.3081499934196472
-2.555555555555556,-2.5525968074798584
-6.888888888888889,-2.8264431953430176
-6.111111111111111,13.269124031066895
-1.5555555555555556,-2.668221950531006
-4.333333333333333,-7.959274768829346
0.6666666666666666,-3.912717819213867
-24.0,-2.233046293258667
-4.222222222222222,-4.82148551940918
-1.0,-1.0593887567520142
1.3333333333333333,0.020187407732009888
-12.666666666666666,-1.1437561511993408
-7.0,-3.476504325866699
-1.3333333333333333,-0.23621739447116852
-7.0,-5.840729713439941
5.888888888888889,1.613875150680542
-8.11111111111111,-2.5989816188812256
-5.777777777777778,-5.217272758483887
-2.888888888888889,-1.3522218465805054
-12.77777777777778,-3.6091372966766357
-6.444444444444445,-6.050517559051514
-2.4444444444444446,-0.80738765001297
6.0,2.5764453411102295
-8.666666666666666,2.838744878768921
-2.111111111111111,0.018237829208374023
11.11111111111111,-2.1528966426849365
5.333333333333333,-1.6245146989822388
2.4444444444444446,1.563483715057373
-3.7777777777777777,-4.383683204650879
-1.8888888888888888,-0.6502403616905212
-0.7777777777777778,-5.0745110511779785
-5.111111111111111,-8.087321281433105
0.6666666666666666,-3.367947816848755
-1.3333333333333333,0.1538560390472412
18.77777777777778,14.723660469055176
7.0,2.449307918548584
-22.55555555555556,-5.2255635261535645
-5.333333333333333,-2.117205858230591
-0.7777777777777778,0.19693082571029663
10.444444444444445,-5.56792688369751
-1.4444444444444444,-5.0252156257629395
-0.8888888888888888,-4.228178977966309
10.0,1.7627900838851929
23.0,14.560761451721191
0.1111111111111111,-2.354015827178955
-1.6666666666666667,-1.2318010330200195
-8.88888888888889,-0.14984849095344543
-10.444444444444445,-7.447125434875488
-1.0,-1.6562460660934448
0.6666666666666666,-0.9976515173912048
-4.111111111111111,1.4995266199111938
18.11111111111111,3.4670586585998535
-1.3333333333333333,-4.546046733856201
-6.333333333333333,-3.9595470428466797
-6.666666666666667,-2.6206839084625244
-4.111111111111111,-2.589787721633911
-7.555555555555555,-5.838253974914551
-10.555555555555555,-4.490903854370117
0.5555555555555556,-5.492029666900635
5.555555555555555,2.3595869541168213
-0.1111111111111111,-2.415961980819702
-2.888888888888889,-3.3501391410827637
2.4444444444444446,4.477674961090088
-2.888888888888889,-3.782092809677124
18.666666666666668,25.223289489746094
1.2222222222222223,3.882643938064575
-2.2222222222222223,-7.0595703125
-1.0,-0.8513879776000977
5.222222222222222,9.721923828125
4.222222222222222,-0.1879793405532837
-0.2222222222222222,-1.522457480430603
16.444444444444443,-1.5219817161560059
-8.0,-3.819705009460449
-11.666666666666666,-5.705546855926514
0.1111111111111111,1.4477888345718384
2.2222222222222223,3.9749929904937744
-5.333333333333333,-3.4328415393829346
-2.333333333333333,-3.2341389656066895
-3.555555555555556,-1.2842917442321777
-3.111111111111111,-3.855788230895996
-9.22222222222222,-2.194139003753662
-9.666666666666666,3.586111068725586
-6.333333333333333,1.0861780643463135
-8.333333333333334,-0.7027557492256165
-11.555555555555555,-3.3365118503570557
-8.333333333333334,-6.395471096038818
25.0,6.1150407791137695
-5.222222222222222,-4.629720687866211
3.555555555555556,-0.8131573796272278
-2.333333333333333,-5.4041361808776855
-13.666666666666666,-4.683689117431641
-2.333333333333333,-6.8000335693359375
-6.444444444444445,-2.655712604522705
10.22222222222222,6.463398456573486
-4.888888888888889,-6.338034629821777
6.444444444444445,10.340262413024902
2.0,8.347838401794434
15.0,-0.9039311408996582
-10.0,-4.708688735961914
-5.666666666666667,2.832606554031372
-3.7777777777777777,-5.670428276062012
1.2222222222222223,-7.731634140014648
-1.4444444444444444,0.029622256755828857
-4.222222222222222,-9.22304916381836
2.4444444444444446,-2.7336783409118652
2.333333333333333,-1.6814759969711304
-7.666666666666667,0.7061567306518555
-0.2222222222222222,0.12463712692260742
0.2222222222222222,-2.6273715496063232
1.2222222222222223,-1.8231157064437866
-4.888888888888889,-6.977797031402588
-1.2222222222222223,-2.7304155826568604
0.7777777777777778,-4.421003818511963
-1.5555555555555556,-5.474092483520508
-4.444444444444445,-2.2542965412139893
-1.1111111111111112,-4.1504364013671875
-3.111111111111111,-3.1170434951782227
-0.2222222222222222,-3.5845861434936523
3.0,0.39027073979377747
30.0,14.216545104980469
12.88888888888889,16.661314010620117
-0.3333333333333333,-3.3510029315948486
41.55555555555556,-4.224087715148926
-13.333333333333334,-6.203729152679443
-10.555555555555555,-4.441490173339844
0.7777777777777778,-4.802073001861572
0.3333333333333333,-1.4009127616882324
-3.555555555555556,-0.9377092123031616
7.222222222222222,7.618193626403809
4.666666666666667,2.363058090209961
-9.88888888888889,-6.503358840942383
-6.111111111111111,-3.634565591812134
-3.4444444444444446,-2.8741614818573
7.888888888888889,5.040259838104248
0.2222222222222222,2.899430751800537
-0.3333333333333333,-1.3865242004394531
2.4444444444444446,9.201133728027344
0.3333333333333333,-0.7733336091041565
-4.777777777777778,-3.9800758361816406
-2.111111111111111,-1.2971889972686768
-6.111111111111111,0.12418603897094727
3.333333333333333,0.328713059425354
0.8888888888888888,-1.4911699295043945
-4.777777777777778,0.5090466737747192
-3.888888888888889,-3.8137896060943604
-10.0,-2.9904069900512695
-21.33333333333333,-5.587988376617432
-4.444444444444445,-4.802480220794678
2.0,2.8150441646575928
-5.222222222222222,-4.900903224945068
1.2222222222222223,0.9052854180335999
-9.666666666666666,-5.7442626953125
-7.222222222222222,-2.448598861694336
-6.555555555555555,-3.1071135997772217
-8.777777777777779,-3.3001508712768555
-8.11111111111111,-2.85963773727417
0.3333333333333333,-4.607814311981201
0.4444444444444444,5.091527938842773
0.1111111111111111,-5.626156806945801
13.22222222222222,3.630549430847168
-3.888888888888889,-2.499866008758545
-0.8888888888888888,-2.0349199771881104
-4.777777777777778,-7.919158458709717
-9.22222222222222,-4.553543567657471
3.111111111111111,-3.7021660804748535
2.2222222222222223,5.5175909996032715
-10.555555555555555,-6.1496262550354
-1.0,-3.2595620155334473
-11.0,-0.8978888988494873
-4.666666666666667,-0.9573935866355896
-4.0,-5.7131476402282715
3.6666666666666665,-0.964180588722229
-1.0,0.13975918292999268
3.0,0.027556434273719788
-9.444444444444445,-5.116006851196289
3.333333333333333,-3.7613027095794678
-4.111111111111111,-4.142747402191162
6.555555555555555,1.173230528831482
3.333333333333333,4.377928733825684
-7.222222222222222,-1.2743425369262695
0.4444444444444444,0.39364275336265564
-2.7777777777777777,-4.983826160430908
-2.2222222222222223,-0.9709492921829224
-2.6666666666666665,-7.824548721313477
-1.7777777777777777,-4.2990546226501465
13.22222222222222,23.722612380981445
-3.2222222222222223,-8.984809875488281
-6.888888888888889,-5.626401901245117
-8.666666666666666,-8.176006317138672
2.0,1.6100560426712036
0.0,-2.494511604309082
-2.888888888888889,-1.0412135124206543
-5.888888888888889,-3.950288772583008
5.555555555555555,0.794318437576294
-4.0,-1.7623984813690186
6.444444444444445,5.292375564575195
-3.555555555555556,-4.051801681518555
-1.3333333333333333,-1.276923418045044
2.0,-1.9871374368667603
-6.0,-5.36497163772583
-18.88888888888889,-7.590032577514648
-13.555555555555555,-1.3071082830429077
-2.888888888888889,-1.4923834800720215
6.444444444444445,-1.9108757972717285
-4.111111111111111,-3.4040935039520264
-6.555555555555555,-6.405540943145752
-3.111111111111111,-1.2667948007583618
-1.5555555555555556,-6.92161226272583
-1.7777777777777777,-6.028573036193848
5.555555555555555,-1.767858624458313
-1.5555555555555556,-2.3060355186462402
12.77777777777778,8.964958190917969
-7.777777777777778,-4.961589336395264
1.3333333333333333,-2.434889078140259
-2.555555555555556,-1.9751794338226318
19.22222222222222,20.097373962402344
4.666666666666667,-2.2518653869628906
-5.888888888888889,-5.154239654541016
-7.888888888888889,-3.339020252227783
10.77777777777778,-4.363623142242432
32.111111111111114,12.966256141662598
-5.666666666666667,-2.851595163345337
9.11111111111111,2.708766222000122
8.777777777777779,0.1598292589187622
-9.11111111111111,-5.181136608123779
4.555555555555555,-1.4915776252746582
3.4444444444444446,-2.2617483139038086
-11.555555555555555,-4.574080467224121
-3.0,-4.260625839233398
-5.222222222222222,-3.061962604522705
1.1111111111111112,-7.072397708892822
-9.555555555555555,-3.373426675796509
-3.888888888888889,-2.1646556854248047
-0.3333333333333333,-3.8310751914978027
1.6666666666666667,-2.8333661556243896
-8.555555555555555,-3.6290664672851562
11.333333333333334,2.1131632328033447
8.88888888888889,-1.4473220109939575
-4.222222222222222,2.1747305393218994
-0.6666666666666666,-1.8432855606079102
-8.333333333333334,-0.9037107825279236
-2.888888888888889,-3.734867572784424
-9.77777777777778,-7.117130756378174
-2.4444444444444446,-2.489950180053711
7.222222222222222,2.72214412689209
-11.11111111111111,0.4382646977901459
-3.2222222222222223,-0.11812865734100342
3.555555555555556,0.9907284379005432
-1.2222222222222223,-2.2946953773498535
-15.11111111111111,3.2386550903320312
-8.222222222222221,-5.354549884796143
1.5555555555555556,-2.225520372390747
-6.222222222222222,0.3442012369632721
-2.888888888888889,2.0972137451171875
-1.3333333333333333,2.4894492626190186
4.0,-2.221128463745117
5.666666666666667,10.234170913696289
6.777777777777778,3.208195924758911
-3.6666666666666665,-3.2977516651153564
-5.222222222222222,-3.1739580631256104
-6.0,-3.956951856613159
0.4444444444444444,-5.089980125427246
-4.444444444444445,-1.4732835292816162
-6.888888888888889,2.0171985626220703
-0.1111111111111111,-6.425765514373779
-5.555555555555555,-6.724393844604492
-8.666666666666666,5.387757778167725
3.4444444444444446,-0.3722623884677887
-0.8888888888888888,0.07776154577732086
-2.6666666666666665,-9.384140014648438
-1.3333333333333333,-2.4680016040802
2.4444444444444446,-1.4903087615966797
-9.22222222222222,-11.136528015136719
-12.333333333333334,-3.262233018875122
25.666666666666668,5.62205171585083
2.4444444444444446,-1.406198501586914
2.2222222222222223,-1.6987420320510864
-1.2222222222222223,-4.235446929931641
-2.6666666666666665,-3.653435230255127
-5.333333333333333,-4.325519561767578
0.0,0.26861703395843506
-1.4444444444444444,-3.012366533279419
-3.555555555555556,-1.8054862022399902
-0.5555555555555556,-2.253030300140381
-5.222222222222222,-3.693474054336548
-2.0,1.7876583337783813
3.555555555555556,-0.698688805103302
3.555555555555556,-0.4925064742565155
-1.0,0.6248499155044556
5.222222222222222,1.1346840858459473
-11.11111111111111,-8.864407539367676
-6.222222222222222,-5.3643479347229
-8.11111111111111,-2.4378161430358887
5.333333333333333,0.7430576086044312
-1.8888888888888888,0.7476521730422974
1.7777777777777777,4.229076385498047
-1.4444444444444444,-6.053947448730469
-2.0,-6.192575931549072
-10.22222222222222,-3.773374557495117
2.2222222222222223,-0.09588533639907837
7.111111111111111,5.703290939331055
-5.0,-3.3796420097351074
23.33333333333333,14.00035572052002
2.888888888888889,-3.909806489944458
-0.3333333333333333,-0.49485868215560913
-2.7777777777777777,1.0794693231582642
20.11111111111111,1.906333565711975
-6.555555555555555,-4.279860973358154
-5.888888888888889,-5.697668552398682
-13.0,-6.040500164031982
-2.6666666666666665,-4.486935138702393
-4.666666666666667,-1.8104281425476074
0.8888888888888888,1.8504410982131958
-2.111111111111111,1.6664071083068848
21.55555555555556,11.014244079589844
4.444444444444445,1.753119945526123
1.2222222222222223,-5.000735759735107
13.333333333333334,12.406145095825195
-17.22222222222222,-6.583342552185059
13.11111111111111,1.4570443630218506
3.555555555555556,6.975801944732666
-3.4444444444444446,-0.32417547702789307
11.22222222222222,-0.4858102798461914
-4.555555555555555,-3.452119827270508
1.4444444444444444,-1.5755367279052734
-5.0,-0.008375763893127441
15.22222222222222,14.02016544342041
4.444444444444445,0.4600517153739929
-7.666666666666667,-2.7784066200256348
-3.111111111111111,-2.3535125255584717
-6.666666666666667,-5.502821922302246
0.4444444444444444,1.4826034307479858
-4.111111111111111,0.0320887565612793
-2.2222222222222223,0.6331741213798523
16.88888888888889,16.632640838623047
-4.0,-3.111072301864624
-11.333333333333334,-4.151731014251709
0.5555555555555556,2.4698309898376465
8.777777777777779,14.30050277709961
1.0,-0.14785677194595337
-3.2222222222222223,-0.7552617788314819
0.0,0.6409825086593628
3.2222222222222223,2.012221336364746
1.2222222222222223,1.9012761116027832
-4.111111111111111,-4.151731491088867
-2.4444444444444446,-5.625730991363525
2.0,-1.5924464464187622
-4.444444444444445,-0.7461443543434143
-8.666666666666666,-1.2344392538070679
-1.7777777777777777,2.25126576423645
-4.333333333333333,-2.723301887512207
-5.333333333333333,-1.9742311239242554
2.0,-0.28468117117881775
-0.2222222222222222,-4.7735371589660645
4.222222222222222,-0.46561500430107117
6.444444444444445,-0.7613333463668823
-15.88888888888889,-8.179207801818848
21.0,12.70720100402832
9.444444444444445,6.533801555633545
1.2222222222222223,1.2246748208999634
-7.888888888888889,-3.954864740371704
-2.4444444444444446,-6.287374019622803
4.111111111111111,-1.4346967935562134
3.888888888888889,1.0923444032669067
-4.111111111111111,-6.4759931564331055
-5.333333333333333,-4.43410587310791
31.22222222222222,-4.816588401794434
-4.888888888888889,-2.4520251750946045
-5.777777777777778,-7.526144981384277
-1.8888888888888888,-4.708193302154541
19.55555555555556,15.669883728027344
-2.0,-5.645237445831299
3.111111111111111,1.5047649145126343
-1.1111111111111112,-4.303439617156982
11.22222222222222,1.4516537189483643
3.555555555555556,-0.258339524269104
-0.8888888888888888,-2.8728158473968506
24.88888888888889,18.386638641357422
-4.111111111111111,0.6409050822257996
13.88888888888889,21.75307273864746
-1.5555555555555556,-2.760521411895752
-7.111111111111111,-6.527649402618408
-15.666666666666666,-3.2134571075439453
-22.88888888888889,-11.045660972595215
9.666666666666666,1.4819210767745972
2.2222222222222223,17.37047576904297
-3.4444444444444446,-1.6869813203811646
-6.555555555555555,-1.590438961982727
-14.0,-2.5925393104553223
2.2222222222222223,0.4238014221191406
1.2222222222222223,2.8568108081817627
-5.333333333333333,5.7544097900390625
-6.333333333333333,-4.359869003295898
-4.0,-1.2340677976608276
-3.2222222222222223,-3.1321828365325928
-1.8888888888888888,-0.2302202582359314
0.3333333333333333,0.7805137038230896
7.777777777777778,2.204674005508423
-1.0,-2.884561777114868
-1.6666666666666667,4.6915082931518555
-17.22222222222222,-2.182293176651001
-2.333333333333333,-0.16762417554855347
11.666666666666666,11.457947731018066
-0.6666666666666666,8.01222038269043
1.2222222222222223,-0.014176487922668457
19.33333333333333,2.3221163749694824
-3.888888888888889,-3.2982430458068848
9.333333333333334,-2.1585886478424072
-2.555555555555556,4.609249591827393
-7.555555555555555,-3.5386157035827637
-0.1111111111111111,-1.0634766817092896
3.888888888888889,1.2507808208465576
-7.888888888888889,-4.616434574127197
-1.0,-0.820391058921814
-1.2222222222222223,3.365777015686035
-6.222222222222222,-8.053507804870605
-1.3333333333333333,-4.8758745193481445
-3.4444444444444446,-1.6555036306381226
0.7777777777777778,2.9542086124420166
-6.333333333333333,-6.057411193847656
-8.666666666666666,-3.2075235843658447
-0.3333333333333333,-7.144299507141113
1.1111111111111112,-5.0860090255737305
3.7777777777777777,7.207228183746338
-4.888888888888889,-0.14057159423828125
7.666666666666667,-0.0786898136138916
7.333333333333333,8.804289817810059
10.11111111111111,-1.6824101209640503
-2.7777777777777777,-0.7931084036827087
-3.555555555555556,-5.280206680297852
-4.0,-7.7456865310668945
-5.333333333333333,-2.1364784240722656
1.6666666666666667,0.35078221559524536
-2.555555555555556,-1.1153851747512817
12.22222222222222,10.187517166137695
-2.888888888888889,-2.204258680343628
-4.444444444444445,1.8063910007476807
-3.6666666666666665,-6.435760498046875
-0.7777777777777778,-3.706418752670288
6.333333333333333,1.4899555444717407
-9.555555555555555,0.3982856273651123
-6.111111111111111,-2.928849220275879
0.8888888888888888,0.12110273540019989
4.222222222222222,0.48357874155044556
-26.0,-11.697111129760742
12.88888888888889,15.485791206359863
-4.444444444444445,-3.6322686672210693
-3.6666666666666665,-4.398314952850342
2.0,1.4376370906829834
-8.11111111111111,-4.313787937164307
-0.2222222222222222,-4.497211456298828
4.888888888888889,1.0277749300003052
-4.888888888888889,-5.061159133911133
-3.555555555555556,-1.2759770154953003
6.888888888888889,2.463169813156128
13.333333333333334,4.400503158569336
1.5555555555555556,-0.35696449875831604
-3.4444444444444446,-0.9064192771911621
0.1111111111111111,0.9323374032974243
3.2222222222222223,-2.881608009338379
-6.222222222222222,-2.3083269596099854
-7.0,-3.1487724781036377
4.333333333333333,1.4422752857208252
0.7777777777777778,0.4495396912097931
2.4444444444444446,-3.4180266857147217
-0.2222222222222222,-2.478407382965088
7.333333333333333,0.44470882415771484
0.3333333333333333,-0.3411775827407837
-2.6666666666666665,-3.142144203186035
0.2222222222222222,-0.18782934546470642
-2.555555555555556,-4.240634918212891
-2.2222222222222223,1.0718820095062256
-1.2222222222222223,5.7248406410217285
8.777777777777779,1.678837776184082
-1.3333333333333333,1.3041179180145264
5.222222222222222,1.3743621110916138
0.1111111111111111,7.831990718841553
-3.333333333333333,-5.529870510101318
2.6666666666666665,3.703002691268921
-6.555555555555555,-1.847374677658081
-17.88888888888889,-3.62272047996521
5.555555555555555,3.0532243251800537
6.333333333333333,7.675754547119141
4.777777777777778,3.1113991737365723
11.22222222222222,10.739285469055176
1.6666666666666667,2.9435641765594482
-11.22222222222222,-6.884454250335693
-4.555555555555555,-1.6266217231750488
-4.222222222222222,-5.423623085021973
0.5555555555555556,3.5864031314849854
-8.11111111111111,-4.688415050506592
10.0,9.280712127685547
3.888888888888889,0.7737073302268982
-2.555555555555556,-1.4534417390823364
-3.333333333333333,0.23564553260803223
0.7777777777777778,0.7047633528709412
-4.0,-3.754793167114258
-2.333333333333333,-4.280614852905273
1.8888888888888888,1.5942367315292358
19.88888888888889,1.475631833076477
-12.333333333333334,-4.242176055908203
-5.222222222222222,-1.978570818901062
-7.777777777777778,-3.1239075660705566
0.6666666666666666,0.6905503273010254
0.7777777777777778,-3.5923655033111572
4.444444444444445,1.2166635990142822
-5.111111111111111,5.244481563568115
-3.333333333333333,-4.725176811218262
-14.77777777777778,-4.801152229309082
5.0,2.5021872520446777
-2.0,-4.381267547607422
-1.6666666666666667,-1.3049490451812744
-1.5555555555555556,-1.8092049360275269
-2.4444444444444446,-4.29492712020874
7.777777777777778,4.887516975402832
1.2222222222222223,-6.706524848937988
-9.11111111111111,-2.2695889472961426
-1.8888888888888888,-1.9759652614593506
-5.555555555555555,-5.834466934204102
1.3333333333333333,0.6189759373664856
-0.5555555555555556,-0.5918741822242737
-7.222222222222222,-0.45721694827079773
15.444444444444445,6.468497276306152
-13.22222222222222,-1.980258822441101
-6.111111111111111,-1.5917589664459229
-0.7777777777777778,1.4184387922286987
-13.0,-0.9442257285118103
-7.111111111111111,-1.0906659364700317
-5.777777777777778,-0.7017843127250671
-2.111111111111111,-3.899688959121704
-5.444444444444445,-5.389253616333008
-3.333333333333333,-1.4748231172561646
0.0,-2.026644229888916
3.0,0.6161382794380188
26.444444444444443,14.09955883026123
2.6666666666666665,3.672748327255249
-6.555555555555555,0.6161382794380188
-4.777777777777778,9.437756538391113
5.222222222222222,1.5196905136108398
-16.666666666666668,-7.115324974060059
5.888888888888889,-0.3739268481731415
-5.0,-3.1665685176849365
-4.555555555555555,-7.35420036315918
-4.555555555555555,2.168085813522339
2.2222222222222223,-5.37801456451416
1.5555555555555556,-3.3422439098358154
-0.8888888888888888,-3.7189810276031494
-8.444444444444445,-5.983653545379639
-2.7777777777777777,-0.3875911831855774
4.0,1.4371073246002197
-0.1111111111111111,2.245404005050659
7.555555555555555,6.419599533081055
-2.333333333333333,-3.858247756958008
-4.333333333333333,-3.985602378845215
0.3333333333333333,-2.5553646087646484
-3.0,0.5007873773574829
3.333333333333333,-4.268311977386475
-4.555555555555555,-0.9568434953689575
1.3333333333333333,-3.829470634460449
1.6666666666666667,1.5169706344604492
-4.555555555555555,-9.010430335998535
15.22222222222222,1.575933575630188
-3.7777777777777777,-2.82254695892334
-0.3333333333333333,-2.928351879119873
-2.111111111111111,-3.4915928840637207
-1.7777777777777777,0.5367451906204224
-0.7777777777777778,2.7363548278808594
-4.888888888888889,-0.5857604742050171
-3.111111111111111,0.1809452623128891
-1.4444444444444444,-3.06264591217041
-5.777777777777778,0.9972225427627563
16.88888888888889,14.95053768157959
0.1111111111111111,-6.478938102722168
-4.888888888888889,-2.604346990585327
3.4444444444444446,-3.040335178375244
-2.555555555555556,-2.4834725856781006
0.0,-0.20384609699249268
0.8888888888888888,0.08093413710594177
-20.0,-3.4516258239746094
3.333333333333333,-3.998450756072998
-2.4444444444444446,0.24517633020877838
-8.777777777777779,-1.9001009464263916
-6.666666666666667,-4.851445198059082
-2.888888888888889,1.7880094051361084
-5.444444444444445,-8.224273681640625
-8.555555555555555,3.739905834197998
-0.4444444444444444,-0.5777533650398254
-2.111111111111111,-2.830461025238037
3.4444444444444446,0.5596244931221008
-7.333333333333333,-2.513653039932251
-1.4444444444444444,-5.101201057434082
-11.88888888888889,-0.8938091993331909
-5.555555555555555,4.085178375244141
-6.333333333333333,5.556023597717285
-1.0,-8.541720390319824
0.4444444444444444,4.198561191558838
-11.444444444444445,-7.741108417510986
7.222222222222222,1.4392266273498535
-2.333333333333333,3.9537978172302246
-8.222222222222221,0.029106616973876953
1.7777777777777777,3.3724348545074463
-11.333333333333334,-4.535434246063232
-4.333333333333333,0.32513585686683655
-9.555555555555555,-2.6825196743011475
0.4444444444444444,7.9308061599731445
-8.777777777777779,-6.314114093780518
-8.333333333333334,-1.021942138671875
-2.333333333333333,-3.8855223655700684
19.55555555555556,4.5328192710876465
-7.222222222222222,-8.91309642791748
-2.888888888888889,-2.1741485595703125
-19.77777777777778,-8.490198135375977
7.111111111111111,6.742153167724609
-4.0,-5.225273132324219
-8.444444444444445,-1.8627502918243408
6.444444444444445,-0.1468997597694397
13.11111111111111,-0.27593785524368286
-1.6666666666666667,-2.0027198791503906
1.7777777777777777,0.057686060667037964
-3.6666666666666665,-1.248567819595337
15.444444444444445,12.568465232849121
-0.3333333333333333,2.108720541000366
37.0,7.0626373291015625
-4.666666666666667,-0.3187439441680908
-6.0,-3.68660044670105
34.55555555555556,19.342161178588867
-1.7777777777777777,-1.9665124416351318
-3.888888888888889,2.2065420150756836
20.77777777777778,5.100996017456055
-4.777777777777778,0.2931520938873291
-4.555555555555555,-6.636330604553223
-10.88888888888889,-4.472635269165039
-19.88888888888889,-3.5636863708496094
0.3333333333333333,-5.291268348693848
-0.6666666666666666,-3.9730677604675293
-11.444444444444445,-0.9894506931304932
-6.666666666666667,-4.16351318359375
23.666666666666668,5.2842278480529785
2.0,-0.6495097279548645
-4.222222222222222,-4.519779205322266
-3.2222222222222223,-4.34686803817749
-2.555555555555556,-5.065247058868408
-0.6666666666666666,2.059981107711792
-6.222222222222222,-0.5760601162910461
2.888888888888889,-1.1283466815948486
-0.8888888888888888,1.109721302986145
0.1111111111111111,-4.4979705810546875
0.6666666666666666,-2.391171455383301
-23.88888888888889,-5.00999641418457
-2.555555555555556,-1.1743286848068237
0.5555555555555556,12.367002487182617
-3.0,-9.279858589172363
-10.555555555555555,-9.898775100708008
3.333333333333333,-1.0274884700775146
3.111111111111111,10.834512710571289
0.2222222222222222,-3.766310214996338
-2.7777777777777777,-3.0784106254577637
-1.3333333333333333,-2.48807954788208
-2.6666666666666665,-1.6418592929840088
-10.555555555555555,-1.687504529953003
-2.0,-5.410721302032471
-1.7777777777777777,-6.470900058746338
-1.4444444444444444,-2.845452070236206
-12.88888888888889,-5.717500686645508
-5.666666666666667,4.4013824462890625
23.0,22.284669876098633
0.2222222222222222,3.486661911010742
14.666666666666666,11.934414863586426
5.0,-2.509188413619995
-4.222222222222222,-4.445991516113281
-8.0,-4.181073188781738
1.5555555555555556,1.8415380716323853
0.1111111111111111,2.146873950958252
2.333333333333333,2.4863901138305664
-3.7777777777777777,-2.6800739765167236
-0.2222222222222222,-2.1221673488616943
2.555555555555556,5.0732645988464355
-10.333333333333334,-8.021200180053711
0.3333333333333333,0.04290062189102173
-7.0,-6.985908508300781
-9.88888888888889,-6.287570953369141
4.666666666666667,0.9579945802688599
-1.8888888888888888,0.9261826276779175
-3.888888888888889,-4.764845848083496
-13.0,-3.9753291606903076
4.333333333333333,-1.5770803689956665
-2.7777777777777777,-0.2973923981189728
-2.4444444444444446,-2.359908103942871
9.444444444444445,8.319637298583984
14.666666666666666,2.315725564956665
-5.555555555555555,-4.9772844314575195
-3.4444444444444446,-2.9737417697906494
-9.333333333333334,-9.937161445617676
-1.8888888888888888,0.26384735107421875
-2.333333333333333,-6.983237266540527
5.555555555555555,2.3285889625549316
-3.111111111111111,-3.6233222484588623
11.88888888888889,10.121732711791992
-10.22222222222222,-6.924103736877441
2.888888888888889,-0.6635399460792542
9.555555555555555,-3.9583611488342285
-0.4444444444444444,0.6916813850402832
-7.333333333333333,-3.292877435684204
-8.666666666666666,-3.7251744270324707
-5.777777777777778,-5.308896064758301
6.777777777777778,-5.8215651512146
-7.444444444444445,-0.7302225232124329
-0.5555555555555556,-4.313032627105713
-2.7777777777777777,-1.473347544670105
-4.222222222222222,-7.397130966186523
-3.555555555555556,-0.8314675688743591
0.4444444444444444,0.04134371876716614
2.6666666666666665,4.907015800476074
15.444444444444445,13.646744728088379
0.8888888888888888,-0.2792699337005615
-3.0,-2.0930464267730713
-3.888888888888889,-1.0587726831436157
-2.888888888888889,-4.359338760375977
-8.333333333333334,-3.8760457038879395
-5.333333333333333,-3.848330020904541
-2.0,-6.785948753356934
-5.111111111111111,-6.400538444519043
-1.6666666666666667,-4.525375843048096
1.8888888888888888,2.702064275741577
-6.0,-2.8091518878936768
3.6666666666666665,6.526135444641113
4.444444444444445,0.588375985622406
-6.333333333333333,-6.42664909362793
-5.0,-6.71359395980835
-4.222222222222222,-4.022937297821045
-4.111111111111111,-7.153649806976318
-0.7777777777777778,-2.105161190032959
0.3333333333333333,0.22715413570404053
-2.888888888888889,-0.15366128087043762
-2.7777777777777777,-2.2007546424865723
5.666666666666667,3.7698490619659424
-2.7777777777777777,2.182433605194092
0.3333333333333333,-0.6876382827758789
0.6666666666666666,-0.31765103340148926
-10.666666666666666,-1.6601840257644653
-8.88888888888889,-6.038990020751953
2.4444444444444446,-1.5849591493606567
-13.555555555555555,-8.029290199279785
2.4444444444444446,9.34826946258545
-1.6666666666666667,0.2660207450389862
18.444444444444443,8.573184967041016
-3.333333333333333,-0.03863948583602905
-2.888888888888889,-3.8269567489624023
-4.222222222222222,-7.076113700866699
-1.1111111111111112,-1.5604263544082642
-3.7777777777777777,-9.253554344177246
31.11111111111111,6.90687894821167
-2.2222222222222223,-4.144430637359619
-3.555555555555556,-7.298905849456787
-3.888888888888889,0.4885803759098053
-6.666666666666667,-4.148993492126465
-1.5555555555555556,-3.3507184982299805
0.5555555555555556,-4.562224388122559
-4.222222222222222,-4.859040260314941
-18.22222222222222,-6.276972770690918
-2.333333333333333,-6.082681655883789
0.2222222222222222,-3.6464743614196777
3.2222222222222223,-1.0797196626663208
3.4444444444444446,3.9030394554138184
-2.333333333333333,-3.1390302181243896
2.7777777777777777,-5.662081718444824
1.3333333333333333,0.43068379163742065
-4.777777777777778,-3.2692959308624268
-8.11111111111111,-4.733399391174316
-0.7777777777777778,-1.5410133600234985
-7.444444444444445,-2.4037744998931885
1.3333333333333333,3.5060806274414062
-3.111111111111111,-2.5877130031585693
13.444444444444445,11.89107894897461
13.77777777777778,3.046611785888672
-2.888888888888889,-0.7005807161331177
-3.111111111111111,2.542874574661255
-4.333333333333333,-2.938995122909546
3.2222222222222223,6.464771747589111
-0.1111111111111111,-5.348867893218994
0.3333333333333333,0.10240596532821655
0.0,1.019492745399475
7.111111111111111,3.1554224491119385
24.22222222222222,10.140620231628418
-6.0,-6.248967170715332
-11.0,-1.7355189323425293
-2.111111111111111,-2.6194958686828613
-2.4444444444444446,-3.6077823638916016
-2.2222222222222223,-0.6322383880615234
4.222222222222222,-0.5688881874084473
-9.22222222222222,-4.803808212280273
10.333333333333334,12.873139381408691
-3.555555555555556,-5.404635906219482
17.555555555555557,25.94491195678711
1.8888888888888888,-2.810748815536499
1.8888888888888888,2.336503267288208
-5.666666666666667,0.5213072299957275
14.88888888888889,10.722036361694336
0.6666666666666666,-1.3941272497177124
1.1111111111111112,1.6446020603179932
-3.333333333333333,0.9064062833786011
3.4444444444444446,-2.2161900997161865
-6.555555555555555,-4.799302101135254
-6.888888888888889,-7.459386348724365
-2.888888888888889,-1.4457637071609497
-2.2222222222222223,-3.363734006881714
2.333333333333333,1.0637785196304321
-4.666666666666667,-2.190110921859741
-2.888888888888889,-3.7084248065948486
-0.7777777777777778,-3.4184248447418213
-9.77777777777778,-2.537534713745117
-4.111111111111111,-8.30825138092041
-7.777777777777778,-7.567441463470459
-4.111111111111111,0.5293057560920715
0.8888888888888888,0.7905298471450806
-7.666666666666667,-3.4932894706726074
-4.333333333333333,-1.3481072187423706
-11.666666666666666,-7.15625
0.2222222222222222,-0.11476254463195801
-3.0,-2.8623838424682617
-3.0,-6.198904991149902
8.444444444444445,10.85980224609375
-6.333333333333333,-2.997497081756592
-8.333333333333334,-5.011797904968262
-0.3333333333333333,-0.7777928113937378
-7.222222222222222,-3.6151912212371826
-0.3333333333333333,-1.1043040752410889
4.222222222222222,-0.43027615547180176
-2.555555555555556,-5.434567451477051
-8.444444444444445,-6.233440399169922
-4.111111111111111,-1.4104684591293335
-0.1111111111111111,-10.190633773803711
-2.555555555555556,-4.438925743103027
-2.4444444444444446,-7.338687419891357
-2.888888888888889,-1.3912112712860107
10.11111111111111,2.122927188873291
-2.4444444444444446,-1.0728864669799805
7.0,1.4696282148361206
-4.222222222222222,-4.227165222167969
-2.4444444444444446,-5.121461391448975
-12.11111111111111,-4.663431644439697
0.3333333333333333,-0.22825270891189575
6.111111111111111,0.43983447551727295
-16.666666666666668,-11.08838176727295
1.8888888888888888,8.509511947631836
3.6666666666666665,-0.19705742597579956
0.8888888888888888,0.4152759313583374
-6.777777777777778,2.4447872638702393
-9.333333333333334,-5.246920108795166
-13.0,-2.1506614685058594
1.3333333333333333,-1.6443878412246704
2.333333333333333,2.263967990875244
-2.888888888888889,-0.8425319790840149
-8.0,10.981855392456055
1.3333333333333333,-3.669188976287842
-1.0,1.5546408891677856
1.6666666666666667,-3.7249550819396973
8.333333333333334,-4.209365367889404
3.6666666666666665,12.049786567687988
-3.111111111111111,-1.985588788986206
-7.444444444444445,-4.5015435218811035
2.6666666666666665,0.6604592800140381
11.22222222222222,16.466312408447266
-2.0,-6.108009338378906
-2.555555555555556,-2.7091774940490723
-6.111111111111111,-6.225518226623535
-5.111111111111111,-6.473670482635498
-8.777777777777779,-1.7801463603973389
-10.11111111111111,-6.0527520179748535
-4.666666666666667,-4.529585361480713
9.444444444444445,3.540933132171631
1.6666666666666667,-2.6297733783721924
-3.0,-3.919649362564087
-5.444444444444445,-3.0054776668548584
2.111111111111111,-1.0739601850509644
-5.888888888888889,-2.042050838470459
-1.8888888888888888,-3.3622195720672607
-4.777777777777778,-4.212514400482178
2.111111111111111,-7.713855743408203
0.5555555555555556,-4.860626220703125
-3.111111111111111,-4.5341291427612305
-11.88888888888889,-7.567647457122803
-0.6666666666666666,-2.655003309249878
12.11111111111111,1.3069223165512085
-0.5555555555555556,-2.546393871307373
0.6666666666666666,1.9571759700775146
-4.888888888888889,-3.0050177574157715
-3.111111111111111,-4.332117557525635
-2.2222222222222223,-4.5448174476623535
-3.2222222222222223,-7.003443241119385
-6.888888888888889,-5.574103355407715
3.4444444444444446,2.0777571201324463
24.11111111111111,9.827103614807129
-0.8888888888888888,-2.8117191791534424
0.8888888888888888,-3.85918927192688
-6.555555555555555,-1.7330225706100464
-1.3333333333333333,-4.480092525482178
-4.111111111111111,-2.4283649921417236
9.666666666666666,-1.198493242263794
5.111111111111111,-1.4344379901885986
4.333333333333333,-4.658492088317871
0.4444444444444444,1.0354825258255005
-15.444444444444445,-11.808362007141113
-7.0,-5.235447406768799
1.7777777777777777,0.5561853647232056
6.777777777777778,2.198150634765625
8.0,0.6118097305297852
4.777777777777778,4.797693729400635
19.55555555555556,13.493600845336914
-6.777777777777778,-4.6379170417785645
-7.222222222222222,-3.7279000282287598
0.1111111111111111,0.6572925448417664
-0.4444444444444444,-7.29685115814209
-3.555555555555556,-3.600989580154419
10.444444444444445,7.470850944519043
3.4444444444444446,5.901558876037598
-0.1111111111111111,4.26002311706543
-7.666666666666667,-2.922591209411621
0.1111111111111111,-0.5001621246337891
-3.333333333333333,-4.609151363372803
-4.222222222222222,-0.6956971287727356
-0.7777777777777778,0.28084930777549744
-11.666666666666666,-9.6511812210083
-2.333333333333333,-1.6429840326309204
-0.3333333333333333,-4.1237688064575195
17.88888888888889,9.552953720092773
32.55555555555556,21.767807006835938
-11.0,7.09096097946167
-4.0,-0.03751087188720703
-6.777777777777778,-2.202648639678955
-15.333333333333334,-2.641676664352417
-7.666666666666667,4.900078296661377
-3.555555555555556,-3.24351167678833
-2.7777777777777777,-4.127997875213623
0.1111111111111111,1.4880496263504028
38.11111111111112,17.994462966918945
-8.0,0.5391179323196411
-4.222222222222222,-4.097493648529053
0.0,-2.6832120418548584
23.55555555555556,14.467164039611816
1.7777777777777777,-0.9540421962738037
-2.7777777777777777,0.20994487404823303
-5.777777777777778,-5.184505939483643
7.333333333333333,8.756474494934082
-6.555555555555555,-4.065863132476807
-9.333333333333334,0.5677671432495117
5.111111111111111,0.34179985523223877
-5.444444444444445,1.7766904830932617
3.6666666666666665,0.9842574000358582
-6.555555555555555,-4.625204086303711
19.444444444444443,23.42180633544922
-4.777777777777778,-2.6736230850219727
4.888888888888889,-1.0671392679214478
-3.2222222222222223,-6.780673503875732
-1.6666666666666667,1.8256946802139282
-7.555555555555555,0.40580976009368896
-3.4444444444444446,-1.699462652206421
1.5555555555555556,0.14465418457984924
-7.555555555555555,-8.565892219543457
-13.333333333333334,-5.446602821350098
-5.0,-5.064746856689453
-3.111111111111111,6.060844898223877
-8.777777777777779,0.8505166172981262
-1.1111111111111112,0.7820972800254822
1.8888888888888888,-2.409346103668213
-6.222222222222222,-5.525067329406738
-0.1111111111111111,-3.0168516635894775
4.0,1.201981782913208
-18.22222222222222,-7.446866512298584
-1.7777777777777777,-5.59407377243042
-13.333333333333334,-10.767634391784668
-7.666666666666667,-5.7168169021606445
-1.6666666666666667,-3.3456780910491943
-4.444444444444445,-1.1792486906051636
-11.444444444444445,-3.584486246109009
2.888888888888889,0.9547083377838135
27.0,22.41417694091797
1.8888888888888888,2.1763458251953125
-8.88888888888889,-2.4669442176818848
-4.888888888888889,-1.509145736694336
-5.888888888888889,-4.768669128417969
-3.6666666666666665,-3.467001438140869
9.555555555555555,16.34560775756836
-1.6666666666666667,-1.492126226425171
0.8888888888888888,-1.0167700052261353
-13.666666666666666,-7.868258953094482
-3.555555555555556,0.04314979910850525
-1.6666666666666667,-0.4076688289642334
8.88888888888889,10.029937744140625
-4.888888888888889,-2.711031913757324
-3.888888888888889,-4.828802108764648
-9.88888888888889,-5.731816291809082
-1.5555555555555556,-7.435558795928955
7.666666666666667,5.849511623382568
3.7777777777777777,-4.240342617034912
12.666666666666666,-7.247751712799072
-4.555555555555555,-6.8102335929870605
13.555555555555555,11.848930358886719
6.777777777777778,-4.885051250457764
-9.11111111111111,-7.944104194641113
-2.555555555555556,-4.8358540534973145
-1.4444444444444444,-3.8649816513061523
-6.222222222222222,-6.080883979797363
-7.555555555555555,-6.842609882354736
1.0,4.690304279327393
-1.4444444444444444,-1.6107065677642822
-9.88888888888889,-8.433631896972656
1.2222222222222223,-2.6639797687530518
2.2222222222222223,-6.654456615447998
1.2222222222222223,-3.5933098793029785
8.444444444444445,0.27111291885375977
0.8888888888888888,-5.089046478271484
-10.444444444444445,-1.9952311515808105
4.444444444444445,-0.7634859085083008
-1.6666666666666667,-0.4006612300872803
-3.888888888888889,-3.430748224258423
3.2222222222222223,-3.2690186500549316
-5.666666666666667,1.826186180114746
-9.0,-5.982572078704834
8.777777777777779,7.222653865814209
1.5555555555555556,-5.961010456085205
-2.555555555555556,-3.9055423736572266
4.777777777777778,1.86823570728302
-16.11111111111111,-7.721907615661621
-5.555555555555555,-3.39705753326416
-1.8888888888888888,-2.1392202377319336
25.11111111111111,17.788429260253906
-2.555555555555556,-6.692507266998291
-12.0,-5.070228576660156
-10.333333333333334,-8.949014663696289
-7.333333333333333,-3.0238752365112305
0.0,0.43555688858032227
1.8888888888888888,-1.5290170907974243
1.4444444444444444,-3.4946398735046387
19.55555555555556,3.8212733268737793
-5.222222222222222,-1.717625379562378
0.3333333333333333,0.2407848834991455
1.1111111111111112,-4.022544860839844
25.666666666666668,11.98478889465332
-3.0,-0.8280763626098633
3.555555555555556,1.8794173002243042
4.222222222222222,3.232567548751831
1.7777777777777777,-7.523645401000977
31.444444444444443,-6.0692009925842285
19.33333333333333,8.843971252441406
-1.6666666666666667,-1.8271234035491943
1.5555555555555556,5.179807186126709
7.222222222222222,4.370036602020264
-3.7777777777777777,-4.758243560791016
-1.6666666666666667,-6.446568489074707
0.2222222222222222,-2.2185628414154053
3.7777777777777777,3.7990949153900146
-2.0,-1.6100847721099854
1.6666666666666667,0.08054131269454956
1.3333333333333333,4.354755401611328
0.1111111111111111,-1.5325074195861816
-1.0,-3.0253896713256836
7.0,1.25991952419281
-3.111111111111111,3.118929147720337
9.11111111111111,3.7732253074645996
3.6666666666666665,-2.6774752140045166
-4.888888888888889,0.354714572429657
-1.6666666666666667,-2.256936550140381
-3.555555555555556,-3.0362393856048584
-1.4444444444444444,0.5784078240394592
-15.0,2.2436037063598633
1.0,0.003105759620666504
5.333333333333333,3.982125759124756
5.444444444444445,5.360151290893555
-3.0,-4.202756881713867
-2.333333333333333,3.0508804321289062
-5.111111111111111,-7.3413519859313965
-3.6666666666666665,-2.7119531631469727
2.7777777777777777,1.406554937362671
-8.777777777777779,-1.3534862995147705
2.333333333333333,1.0432368516921997
3.4444444444444446,2.5204901695251465
12.333333333333334,8.387955665588379
-1.0,0.8092130422592163
1.6666666666666667,2.2169580459594727
-1.1111111111111112,1.248107671737671
-5.0,-3.261436700820923
-5.222222222222222,-2.509547233581543
-4.777777777777778,-4.175450801849365
0.5555555555555556,2.229191541671753
6.0,6.60148286819458
13.77777777777778,7.196177005767822
6.666666666666667,3.34786057472229
-1.0,-1.3825643062591553
-3.7777777777777777,-1.857688069343567
-5.777777777777778,-2.3693277835845947
-3.555555555555556,-3.433255672454834
0.2222222222222222,1.0257641077041626
-3.888888888888889,1.0981736183166504
-3.0,-5.544859886169434
-5.888888888888889,-0.9992761611938477
5.0,1.4126917123794556
-10.666666666666666,-7.520251750946045
-3.333333333333333,-2.237210512161255
-9.666666666666666,-3.5903303623199463
2.7777777777777777,3.916708469390869
-7.333333333333333,-4.032033920288086
19.22222222222222,21.87209701538086
-12.333333333333334,-6.94894552230835
-5.0,-4.420368194580078
-3.555555555555556,-1.1225085258483887
-13.666666666666666,-9.739972114562988
6.777777777777778,15.045306205749512
1.3333333333333333,0.3769820034503937
48.22222222222222,5.8525390625
3.2222222222222223,3.121429204940796
-4.0,0.032358527183532715
10.77777777777778,-1.0139102935791016
-4.555555555555555,-1.1384283304214478
10.333333333333334,1.4168922901153564
0.8888888888888888,1.9823613166809082
-5.111111111111111,-6.846517562866211
5.0,1.5361136198043823
-25.77777777777778,-4.6169023513793945
-6.777777777777778,-2.8160078525543213
6.111111111111111,0.491047739982605
-9.22222222222222,-4.473730564117432
-5.111111111111111,-4.662247657775879
1.7777777777777777,-1.74881112575531
4.777777777777778,3.1128721237182617
16.11111111111111,5.180026531219482
-0.8888888888888888,-2.298506259918213
-2.888888888888889,-7.580822467803955
4.666666666666667,2.4422175884246826
-3.2222222222222223,0.5967246294021606
11.0,12.393385887145996
6.777777777777778,4.098875522613525
-3.2222222222222223,-4.517914772033691
5.111111111111111,8.282761573791504
-10.22222222222222,-0.7455642223358154
2.333333333333333,-5.133574962615967
2.2222222222222223,-3.2225699424743652
-14.77777777777778,-1.7310961484909058
0.8888888888888888,-0.018190979957580566
-8.777777777777779,-4.4714508056640625
2.888888888888889,3.5592472553253174
-5.333333333333333,-8.276134490966797
-2.0,-5.09699010848999
0.1111111111111111,-4.188697338104248
-1.0,-4.92618989944458
1.2222222222222223,-1.5101990699768066
11.444444444444445,6.934464931488037
-2.0,-5.944239139556885
-1.4444444444444444,1.526239275932312
-5.333333333333333,-9.415567398071289
-4.777777777777778,-2.633486270904541
-2.7777777777777777,-5.95774507522583
4.333333333333333,0.26886826753616333
-0.8888888888888888,-3.866820812225342
7.222222222222222,0.4914364218711853
-6.777777777777778,-7.289938449859619
28.22222222222222,11.510004043579102
6.555555555555555,-0.6654728055000305
0.8888888888888888,6.32260799407959
-6.555555555555555,-1.0057488679885864
1.3333333333333333,-1.532921552658081
-1.5555555555555556,-0.4263767600059509
0.7777777777777778,-2.8989336490631104
-1.2222222222222223,4.775411605834961
-7.333333333333333,-5.930962562561035
-4.333333333333333,-3.955143690109253
-0.6666666666666666,-6.3837504386901855
-3.2222222222222223,-0.6606117486953735
-8.11111111111111,-3.3741276264190674
6.666666666666667,0.7722082138061523
-4.777777777777778,-3.6465554237365723
-7.222222222222222,-0.1853468120098114
-4.222222222222222,-5.042829990386963
3.888888888888889,1.229669451713562
1.7777777777777777,-0.6985450983047485
-2.7777777777777777,-3.2700865268707275
0.4444444444444444,1.3289180994033813
-7.666666666666667,-8.230018615722656
10.0,5.62617301940918
2.0,1.4177017211914062
1.4444444444444444,-2.0017361640930176
3.2222222222222223,3.578676223754883
-6.111111111111111,0.9184660315513611
-2.0,1.3506022691726685
-6.888888888888889,-1.5870481729507446
6.222222222222222,2.43864369392395
-5.111111111111111,-1.0729765892028809
-3.4444444444444446,0.9214110374450684
-3.333333333333333,-0.32320353388786316
0.5555555555555556,-2.0713908672332764
-7.222222222222222,-3.5126538276672363
2.111111111111111,0.6485425233840942
-1.6666666666666667,-0.5792012810707092
19.88888888888889,14.578723907470703
-5.666666666666667,-2.334432363510132
0.1111111111111111,-0.5790250897407532
0.0,-0.7519981861114502
-1.4444444444444444,1.04506516456604
-1.4444444444444444,4.083462238311768
1.1111111111111112,-2.5937533378601074
-1.4444444444444444,0.9150858521461487
-4.777777777777778,-5.332421779632568
-16.88888888888889,-8.146320343017578
-3.2222222222222223,-3.2389891147613525
3.6666666666666665,0.05721920728683472
-5.555555555555555,-0.6040118336677551
0.7777777777777778,-1.829974889755249
0.4444444444444444,-0.3900109827518463
-1.3333333333333333,-4.422707557678223
-1.5555555555555556,1.1487061977386475
-3.2222222222222223,-1.447005033493042
14.88888888888889,10.822968482971191
-1.4444444444444444,-6.2168660163879395
-0.6666666666666666,-2.6079516410827637
-1.8888888888888888,-1.4820952415466309
0.4444444444444444,-5.534295082092285
-6.0,-5.2094950675964355
-47.22222222222222,-5.335420608520508
40.55555555555556,25.619897842407227
-7.666666666666667,-0.9514908790588379
2.6666666666666665,-2.545611619949341
-3.0,-6.014544486999512
-1.5555555555555556,-0.2315712571144104
2.7777777777777777,0.8954468965530396
-3.7777777777777777,-1.2407498359680176
-8.555555555555555,-5.194581985473633
-3.7777777777777777,5.006588459014893
-1.7777777777777777,-2.096156597137451
3.0,-4.513153076171875
16.22222222222222,-1.7273468971252441
-7.0,-9.118355751037598
-4.666666666666667,0.7397969961166382
4.111111111111111,0.7585129737854004
-1.4444444444444444,-2.1069719791412354
0.0,-5.653740882873535
-3.111111111111111,-7.117990016937256
1.5555555555555556,-2.5510900020599365
-1.7777777777777777,-0.10655295848846436
-6.222222222222222,-3.138005495071411
-5.666666666666667,-6.153023719787598
-1.2222222222222223,-1.426387906074524
-3.555555555555556,-3.811241388320923
-12.77777777777778,8.777734756469727
-3.0,-2.7539267539978027
-1.2222222222222223,-1.5608255863189697
-10.22222222222222,-3.8404793739318848
12.444444444444445,4.727601051330566
9.22222222222222,21.7587947845459
-5.777777777777778,-10.21500015258789
-5.888888888888889,-3.784059524536133
0.3333333333333333,-3.38753604888916
3.6666666666666665,-0.44079554080963135
-3.0,-3.8660342693328857
-19.88888888888889,-8.18033504486084
-6.333333333333333,-3.4978015422821045
-0.2222222222222222,-3.5029656887054443
-4.777777777777778,-5.612069129943848
-3.888888888888889,-0.8213859796524048
1.4444444444444444,-4.539587497711182
-2.888888888888889,-4.9167656898498535
1.5555555555555556,-0.5833580493927002
-1.7777777777777777,-2.2430853843688965
-12.333333333333334,-6.284150123596191
16.11111111111111,8.556480407714844
-3.888888888888889,-2.4879677295684814
-2.555555555555556,-5.635034561157227
2.888888888888889,0.5734804272651672
-3.2222222222222223,-3.473665952682495
-0.6666666666666666,-0.30810025334358215
13.666666666666666,19.390790939331055
11.333333333333334,-12.093058586120605
-7.666666666666667,-6.793679237365723
-15.555555555555555,-3.7428901195526123
-3.555555555555556,-5.463633060455322
-1.4444444444444444,-2.701425313949585
-1.6666666666666667,-2.550729751586914
-9.0,-4.939244270324707
11.666666666666666,13.506447792053223
-20.88888888888889,-3.808202028274536
-5.777777777777778,-3.531704902648926
3.333333333333333,2.2930538654327393
1.4444444444444444,-0.40850207209587097
-3.111111111111111,3.199340343475342
1.2222222222222223,-0.7540414929389954
3.555555555555556,0.9075600504875183
-9.444444444444445,-0.6872976422309875
-3.0,-3.1777381896972656
-8.444444444444445,-2.8290963172912598
-0.6666666666666666,5.370532989501953
-4.555555555555555,-0.7434524297714233
-2.2222222222222223,-0.7423070073127747
-0.5555555555555556,-4.8875532150268555
-4.333333333333333,-6.513759613037109
-2.4444444444444446,-1.0811406373977661
-8.222222222222221,0.9601230025291443
-0.7777777777777778,0.35274386405944824
-17.555555555555557,-5.295382022857666
1.1111111111111112,-1.6390047073364258
-0.1111111111111111,-5.2849440574646
-3.888888888888889,-4.0057477951049805
-5.666666666666667,-4.656060218811035
0.4444444444444444,-2.90185546875
-11.444444444444445,-7.315092086791992
-5.777777777777778,-2.8006350994110107
-2.4444444444444446,-3.9220430850982666
-1.3333333333333333,0.03068387508392334
-2.888888888888889,-3.2170960903167725
-0.2222222222222222,-5.586318492889404
3.4444444444444446,-4.7811174392700195
-15.77777777777778,-5.9847412109375
-1.8888888888888888,-6.153764724731445
2.111111111111111,-1.864859938621521
2.888888888888889,-3.8990886211395264
4.333333333333333,-1.5571945905685425
-4.444444444444445,-9.00852108001709
16.555555555555557,19.593521118164062
0.8888888888888888,-5.257669925689697
-0.4444444444444444,-2.5702004432678223
-17.0,-1.0330249071121216
-1.7777777777777777,1.4950326681137085
-5.888888888888889,-4.741159915924072
5.111111111111111,6.552981376647949
-1.2222222222222223,-5.273967266082764
3.7777777777777777,-4.867660045623779
22.77777777777778,10.155010223388672
0.5555555555555556,11.062406539916992
4.111111111111111,0.7577308416366577
4.0,2.793644905090332
-3.2222222222222223,-7.874677658081055
21.33333333333333,17.431007385253906
5.333333333333333,-1.6416054964065552
11.11111111111111,1.6057132482528687
-3.2222222222222223,0.9843732118606567
0.2222222222222222,-0.9036446213722229
-2.2222222222222223,-1.1521472930908203
-24.33333333333333,-5.399886608123779
-3.333333333333333,-3.5017943382263184
5.555555555555555,1.9359381198883057
2.2222222222222223,-5.4308390617370605
-0.3333333333333333,-1.2696913480758667
-0.3333333333333333,-3.763962507247925
-0.1111111111111111,-1.411275863647461
-3.4444444444444446,0.8388187885284424
-1.1111111111111112,1.3063877820968628
-9.88888888888889,-3.861975908279419
1.4444444444444444,-5.309751987457275
-5.555555555555555,0.33739030361175537
-12.444444444444445,-2.730769634246826
3.333333333333333,-7.8045430183410645
8.222222222222221,-2.1973681449890137
-9.555555555555555,-8.056466102600098
-0.8888888888888888,-1.9855045080184937
-2.333333333333333,-1.3187984228134155
-0.6666666666666666,-6.605982780456543
-1.7777777777777777,-3.234443426132202
17.88888888888889,5.298922538757324
-5.888888888888889,-5.181217670440674
-0.7777777777777778,-3.9409754276275635
-3.0,-0.18424761295318604
-1.2222222222222223,-3.812786817550659
-6.555555555555555,-2.0782511234283447
-5.888888888888889,10.9796724319458
1.7777777777777777,-1.814582347869873
-8.444444444444445,-1.4740631580352783
1.4444444444444444,-1.4724377393722534
-0.4444444444444444,-2.485745429992676
0.1111111111111111,3.421069622039795
-5.111111111111111,-1.6439752578735352
-12.0,-5.550485610961914
-3.333333333333333,-4.833805084228516
-3.333333333333333,-1.1365091800689697
5.0,-0.43168550729751587
-0.6666666666666666,0.327726811170578
3.6666666666666665,0.38733893632888794
-6.444444444444445,-4.577885150909424
6.111111111111111,-1.8371447324752808
-6.222222222222222,-4.166160583496094
-3.0,-5.624749660491943
-0.3333333333333333,-9.111753463745117
-3.555555555555556,1.4504127502441406
-7.333333333333333,-4.469725608825684
27.55555555555556,12.875880241394043
-8.444444444444445,-3.188859224319458
-0.1111111111111111,-5.521751880645752
2.888888888888889,-5.376740455627441
-0.5555555555555556,-5.623653411865234
4.777777777777778,12.055032730102539
-2.6666666666666665,-2.771711587905884
-37.888888888888886,-8.275666236877441
-0.4444444444444444,-1.2395679950714111
-6.888888888888889,2.4871976375579834
-6.0,-2.903308153152466
-2.888888888888889,-5.782026767730713
4.0,5.129118919372559
-1.4444444444444444,-6.618560314178467
-2.555555555555556,0.5763849020004272
-3.0,-6.848709583282471
1.4444444444444444,-6.925411224365234
0.3333333333333333,3.4299376010894775
-1.5555555555555556,-4.2739667892456055
-2.888888888888889,-0.2741492986679077
-5.888888888888889,-4.722574234008789
1.7777777777777777,2.9088425636291504
-6.444444444444445,-4.577178478240967
12.333333333333334,16.13300132751465
1.1111111111111112,1.4097306728363037
-2.555555555555556,1.0600297451019287
-3.111111111111111,-2.6328518390655518
-1.4444444444444444,-0.613474428653717
-12.333333333333334,-2.792706251144409
12.555555555555555,14.244403839111328
-6.777777777777778,-0.812142550945282
-0.8888888888888888,-2.1332499980926514
5.222222222222222,1.3989017009735107
-2.111111111111111,-1.5531712770462036
0.0,5.943782329559326
-0.8888888888888888,-3.271732807159424
1.4444444444444444,-0.8504465222358704
0.4444444444444444,1.668217658996582
1.3333333333333333,-1.615653157234192
-6.777777777777778,-7.812056541442871
-7.777777777777778,-3.457976818084717
7.555555555555555,-0.8392641544342041
-24.55555555555556,-7.771481990814209
32.22222222222222,17.56254005432129
9.333333333333334,-1.208452582359314
8.777777777777779,3.1702182292938232
-4.777777777777778,-2.898944139480591
-6.333333333333333,-6.417591094970703
