Score,Pred Score
-0.6666666666666666,-3.7674033641815186
7.333333333333333,-2.0808334350585938
-0.4444444444444444,-2.793532609939575
-4.111111111111111,-1.4697777032852173
-7.333333333333333,1.4782962799072266
1.3333333333333333,0.5621281862258911
-8.444444444444445,-0.9441709518432617
1.6666666666666667,1.8122848272323608
3.333333333333333,-2.055129051208496
2.111111111111111,5.88839864730835
0.1111111111111111,-1.1942262649536133
11.22222222222222,-2.4906482696533203
-3.111111111111111,-6.8850884437561035
-3.888888888888889,-5.713257789611816
14.11111111111111,3.0796358585357666
-4.444444444444445,-2.4918291568756104
6.0,-0.636559009552002
12.555555555555555,19.117015838623047
-0.8888888888888888,-3.369582176208496
-4.0,-2.524942398071289
-1.1111111111111112,0.007123976945877075
-3.555555555555556,-3.9873106479644775
-10.666666666666666,-0.46671977639198303
9.11111111111111,2.406531810760498
-1.7777777777777777,-5.650067329406738
-3.4444444444444446,-3.7250826358795166
23.22222222222222,12.68778133392334
0.8888888888888888,-1.9670088291168213
0.3333333333333333,-2.827671527862549
-3.7777777777777777,-2.5003185272216797
2.111111111111111,-1.6054271459579468
-2.2222222222222223,-1.8007471561431885
-2.2222222222222223,-1.5435352325439453
3.111111111111111,5.100956439971924
0.1111111111111111,9.003438949584961
-2.555555555555556,-2.2944798469543457
-0.2222222222222222,-1.0073260068893433
3.111111111111111,3.462113857269287
-4.444444444444445,0.5121106505393982
-5.222222222222222,1.652733564376831
4.0,14.0847806930542
-4.777777777777778,-4.303291320800781
1.0,-0.7972037196159363
-4.111111111111111,-1.0691803693771362
-4.777777777777778,3.0411670207977295
14.11111111111111,6.683054447174072
2.2222222222222223,1.0813994407653809
-4.888888888888889,-3.760298490524292
-6.888888888888889,-1.905253529548645
-9.444444444444445,4.328256607055664
13.666666666666666,-1.2224332094192505
3.4444444444444446,5.065489768981934
-8.222222222222221,0.5651907324790955
5.777777777777778,-0.21304145455360413
0.0,-3.496411085128784
13.666666666666666,11.221184730529785
-1.0,-2.0260813236236572
7.333333333333333,-2.8297905921936035
-2.888888888888889,0.014754503965377808
-7.111111111111111,-0.2432236671447754
-1.2222222222222223,-4.5510101318359375
0.0,-0.8042860627174377
-7.666666666666667,-1.731522560119629
-1.5555555555555556,-2.9352498054504395
11.88888888888889,13.485925674438477
-4.666666666666667,-1.6936529874801636
-10.333333333333334,-0.4476848840713501
-9.555555555555555,-1.8774279356002808
-2.6666666666666665,1.169562578201294
-3.333333333333333,-3.5915656089782715
1.8888888888888888,-3.762310266494751
-5.666666666666667,0.5644040107727051
-3.888888888888889,1.0376875400543213
-1.5555555555555556,-1.7609204053878784
-1.8888888888888888,-5.123775005340576
-7.888888888888889,-4.550751686096191
0.4444444444444444,-2.225266218185425
3.555555555555556,-0.08144155889749527
-0.8888888888888888,-1.0801633596420288
-5.777777777777778,-4.534343719482422
-2.888888888888889,-1.797936201095581
-2.111111111111111,-2.4838595390319824
46.333333333333336,-1.5976552963256836
0.8888888888888888,-0.5301035046577454
1.1111111111111112,1.4991586208343506
0.0,-2.053417921066284
10.0,2.213124990463257
-1.1111111111111112,4.522405624389648
8.555555555555555,0.9340907335281372
-4.777777777777778,1.7101080417633057
0.2222222222222222,-2.70672869682312
8.222222222222221,2.756852865219116
10.11111111111111,6.742016315460205
-2.555555555555556,-1.4834131002426147
-4.888888888888889,-4.285497188568115
20.88888888888889,11.623506546020508
19.33333333333333,21.717235565185547
-1.3333333333333333,3.7790207862854004
-4.111111111111111,1.6064226627349854
-2.7777777777777777,-1.582122564315796
9.0,3.803820848464966
-6.111111111111111,2.2135655879974365
-3.7777777777777777,-5.060940742492676
-5.0,-5.1270880699157715
-3.0,2.0081326961517334
-6.222222222222222,-7.517204284667969
-6.333333333333333,-1.6123062372207642
-1.8888888888888888,2.5692532062530518
3.111111111111111,1.7032428979873657
-4.888888888888889,-2.263547658920288
6.777777777777778,7.658188819885254
-4.444444444444445,-3.734261989593506
7.666666666666667,-1.2157697677612305
0.5555555555555556,-3.806523084640503
-7.0,-3.225332021713257
-10.0,-10.188496589660645
-0.5555555555555556,-0.9620142579078674
0.1111111111111111,-0.6840478777885437
-3.4444444444444446,-1.8276044130325317
6.777777777777778,4.428184509277344
-6.0,-6.186531066894531
-3.333333333333333,1.1979860067367554
8.777777777777779,0.360927939414978
-6.333333333333333,-5.280882358551025
-7.444444444444445,-7.494582176208496
0.1111111111111111,-5.563272476196289
-4.0,-5.067598819732666
6.222222222222222,1.986305832862854
-3.4444444444444446,1.7362746000289917
4.777777777777778,0.434444785118103
-2.111111111111111,-0.4640832543373108
-4.111111111111111,1.2269355058670044
11.88888888888889,-2.985670328140259
-0.5555555555555556,-2.4672982692718506
4.444444444444445,0.34325242042541504
-0.3333333333333333,-4.774614334106445
-4.555555555555555,3.1652233600616455
-0.7777777777777778,-3.528823137283325
-2.2222222222222223,-3.036597728729248
-5.222222222222222,-4.646388053894043
10.444444444444445,7.62119197845459
-3.4444444444444446,-1.554266333580017
-3.7777777777777777,-1.175383448600769
0.2222222222222222,-4.584610462188721
-4.0,-4.631028652191162
-22.444444444444443,-4.876500606536865
-5.777777777777778,-3.881510019302368
-4.222222222222222,-0.5467135906219482
-2.333333333333333,1.6046489477157593
5.555555555555555,1.3379204273223877
23.0,0.1022932231426239
4.777777777777778,3.3747313022613525
-18.88888888888889,-3.9340314865112305
-10.22222222222222,-1.7513264417648315
5.222222222222222,1.4269211292266846
-5.0,-1.6902801990509033
7.444444444444445,0.9131244421005249
6.333333333333333,3.0515072345733643
1.4444444444444444,-3.3233208656311035
-0.8888888888888888,0.30137962102890015
3.111111111111111,-1.5390986204147339
0.5555555555555556,5.228593826293945
-1.8888888888888888,4.3373703956604
-11.77777777777778,5.228593826293945
-5.555555555555555,-1.7739906311035156
-1.3333333333333333,-2.74047589302063
-1.8888888888888888,-2.4610581398010254
0.0,0.7461657524108887
0.8888888888888888,-6.990045070648193
5.0,1.6837358474731445
2.4444444444444446,3.032663583755493
-0.1111111111111111,1.2246086597442627
2.111111111111111,3.0255494117736816
-0.2222222222222222,1.4723466634750366
19.444444444444443,10.435711860656738
3.7777777777777777,4.049394607543945
-3.111111111111111,0.8320785760879517
7.555555555555555,4.7230939865112305
1.5555555555555556,0.499650239944458
-1.1111111111111112,-2.3965821266174316
-1.6666666666666667,-1.6368443965911865
3.111111111111111,2.8975062370300293
-1.6666666666666667,2.4409453868865967
1.3333333333333333,-0.07392513751983643
-10.555555555555555,-4.52067232131958
-5.333333333333333,0.39085933566093445
-0.8888888888888888,-5.015052795410156
-6.111111111111111,-3.0929856300354004
-12.333333333333334,0.6547528505325317
-6.111111111111111,-1.9287604093551636
-6.111111111111111,0.37173980474472046
-10.22222222222222,-3.7025890350341797
4.444444444444445,-3.365999937057495
-2.555555555555556,-1.371918797492981
-8.777777777777779,1.7578293085098267
-14.555555555555555,-5.669837951660156
-15.0,3.1198930740356445
31.33333333333333,15.867499351501465
-20.11111111111111,1.6462032794952393
-3.4444444444444446,-2.3538615703582764
-0.1111111111111111,-1.8144422769546509
-1.3333333333333333,0.16439014673233032
1.6666666666666667,-0.8971445560455322
-4.888888888888889,-3.387049436569214
2.333333333333333,-2.4249422550201416
-13.333333333333334,-7.336989402770996
0.5555555555555556,0.3237762451171875
1.2222222222222223,0.4772414565086365
-8.777777777777779,-4.167512893676758
-0.2222222222222222,-2.430368661880493
3.2222222222222223,-3.001322031021118
-2.7777777777777777,-5.181969165802002
-3.333333333333333,-2.7278854846954346
-5.0,-4.416689872741699
-3.333333333333333,-6.709630489349365
-6.777777777777778,-2.2824933528900146
1.0,-4.510910987854004
-4.444444444444445,-2.2150566577911377
-2.111111111111111,-3.430379867553711
-20.55555555555556,-4.294278144836426
3.333333333333333,-3.699575424194336
-4.777777777777778,-0.37949007749557495
-1.4444444444444444,-2.7979512214660645
-9.11111111111111,-3.818274974822998
-12.666666666666666,-6.785112380981445
-21.11111111111111,-0.35450029373168945
3.555555555555556,-0.13272427022457123
-4.777777777777778,-4.19705057144165
-5.888888888888889,-3.807624340057373
-7.555555555555555,-5.474693775177002
-3.555555555555556,-2.6068320274353027
3.0,0.8478038907051086
4.0,-1.7231053113937378
-5.333333333333333,-2.5719003677368164
17.444444444444443,8.236308097839355
-11.77777777777778,0.47935500741004944
-4.888888888888889,-4.526515960693359
6.444444444444445,-1.8804398775100708
4.0,-0.3396034836769104
-9.88888888888889,-3.590546131134033
15.77777777777778,5.459610462188721
0.6666666666666666,-1.9990633726119995
-9.444444444444445,-9.084213256835938
-1.7777777777777777,-1.914604663848877
2.333333333333333,-0.8493971824645996
-4.222222222222222,-6.000192165374756
-8.11111111111111,-3.9749011993408203
1.8888888888888888,-3.431706428527832
-12.555555555555555,-6.0984930992126465
5.444444444444445,-3.539832592010498
-3.111111111111111,-5.326465129852295
-2.555555555555556,-0.7850057482719421
5.666666666666667,1.1722699403762817
1.4444444444444444,-4.314777851104736
-3.0,-7.036410808563232
-0.1111111111111111,0.19651192426681519
1.1111111111111112,-3.8029019832611084
-0.8888888888888888,-4.23049783706665
-7.333333333333333,-5.406046390533447
-13.77777777777778,-2.2490780353546143
0.7777777777777778,-1.1203844547271729
-2.6666666666666665,-3.7792627811431885
-19.55555555555556,-4.689594745635986
5.0,-1.5136733055114746
-2.2222222222222223,1.05470871925354
1.0,1.124487280845642
-3.0,-4.120041847229004
-3.888888888888889,-4.12787389755249
-3.4444444444444446,-4.677597522735596
5.0,-0.3071579337120056
19.22222222222222,8.414567947387695
-2.4444444444444446,-2.088719606399536
6.222222222222222,-3.8393189907073975
-5.333333333333333,-3.853363275527954
-10.77777777777778,-6.760865211486816
0.0,-6.935868740081787
1.8888888888888888,-0.004878699779510498
21.55555555555556,11.205595016479492
-7.777777777777778,-8.824356079101562
-7.222222222222222,0.05652594566345215
-1.7777777777777777,-8.335710525512695
5.444444444444445,-2.1939444541931152
-3.888888888888889,-2.4382472038269043
-8.222222222222221,-3.993021249771118
6.111111111111111,-2.2099738121032715
2.7777777777777777,0.9694801568984985
-6.333333333333333,-2.884984016418457
0.2222222222222222,-2.2105965614318848
-7.777777777777778,1.3274214267730713
1.2222222222222223,1.0028797388076782
3.4444444444444446,-2.786512613296509
-2.888888888888889,-1.0870294570922852
14.88888888888889,10.181544303894043
-1.7777777777777777,-3.5472569465637207
-3.888888888888889,1.3833030462265015
-5.777777777777778,-5.530673503875732
27.11111111111111,6.364139556884766
1.7777777777777777,-4.110467910766602
0.3333333333333333,-4.091626167297363
-12.77777777777778,-1.6037217378616333
27.88888888888889,17.204891204833984
-4.222222222222222,1.943682074546814
-1.2222222222222223,-0.7073943018913269
-3.0,3.5378916263580322
3.6666666666666665,3.7387351989746094
-1.5555555555555556,2.003842353820801
-4.222222222222222,2.2696850299835205
-0.7777777777777778,3.0738890171051025
6.777777777777778,19.455995559692383
-0.7777777777777778,-3.1463916301727295
-8.777777777777779,-4.59798002243042
0.2222222222222222,-0.936358630657196
-0.2222222222222222,1.3931465148925781
-8.0,-3.119804620742798
-4.333333333333333,-5.840907096862793
-3.0,-2.5627896785736084
-7.666666666666667,2.4071435928344727
1.1111111111111112,-0.9690374732017517
-0.5555555555555556,-1.4768425226211548
-2.111111111111111,-1.9953433275222778
-7.555555555555555,-2.899609327316284
17.666666666666668,5.995803356170654
-8.11111111111111,-2.131110429763794
19.55555555555556,6.033740520477295
-6.555555555555555,5.265725612640381
10.555555555555555,0.539874792098999
-14.444444444444445,-10.3548002243042
6.666666666666667,-2.3266727924346924
-3.888888888888889,0.8110963106155396
-6.333333333333333,-3.215655565261841
-6.666666666666667,-2.244386911392212
-4.444444444444445,-2.821072578430176
-2.111111111111111,-2.5920870304107666
-10.333333333333334,-3.6151528358459473
-6.111111111111111,3.5385384559631348
20.666666666666668,18.94376564025879
-5.444444444444445,-1.8858040571212769
7.555555555555555,-1.4924734830856323
-1.4444444444444444,-0.22597457468509674
-7.222222222222222,-3.815826892852783
-3.111111111111111,-2.9805209636688232
-3.555555555555556,-2.842338800430298
-2.4444444444444446,-3.304506540298462
-1.1111111111111112,-2.8694536685943604
-7.555555555555555,-4.345381736755371
10.11111111111111,4.8383097648620605
-1.4444444444444444,-3.532442331314087
-2.333333333333333,-3.0466418266296387
-1.6666666666666667,-0.14393067359924316
8.88888888888889,-0.797181248664856
-3.888888888888889,-2.6435043811798096
-6.222222222222222,-2.1962296962738037
-11.88888888888889,-6.310392379760742
-1.5555555555555556,-3.26119065284729
7.111111111111111,-2.032968282699585
4.666666666666667,-8.289596557617188
2.4444444444444446,-4.240196228027344
1.5555555555555556,-6.327799320220947
3.333333333333333,-2.9268405437469482
-10.11111111111111,-3.908548355102539
-8.444444444444445,-3.7579658031463623
-2.555555555555556,-2.8124420642852783
2.4444444444444446,-3.5950193405151367
2.888888888888889,0.054593443870544434
-4.111111111111111,-6.292941093444824
-10.444444444444445,-5.658296585083008
17.666666666666668,12.189534187316895
27.77777777777778,9.892441749572754
-1.7777777777777777,-0.5932624340057373
11.88888888888889,0.2120296061038971
0.5555555555555556,5.152325630187988
6.444444444444445,7.727522373199463
-4.0,-5.707516670227051
-7.444444444444445,-5.338669776916504
-4.555555555555555,-5.00413703918457
12.333333333333334,13.790788650512695
6.0,8.302020072937012
-2.0,1.3449958562850952
1.6666666666666667,-0.00983583927154541
17.333333333333332,17.598726272583008
10.11111111111111,10.031681060791016
-1.2222222222222223,2.2091474533081055
5.666666666666667,6.898086071014404
-3.0,6.72183084487915
-0.2222222222222222,0.4956822395324707
6.888888888888889,5.44886589050293
1.4444444444444444,-0.7657854557037354
-1.2222222222222223,-2.4574410915374756
-2.333333333333333,-0.9253033995628357
-7.888888888888889,-2.598357677459717
20.22222222222222,16.999521255493164
-6.111111111111111,-3.8664591312408447
-12.444444444444445,-5.773757457733154
-7.888888888888889,-2.2560200691223145
1.2222222222222223,-2.2597734928131104
-2.888888888888889,-1.1571025848388672
-17.333333333333332,-10.963475227355957
0.0,0.7842420935630798
5.222222222222222,1.1846281290054321
5.111111111111111,1.4589325189590454
-5.444444444444445,-3.443967819213867
10.22222222222222,-3.715439796447754
-1.6666666666666667,-1.2685017585754395
-4.444444444444445,-0.5169463753700256
18.11111111111111,17.64396858215332
-4.777777777777778,-9.143627166748047
5.333333333333333,2.530010461807251
-2.555555555555556,-0.9375144243240356
5.888888888888889,14.178495407104492
8.11111111111111,-3.241562604904175
-0.4444444444444444,-0.7610138058662415
-5.444444444444445,-2.0002901554107666
-0.6666666666666666,-5.5716166496276855
-5.444444444444445,-7.40101957321167
-17.0,-8.6461181640625
-1.0,-0.22034257650375366
2.333333333333333,-1.067767858505249
0.2222222222222222,-3.9256606101989746
-2.7777777777777777,-2.090862989425659
-6.777777777777778,-3.6277573108673096
0.4444444444444444,0.7077770829200745
0.6666666666666666,-2.8193838596343994
-0.7777777777777778,-3.641817331314087
-7.555555555555555,-0.27841222286224365
-7.333333333333333,-3.3749547004699707
-12.77777777777778,-1.7812129259109497
0.2222222222222222,-3.7285053730010986
9.77777777777778,-3.2899701595306396
-6.222222222222222,-3.822007417678833
-4.888888888888889,-2.2419395446777344
-10.11111111111111,6.078797817230225
-8.777777777777779,-3.121070146560669
-2.111111111111111,-2.290839672088623
1.6666666666666667,-1.0611425638198853
-0.7777777777777778,-2.6138110160827637
-0.1111111111111111,-1.775991678237915
-0.5555555555555556,-0.6693813800811768
-6.666666666666667,-2.201216220855713
-9.88888888888889,-0.6012016534805298
-8.666666666666666,-6.991377353668213
0.6666666666666666,-2.7580597400665283
-0.7777777777777778,0.09434950351715088
0.3333333333333333,-4.754773139953613
1.3333333333333333,-2.345416784286499
-2.2222222222222223,-3.986245632171631
-6.444444444444445,-0.8037241697311401
2.4444444444444446,-5.4422926902771
-5.555555555555555,-8.405494689941406
-8.444444444444445,-5.1540608406066895
15.0,-4.113509654998779
2.2222222222222223,3.5982158184051514
2.6666666666666665,-1.3828693628311157
-2.7777777777777777,-3.906937599182129
-5.222222222222222,2.288281202316284
-8.555555555555555,-3.4570608139038086
-3.0,-5.96380090713501
-1.6666666666666667,0.18928006291389465
-1.0,-2.039252281188965
-0.4444444444444444,1.1232225894927979
37.11111111111112,11.70312786102295
-4.444444444444445,-2.0256004333496094
0.5555555555555556,-4.379785537719727
-16.0,-0.8713157176971436
-10.22222222222222,-4.881596088409424
-2.333333333333333,-3.0796754360198975
-4.333333333333333,0.32749563455581665
-1.8888888888888888,7.376553058624268
-4.777777777777778,-4.657673358917236
-8.666666666666666,0.6080794334411621
0.5555555555555556,-2.7817819118499756
17.333333333333332,7.263514041900635
1.5555555555555556,0.3662714660167694
-4.222222222222222,0.6737356781959534
-6.111111111111111,-1.8818672895431519
6.222222222222222,4.141366958618164
-1.3333333333333333,0.8486261963844299
6.333333333333333,9.833142280578613
9.444444444444445,-0.5893747210502625
-0.1111111111111111,-0.3419434726238251
-6.0,2.161646604537964
-4.666666666666667,0.29843175411224365
-6.666666666666667,0.6604915857315063
12.77777777777778,7.564743518829346
0.2222222222222222,-1.0928922891616821
-14.555555555555555,-2.1649701595306396
-9.333333333333334,-3.6361825466156006
2.6666666666666665,1.9059758186340332
-1.3333333333333333,-3.1542305946350098
-12.555555555555555,5.072815418243408
-8.777777777777779,-0.014966994524002075
2.6666666666666665,-3.520864963531494
-7.222222222222222,-4.920910358428955
2.6666666666666665,-1.3264014720916748
-6.444444444444445,-3.695139169692993
-42.55555555555556,-6.471243381500244
4.777777777777778,-1.414186954498291
0.5555555555555556,-4.699692249298096
-9.666666666666666,-6.902682304382324
9.77777777777778,11.016154289245605
9.444444444444445,-1.8390562534332275
-2.7777777777777777,-5.087367534637451
2.0,-3.2791695594787598
-2.111111111111111,-4.497273921966553
-10.666666666666666,-0.2747093141078949
-3.888888888888889,-7.401155948638916
-0.6666666666666666,-5.134706497192383
-6.111111111111111,-4.267196178436279
-2.555555555555556,0.7113855481147766
-5.444444444444445,-6.9195756912231445
-3.6666666666666665,-4.931343078613281
2.555555555555556,-0.6813236474990845
4.333333333333333,-2.58479380607605
-5.555555555555555,-3.9748599529266357
-0.6666666666666666,-3.1999897956848145
-1.6666666666666667,-1.2641013860702515
1.5555555555555556,0.2614682912826538
-8.0,-4.046889781951904
1.2222222222222223,2.112856388092041
12.333333333333334,5.134043216705322
0.4444444444444444,-2.251260757446289
0.2222222222222222,-5.180873870849609
0.4444444444444444,2.3603596687316895
0.1111111111111111,-3.174504518508911
0.3333333333333333,-1.7219754457473755
1.2222222222222223,-0.4007609784603119
-1.4444444444444444,-4.543984413146973
2.888888888888889,-0.6155838370323181
14.88888888888889,8.84288215637207
0.1111111111111111,-4.07388162612915
-4.888888888888889,2.193650484085083
19.55555555555556,11.49105453491211
-3.7777777777777777,-3.4183669090270996
-2.7777777777777777,-1.4886064529418945
-4.0,-3.3240957260131836
-4.111111111111111,-1.2890418767929077
-0.1111111111111111,-8.717876434326172
2.333333333333333,1.5607068538665771
0.6666666666666666,2.9970314502716064
1.0,2.7126212120056152
-5.111111111111111,-2.0543923377990723
-1.2222222222222223,-1.4825903177261353
-3.111111111111111,-3.569629669189453
-16.333333333333332,-4.3911027908325195
-7.555555555555555,-1.8893604278564453
-7.777777777777778,-3.7493197917938232
-1.5555555555555556,-3.4023404121398926
-7.333333333333333,-2.1760623455047607
1.1111111111111112,-3.7851948738098145
3.333333333333333,-3.216749429702759
-6.444444444444445,-0.9166123270988464
-6.0,-0.08581644296646118
-1.7777777777777777,-0.763043224811554
3.2222222222222223,6.180493354797363
1.0,-0.8963776230812073
-8.0,-2.0077714920043945
0.4444444444444444,-1.4053497314453125
1.8888888888888888,-3.6980443000793457
8.88888888888889,-0.4259348511695862
-0.5555555555555556,-16.245887756347656
-8.444444444444445,-1.1807634830474854
0.4444444444444444,-0.3168252110481262
-2.7777777777777777,-1.7890844345092773
-3.6666666666666665,3.8919122219085693
-5.222222222222222,-4.358151435852051
-10.555555555555555,-3.2656211853027344
0.6666666666666666,-2.563356637954712
8.0,-0.32736361026763916
0.2222222222222222,9.904359817504883
-2.6666666666666665,-1.497533917427063
-5.111111111111111,-2.405665397644043
-9.333333333333334,-5.026246547698975
-0.3333333333333333,-1.2828668355941772
2.6666666666666665,-2.20961856842041
-8.88888888888889,-7.6793293952941895
-5.555555555555555,-3.0023350715637207
1.5555555555555556,-2.3329758644104004
-4.444444444444445,-1.473358154296875
-8.0,-0.5539130568504333
5.222222222222222,1.7415237426757812
-1.8888888888888888,-1.268125295639038
-7.555555555555555,-1.137600302696228
4.0,2.3249168395996094
0.1111111111111111,-2.4959776401519775
1.4444444444444444,-1.2803748846054077
-2.0,-0.8001393675804138
-2.7777777777777777,-2.855409622192383
-6.555555555555555,-0.40490707755088806
-8.666666666666666,-4.1606011390686035
-5.0,-0.8460604548454285
-3.7777777777777777,-7.728814125061035
9.555555555555555,-5.0304036140441895
-10.22222222222222,-4.456064224243164
9.0,6.339453220367432
-2.7777777777777777,-2.483388900756836
-1.5555555555555556,-0.18365520238876343
-1.8888888888888888,5.141002655029297
2.4444444444444446,-0.48270344734191895
-5.222222222222222,-1.299760341644287
-1.6666666666666667,-0.9978116154670715
5.888888888888889,-2.625711679458618
-6.666666666666667,-2.402122735977173
-0.2222222222222222,-2.967371940612793
-6.666666666666667,-2.2243492603302
-5.111111111111111,-0.4204014241695404
0.3333333333333333,-1.399765133857727
-0.4444444444444444,0.1415107548236847
-4.444444444444445,-0.5896448493003845
3.4444444444444446,-10.864463806152344
-0.7777777777777778,-2.5470001697540283
-9.555555555555555,-3.859281539916992
-5.333333333333333,-2.1908183097839355
5.222222222222222,-2.7407195568084717
6.444444444444445,2.885948657989502
5.111111111111111,-2.911529064178467
4.888888888888889,-2.1343042850494385
-6.0,0.4334195852279663
-5.666666666666667,-2.993478298187256
37.77777777777778,12.54983901977539
-7.111111111111111,-3.6884095668792725
-1.4444444444444444,-2.972137451171875
6.777777777777778,-2.235973358154297
-9.444444444444445,-2.9680464267730713
-6.333333333333333,0.7226897478103638
-0.4444444444444444,-1.9922884702682495
5.111111111111111,-3.298818826675415
9.11111111111111,0.0237596333026886
-1.7777777777777777,-0.35465729236602783
-7.888888888888889,5.224362373352051
-3.6666666666666665,-2.0997676849365234
-2.888888888888889,5.327998638153076
-8.0,-8.53566837310791
-2.4444444444444446,-2.276824474334717
7.888888888888889,11.072973251342773
-0.2222222222222222,-1.9395586252212524
-0.5555555555555556,-1.7239995002746582
-2.7777777777777777,-0.6769882440567017
-3.555555555555556,-1.1085973978042603
-0.5555555555555556,-1.7040811777114868
-2.111111111111111,3.4506309032440186
-1.5555555555555556,-0.8124691247940063
2.4444444444444446,0.9636585712432861
-8.11111111111111,-1.7696274518966675
-0.6666666666666666,-2.6194355487823486
3.0,0.3934696912765503
-1.4444444444444444,-0.6034546494483948
9.666666666666666,0.3516225814819336
3.111111111111111,6.331508159637451
-12.555555555555555,-0.9808462858200073
4.666666666666667,-0.2539520263671875
-12.0,-8.428265571594238
-10.88888888888889,-5.010359287261963
17.11111111111111,5.1700663566589355
9.22222222222222,5.422913551330566
-1.3333333333333333,-3.4336822032928467
5.666666666666667,0.6852114796638489
-5.666666666666667,-1.1803350448608398
-3.888888888888889,-7.804407596588135
-8.11111111111111,-3.702035427093506
-9.444444444444445,-1.084976077079773
-2.7777777777777777,-1.0023332834243774
-5.888888888888889,3.0217597484588623
8.555555555555555,-2.1069858074188232
-3.555555555555556,-3.688163995742798
2.555555555555556,6.158428192138672
-25.22222222222222,-4.287333011627197
5.888888888888889,-3.2505264282226562
-2.7777777777777777,-1.069226622581482
-6.444444444444445,2.713569164276123
-17.444444444444443,-6.523951053619385
-0.1111111111111111,-3.1731889247894287
-4.666666666666667,0.2583827078342438
-1.7777777777777777,-0.6931678652763367
-0.2222222222222222,-1.0940197706222534
6.111111111111111,-3.1567888259887695
-5.444444444444445,-5.514575481414795
-4.222222222222222,-5.751328468322754
-3.6666666666666665,-3.6457266807556152
-2.4444444444444446,-1.4681756496429443
-10.0,-6.419877529144287
8.333333333333334,-4.754517078399658
25.55555555555556,11.502765655517578
-2.555555555555556,-5.107064247131348
-4.555555555555555,2.844036340713501
-1.3333333333333333,-3.240934133529663
22.666666666666668,8.310646057128906
3.2222222222222223,5.576983451843262
-3.2222222222222223,-1.9259260892868042
-1.2222222222222223,-4.7203049659729
-1.1111111111111112,-3.4285190105438232
-6.111111111111111,-3.6252715587615967
-12.555555555555555,-5.464999675750732
13.11111111111111,4.672895908355713
8.88888888888889,0.1196666955947876
-2.2222222222222223,-2.9633591175079346
-8.666666666666666,-6.005032062530518
-11.555555555555555,-2.477724075317383
-3.2222222222222223,4.159352779388428
-2.0,4.420073986053467
-1.5555555555555556,-5.178258419036865
-6.111111111111111,-1.5524489879608154
2.0,0.4798266887664795
-8.333333333333334,-6.191261291503906
-2.4444444444444446,-1.705004334449768
4.222222222222222,-0.563613772392273
26.22222222222222,-1.6900056600570679
-5.0,-2.829219341278076
-2.2222222222222223,-3.245823860168457
1.1111111111111112,3.622548818588257
-10.0,-6.474879264831543
4.555555555555555,-1.6953376531600952
3.6666666666666665,-3.733046054840088
-11.666666666666666,-3.26053524017334
12.22222222222222,-3.5155417919158936
-0.3333333333333333,0.5509666800498962
-9.11111111111111,-6.023136138916016
-1.4444444444444444,-3.014249563217163
-3.4444444444444446,-3.191983222961426
-10.11111111111111,-6.144783973693848
-2.111111111111111,-0.19967909157276154
15.666666666666666,5.5060272216796875
-3.888888888888889,-1.860924482345581
-3.2222222222222223,-5.9287004470825195
2.0,2.4002299308776855
-4.666666666666667,-3.7845261096954346
1.7777777777777777,-3.070308208465576
1.0,-1.0253444910049438
-1.3333333333333333,-0.5094226002693176
-5.222222222222222,-1.9147807359695435
-0.2222222222222222,-0.8039389848709106
-3.0,-2.8096354007720947
-6.555555555555555,-0.9839255213737488
-1.3333333333333333,-3.0464084148406982
-2.111111111111111,-2.9083187580108643
9.555555555555555,-2.91791033744812
0.7777777777777778,-2.745201587677002
38.11111111111112,21.732284545898438
0.0,-0.47340232133865356
-4.222222222222222,-2.6442131996154785
1.3333333333333333,-0.33230283856391907
8.555555555555555,-1.4705617427825928
-3.555555555555556,-1.6071957349777222
33.0,21.85880470275879
-4.777777777777778,-2.0625905990600586
29.0,13.986390113830566
-12.555555555555555,-4.155016899108887
2.111111111111111,6.747309684753418
-3.2222222222222223,-3.5932915210723877
-7.111111111111111,-6.7700018882751465
-4.222222222222222,-6.183932781219482
-7.444444444444445,-1.5043773651123047
-10.0,0.5333424806594849
7.888888888888889,7.267767429351807
1.6666666666666667,-6.616874694824219
-4.0,-4.320028781890869
-2.888888888888889,-1.3942211866378784
0.5555555555555556,1.6120760440826416
-14.333333333333334,0.05330824851989746
-9.0,6.4072346687316895
-4.888888888888889,-9.131294250488281
-4.111111111111111,9.685501098632812
-0.5555555555555556,1.125531554222107
-1.6666666666666667,-1.4287041425704956
-1.3333333333333333,0.5533361434936523
-5.666666666666667,4.964446067810059
-6.111111111111111,-1.2682417631149292
0.8888888888888888,2.710303783416748
-5.0,8.42294692993164
-14.77777777777778,-0.016617655754089355
0.8888888888888888,-0.3199366629123688
2.2222222222222223,16.420490264892578
2.7777777777777777,-0.5605772137641907
7.666666666666667,-4.218601703643799
-2.555555555555556,-6.77679443359375
-5.111111111111111,1.5913875102996826
-1.1111111111111112,-5.34112024307251
8.222222222222221,14.689164161682129
9.333333333333334,0.6321763396263123
7.888888888888889,16.616621017456055
0.3333333333333333,-4.417500972747803
-8.0,-7.612057685852051
-7.555555555555555,3.089077949523926
-4.777777777777778,-1.514385461807251
-0.3333333333333333,2.8434882164001465
-5.333333333333333,-4.033128261566162
4.333333333333333,-1.9503265619277954
-1.4444444444444444,-0.8616822957992554
-2.888888888888889,-6.818947792053223
3.111111111111111,-4.4625396728515625
17.333333333333332,4.177544593811035
2.0,-3.5073275566101074
-13.88888888888889,-5.168887615203857
-4.444444444444445,-3.1418259143829346
-11.666666666666666,-9.010360717773438
-4.444444444444445,-5.159478664398193
-4.222222222222222,2.070396661758423
-7.333333333333333,-4.467038154602051
-3.2222222222222223,-1.412838339805603
-3.4444444444444446,-2.2268385887145996
-3.111111111111111,-3.8202426433563232
-5.333333333333333,-6.8840651512146
7.888888888888889,3.803626537322998
19.88888888888889,23.939373016357422
-0.1111111111111111,0.539940595626831
-2.555555555555556,-3.2459371089935303
-6.888888888888889,-1.24009370803833
-6.111111111111111,16.929351806640625
-1.5555555555555556,-2.591911792755127
-4.333333333333333,-6.957751274108887
0.6666666666666666,-3.887784719467163
-24.0,-3.7768757343292236
-4.222222222222222,-2.7889764308929443
-1.0,-1.4752105474472046
1.3333333333333333,-2.3669278621673584
-12.666666666666666,-2.0114550590515137
-7.0,-0.042890071868896484
-1.3333333333333333,-0.7962128520011902
-7.0,-5.822452545166016
5.888888888888889,-0.08548694849014282
-8.11111111111111,-3.33074688911438
-5.777777777777778,-3.348116159439087
-2.888888888888889,-2.2555525302886963
-12.77777777777778,-3.8376126289367676
-6.444444444444445,-6.4375176429748535
-2.4444444444444446,2.983086585998535
6.0,-0.020746231079101562
-8.666666666666666,5.1254496574401855
-2.111111111111111,-1.1879429817199707
11.11111111111111,-3.7402589321136475
5.333333333333333,-3.2624213695526123
2.4444444444444446,2.207226276397705
-3.7777777777777777,-4.792348861694336
-1.8888888888888888,-1.139076590538025
-0.7777777777777778,-4.974860191345215
-5.111111111111111,-5.498830318450928
0.6666666666666666,-1.3876700401306152
-1.3333333333333333,-0.5814550518989563
18.77777777777778,11.521079063415527
7.0,4.838677883148193
-22.55555555555556,-4.261298179626465
-5.333333333333333,-1.480981469154358
-0.7777777777777778,1.5419347286224365
10.444444444444445,-4.992981910705566
-1.4444444444444444,-3.645519495010376
-0.8888888888888888,-5.562331676483154
10.0,-3.3967196941375732
23.0,8.859345436096191
0.1111111111111111,-3.9453110694885254
-1.6666666666666667,-3.1254396438598633
-8.88888888888889,-0.24001158773899078
-10.444444444444445,-6.0641255378723145
-1.0,-1.9363971948623657
0.6666666666666666,-0.9879953265190125
-4.111111111111111,0.7870472073554993
18.11111111111111,5.090804576873779
-1.3333333333333333,-3.5367517471313477
-6.333333333333333,-3.7086119651794434
-6.666666666666667,-1.8498425483703613
-4.111111111111111,3.68204927444458
-7.555555555555555,-5.436037063598633
-10.555555555555555,-1.3440589904785156
0.5555555555555556,-5.826586723327637
5.555555555555555,3.046419620513916
-0.1111111111111111,-2.325897455215454
-2.888888888888889,-3.661067008972168
2.4444444444444446,2.7814066410064697
-2.888888888888889,-4.162518501281738
18.666666666666668,18.87516212463379
1.2222222222222223,3.0677847862243652
-2.2222222222222223,-6.745469093322754
-1.0,-0.9976382851600647
5.222222222222222,8.420388221740723
4.222222222222222,1.384934902191162
-0.2222222222222222,-2.384298801422119
16.444444444444443,-4.636058807373047
-8.0,-4.1593732833862305
-11.666666666666666,-2.8217694759368896
0.1111111111111111,-0.07340526580810547
2.2222222222222223,1.309401273727417
-5.333333333333333,-5.251866817474365
-2.333333333333333,-0.7185583114624023
-3.555555555555556,-2.0399746894836426
-3.111111111111111,-3.9457805156707764
-9.22222222222222,-1.447187900543213
-9.666666666666666,3.977691888809204
-6.333333333333333,0.3386213183403015
-8.333333333333334,-1.040596842765808
-11.555555555555555,-3.2860708236694336
-8.333333333333334,-4.701629638671875
25.0,2.1918692588806152
-5.222222222222222,-4.265202045440674
3.555555555555556,-0.0644485205411911
-2.333333333333333,-5.263618469238281
-13.666666666666666,-3.221728563308716
-2.333333333333333,-5.9634199142456055
-6.444444444444445,-3.206735849380493
10.22222222222222,4.086052894592285
-4.888888888888889,-4.975999355316162
6.444444444444445,10.765034675598145
2.0,10.707468032836914
15.0,-1.2337517738342285
-10.0,-3.7542989253997803
-5.666666666666667,2.2506401538848877
-3.7777777777777777,-4.195309638977051
1.2222222222222223,-4.681273937225342
-1.4444444444444444,-1.3866560459136963
-4.222222222222222,-8.185159683227539
2.4444444444444446,-3.1913576126098633
2.333333333333333,-0.2837144732475281
-7.666666666666667,-0.44297391176223755
-0.2222222222222222,-0.6386275887489319
0.2222222222222222,-1.3837416172027588
1.2222222222222223,-3.215130090713501
-4.888888888888889,-5.790003299713135
-1.2222222222222223,-2.9089419841766357
0.7777777777777778,-2.5845229625701904
-1.5555555555555556,-5.512260913848877
-4.444444444444445,-2.6115269660949707
-1.1111111111111112,-4.5660719871521
-3.111111111111111,-2.4423255920410156
-0.2222222222222222,-4.023226737976074
3.0,-0.4881063401699066
30.0,11.563817024230957
12.88888888888889,14.946013450622559
-0.3333333333333333,-4.0948686599731445
41.55555555555556,-0.5299344062805176
-13.333333333333334,-7.917155742645264
-10.555555555555555,-4.793547630310059
0.7777777777777778,-3.8421311378479004
0.3333333333333333,-1.48452627658844
-3.555555555555556,-0.8352693319320679
7.222222222222222,5.885378360748291
4.666666666666667,2.671823263168335
-9.88888888888889,-6.3090715408325195
-6.111111111111111,-1.948333978652954
-3.4444444444444446,-1.9956005811691284
7.888888888888889,5.0358781814575195
0.2222222222222222,3.379030466079712
-0.3333333333333333,-3.215704917907715
2.4444444444444446,12.300384521484375
0.3333333333333333,0.09698857367038727
-4.777777777777778,-3.5906901359558105
-2.111111111111111,-1.9112575054168701
-6.111111111111111,-0.42411330342292786
3.333333333333333,0.9397960901260376
0.8888888888888888,-0.33624786138534546
-4.777777777777778,0.8099470734596252
-3.888888888888889,-2.3157684803009033
-10.0,-2.8850998878479004
-21.33333333333333,-3.3590471744537354
-4.444444444444445,-4.696437835693359
2.0,0.39935302734375
-5.222222222222222,-4.419226169586182
1.2222222222222223,0.2932664155960083
-9.666666666666666,-4.68297004699707
-7.222222222222222,-1.4739291667938232
-6.555555555555555,-2.2699759006500244
-8.777777777777779,-4.036308288574219
-8.11111111111111,-2.0959584712982178
0.3333333333333333,-3.2276816368103027
0.4444444444444444,7.160526752471924
0.1111111111111111,-3.769625663757324
13.22222222222222,3.6639039516448975
-3.888888888888889,-4.426135540008545
-0.8888888888888888,-2.7178690433502197
-4.777777777777778,-10.174426078796387
-9.22222222222222,-4.923227310180664
3.111111111111111,-3.8677780628204346
2.2222222222222223,7.885479927062988
-10.555555555555555,-6.134346961975098
-1.0,-6.221465110778809
-11.0,-2.539647340774536
-4.666666666666667,-1.7013064622879028
-4.0,-4.751249313354492
3.6666666666666665,-0.8033337593078613
-1.0,-1.7959182262420654
3.0,1.0748460292816162
-9.444444444444445,-2.734063148498535
3.333333333333333,-3.4551801681518555
-4.111111111111111,-3.364614248275757
6.555555555555555,-1.0720081329345703
3.333333333333333,4.278232097625732
-7.222222222222222,-0.768960177898407
0.4444444444444444,-0.5436859726905823
-2.7777777777777777,-3.9455440044403076
-2.2222222222222223,-0.7370810508728027
-2.6666666666666665,-6.432282447814941
-1.7777777777777777,-2.927865743637085
13.22222222222222,20.91969108581543
-3.2222222222222223,-6.373176097869873
-6.888888888888889,-2.8905751705169678
-8.666666666666666,-7.1704254150390625
2.0,1.9253861904144287
0.0,-2.780885934829712
-2.888888888888889,-1.255383849143982
-5.888888888888889,-2.9313604831695557
5.555555555555555,-2.1591262817382812
-4.0,-0.9624039530754089
6.444444444444445,2.17855167388916
-3.555555555555556,-4.911045074462891
-1.3333333333333333,-0.04617181420326233
2.0,-1.8156311511993408
-6.0,-2.9479997158050537
-18.88888888888889,-8.111649513244629
-13.555555555555555,-1.278788447380066
-2.888888888888889,-3.158921480178833
6.444444444444445,-2.252363443374634
-4.111111111111111,-3.1597442626953125
-6.555555555555555,-4.278822422027588
-3.111111111111111,-1.0638866424560547
-1.5555555555555556,-5.45442533493042
-1.7777777777777777,-4.42486047744751
5.555555555555555,-3.7854244709014893
-1.5555555555555556,-2.4648444652557373
12.77777777777778,4.65715217590332
-7.777777777777778,-4.048666954040527
1.3333333333333333,-2.021101474761963
-2.555555555555556,-3.4323129653930664
19.22222222222222,17.825668334960938
4.666666666666667,-1.6676452159881592
-5.888888888888889,-2.299936056137085
-7.888888888888889,-3.623164176940918
10.77777777777778,-5.9010701179504395
32.111111111111114,9.797566413879395
-5.666666666666667,-2.4810009002685547
9.11111111111111,0.6605358123779297
8.777777777777779,-0.42894095182418823
-9.11111111111111,-4.239096641540527
4.555555555555555,-1.6461715698242188
3.4444444444444446,-2.2669756412506104
-11.555555555555555,-3.332772970199585
-3.0,-4.403256416320801
-5.222222222222222,-3.3798062801361084
1.1111111111111112,-9.938652038574219
-9.555555555555555,-2.536877155303955
-3.888888888888889,0.7830988764762878
-0.3333333333333333,-4.093804836273193
1.6666666666666667,-2.957648277282715
-8.555555555555555,-0.3898790180683136
11.333333333333334,0.8471651673316956
8.88888888888889,-1.3183650970458984
-4.222222222222222,6.106067657470703
-0.6666666666666666,-0.3502613306045532
-8.333333333333334,-0.24909043312072754
-2.888888888888889,-0.8311002254486084
-9.77777777777778,-6.376819133758545
-2.4444444444444446,-1.8218637704849243
7.222222222222222,3.643131971359253
-11.11111111111111,1.0548624992370605
-3.2222222222222223,0.6438186168670654
3.555555555555556,1.039801001548767
-1.2222222222222223,-1.2714433670043945
-15.11111111111111,3.934136390686035
-8.222222222222221,-2.053729295730591
1.5555555555555556,-1.2620270252227783
-6.222222222222222,0.24378475546836853
-2.888888888888889,3.5819764137268066
-1.3333333333333333,2.140474319458008
4.0,-1.8785643577575684
5.666666666666667,7.378554344177246
6.777777777777778,3.9370744228363037
-3.6666666666666665,-3.806812047958374
-5.222222222222222,-2.2004647254943848
-6.0,-3.396260976791382
0.4444444444444444,-3.7945704460144043
-4.444444444444445,-1.5682296752929688
-6.888888888888889,3.1649301052093506
-0.1111111111111111,-4.908236980438232
-5.555555555555555,-4.678258419036865
-8.666666666666666,4.247763633728027
3.4444444444444446,-2.2118546962738037
-0.8888888888888888,0.7310159206390381
-2.6666666666666665,-10.98726749420166
-1.3333333333333333,-2.4413559436798096
2.4444444444444446,-1.95676851272583
-9.22222222222222,-9.792413711547852
-12.333333333333334,-1.0516231060028076
25.666666666666668,-0.7618345022201538
2.4444444444444446,-0.34468454122543335
2.2222222222222223,-2.0617666244506836
-1.2222222222222223,-4.493308067321777
-2.6666666666666665,-4.422168731689453
-5.333333333333333,-2.328179121017456
0.0,1.3659391403198242
-1.4444444444444444,-3.0173251628875732
-3.555555555555556,-0.9663283824920654
-0.5555555555555556,-1.4966115951538086
-5.222222222222222,-2.025434732437134
-2.0,-0.2998891770839691
3.555555555555556,-0.7150356769561768
3.555555555555556,-0.9401113986968994
-1.0,0.9529182314872742
5.222222222222222,-0.5344110131263733
-11.11111111111111,-8.160283088684082
-6.222222222222222,-4.131163597106934
-8.11111111111111,-2.0551180839538574
5.333333333333333,0.10216090083122253
-1.8888888888888888,-0.8237326741218567
1.7777777777777777,3.224541187286377
-1.4444444444444444,-6.511173725128174
-2.0,-4.373730182647705
-10.22222222222222,-3.2359678745269775
2.2222222222222223,-0.8920775055885315
7.111111111111111,2.5366101264953613
-5.0,-2.542584180831909
23.33333333333333,12.373727798461914
2.888888888888889,-3.9588205814361572
-0.3333333333333333,-0.08533632755279541
-2.7777777777777777,3.9684360027313232
20.11111111111111,1.5235638618469238
-6.555555555555555,-1.6526480913162231
-5.888888888888889,-2.4457290172576904
-13.0,-3.655743360519409
-2.6666666666666665,-2.598379611968994
-4.666666666666667,2.3556976318359375
0.8888888888888888,0.30999302864074707
-2.111111111111111,0.7967970371246338
21.55555555555556,6.48700475692749
4.444444444444445,3.4069676399230957
1.2222222222222223,-2.853696823120117
13.333333333333334,9.652844429016113
-17.22222222222222,-6.404381275177002
13.11111111111111,0.5532416701316833
3.555555555555556,7.468332767486572
-3.4444444444444446,0.5353950262069702
11.22222222222222,-1.0720173120498657
-4.555555555555555,-3.4180760383605957
1.4444444444444444,2.634514808654785
-5.0,-0.2994871735572815
15.22222222222222,13.863458633422852
4.444444444444445,1.9539960622787476
-7.666666666666667,-0.6991375684738159
-3.111111111111111,-0.517820417881012
-6.666666666666667,-5.24500036239624
0.4444444444444444,3.846285820007324
-4.111111111111111,1.2568864822387695
-2.2222222222222223,0.625006914138794
16.88888888888889,11.895539283752441
-4.0,-2.9971234798431396
-11.333333333333334,-4.472429275512695
0.5555555555555556,3.4590861797332764
8.777777777777779,12.777846336364746
1.0,-2.8564984798431396
-3.2222222222222223,-1.6650141477584839
0.0,-0.7790893316268921
3.2222222222222223,1.999402642250061
1.2222222222222223,-0.21565887331962585
-4.111111111111111,-1.463576316833496
-2.4444444444444446,-3.7213134765625
2.0,-1.7894257307052612
-4.444444444444445,0.6385264992713928
-8.666666666666666,-3.2305257320404053
-1.7777777777777777,0.21166272461414337
-4.333333333333333,-3.025665521621704
-5.333333333333333,-2.94490122795105
2.0,-2.3126418590545654
-0.2222222222222222,-3.972715377807617
4.222222222222222,-1.883633017539978
6.444444444444445,-0.8719581365585327
-15.88888888888889,-8.908426284790039
21.0,8.984957695007324
9.444444444444445,7.22639799118042
1.2222222222222223,0.8740886449813843
-7.888888888888889,-2.848477363586426
-2.4444444444444446,-8.195160865783691
4.111111111111111,-0.5792662501335144
3.888888888888889,2.4403882026672363
-4.111111111111111,-7.062740802764893
-5.333333333333333,-4.3399176597595215
31.22222222222222,-4.612477779388428
-4.888888888888889,0.22528678178787231
-5.777777777777778,-7.698180198669434
-1.8888888888888888,-1.650847315788269
19.55555555555556,13.614426612854004
-2.0,-5.310368061065674
3.111111111111111,2.0291175842285156
-1.1111111111111112,0.1915052831172943
11.22222222222222,1.9984357357025146
3.555555555555556,-0.21713510155677795
-0.8888888888888888,-5.718596935272217
24.88888888888889,16.855899810791016
-4.111111111111111,-0.6730546951293945
13.88888888888889,21.007814407348633
-1.5555555555555556,-3.039903163909912
-7.111111111111111,-5.768540859222412
-15.666666666666666,-2.6308889389038086
-22.88888888888889,-7.22724723815918
9.666666666666666,2.129631996154785
2.2222222222222223,17.995492935180664
-3.4444444444444446,1.9908314943313599
-6.555555555555555,3.357475519180298
-14.0,-0.8286830186843872
2.2222222222222223,3.1084742546081543
1.2222222222222223,6.254415035247803
-5.333333333333333,6.8410115242004395
-6.333333333333333,-4.8518452644348145
-4.0,-0.9785350561141968
-3.2222222222222223,-1.506506085395813
-1.8888888888888888,-1.0297870635986328
0.3333333333333333,0.8084209561347961
7.777777777777778,5.274385452270508
-1.0,-1.3170500993728638
-1.6666666666666667,4.7348408699035645
-17.22222222222222,1.0820281505584717
-2.333333333333333,-1.8287816047668457
11.666666666666666,10.136780738830566
-0.6666666666666666,5.00018310546875
1.2222222222222223,-3.2043755054473877
19.33333333333333,-1.6247376203536987
-3.888888888888889,-1.6992064714431763
9.333333333333334,-2.3555119037628174
-2.555555555555556,7.261382102966309
-7.555555555555555,-3.8783934116363525
-0.1111111111111111,-0.38323596119880676
3.888888888888889,1.5079492330551147
-7.888888888888889,-3.6294028759002686
-1.0,-1.4181281328201294
-1.2222222222222223,2.5773634910583496
-6.222222222222222,-5.929923057556152
-1.3333333333333333,-4.66161584854126
-3.4444444444444446,-1.8787301778793335
0.7777777777777778,3.552135944366455
-6.333333333333333,-6.384015083312988
-8.666666666666666,-3.2032079696655273
-0.3333333333333333,-5.7425384521484375
1.1111111111111112,-5.544763088226318
3.7777777777777777,7.350224494934082
-4.888888888888889,0.15837019681930542
7.666666666666667,-0.9648293852806091
7.333333333333333,8.829087257385254
10.11111111111111,-1.694671869277954
-2.7777777777777777,-2.1869189739227295
-3.555555555555556,-5.972857475280762
-4.0,-7.479612350463867
-5.333333333333333,-2.157080888748169
1.6666666666666667,0.8921889066696167
-2.555555555555556,0.081981360912323
12.22222222222222,10.286279678344727
-2.888888888888889,-2.789527416229248
-4.444444444444445,1.5579051971435547
-3.6666666666666665,-4.568873882293701
-0.7777777777777778,-3.860255241394043
6.333333333333333,-0.6148437261581421
-9.555555555555555,1.0442286729812622
-6.111111111111111,-3.0267560482025146
0.8888888888888888,0.7255319356918335
4.222222222222222,1.2878756523132324
-26.0,-8.796588897705078
12.88888888888889,13.175362586975098
-4.444444444444445,-1.2816762924194336
-3.6666666666666665,-1.1581889390945435
2.0,0.6745192408561707
-8.11111111111111,-2.8441526889801025
-0.2222222222222222,-3.784180164337158
4.888888888888889,0.061812713742256165
-4.888888888888889,-4.85697078704834
-3.555555555555556,-0.8424228429794312
6.888888888888889,1.8435182571411133
13.333333333333334,4.504329204559326
1.5555555555555556,-0.18848192691802979
-3.4444444444444446,-0.1313592791557312
0.1111111111111111,0.5980985760688782
3.2222222222222223,-1.9193849563598633
-6.222222222222222,-1.2467187643051147
-7.0,-4.3433403968811035
4.333333333333333,-0.23882102966308594
0.7777777777777778,0.06648579239845276
2.4444444444444446,-2.3729350566864014
-0.2222222222222222,-2.178948163986206
7.333333333333333,-1.1022765636444092
0.3333333333333333,-1.2228732109069824
-2.6666666666666665,-3.1209914684295654
0.2222222222222222,0.00015929341316223145
-2.555555555555556,-1.2391958236694336
-2.2222222222222223,-0.11181986331939697
-1.2222222222222223,4.7863569259643555
8.777777777777779,1.2371574640274048
-1.3333333333333333,0.3143772482872009
5.222222222222222,-2.352769374847412
0.1111111111111111,5.3196868896484375
-3.333333333333333,-7.083041191101074
2.6666666666666665,2.773946762084961
-6.555555555555555,-0.6112741231918335
-17.88888888888889,-1.6239017248153687
5.555555555555555,3.499315023422241
6.333333333333333,8.040044784545898
4.777777777777778,1.5717183351516724
11.22222222222222,6.357666492462158
1.6666666666666667,2.1235783100128174
-11.22222222222222,-6.42308235168457
-4.555555555555555,-1.5047718286514282
-4.222222222222222,-2.8570926189422607
0.5555555555555556,3.6013834476470947
-8.11111111111111,-3.572206735610962
10.0,8.031903266906738
3.888888888888889,-0.03107219934463501
-2.555555555555556,-0.7705042362213135
-3.333333333333333,-0.29246318340301514
0.7777777777777778,3.467617988586426
-4.0,-3.739386558532715
-2.333333333333333,-3.429743528366089
1.8888888888888888,1.9581583738327026
19.88888888888889,1.1201313734054565
-12.333333333333334,-3.725510358810425
-5.222222222222222,-1.251326560974121
-7.777777777777778,-1.0386399030685425
0.6666666666666666,4.8275322914123535
0.7777777777777778,-1.804253101348877
4.444444444444445,0.7624557018280029
-5.111111111111111,5.853928089141846
-3.333333333333333,-1.4423584938049316
-14.77777777777778,-4.118782043457031
5.0,1.762404441833496
-2.0,-2.4678070545196533
-1.6666666666666667,-1.0899971723556519
-1.5555555555555556,-1.1484169960021973
-2.4444444444444446,-8.478092193603516
7.777777777777778,4.5938873291015625
1.2222222222222223,-4.030639171600342
-9.11111111111111,-3.915604591369629
-1.8888888888888888,-3.133549451828003
-5.555555555555555,-5.860454082489014
1.3333333333333333,0.17104235291481018
-0.5555555555555556,-1.1529964208602905
-7.222222222222222,-1.2639415264129639
15.444444444444445,3.6043617725372314
-13.22222222222222,-0.7108485698699951
-6.111111111111111,-2.734180450439453
-0.7777777777777778,0.3519158363342285
-13.0,-0.09212401509284973
-7.111111111111111,-2.6404411792755127
-5.777777777777778,1.75377357006073
-2.111111111111111,-2.2954628467559814
-5.444444444444445,-6.92633581161499
-3.333333333333333,-2.859467029571533
0.0,-3.239168405532837
3.0,0.22483088076114655
26.444444444444443,9.205174446105957
2.6666666666666665,5.620753288269043
-6.555555555555555,0.22483088076114655
-4.777777777777778,9.003904342651367
5.222222222222222,2.2138776779174805
-16.666666666666668,-6.234310150146484
5.888888888888889,-1.4489079713821411
-5.0,-1.2256858348846436
-4.555555555555555,-6.311878204345703
-4.555555555555555,3.140424966812134
2.2222222222222223,-4.4461750984191895
1.5555555555555556,-1.6645103693008423
-0.8888888888888888,-1.1229846477508545
-8.444444444444445,-5.4193549156188965
-2.7777777777777777,0.7838450074195862
4.0,0.5343543887138367
-0.1111111111111111,3.5909855365753174
7.555555555555555,7.055727005004883
-2.333333333333333,-2.322622776031494
-4.333333333333333,-2.4587819576263428
0.3333333333333333,-4.184994220733643
-3.0,0.6552020907402039
3.333333333333333,-4.506768703460693
-4.555555555555555,-0.3140332102775574
1.3333333333333333,-4.717164039611816
1.6666666666666667,0.34256988763809204
-4.555555555555555,-9.103034019470215
15.22222222222222,-1.7929867506027222
-3.7777777777777777,-2.3852970600128174
-0.3333333333333333,-3.1589908599853516
-2.111111111111111,-4.317746162414551
-1.7777777777777777,-0.6999020576477051
-0.7777777777777778,2.663346290588379
-4.888888888888889,-0.8425522446632385
-3.111111111111111,-0.8197911381721497
-1.4444444444444444,-7.537508964538574
-5.777777777777778,-1.3430509567260742
16.88888888888889,12.616130828857422
0.1111111111111111,-5.632359981536865
-4.888888888888889,-2.6839370727539062
3.4444444444444446,-2.525207281112671
-2.555555555555556,-1.3067961931228638
0.0,-0.7945906519889832
0.8888888888888888,-0.8384024500846863
-20.0,-1.4178732633590698
3.333333333333333,-4.213897705078125
-2.4444444444444446,0.6735307574272156
-8.777777777777779,-2.733579635620117
-6.666666666666667,-6.113145351409912
-2.888888888888889,2.2756507396698
-5.444444444444445,-7.141067981719971
-8.555555555555555,4.9415082931518555
-0.4444444444444444,0.13688986003398895
-2.111111111111111,-2.11189866065979
3.4444444444444446,-0.4987107813358307
-7.333333333333333,-6.343363285064697
-1.4444444444444444,-5.158860683441162
-11.88888888888889,-2.50213885307312
-5.555555555555555,2.5527544021606445
-6.333333333333333,2.6114156246185303
-1.0,-8.885666847229004
0.4444444444444444,2.74389386177063
-11.444444444444445,-6.195573329925537
7.222222222222222,2.048312187194824
-2.333333333333333,1.927560567855835
-8.222222222222221,-0.08957469463348389
1.7777777777777777,2.2308173179626465
-11.333333333333334,-5.775401592254639
-4.333333333333333,0.0759446918964386
-9.555555555555555,-2.1206955909729004
0.4444444444444444,7.7473225593566895
-8.777777777777779,-5.028287410736084
-8.333333333333334,-1.079748272895813
-2.333333333333333,-5.437954425811768
19.55555555555556,3.0372793674468994
-7.222222222222222,-6.09846305847168
-2.888888888888889,-1.576526403427124
-19.77777777777778,-8.985809326171875
7.111111111111111,0.16216781735420227
-4.0,-4.6475043296813965
-8.444444444444445,-2.7689623832702637
6.444444444444445,-1.621427059173584
13.11111111111111,-2.3448984622955322
-1.6666666666666667,-1.8917607069015503
1.7777777777777777,-1.3349201679229736
-3.6666666666666665,-1.922645926475525
15.444444444444445,7.906977653503418
-0.3333333333333333,1.9451477527618408
37.0,5.129279613494873
-4.666666666666667,0.016029514372348785
-6.0,-2.534907817840576
34.55555555555556,13.066723823547363
-1.7777777777777777,-2.1604549884796143
-3.888888888888889,-0.4098738431930542
20.77777777777778,2.9762463569641113
-4.777777777777778,0.8096830248832703
-4.555555555555555,-5.25612211227417
-10.88888888888889,-4.921895503997803
-19.88888888888889,-0.4738950729370117
0.3333333333333333,-4.620114326477051
-0.6666666666666666,-5.484396457672119
-11.444444444444445,-3.2811360359191895
-6.666666666666667,-1.423352599143982
23.666666666666668,3.3524017333984375
2.0,-1.3041667938232422
-4.222222222222222,-4.092429161071777
-3.2222222222222223,-3.7481226921081543
-2.555555555555556,-4.723674297332764
-0.6666666666666666,0.8769088387489319
-6.222222222222222,-1.6736648082733154
2.888888888888889,-0.7591693997383118
-0.8888888888888888,3.281010389328003
0.1111111111111111,-3.5138449668884277
0.6666666666666666,-2.1319236755371094
-23.88888888888889,-3.079139471054077
-2.555555555555556,-2.265369415283203
0.5555555555555556,13.404215812683105
-3.0,-8.83299732208252
-10.555555555555555,-8.26107120513916
3.333333333333333,-4.511363506317139
3.111111111111111,10.772884368896484
0.2222222222222222,-2.8970344066619873
-2.7777777777777777,-3.1410505771636963
-1.3333333333333333,-2.550307273864746
-2.6666666666666665,-1.5615533590316772
-10.555555555555555,-0.04886579513549805
-2.0,-3.9500086307525635
-1.7777777777777777,-6.561098575592041
-1.4444444444444444,-2.595566987991333
-12.88888888888889,-2.8412747383117676
-5.666666666666667,5.635140895843506
23.0,15.937026023864746
0.2222222222222222,3.398606777191162
14.666666666666666,7.328145503997803
5.0,-2.3685827255249023
-4.222222222222222,-1.3600860834121704
-8.0,-3.3600220680236816
1.5555555555555556,0.3002387583255768
0.1111111111111111,0.7570329904556274
2.333333333333333,2.28816556930542
-3.7777777777777777,-1.3632854223251343
-0.2222222222222222,-1.0972789525985718
2.555555555555556,4.803480625152588
-10.333333333333334,-7.9185380935668945
0.3333333333333333,-1.4855047464370728
-7.0,-7.862063884735107
-9.88888888888889,-6.460978984832764
4.666666666666667,-0.11667448282241821
-1.8888888888888888,-0.012095212936401367
-3.888888888888889,-3.9658312797546387
-13.0,-2.687758445739746
4.333333333333333,-2.358126401901245
-2.7777777777777777,-1.6611748933792114
-2.4444444444444446,-2.713139057159424
9.444444444444445,5.417349338531494
14.666666666666666,1.6159921884536743
-5.555555555555555,-6.804323196411133
-3.4444444444444446,-3.6640055179595947
-9.333333333333334,-7.830073356628418
-1.8888888888888888,0.14207518100738525
-2.333333333333333,-7.374899864196777
5.555555555555555,2.228952407836914
-3.111111111111111,-4.009028434753418
11.88888888888889,7.624823093414307
-10.22222222222222,-5.382056713104248
2.888888888888889,-1.158463716506958
9.555555555555555,-4.128515720367432
-0.4444444444444444,-0.6857218146324158
-7.333333333333333,-1.941162347793579
-8.666666666666666,-2.7716057300567627
-5.777777777777778,-4.7486958503723145
6.777777777777778,-5.882994174957275
-7.444444444444445,0.11569279432296753
-0.5555555555555556,-3.8424458503723145
-2.7777777777777777,-0.23750244081020355
-4.222222222222222,-8.061187744140625
-3.555555555555556,0.49433833360671997
0.4444444444444444,3.911957025527954
2.6666666666666665,6.104313850402832
15.444444444444445,16.231298446655273
0.8888888888888888,0.6552966237068176
-3.0,-2.3479366302490234
-3.888888888888889,-1.4098862409591675
-2.888888888888889,-5.001139163970947
-8.333333333333334,-0.7004715204238892
-5.333333333333333,-3.6308867931365967
-2.0,-5.40103006362915
-5.111111111111111,-5.196712017059326
-1.6666666666666667,-4.748816967010498
1.8888888888888888,2.6019227504730225
-6.0,-2.871975898742676
3.6666666666666665,4.2875566482543945
4.444444444444445,0.1292729377746582
-6.333333333333333,-7.246007442474365
-5.0,-3.8831305503845215
-4.222222222222222,-3.4302191734313965
-4.111111111111111,-6.859203815460205
-0.7777777777777778,1.798619031906128
0.3333333333333333,-0.019755929708480835
-2.888888888888889,0.009341776371002197
-2.7777777777777777,-4.818373203277588
5.666666666666667,0.16724765300750732
-2.7777777777777777,-2.471498727798462
0.3333333333333333,-2.55076265335083
0.6666666666666666,-1.596179485321045
-10.666666666666666,-3.450364112854004
-8.88888888888889,-5.991098403930664
2.4444444444444446,-4.829645156860352
-13.555555555555555,-7.104841709136963
2.4444444444444446,8.226863861083984
-1.6666666666666667,-0.00775773823261261
18.444444444444443,4.292183876037598
-3.333333333333333,-1.238337516784668
-2.888888888888889,-3.5945932865142822
-4.222222222222222,-6.6699018478393555
-1.1111111111111112,-2.6078736782073975
-3.7777777777777777,-6.121227264404297
31.11111111111111,7.328464031219482
-2.2222222222222223,-2.9335837364196777
-3.555555555555556,-6.780516147613525
-3.888888888888889,-2.707738161087036
-6.666666666666667,-4.283882141113281
-1.5555555555555556,-2.1164498329162598
0.5555555555555556,-4.3702287673950195
-4.222222222222222,-3.398844003677368
-18.22222222222222,-6.406892776489258
-2.333333333333333,-4.848877429962158
0.2222222222222222,-3.0807762145996094
3.2222222222222223,1.7107703685760498
3.4444444444444446,3.5460994243621826
-2.333333333333333,-2.9078657627105713
2.7777777777777777,-5.352685451507568
1.3333333333333333,2.0418283939361572
-4.777777777777778,-2.8980109691619873
-8.11111111111111,-1.1197856664657593
-0.7777777777777778,-0.2778545320034027
-7.444444444444445,-1.5209050178527832
1.3333333333333333,2.2342100143432617
-3.111111111111111,-1.7211822271347046
13.444444444444445,8.770657539367676
13.77777777777778,0.5102683305740356
-2.888888888888889,-2.1743218898773193
-3.111111111111111,1.8910030126571655
-4.333333333333333,-3.0765469074249268
3.2222222222222223,3.1734423637390137
-0.1111111111111111,-4.296121120452881
0.3333333333333333,0.29059287905693054
0.0,2.584416151046753
7.111111111111111,2.329463481903076
24.22222222222222,6.495157241821289
-6.0,-6.714918613433838
-11.0,-0.36391496658325195
-2.111111111111111,-1.2121046781539917
-2.4444444444444446,-4.386675834655762
-2.2222222222222223,1.0311957597732544
4.222222222222222,-0.2948570251464844
-9.22222222222222,0.45639878511428833
10.333333333333334,12.51732349395752
-3.555555555555556,-3.560391426086426
17.555555555555557,20.260536193847656
1.8888888888888888,-4.736455917358398
1.8888888888888888,0.7331957221031189
-5.666666666666667,0.7255719304084778
14.88888888888889,8.730622291564941
0.6666666666666666,-0.48418545722961426
1.1111111111111112,1.5972458124160767
-3.333333333333333,1.045711874961853
3.4444444444444446,-1.2687700986862183
-6.555555555555555,-4.291386127471924
-6.888888888888889,-5.910443305969238
-2.888888888888889,-1.3379470109939575
-2.2222222222222223,-3.48061466217041
2.333333333333333,1.9860599040985107
-4.666666666666667,0.5052261352539062
-2.888888888888889,-2.828521251678467
-0.7777777777777778,-3.784749746322632
-9.77777777777778,-4.38804817199707
-4.111111111111111,-8.99765396118164
-7.777777777777778,-6.14643669128418
-4.111111111111111,-2.890345573425293
0.8888888888888888,0.3536754548549652
-7.666666666666667,-3.997985363006592
-4.333333333333333,-1.4723492860794067
-11.666666666666666,-6.210583686828613
0.2222222222222222,-1.705706000328064
-3.0,-1.036905288696289
-3.0,-5.920356273651123
8.444444444444445,9.872961044311523
-6.333333333333333,-2.3537559509277344
-8.333333333333334,-4.557612895965576
-0.3333333333333333,-4.313944339752197
-7.222222222222222,-2.172675848007202
-0.3333333333333333,-3.443572759628296
4.222222222222222,-1.4085609912872314
-2.555555555555556,-6.351439476013184
-8.444444444444445,-7.102600574493408
-4.111111111111111,-1.7839772701263428
-0.1111111111111111,-8.66812801361084
-2.555555555555556,-10.27012825012207
-2.4444444444444446,-5.073366641998291
-2.888888888888889,-3.032846450805664
10.11111111111111,1.5239123106002808
-2.4444444444444446,-1.2545771598815918
7.0,1.0594477653503418
-4.222222222222222,-5.8141632080078125
-2.4444444444444446,-1.5894274711608887
-12.11111111111111,-3.283512830734253
0.3333333333333333,-1.6637212038040161
6.111111111111111,0.6853204965591431
-16.666666666666668,-10.346464157104492
1.8888888888888888,10.013264656066895
3.6666666666666665,-1.4237666130065918
0.8888888888888888,-0.6710946559906006
-6.777777777777778,3.2512834072113037
-9.333333333333334,-3.3522372245788574
-13.0,-3.296539545059204
1.3333333333333333,1.6129248142242432
2.333333333333333,3.5893425941467285
-2.888888888888889,-1.2242902517318726
-8.0,7.771258354187012
1.3333333333333333,-2.7162251472473145
-1.0,0.18683838844299316
1.6666666666666667,-4.885894775390625
8.333333333333334,-3.582885980606079
3.6666666666666665,11.572582244873047
-3.111111111111111,-5.052018165588379
-7.444444444444445,-5.215641021728516
2.6666666666666665,1.5241985321044922
11.22222222222222,15.479564666748047
-2.0,-6.792186260223389
-2.555555555555556,-2.390707492828369
-6.111111111111111,-6.120579719543457
-5.111111111111111,-6.295241355895996
-8.777777777777779,-3.0741329193115234
-10.11111111111111,-5.846179008483887
-4.666666666666667,-5.952056884765625
9.444444444444445,2.2853641510009766
1.6666666666666667,-3.119638681411743
-3.0,-0.8209924101829529
-5.444444444444445,-4.091691493988037
2.111111111111111,-1.074992299079895
-5.888888888888889,-3.231006622314453
-1.8888888888888888,-3.1794016361236572
-4.777777777777778,-3.6647796630859375
2.111111111111111,-4.150033950805664
0.5555555555555556,-3.1308212280273438
-3.111111111111111,-4.519392013549805
-11.88888888888889,-6.909779071807861
-0.6666666666666666,-1.7234069108963013
12.11111111111111,1.0532233715057373
-0.5555555555555556,-0.2949763536453247
0.6666666666666666,2.6856634616851807
-4.888888888888889,-3.4124393463134766
-3.111111111111111,-4.666205406188965
-2.2222222222222223,-3.674772024154663
-3.2222222222222223,-6.247764587402344
-6.888888888888889,-4.918283462524414
3.4444444444444446,-0.43445277214050293
24.11111111111111,8.2769136428833
-0.8888888888888888,-2.785731554031372
0.8888888888888888,-3.1272919178009033
-6.555555555555555,-1.0807826519012451
-1.3333333333333333,-5.031391143798828
-4.111111111111111,-1.3586467504501343
9.666666666666666,-0.6275337338447571
5.111111111111111,-4.715981960296631
4.333333333333333,-3.4244606494903564
0.4444444444444444,-0.2158026397228241
-15.444444444444445,-8.343475341796875
-7.0,-4.41338586807251
1.7777777777777777,0.38950085639953613
6.777777777777778,2.1079623699188232
8.0,0.557815670967102
4.777777777777778,4.740147113800049
19.55555555555556,10.684673309326172
-6.777777777777778,-3.042465925216675
-7.222222222222222,-1.335440993309021
0.1111111111111111,-1.2286525964736938
-0.4444444444444444,-3.2419471740722656
-3.555555555555556,-2.079042673110962
10.444444444444445,7.3935747146606445
3.4444444444444446,9.171601295471191
-0.1111111111111111,3.511066436767578
-7.666666666666667,-1.9018492698669434
0.1111111111111111,1.3424322605133057
-3.333333333333333,-4.08634090423584
-4.222222222222222,2.2845160961151123
-0.7777777777777778,-0.24851921200752258
-11.666666666666666,-7.110893726348877
-2.333333333333333,-0.25906869769096375
-0.3333333333333333,-2.9607954025268555
17.88888888888889,9.962861061096191
32.55555555555556,18.898521423339844
-11.0,9.095865249633789
-4.0,-0.5496544241905212
-6.777777777777778,-1.1299388408660889
-15.333333333333334,-2.779921770095825
-7.666666666666667,5.049910545349121
-3.555555555555556,-3.5763721466064453
-2.7777777777777777,-2.814337968826294
0.1111111111111111,1.0512031316757202
38.11111111111112,16.50176239013672
-8.0,-0.9336234927177429
-4.222222222222222,-4.7443342208862305
0.0,-2.212013006210327
23.55555555555556,14.000819206237793
1.7777777777777777,-1.2841976881027222
-2.7777777777777777,0.2607220411300659
-5.777777777777778,-5.7176432609558105
7.333333333333333,12.534368515014648
-6.555555555555555,-5.1796770095825195
-9.333333333333334,2.5324244499206543
5.111111111111111,4.772739410400391
-5.444444444444445,0.16605186462402344
3.6666666666666665,0.11250504851341248
-6.555555555555555,-4.77639102935791
19.444444444444443,19.118921279907227
-4.777777777777778,-3.6476430892944336
4.888888888888889,-1.6752079725265503
-3.2222222222222223,-2.372847318649292
-1.6666666666666667,3.820253849029541
-7.555555555555555,-0.18144097924232483
-3.4444444444444446,-1.1282954216003418
1.5555555555555556,1.3656330108642578
-7.555555555555555,-8.900049209594727
-13.333333333333334,-6.114055156707764
-5.0,-7.901381492614746
-3.111111111111111,8.306676864624023
-8.777777777777779,-0.29352831840515137
-1.1111111111111112,-1.8336220979690552
1.8888888888888888,-5.384516716003418
-6.222222222222222,-7.422966003417969
-0.1111111111111111,-1.8374754190444946
4.0,1.8017311096191406
-18.22222222222222,-7.184927463531494
-1.7777777777777777,-4.9853596687316895
-13.333333333333334,-11.572937965393066
-7.666666666666667,-5.819116115570068
-1.6666666666666667,-4.057002067565918
-4.444444444444445,-2.3576273918151855
-11.444444444444445,-3.0102288722991943
2.888888888888889,-2.2516214847564697
27.0,15.7420654296875
1.8888888888888888,0.6381862163543701
-8.88888888888889,-3.6090102195739746
-4.888888888888889,-2.340524911880493
-5.888888888888889,-6.263147830963135
-3.6666666666666665,-3.8235902786254883
9.555555555555555,14.701122283935547
-1.6666666666666667,-2.4895243644714355
0.8888888888888888,-1.6931287050247192
-13.666666666666666,-7.9394330978393555
-3.555555555555556,-1.6977603435516357
-1.6666666666666667,-1.282123327255249
8.88888888888889,8.439210891723633
-4.888888888888889,-1.4987714290618896
-3.888888888888889,-5.6492695808410645
-9.88888888888889,-5.480093479156494
-1.5555555555555556,-5.3070197105407715
7.666666666666667,7.276875019073486
3.7777777777777777,-4.838435649871826
12.666666666666666,-7.213302135467529
-4.555555555555555,-8.88563060760498
13.555555555555555,12.454437255859375
6.777777777777778,-5.493567943572998
-9.11111111111111,-8.197071075439453
-2.555555555555556,-7.510563373565674
-1.4444444444444444,-2.0434515476226807
-6.222222222222222,-6.204297065734863
-7.555555555555555,-6.431306838989258
1.0,5.855888843536377
-1.4444444444444444,-3.095472812652588
-9.88888888888889,-6.749790191650391
1.2222222222222223,-2.1045143604278564
2.2222222222222223,-6.312661170959473
1.2222222222222223,-2.530595302581787
8.444444444444445,1.2882945537567139
0.8888888888888888,-5.8950419425964355
-10.444444444444445,-2.9097516536712646
4.444444444444445,-1.5354444980621338
-1.6666666666666667,-1.2984027862548828
-3.888888888888889,-2.961078643798828
3.2222222222222223,-5.553172588348389
-5.666666666666667,4.510323524475098
-9.0,-5.021895885467529
8.777777777777779,3.2810962200164795
1.5555555555555556,-6.165561199188232
-2.555555555555556,-1.4449230432510376
4.777777777777778,1.6659927368164062
-16.11111111111111,-6.1864333152771
-5.555555555555555,-2.450768232345581
-1.8888888888888888,-0.5586478114128113
25.11111111111111,14.749517440795898
-2.555555555555556,-4.1790008544921875
-12.0,-4.374893665313721
-10.333333333333334,-8.159886360168457
-7.333333333333333,-2.8010833263397217
0.0,-0.997040331363678
1.8888888888888888,-1.40858793258667
1.4444444444444444,-1.9483542442321777
19.55555555555556,1.3465622663497925
-5.222222222222222,-1.7492406368255615
0.3333333333333333,1.8105131387710571
1.1111111111111112,-3.8721141815185547
25.666666666666668,11.508649826049805
-3.0,1.3563518524169922
3.555555555555556,2.264387369155884
4.222222222222222,2.1423873901367188
1.7777777777777777,-8.023322105407715
31.444444444444443,-7.688555717468262
19.33333333333333,6.91172981262207
-1.6666666666666667,0.23459959030151367
1.5555555555555556,5.508325099945068
7.222222222222222,4.790410995483398
-3.7777777777777777,-3.8906311988830566
-1.6666666666666667,-7.888725280761719
0.2222222222222222,-3.209726095199585
3.7777777777777777,5.190732002258301
-2.0,0.8773614764213562
1.6666666666666667,1.069353699684143
1.3333333333333333,2.891636610031128
0.1111111111111111,0.37685972452163696
-1.0,-2.284722328186035
7.0,3.091027021408081
-3.111111111111111,1.9086112976074219
9.11111111111111,6.426525592803955
3.6666666666666665,-2.7959680557250977
-4.888888888888889,1.5155529975891113
-1.6666666666666667,-2.2835259437561035
-3.555555555555556,-3.6589643955230713
-1.4444444444444444,0.6138269901275635
-15.0,0.45859211683273315
1.0,2.6404638290405273
5.333333333333333,3.3441052436828613
5.444444444444445,4.2087202072143555
-3.0,-2.846961259841919
-2.333333333333333,2.4312102794647217
-5.111111111111111,-5.045620441436768
-3.6666666666666665,-3.4648101329803467
2.7777777777777777,-1.5325734615325928
-8.777777777777779,-3.584367275238037
2.333333333333333,-0.24870525300502777
3.4444444444444446,5.061910629272461
12.333333333333334,8.068310737609863
-1.0,-0.8307545781135559
1.6666666666666667,0.6657986044883728
-1.1111111111111112,-0.8045949935913086
-5.0,-2.473963975906372
-5.222222222222222,-1.6423680782318115
-4.777777777777778,-2.770131826400757
0.5555555555555556,-1.6119966506958008
6.0,6.071781158447266
13.77777777777778,11.066854476928711
6.666666666666667,2.268376588821411
-1.0,-0.7571201324462891
-3.7777777777777777,-3.587326765060425
-5.777777777777778,-3.1173713207244873
-3.555555555555556,-1.652235507965088
0.2222222222222222,1.5603744983673096
-3.888888888888889,1.9163718223571777
-3.0,-5.55535888671875
-5.888888888888889,-0.6119663715362549
5.0,5.4372663497924805
-10.666666666666666,-9.227471351623535
-3.333333333333333,-0.8272634148597717
-9.666666666666666,-3.6577725410461426
2.7777777777777777,4.650984764099121
-7.333333333333333,-3.0161471366882324
19.22222222222222,20.719398498535156
-12.333333333333334,-5.1067938804626465
-5.0,-5.022260665893555
-3.555555555555556,-4.772790908813477
-13.666666666666666,-11.765340805053711
6.777777777777778,15.056629180908203
1.3333333333333333,-1.763534426689148
48.22222222222222,4.766872882843018
3.2222222222222223,3.636781692504883
-4.0,0.4487059712409973
10.77777777777778,-1.3094215393066406
-4.555555555555555,-1.471024513244629
10.333333333333334,-3.992607831954956
0.8888888888888888,1.734423279762268
-5.111111111111111,-5.445857048034668
5.0,4.695676326751709
-25.77777777777778,-1.5845643281936646
-6.777777777777778,-2.298067808151245
6.111111111111111,-2.600400686264038
-9.22222222222222,-4.191678047180176
-5.111111111111111,-5.880875587463379
1.7777777777777777,-0.4129936099052429
4.777777777777778,2.2374167442321777
16.11111111111111,2.787827730178833
-0.8888888888888888,-1.3367655277252197
-2.888888888888889,-7.999573230743408
4.666666666666667,4.454885005950928
-3.2222222222222223,1.516752004623413
11.0,8.694025993347168
6.777777777777778,6.792154788970947
-3.2222222222222223,-5.101675033569336
5.111111111111111,9.834234237670898
-10.22222222222222,-0.30999329686164856
2.333333333333333,-4.064582347869873
2.2222222222222223,-3.8329460620880127
-14.77777777777778,0.8013536334037781
0.8888888888888888,-0.07155799865722656
-8.777777777777779,-4.854299545288086
2.888888888888889,5.036657333374023
-5.333333333333333,-8.276707649230957
-2.0,-4.636279106140137
0.1111111111111111,-4.249302864074707
-1.0,-5.8751301765441895
1.2222222222222223,-3.673125743865967
11.444444444444445,8.427708625793457
-2.0,-9.594772338867188
-1.4444444444444444,-1.2872881889343262
-5.333333333333333,-8.443719863891602
-4.777777777777778,-3.310835123062134
-2.7777777777777777,-6.635427474975586
4.333333333333333,2.725667715072632
-0.8888888888888888,-4.50417947769165
7.222222222222222,0.16091446578502655
-6.777777777777778,-4.84666633605957
28.22222222222222,14.70784854888916
6.555555555555555,-0.5113953948020935
0.8888888888888888,4.095763206481934
-6.555555555555555,0.8457075357437134
1.3333333333333333,-1.2713654041290283
-1.5555555555555556,-1.9525710344314575
0.7777777777777778,0.8146495819091797
-1.2222222222222223,3.440891742706299
-7.333333333333333,-2.2076871395111084
-4.333333333333333,-3.3712193965911865
-0.6666666666666666,-5.047002792358398
-3.2222222222222223,-0.826823353767395
-8.11111111111111,-2.319282054901123
6.666666666666667,0.5229915380477905
-4.777777777777778,-2.996371269226074
-7.222222222222222,-0.06367343664169312
-4.222222222222222,-4.8968892097473145
3.888888888888889,1.2821972370147705
1.7777777777777777,-1.8094747066497803
-2.7777777777777777,-2.3179173469543457
0.4444444444444444,0.7906432747840881
-7.666666666666667,-5.808866500854492
10.0,7.953370094299316
2.0,2.5448734760284424
1.4444444444444444,-0.9718940258026123
3.2222222222222223,3.562898874282837
-6.111111111111111,0.01421201229095459
-2.0,-0.4957447052001953
-6.888888888888889,-1.4401304721832275
6.222222222222222,1.959470272064209
-5.111111111111111,-1.022422432899475
-3.4444444444444446,-0.7360530495643616
-3.333333333333333,-0.546116828918457
0.5555555555555556,-0.787375271320343
-7.222222222222222,-4.509535312652588
2.111111111111111,1.0879426002502441
-1.6666666666666667,-1.14638352394104
19.88888888888889,13.353199005126953
-5.666666666666667,-2.7405996322631836
0.1111111111111111,0.42423707246780396
0.0,-0.861667275428772
-1.4444444444444444,1.2867928743362427
-1.4444444444444444,3.584012746810913
1.1111111111111112,-2.8221611976623535
-1.4444444444444444,-1.475037693977356
-4.777777777777778,-5.397253036499023
-16.88888888888889,-8.391100883483887
-3.2222222222222223,-4.064449787139893
3.6666666666666665,-0.5550045967102051
-5.555555555555555,-2.2916934490203857
0.7777777777777778,-2.7696142196655273
0.4444444444444444,-2.01771879196167
-1.3333333333333333,-5.962960243225098
-1.5555555555555556,5.5496087074279785
-3.2222222222222223,-1.6638126373291016
14.88888888888889,14.05562973022461
-1.4444444444444444,-6.2332868576049805
-0.6666666666666666,-4.175229549407959
-1.8888888888888888,-1.8440673351287842
0.4444444444444444,-5.508991241455078
-6.0,-5.567244529724121
-47.22222222222222,-4.485820770263672
40.55555555555556,23.385412216186523
-7.666666666666667,-1.097461462020874
2.6666666666666665,-2.2426116466522217
-3.0,-4.72158145904541
-1.5555555555555556,0.3488137125968933
2.7777777777777777,0.24817858636379242
-3.7777777777777777,-0.9502078890800476
-8.555555555555555,-6.716655254364014
-3.7777777777777777,3.9115023612976074
-1.7777777777777777,-2.75236177444458
3.0,-4.8275651931762695
16.22222222222222,-2.549405336380005
-7.0,-8.952444076538086
-4.666666666666667,-0.007483914494514465
4.111111111111111,4.817503929138184
-1.4444444444444444,-3.113361358642578
0.0,-5.66804838180542
-3.111111111111111,-6.605188369750977
1.5555555555555556,-2.34013295173645
-1.7777777777777777,-2.982133388519287
-6.222222222222222,-3.0645713806152344
-5.666666666666667,-7.089606761932373
-1.2222222222222223,-2.4228365421295166
-3.555555555555556,-3.741178512573242
-12.77777777777778,9.036947250366211
-3.0,-2.093723773956299
-1.2222222222222223,-1.2587112188339233
-10.22222222222222,-3.913684606552124
12.444444444444445,0.8492270708084106
9.22222222222222,16.982086181640625
-5.777777777777778,-8.629064559936523
-5.888888888888889,-4.049764633178711
0.3333333333333333,-2.4853644371032715
3.6666666666666665,-1.9951621294021606
-3.0,-2.5737416744232178
-19.88888888888889,-2.4604926109313965
-6.333333333333333,-1.8676221370697021
-0.2222222222222222,-2.933608055114746
-4.777777777777778,-6.426273345947266
-3.888888888888889,-0.6786132454872131
1.4444444444444444,-1.7294564247131348
-2.888888888888889,-5.6351237297058105
1.5555555555555556,-2.9543802738189697
-1.7777777777777777,-2.3664207458496094
-12.333333333333334,-4.9207444190979
16.11111111111111,6.114213466644287
-3.888888888888889,-1.463913083076477
-2.555555555555556,-6.343468189239502
2.888888888888889,-0.6945117712020874
-3.2222222222222223,-4.836544513702393
-0.6666666666666666,0.32229194045066833
13.666666666666666,17.502159118652344
11.333333333333334,-11.551935195922852
-7.666666666666667,-5.103005886077881
-15.555555555555555,-0.8398881554603577
-3.555555555555556,-7.551791191101074
-1.4444444444444444,-2.89848256111145
-1.6666666666666667,-2.330946922302246
-9.0,-5.776841640472412
11.666666666666666,8.762083053588867
-20.88888888888889,-4.017846584320068
-5.777777777777778,-3.148196220397949
3.333333333333333,2.8051230907440186
1.4444444444444444,-0.6616830229759216
-3.111111111111111,0.6873496174812317
1.2222222222222223,-0.8458133935928345
3.555555555555556,2.138172149658203
-9.444444444444445,-1.4047448635101318
-3.0,-3.0203044414520264
-8.444444444444445,-1.5327397584915161
-0.6666666666666666,6.345776557922363
-4.555555555555555,-0.8062891960144043
-2.2222222222222223,-1.8843424320220947
-0.5555555555555556,-3.9484174251556396
-4.333333333333333,-5.032882213592529
-2.4444444444444446,-1.2271724939346313
-8.222222222222221,1.2153490781784058
-0.7777777777777778,0.17490309476852417
-17.555555555555557,-0.5198403596878052
1.1111111111111112,-1.3604094982147217
-0.1111111111111111,-3.852921485900879
-3.888888888888889,-3.998856544494629
-5.666666666666667,-5.107274532318115
0.4444444444444444,-3.5580289363861084
-11.444444444444445,-5.8715057373046875
-5.777777777777778,-0.36544620990753174
-2.4444444444444446,-2.8971900939941406
-1.3333333333333333,-0.4165074825286865
-2.888888888888889,-6.1979851722717285
-0.2222222222222222,-3.776005983352661
3.4444444444444446,-4.595147132873535
-15.77777777777778,-4.582764625549316
-1.8888888888888888,-6.001028537750244
2.111111111111111,-2.4387097358703613
2.888888888888889,-3.415923833847046
4.333333333333333,-1.9437052011489868
-4.444444444444445,-8.485715866088867
16.555555555555557,12.434869766235352
0.8888888888888888,-3.9082088470458984
-0.4444444444444444,-2.9151108264923096
-17.0,0.12735670804977417
-1.7777777777777777,-1.3865938186645508
-5.888888888888889,-8.523926734924316
5.111111111111111,4.431443214416504
-1.2222222222222223,-5.211938381195068
3.7777777777777777,-6.688811302185059
22.77777777777778,7.030734539031982
0.5555555555555556,9.541367530822754
4.111111111111111,-1.2664612531661987
4.0,0.8547215461730957
-3.2222222222222223,-6.462488651275635
21.33333333333333,9.16200065612793
5.333333333333333,-1.903622031211853
11.11111111111111,1.671034336090088
-3.2222222222222223,0.38724285364151
0.2222222222222222,-1.5936084985733032
-2.2222222222222223,-0.6824771165847778
-24.33333333333333,-4.22200870513916
-3.333333333333333,-2.864910364151001
5.555555555555555,1.6675355434417725
2.2222222222222223,-4.433032512664795
-0.3333333333333333,-1.9847798347473145
-0.3333333333333333,-3.468470573425293
-0.1111111111111111,-2.543022632598877
-3.4444444444444446,-0.26351600885391235
-1.1111111111111112,2.113741159439087
-9.88888888888889,-3.2634663581848145
1.4444444444444444,-3.8415350914001465
-5.555555555555555,-0.16843417286872864
-12.444444444444445,-2.4992244243621826
3.333333333333333,-7.329416751861572
8.222222222222221,-2.172067880630493
-9.555555555555555,-8.172670364379883
-0.8888888888888888,-0.9754441976547241
-2.333333333333333,-0.20265841484069824
-0.6666666666666666,-5.084808349609375
-1.7777777777777777,-1.6810284852981567
17.88888888888889,4.110451698303223
-5.888888888888889,-4.775054931640625
-0.7777777777777778,-3.6092114448547363
-3.0,0.1890721321105957
-1.2222222222222223,-5.0846076011657715
-6.555555555555555,1.3820576667785645
-5.888888888888889,10.57838249206543
1.7777777777777777,-0.5431860685348511
-8.444444444444445,1.512704849243164
1.4444444444444444,-2.2647786140441895
-0.4444444444444444,-1.885650396347046
0.1111111111111111,0.6403169631958008
-5.111111111111111,-2.5241806507110596
-12.0,-4.745420455932617
-3.333333333333333,-3.6311004161834717
-3.333333333333333,-2.3821346759796143
5.0,-0.5890388488769531
-0.6666666666666666,0.6942731738090515
3.6666666666666665,2.806034803390503
-6.444444444444445,-4.62514591217041
6.111111111111111,-0.1859491467475891
-6.222222222222222,-2.1044719219207764
-3.0,-3.7213449478149414
-0.3333333333333333,-7.950000286102295
-3.555555555555556,2.333827257156372
-7.333333333333333,-4.223670959472656
27.55555555555556,11.925827026367188
-8.444444444444445,-2.6728246212005615
-0.1111111111111111,-3.584899663925171
2.888888888888889,-4.601694107055664
-0.5555555555555556,-7.153772830963135
4.777777777777778,12.478232383728027
-2.6666666666666665,-0.8780154585838318
-37.888888888888886,-5.116561412811279
-0.4444444444444444,2.3749632835388184
-6.888888888888889,2.1692168712615967
-6.0,-1.8654143810272217
-2.888888888888889,-4.085062026977539
4.0,2.9456450939178467
-1.4444444444444444,-5.453888416290283
-2.555555555555556,2.900029420852661
-3.0,-5.047345161437988
1.4444444444444444,-5.836803436279297
0.3333333333333333,1.2310972213745117
-1.5555555555555556,-3.6264352798461914
-2.888888888888889,-2.3355281352996826
-5.888888888888889,-3.955657958984375
1.7777777777777777,1.4180612564086914
-6.444444444444445,-3.672421932220459
12.333333333333334,13.896503448486328
1.1111111111111112,-0.413913756608963
-2.555555555555556,0.4081599712371826
-3.111111111111111,-1.4392529726028442
-1.4444444444444444,-0.06367433071136475
-12.333333333333334,-3.1643683910369873
12.555555555555555,8.15950870513916
-6.777777777777778,-1.1608588695526123
-0.8888888888888888,-2.897998332977295
5.222222222222222,-1.0287530422210693
-2.111111111111111,-0.9672094583511353
0.0,5.500559329986572
-0.8888888888888888,-2.522399425506592
1.4444444444444444,-0.04953420162200928
0.4444444444444444,1.380647897720337
1.3333333333333333,-1.6701873540878296
-6.777777777777778,-5.914158821105957
-7.777777777777778,-4.595016956329346
7.555555555555555,-0.7364096641540527
-24.55555555555556,-9.236769676208496
32.22222222222222,15.802733421325684
9.333333333333334,-0.9656996130943298
8.777777777777779,1.9424831867218018
-4.777777777777778,-1.9262487888336182
-6.333333333333333,-6.738845348358154
