Score,Pred Score
4.219145585451182,1.5390657186508179
-2.588665914009158,-5.33845853805542
-3.0703466753296,-2.8539791107177734
2.1112971208509976,0.4984428882598877
-19.1693792779686,-10.771484375
-0.9096556467231308,-5.223116874694824
-5.316952415477393,-4.697214126586914
-5.39913759737588,-4.701216220855713
6.1026124307435,4.27117395401001
-1.6005087696864486,0.5455130934715271
-51.6773231694491,-50.74947738647461
0.51700222845629,0.8179045915603638
-1.6521884315998507,-0.1908675581216812
2.11024229353816,-6.122437000274658
17.2594267615487,12.435466766357422
-1.73607437190069,-8.193863868713379
-5.77436797253085,-3.038133382797241
-0.568998602339841,-3.6759798526763916
-1.289264920121349,-4.831686496734619
-14.1813773041305,-26.603395462036133
-3.31847606547329,-1.7217369079589844
11.710679650337616,-2.3246047496795654
2.046344769010002,6.450240135192871
-2.77042962989298,0.5173741579055786
9.014890317831036,-3.84775972366333
2.726862934921635,0.10223913192749023
-3.4922781726655696,-6.777087688446045
1.292753014965791,4.255570411682129
8.16191414696451,5.697485446929932
-8.251107402184557,-7.458727836608887
7.262818938793504,-5.2667236328125
4.14054171285972,5.39663028717041
-13.546032832554804,-1.9291484355926514
-16.8307740899425,-0.1584475040435791
-0.2642143205483515,-3.9748690128326416
-6.135426654744688,-0.35197845101356506
-7.187555808667961,1.2128257751464844
8.149714042401495,6.498735427856445
-6.426376983867103,-3.4387295246124268
13.9953943577381,6.918227195739746
-6.31868596379813,2.217834234237671
5.321680837772678,1.3947192430496216
11.9978624338519,20.656169891357422
7.909526276907584,-1.6124866008758545
7.206977941743588,6.27829647064209
-7.378812419643663,-2.005411148071289
0.2475632146873464,9.655009269714355
12.7359625054994,14.740277290344238
5.220668557811489,-1.8099075555801392
1.3318185914773402,3.667239189147949
2.776867734737273,5.626416206359863
-27.8178569354009,-37.7470817565918
-4.20883890972707,-4.403194904327393
2.78743688363977,4.271022319793701
-9.657849716236,-29.034019470214844
4.071661498679735,0.34951281547546387
-10.586292641023492,0.7120258212089539
2.578081311550471,1.2609363794326782
-42.2483635713802,-32.9150276184082
8.204494762209066,4.906651020050049
18.5317724911246,13.15324592590332
6.097122298913325,-4.804629325866699
-11.299328727708405,-3.586343765258789
-6.22433036882608,-2.1486377716064453
3.12612254618191,3.9633235931396484
8.756217929094177,9.74705696105957
-1.757118944268968,-27.092464447021484
-51.402683514636095,-38.01810836791992
-2.13735826282737,0.8155301809310913
8.88265541550952,-2.6897523403167725
5.58846482112586,-1.7355737686157227
7.383552345763623,0.8869956135749817
10.229168329440906,7.207093238830566
-17.4030551064212,-13.906590461730957
2.204062447972561,0.936585545539856
-3.195242757261453,6.885684967041016
-36.8822022827233,-30.040315628051758
3.812227003524945,1.0079066753387451
-6.89310310865277,0.31645917892456055
-2.85382252753121,-5.231318950653076
-7.42349600405968,-2.763946294784546
4.398848813602776,3.91349458694458
-68.1959205924323,-47.24544143676758
-3.773219093074008,-4.618325710296631
8.453421074249384,7.741704940795898
-62.9612541332419,-55.90179443359375
2.97844031586002,-0.6524256467819214
-5.800670766453999,-1.8415628671646118
2.409764321136161,3.161797046661377
-1.6610011043127195,-2.968345880508423
1.39259946716825,2.1358535289764404
-5.785469568057495,-20.639427185058594
10.468583156479704,0.8653470277786255
0.8267526169764301,1.568184494972229
-0.4271227388875901,-0.5510622262954712
-5.85807143580148,-4.514176368713379
-2.67676896274171,-10.527576446533203
-3.11888044241469,-4.601289749145508
6.71098989067457,12.579249382019043
6.429854346358795,2.654512405395508
-6.897600670415837,-3.746267318725586
-16.4910721624856,-33.200904846191406
-3.057699221935841,-0.06727086007595062
-17.6906096863185,-32.73075485229492
0.1461877509898399,0.16550426185131073
-3.01321716593974,-0.8355237245559692
-15.0412339008878,-2.031862497329712
-3.60075442831331,-1.2435795068740845
12.5056328567953,5.786164283752441
-13.8996269060666,-6.393403053283691
5.265272900492549,1.0131006240844727
12.283123760680592,3.736384630203247
-2.54688332955635,2.5900564193725586
11.579228393987275,-1.6702332496643066
-0.3284521577656807,-1.22770357131958
-2.33292598982445,-1.4683634042739868
-0.1058882282985149,-1.256703495979309
-2.4461467814868523,-22.02600860595703
-41.8026500314277,-25.6566162109375
4.417989059347175,-4.0453996658325195
-40.2101205720394,-3.0730578899383545
-14.277645616907492,-6.945921421051025
3.29681579894721,4.530148983001709
-0.7012610501602399,-3.2961182594299316
8.463248256721428,1.1149991750717163
-2.491707941339629,0.17813825607299805
4.867927463076468,2.8051400184631348
-1.876637029070265,-2.6345908641815186
-12.955988512618,-33.009490966796875
-7.75971004909346,0.8111000657081604
4.67424026120176,-1.337230920791626
-7.08434802004719,1.4236727952957153
-6.19730890695259,-0.5686019062995911
-0.1240821746904601,-3.5395333766937256
4.069163600073605,1.6760456562042236
-1.77750068778882,-0.47943681478500366
1.8601156760560384,-2.0559709072113037
-10.8237586662752,-34.437599182128906
-50.1674018945849,-25.146116256713867
-5.8677981963370005,-5.522096157073975
-24.4869919201538,-20.495140075683594
-12.281506448986304,-6.706125259399414
-5.8772631055401,-1.4032719135284424
-0.1639564470097907,0.44946008920669556
4.17561229224804,-0.6453462839126587
2.77922195660905,5.125669002532959
-3.454798154796729,0.9253169894218445
7.692941411907634,3.8842620849609375
-2.390619984667185,-5.623273849487305
-33.1832620874725,-41.89910888671875
-18.23432595343749,-28.716205596923828
5.29419053806362,8.770025253295898
-77.3623903172369,-36.94245910644531
15.4985727759109,7.00076150894165
7.73570234615748,-12.427495002746582
-9.325981865786185,-11.126195907592773
-9.72499716390718,-1.2244399785995483
13.309934514349203,5.661859512329102
2.264898495983479,-11.402786254882812
-12.0320822507053,-19.665916442871094
-2.56542276271332,6.505096912384033
7.196532980977684,9.358087539672852
-1.857666460494741,1.9404546022415161
-1.4872271509121793,4.930509090423584
-3.12013961477547,9.782402992248535
2.6303171850506604,-4.8012285232543945
-60.49569009623433,-31.352031707763672
-30.3377383335249,-16.996505737304688
1.0590749185315824,-0.18667641282081604
-6.929951553081727,-0.7697656154632568
-8.46093254820262,-6.113229751586914
2.461922216333884,3.5558431148529053
4.5031585012656095,8.78607177734375
4.435147085081137,4.4695048332214355
-2.88087637063392,2.8085100650787354
-1.5082203021212124,2.9093711376190186
-0.6579761516790089,-2.163475751876831
3.719171936095444,2.9203531742095947
-2.6053130644292946,1.6275545358657837
7.276768036701751,-1.385280966758728
5.29091659278858,-0.8519155979156494
-1.0659561461183158,-1.6506856679916382
15.4186986077963,6.258523941040039
7.543407488617369,5.607646942138672
9.58062385928767,5.2364501953125
0.2570808252882703,-5.547554016113281
8.13893448615947,7.368799209594727
-5.14141487663266,3.0987367630004883
-16.517773128145326,0.6139691472053528
0.7364260970712593,-4.477015018463135
4.25311060075082,4.359062671661377
-25.4508968849616,-2.8145103454589844
-1.9051378030600723,0.531486451625824
5.506094216928792,3.9805052280426025
-0.1777753404752198,-1.7762134075164795
16.9349100756105,5.160313129425049
-11.607028837624,-6.690493106842041
-1.2671721747064446,-18.206361770629883
-16.1535771788668,-25.64636993408203
8.143116180793372,8.383711814880371
7.078924552126015,-4.940528869628906
-5.73967918172164,-2.9611470699310303
-23.3725501337939,-13.283515930175781
9.04709717330502,-20.976749420166016
-3.724573545179619,-1.9039428234100342
4.4516036428765,-3.4766530990600586
-1.657597602265355,-2.1769886016845703
5.586124430090477,7.186075687408447
-26.6651088566214,1.2213128805160522
3.028467183462371,6.3687849044799805
-40.7258600860177,-5.651020050048828
-26.912205886836706,-22.697471618652344
-3.9965921287470247,-2.923691987991333
-4.739766082030863,-6.087806701660156
4.2006804390709,2.6703195571899414
-22.3071231538392,-31.42089080810547
-18.5891767455387,-27.309999465942383
-5.960419628776203,-0.018510475754737854
-18.9061714872788,-18.14120864868164
-21.4141717786538,-15.134125709533691
-12.208208404490907,-16.75130271911621
-3.72583443525641,0.12240856885910034
-2.377061578670744,-3.244777202606201
6.075310726130807,9.063164710998535
2.12042655289975,-5.709169864654541
3.181253849239128,-2.9672658443450928
10.41580460128629,-5.888102054595947
-23.8934551543691,-27.97902488708496
-0.8981307679622897,-4.477420330047607
3.7078671714499096,4.744752883911133
11.644495901203598,6.101107597351074
-22.42608065327665,-35.738548278808594
-1.2036514942358316,1.09816575050354
-13.5091075877696,-10.510278701782227
-1.79502295092813,-6.6268463134765625
2.332279780348585,-3.5814900398254395
3.11049964318654,-1.4056305885314941
3.54836143321337,-0.8719625473022461
3.77256113899207,0.6374160051345825
-2.35314836228574,0.27697253227233887
7.837521570550837,18.739059448242188
9.328533024448705,3.849443197250366
-37.9495035857927,-2.7680983543395996
-4.144685584269085,0.7946813702583313
8.91646092056966,4.325887680053711
5.635020609606415,-3.942875623703003
-15.1006814359747,0.03216788172721863
-2.4599041427842496,1.3091453313827515
2.42002639701588,7.660525798797607
-3.0331069492891496,1.330161213874817
10.480393919522983,10.629613876342773
4.452168509343501,-5.349282264709473
-2.552277046947741,-1.4052871465682983
-5.97419023328963,-2.557560920715332
-0.5734820606807138,1.5805367231369019
3.7606671418030695,-4.887537002563477
-31.4759298257721,-23.44292449951172
0.300408103033295,-2.9703540802001953
-6.32558602127377,-3.920947551727295
0.90894434552881,-7.956781387329102
5.954690473588823,4.264268398284912
0.0804428699766095,0.39523613452911377
8.45389840526827,-3.4860634803771973
-2.8859593337581737,-7.023308753967285
-1.122073026503361,-0.0670093446969986
-75.56229656723696,-48.03119659423828
-6.291328737399075,-2.109140634536743
-10.1192188918475,-8.411014556884766
-56.3663437951974,-30.198402404785156
2.4288820651169605,-6.620834827423096
5.05355462238675,-1.719952940940857
-13.1809903671301,-2.332087516784668
-6.75960002722117,-4.4972920417785645
9.0758909366509,2.9131627082824707
-1.4230966237807086,-6.184493064880371
5.59963570142504,-6.65531587600708
4.133325903305868,2.253683567047119
3.00680128293027,-3.2069027423858643
-27.8195558011628,-23.862337112426758
-29.9162730471743,-35.88159942626953
20.7191486697607,0.3493276834487915
3.455876052191651,9.7595853805542
2.595279020812243,-1.6091383695602417
-4.0896099478500325,0.1332923173904419
5.3817717725564,6.6385178565979
-1.9802660997523944,1.7010849714279175
0.4007388327427847,-0.06888869404792786
10.11870938841209,-3.121432065963745
-1.7174251595272625,-5.840124607086182
-13.2363849677504,-11.550885200500488
-58.24412469223692,-60.38691711425781
-47.9875704511971,-41.29463195800781
-3.681083449701528,-20.26264762878418
0.1118559290339978,-4.452760219573975
-8.998840630677615,-0.4520944654941559
1.1941842843275,2.7035844326019287
19.33685959748449,1.8308557271957397
-3.09775596823669,-5.396350860595703
1.2555345380058751,-2.3613803386688232
-78.7451798053926,-26.532041549682617
8.35813394800668,8.530617713928223
-19.6754058911438,-24.44914436340332
4.743603615290096,-2.451404094696045
1.3155747227446202,-0.5934012532234192
11.316750179392892,-0.6170294880867004
11.779516260068313,7.880821228027344
-3.802611775309477,5.829963207244873
-10.539071528779305,-8.649645805358887
4.49646859469848,-1.2329158782958984
3.59102041590596,1.8159501552581787
2.1560784090827942,0.9766181111335754
-17.309192174305,-3.57344126701355
-1.768261666543676,-1.4101611375808716
-3.34531377329845,-1.7019213438034058
-9.09730633851708,-6.176493167877197
-12.909180343140196,2.7639987468719482
4.020569536845237,1.9949750900268555
2.28163515100639,3.136445999145508
-1.6307504375632549,-5.307798385620117
7.809600001042748,11.31101131439209
-83.9761260280997,-55.0811767578125
7.656482330373112,2.3684725761413574
1.675245639565673,1.9979610443115234
-15.991582533821994,-2.948788642883301
8.681027307740193,1.166023850440979
11.10272802991041,5.254533767700195
3.42951329804928,1.6214179992675781
-1.4295761119406232,5.105652809143066
-11.9299972333177,-11.891539573669434
11.923948375295712,-3.739119291305542
5.960801203295765,2.5526819229125977
-0.4381862293696001,0.9190388321876526
-2.43808381047612,2.909181594848633
5.72263802046558,2.4028425216674805
1.1496085756031087,-1.4661239385604858
-6.72144892291601,-5.173652648925781
18.1939100849816,6.68630838394165
3.61441892535489,1.8666918277740479
-0.8028238008287005,-28.590370178222656
0.7001962140772594,5.601461410522461
2.125547882163602,0.6614326238632202
-2.8472026300298463,-22.507619857788086
-4.534682244798708,-8.569018363952637
4.49418879319923,-0.22839874029159546
-10.901275449743116,-6.673873424530029
-4.736229867816737,0.09984655678272247
-0.0053525606393112,-2.9117987155914307
7.06923762363823,-4.1922078132629395
-0.0084306638066775,-1.635421872138977
2.11900133622217,0.20220127701759338
8.106852576346123,10.814181327819824
-0.1428452494230792,-4.847935676574707
-1.0683487237199796,-1.0337098836898804
0.0285872237409883,2.229088306427002
2.75380173901167,-2.5577118396759033
-7.69948364751984,-3.503281831741333
-0.0556983764780604,2.9967360496520996
-1.32131943338233,2.449984550476074
-3.0345245902191325,-1.213705062866211
-2.93911844531118,5.218172550201416
9.94612085382829,6.3438944816589355
-3.5546157663424616,-20.83480453491211
-11.221818720505304,-1.6138659715652466
3.9797293996962297,-1.7822837829589844
4.54734483862441,4.239407062530518
-45.634880019414,-36.36398696899414
-1.6020246929696491,-32.08590316772461
-4.12581810820042,-0.3232647478580475
-3.019531285218114,-0.7240989208221436
5.42509465390903,0.9315772652626038
-21.5871320482388,-1.1296746730804443
-1.2497809936708242,-7.678414344787598
-35.0272315856836,-40.15059280395508
3.37898618824583,1.2510976791381836
-13.4460672849668,-11.719956398010254
10.982614675109394,4.977992057800293
2.35164464781062,-1.824405550956726
-20.9676231329802,-1.4128267765045166
-1.6422791314174887,3.920588731765747
-0.3136273830120112,0.4623662233352661
-16.967828162594074,-10.467209815979004
-2.8325461302865187,-1.7673325538635254
-2.6871577689602653,-3.2668707370758057
7.570838092245207,1.2016267776489258
-13.547300817594484,-29.695941925048828
8.99923705482913,-4.535472869873047
-0.003939288658445,-3.6252591609954834
6.147225205740463,-5.421935081481934
-2.149900469098629,-1.1812891960144043
-25.2381267145584,-31.641963958740234
-5.36204355968609,-1.5583425760269165
4.43276114617859,2.2954494953155518
3.27144637329635,3.878307580947876
-1.626797120535592,-0.4579387605190277
-9.859535687586003,5.585644721984863
2.0008593011464906,-1.8923413753509521
0.369316059642221,-4.742122173309326
5.79128728304933,-0.7569019794464111
0.1235817830644999,-4.609304904937744
-3.36903782007548,1.167844533920288
7.06032809637297,-1.5305798053741455
13.71198107208239,-1.2266407012939453
0.2886204877907422,-1.0954029560089111
16.4171583068458,7.249412536621094
-44.7886924625105,-19.622844696044922
-7.726553411266567,-1.2938416004180908
4.065326821312747,-1.2006943225860596
2.12749125232924,-23.281034469604492
9.06213659212517,5.216503143310547
-4.51305804704249,-15.95200252532959
4.28301459624688,2.0244340896606445
-7.211196994815285,-16.19738006591797
-58.4491138315396,-33.386810302734375
-0.5413656534735456,-2.102918863296509
3.24770439300306,3.5813515186309814
-0.6472060937938101,-3.448946237564087
-1.93656353174353,3.991513252258301
-1.94666134980912,-9.855854034423828
-0.670930828719279,-6.666664123535156
17.1612744381531,4.932338237762451
-8.044482691931467,-2.4877829551696777
16.9968892380515,14.948469161987305
3.62056380925444,5.326672077178955
4.07090957771029,-2.761213779449463
-1.0680791130593923,0.157559335231781
4.69437535963172,-3.7874555587768555
0.3837795244341289,4.592010021209717
0.6681105368389735,-0.5021777749061584
-8.08045020128908,-1.532831072807312
-42.6579269422049,-37.1688117980957
-30.89708550466269,-44.23799514770508
-1.1617148968623687,-4.137143611907959
6.46185690649625,3.710387706756592
8.658679095048068,4.104708194732666
-0.1898191226144924,-4.522608757019043
6.457932781589695,2.081836462020874
-33.7712071062874,-16.960832595825195
-4.786538605318405,2.4595019817352295
-13.5632540546311,-21.480674743652344
-82.13826531723697,-7.163392066955566
-3.0453156276270903,-0.8100744485855103
6.430237727930085,-2.033409357070923
5.31082796058257,11.10884952545166
-70.65073406723695,-35.567901611328125
4.71112087372323,1.665131688117981
-10.78700495517378,7.071255683898926
-6.055427015859325,-0.753507673740387
-16.475900892606802,2.650691509246826
-2.487076105276776,-1.5052590370178223
-48.3858044800915,-41.0756950378418
5.893700156574014,6.680373668670654
-47.9957157156951,-20.613048553466797
-1.511416195100045,-21.252330780029297
-7.071587649042333,-4.558244228363037
-0.3550158381598589,5.130224704742432
-17.0078420331655,-22.776844024658203
10.3189652047012,0.5863791704177856
8.829561804598438,1.9592126607894897
10.909208084253878,10.239253997802734
-2.25262466719878,6.5260515213012695
0.7445982178878973,-0.5203948020935059
-4.813871520282443,-4.3637518882751465
2.85060083445348,-0.5274174213409424
-2.54595208771381,-10.119006156921387
-8.692928400841772,-0.07554277777671814
16.618750626525,1.8463629484176636
7.37064384347005,-2.105435848236084
-6.81516141534704,-4.301333427429199
-10.386374558578522,-3.0478789806365967
3.73205068567752,3.147160768508911
-6.40442742836347,-4.455863952636719
1.74273211890989,2.2071454524993896
-7.920344649869953,-11.216197967529297
-9.28527551691871,-5.749037265777588
1.51502173443586,-2.278088092803955
-90.3299705619704,-25.573484420776367
-6.512385872303066,-32.4727783203125
0.7982616963508231,1.9315247535705566
15.8859560938761,4.439384460449219
-23.227454082363305,-22.98598861694336
5.4465900456679694,4.9320831298828125
-13.2494383747796,1.5889720916748047
-2.3458288386735573,-2.2977476119995117
-1.5403494549472296,1.6183276176452637
-2.941164138388841,0.23184934258460999
-14.6311710829416,-23.665103912353516
-4.81834176383161,0.4727042317390442
-4.03806373695381,-2.1468522548675537
0.4076170529080399,0.8382463455200195
-34.8552692363716,-4.705734729766846
-25.0659802428987,-1.6946563720703125
-5.8684323426223,1.7910029888153076
0.6771989561182002,2.0673229694366455
-14.6157572128631,-17.541038513183594
5.344594984386832,-3.398366928100586
-4.75101729862813,3.365180253982544
-89.5439156156453,-18.98429298400879
-1.207429910073891,-4.813419818878174
13.667582002208905,6.372843265533447
-82.4887013651952,-35.67866134643555
4.40921359309415,-0.8801743984222412
-19.923371510770203,-9.690929412841797
-4.665207913971671,-6.593754291534424
3.42106467876526,0.8773527145385742
-39.0956747424042,1.3536792993545532
-10.288292260688207,-3.0421862602233887
2.3067635611900137,1.905536413192749
-4.92782811871599,-0.6773018836975098
10.292368565007404,3.818223237991333
-8.184373188662292,-28.404390335083008
-4.763634360062484,-1.6807546615600586
-2.40000424902785,-3.109036684036255
5.009535132419683,4.914806842803955
-22.2455703021075,-18.54091453552246
3.987299411465438,0.9788398742675781
-38.4962238749225,-36.66733932495117
-44.9949251983702,-16.44929313659668
-1.378759213278819,-0.5270897150039673
8.07102955700163,10.455235481262207
1.055995951979529,0.5553990006446838
2.188685633501576,6.069901466369629
1.0880788430276551,1.4033846855163574
-0.2898522089969393,-1.9565320014953613
-3.790702882666694,-2.2061607837677
-7.940842049461227,-7.123718738555908
4.398742241377427,4.707885265350342
2.5565427438131976,4.905704498291016
4.123908949931413,-5.346531867980957
-76.9668504799361,-11.118377685546875
-14.1325019191809,-18.136478424072266
7.960789166364423,3.845089912414551
0.4423212163888063,1.6920088529586792
2.63206586722876,1.4400227069854736
3.1988276731025875,-6.337655067443848
-1.6552655274048038,-5.957747459411621
8.077984978184695,-5.0090651512146
-13.790764753514,-10.633569717407227
2.13745295521649,-8.985063552856445
3.0897024917955025,-6.245721817016602
-0.3530077955256401,-7.228259563446045
-7.639409008216227,-4.4874677658081055
2.765011277030255,-3.9327661991119385
3.557691046156,4.109151840209961
4.00031385473591,-7.834547519683838
-55.7541546140486,-16.790464401245117
9.550892694239591,9.84212589263916
1.775572054007981,-1.6460812091827393
-2.248378586620203,-7.769633769989014
-56.2560888739038,-45.50358200073242
-2.5590885431480426,-3.065459728240967
-40.5029244010595,-29.31160545349121
-30.8171784242839,-4.542619705200195
2.679404112105611,-7.984467029571533
2.76740193393285,-2.6513617038726807
-11.341527235964405,-4.788135051727295
-3.448025235667948,-20.734954833984375
-0.0780407432645869,-2.162385940551758
11.616605850275496,2.0342490673065186
9.179556151687803,2.355332374572754
7.190050317883171,-0.7737778425216675
-39.4932668903457,-8.752798080444336
-2.306526469902426,-7.910687446594238
0.5403453062071405,-3.248512029647827
-23.6042929930625,-40.73508834838867
-4.172986764275874,-1.8332760334014893
0.5394390329931549,-5.013942241668701
5.84905996845087,1.6591788530349731
-22.9515728231767,-4.4139251708984375
-3.134999611446543,-4.36343240737915
-6.066411004621831,4.075024604797363
2.24572304437811,-1.847414255142212
-70.8116033690518,-9.54608154296875
0.3224388648416145,1.1331392526626587
4.755697845162629,1.6160393953323364
1.7336328627834918,-2.2121520042419434
3.939818822274421,4.317174434661865
6.09033976794457,3.78983736038208
6.4251548431743295,-7.598766803741455
-6.47138721063866,-5.024693965911865
-0.0379657812584102,-5.559556484222412
4.4105627388370605,-7.322704792022705
2.3065604778561424,-5.313891887664795
7.588764503474316,11.095170974731445
-24.3954295810688,-13.708191871643066
7.380729755239978,-0.46142399311065674
5.978124919049687,0.6039882302284241
0.7860328468455551,-1.118513584136963
-44.1817825469333,-38.668270111083984
3.58036180553514,-2.4643094539642334
3.33951124606136,-4.658228874206543
-6.79658968512302,-7.851405620574951
3.7347243087796,-6.294872283935547
4.76541245752904,9.84962272644043
8.922207576391518,12.921868324279785
-11.864177458483407,-5.904001235961914
1.166748445159433,10.92154312133789
-25.781275563237,-10.285626411437988
4.179707781567577,-0.06875941157341003
-1.073248118887358,-9.332155227661133
1.7249239205326918,-1.9961909055709839
-81.52648016021857,-11.17757797241211
13.015759276594096,-1.301985263824463
5.35198813185094,-4.3621506690979
-12.53254789251529,-5.206274509429932
5.45103123545738,-2.620504379272461
4.128157012788561,15.251758575439453
-3.8590388668775,2.279970645904541
7.36579899286375,2.875117063522339
-11.03094492075089,-44.93015670776367
8.017093587799739,7.888124465942383
15.384553292915324,-16.85552406311035
2.79124989437018,0.4537414014339447
2.81101468536903,1.3709557056427002
-1.7237618714553775,-1.3362460136413574
-2.202886656443709,-6.299304008483887
2.369358494612781,3.6171648502349854
-11.30813578108209,-7.255058765411377
4.484288991501213,6.117061138153076
-35.8165916579592,-31.12815284729004
-5.19085420781142,-13.101981163024902
2.86709961553106,-9.22171688079834
-4.349210006555943,4.178861618041992
5.029017096161708,-1.8486446142196655
8.243548509216069,-1.8543949127197266
-2.6184282494780104,-7.460268020629883
-5.527709296795018,-7.24797248840332
-52.7336020518746,-35.39361572265625
6.07843040491799,2.046861171722412
-4.396710286499547,-8.755829811096191
6.6154810826822,10.237251281738281
9.772192422094813,-24.386634826660156
2.099307195887115,-0.3598062992095947
-12.414939844598162,-13.722448348999023
8.24149319055937,-3.3018505573272705
-1.5178355576616795,0.8405158519744873
9.144089281431205,4.314560413360596
1.418014053180695,-12.69020938873291
-60.92137282626391,-30.41233253479004
5.61896917638109,5.363350868225098
-4.96580172718434,-5.6405415534973145
-24.4432878855492,-12.062674522399902
1.675381804264854,1.6662006378173828
-2.8447496930443927,-1.7993484735488892
-1.059512617215007,-1.0402839183807373
1.41805545618482,-0.14233466982841492
-7.06329362397977,-6.514703273773193
9.400493271217616,4.875943183898926
3.1327986373042376,-1.0489411354064941
4.097668935846943,-0.8085184097290039
-4.01456885639382,-4.948583126068115
-2.260381023139061,-1.7861030101776123
-8.237627320974727,-27.550853729248047
-2.23616712442702,7.678299427032471
-26.79502671025515,-22.76178550720215
-10.594900847222812,-29.161149978637695
4.509456424718162,-1.283280849456787
-22.9219832537164,-26.67127227783203
-6.2026319104393295,-20.684171676635742
-4.662511414401839,-6.05672550201416
-0.4503474699443348,-0.2454407811164856
-21.5531296050118,-23.199037551879883
-39.7169735486916,-4.572372913360596
-6.13466459150186,-4.910863876342773
6.093529951556334,-2.1935346126556396
-33.3004252633332,-33.08977127075195
-7.789052707582185,-4.16663932800293
-61.6890402284636,-25.139219284057617
-10.613183176373598,-3.9814977645874023
-12.6203596574975,-20.510284423828125
-15.2234416939723,-1.9452037811279297
3.42848617073407,-2.362278461456299
-50.4820483838523,-25.133079528808594
-71.7765711158932,-60.98919677734375
4.338369925074482,-0.23141932487487793
-34.0729170807354,-31.839794158935547
-10.285920522724917,-1.6126121282577515
2.71808902854303,-0.8425716161727905
2.26767773086615,-4.4868550300598145
0.3189015990893598,-5.17728853225708
-39.873530292237,-33.33170700073242
5.053393098685065,-2.5365896224975586
-5.77665564868809,-3.577894926071167
-22.4462583852743,-26.232080459594727
-10.162041561092582,-26.875165939331055
8.70853787657841,2.925273895263672
-3.73521146317182,-1.034566879272461
-1.3326443092463092,-7.952057838439941
-5.830142578087577,-9.840749740600586
-7.815562497274902,-2.221402406692505
-20.7558388881914,-11.982097625732422
-1.03656181464744,1.6861798763275146
-3.930469946192945,-1.5364996194839478
5.391699208755202,-0.2687261998653412
7.2595381633228,5.829294204711914
9.30630078585379,10.078187942504883
-3.77133000272187,-5.683966636657715
-42.936846127142296,-38.797027587890625
0.5211206139658471,-2.9317915439605713
0.7345204104922589,1.6368449926376343
6.86106163750481,0.6502597332000732
-21.61387508166409,-17.72759246826172
-24.577379709126298,-31.779157638549805
3.986867952152618,6.418210983276367
-63.2346715672369,-61.56527328491211
4.55602013063716,4.787209987640381
-20.3623076046531,-6.404986381530762
8.678125432705007,-0.874570369720459
-2.1147225087047508,-0.7122413516044617
-1.14890133483728,2.3772621154785156
3.7921116228684086,1.8390525579452515
-1.3811964732242277,-7.373417854309082
0.1752112379752922,-4.866624355316162
3.3452637215970498,7.056930065155029
6.63109301847755,1.1187816858291626
-8.72128086410909,-44.00687026977539
-0.1160299782726794,-1.1640344858169556
0.1119561526876595,-1.5134572982788086
11.877856996640997,1.7828980684280396
-3.2142130797467816,-2.4793477058410645
-3.9552380984537248,-6.701638221740723
-1.593720937577549,6.57156229019165
3.3899996482015826,10.849456787109375
7.66334596528203,6.013894557952881
2.60625970962018,1.4299345016479492
5.006519903780723,-5.194497585296631
-58.5527340809363,-8.244206428527832
3.776985072333982,0.6568697690963745
2.4866177573815964,-1.418454885482788
-0.6920482116816997,-0.42117246985435486
2.1747311895065486,-0.43045473098754883
-13.14009076535719,-16.916194915771484
2.745769909533195,-0.5782350301742554
-10.626155896203898,-0.4362033009529114
0.0548896546292299,4.118742942810059
-69.1366966634013,-25.587617874145508
14.8508222506114,14.29375171661377
-28.3488859938485,-30.481719970703125
0.6884341878779402,-7.200380802154541
12.566471603210276,1.2361959218978882
-5.472376660417956,-14.926230430603027
-2.1691769605730515,3.2530465126037598
-0.3887710448227697,-3.1518311500549316
9.1356503291117,3.3209426403045654
4.93167956005568,-8.51581859588623
2.713132201978397,0.757053792476654
9.090654061652296,-6.800957679748535
1.741670982094262,1.1216754913330078
-5.89266438028177,-5.770694732666016
-1.130678948105339,-2.1391868591308594
-46.587141393021525,-39.48457717895508
4.366245372711767,2.5893847942352295
2.858782897786812,0.7369940876960754
2.53362859007723,-3.4512393474578857
-1.7943154401891548,5.7390456199646
-0.6435038581465955,-2.812689781188965
5.99108205682079,-5.868529319763184
2.44728958086436,-5.762771129608154
1.5718362711845366,-5.240537166595459
-55.54568697318505,-39.65484619140625
-9.231606713935047,-3.827692985534668
3.547124544521316,-10.507421493530273
-73.5286754265322,-18.076833724975586
0.2047767843086013,-3.791593551635742
-10.398648228661925,-3.348775625228882
-46.9980356488569,-26.598844528198242
-62.9031214125763,-46.25634002685547
-10.35739215730591,2.3054466247558594
1.83593808226401,4.5982818603515625
7.827394642815597,-1.2920420169830322
-9.742168339465294,-6.504852294921875
-0.29408409265346,-10.09688663482666
-5.653435188749545,-8.709716796875
-14.57002364123529,-26.011276245117188
-18.1797235112709,-7.178933620452881
-5.45440876641342,-1.6666395664215088
8.596988309863011,2.3319907188415527
-5.493763326806099,-6.693795680999756
-8.393586343504198,-8.388030052185059
-3.963646539183849,-1.066741943359375
9.625121597198186,10.211847305297852
-6.18357684414468,-1.9710302352905273
-3.41466344580097,-1.4636634588241577
-4.03025121975644,-4.924155235290527
-2.66483863280114,3.276650905609131
-0.190891674386513,1.5618607997894287
16.1850033157246,8.59231185913086
-7.910003358009165,-7.861753940582275
-2.07861348348741,-2.089167356491089
12.331931266595111,15.36508560180664
0.8825935384285006,-0.25718629360198975
-2.1789667599796294,-2.7230098247528076
3.0307168501552093,-3.1349809169769287
14.8229623836697,5.809234142303467
6.795393661635613,5.641883850097656
5.16750826555368,2.960958957672119
-57.144820014625296,-22.24433708190918
6.167862854629888,-1.0844824314117432
-2.698758931910008,8.06684684753418
1.289294757415069,-6.500977993011475
13.9692836454661,4.144708156585693
-38.6438610292767,-34.18935775756836
-3.119647295186995,-1.554241418838501
-6.745372906074374,-1.760562539100647
-2.7468186065138984,-0.9638290405273438
