Score,Pred Score
4.219145585451182,-3.1207380294799805
-2.588665914009158,-6.114291191101074
-3.0703466753296,-2.907597303390503
2.1112971208509976,1.4587292671203613
-19.1693792779686,-5.5765581130981445
-0.9096556467231308,-2.1466240882873535
-5.316952415477393,-3.8655104637145996
-5.39913759737588,-2.5112357139587402
6.1026124307435,-0.8178843855857849
-1.6005087696864486,-4.642014026641846
-51.6773231694491,-33.70259094238281
0.51700222845629,-4.837231636047363
-1.6521884315998507,-1.3949432373046875
2.11024229353816,4.002042770385742
17.2594267615487,5.521763324737549
-1.73607437190069,-1.8981146812438965
-5.77436797253085,-2.4827070236206055
-0.568998602339841,-1.9713642597198486
-1.289264920121349,-4.364322662353516
-14.1813773041305,-24.213247299194336
-3.31847606547329,-1.639662504196167
11.710679650337616,-6.090247631072998
2.046344769010002,-5.948869228363037
-2.77042962989298,-5.649581432342529
9.014890317831036,-5.21778678894043
2.726862934921635,2.597687244415283
-3.4922781726655696,-5.475085735321045
1.292753014965791,0.07997012138366699
8.16191414696451,2.44026780128479
-8.251107402184557,-4.737009048461914
7.262818938793504,-5.287664890289307
4.14054171285972,-5.631074905395508
-13.546032832554804,-3.5102553367614746
-16.8307740899425,-1.9556999206542969
-0.2642143205483515,1.0431925058364868
-6.135426654744688,-2.385366916656494
-7.187555808667961,-5.056561470031738
8.149714042401495,0.6370429992675781
-6.426376983867103,-4.019574165344238
13.9953943577381,1.2116533517837524
-6.31868596379813,3.0007524490356445
5.321680837772678,0.5863442420959473
11.9978624338519,-4.9637451171875
7.909526276907584,-10.628893852233887
7.206977941743588,-3.6246891021728516
-7.378812419643663,-1.1738826036453247
0.2475632146873464,3.1149630546569824
12.7359625054994,3.1011457443237305
5.220668557811489,-3.117103338241577
1.3318185914773402,-0.708087682723999
2.776867734737273,-1.717458963394165
-27.8178569354009,-32.322078704833984
-4.20883890972707,-1.163393259048462
2.78743688363977,5.508974552154541
-9.657849716236,-34.19585418701172
4.071661498679735,2.061880111694336
-10.586292641023492,-1.656602382659912
2.578081311550471,-2.4623608589172363
-42.2483635713802,-18.926658630371094
8.204494762209066,-5.145758628845215
18.5317724911246,7.975956916809082
6.097122298913325,-5.801912307739258
-11.299328727708405,-1.5702173709869385
-6.22433036882608,-2.240999698638916
3.12612254618191,3.244405746459961
8.756217929094177,7.533825874328613
-1.757118944268968,-30.739093780517578
-51.402683514636095,-37.91679763793945
-2.13735826282737,0.9397737979888916
8.88265541550952,1.5823237895965576
5.58846482112586,2.9235472679138184
7.383552345763623,0.1691737174987793
10.229168329440906,-5.154355525970459
-17.4030551064212,-8.947418212890625
2.204062447972561,-5.068572044372559
-3.195242757261453,7.9987077713012695
-36.8822022827233,-29.73003387451172
3.812227003524945,-2.278571605682373
-6.89310310865277,-3.9765243530273438
-2.85382252753121,-4.726746559143066
-7.42349600405968,-9.25724983215332
4.398848813602776,4.395705223083496
-68.1959205924323,-28.086532592773438
-3.773219093074008,-4.815680027008057
8.453421074249384,6.219302177429199
-62.9612541332419,-30.577014923095703
2.97844031586002,4.989731311798096
-5.800670766453999,-5.540781021118164
2.409764321136161,0.7855582237243652
-1.6610011043127195,-0.976900577545166
1.39259946716825,-0.40282583236694336
-5.785469568057495,-34.44823455810547
10.468583156479704,4.34376335144043
0.8267526169764301,-5.167876243591309
-0.4271227388875901,-2.8084468841552734
-5.85807143580148,-4.571496963500977
-2.67676896274171,0.5525153875350952
-3.11888044241469,-4.973687171936035
6.71098989067457,14.052203178405762
6.429854346358795,10.7863187789917
-6.897600670415837,-5.853713035583496
-16.4910721624856,-22.306001663208008
-3.057699221935841,11.856544494628906
-17.6906096863185,-36.82543182373047
0.1461877509898399,-4.848421096801758
-3.01321716593974,-0.3641326427459717
-15.0412339008878,0.27487868070602417
-3.60075442831331,-2.661050796508789
12.5056328567953,-1.7527974843978882
-13.8996269060666,-1.242722511291504
5.265272900492549,-0.7741138935089111
12.283123760680592,1.19533371925354
-2.54688332955635,-3.918693780899048
11.579228393987275,1.5872912406921387
-0.3284521577656807,-5.117108345031738
-2.33292598982445,-3.0596671104431152
-0.1058882282985149,-1.95106840133667
-2.4461467814868523,-29.261028289794922
-41.8026500314277,-6.03181266784668
4.417989059347175,-3.541109085083008
-40.2101205720394,-3.900627613067627
-14.277645616907492,-3.829817056655884
3.29681579894721,1.871267557144165
-0.7012610501602399,-4.756476879119873
8.463248256721428,-2.327648401260376
-2.491707941339629,-9.437915802001953
4.867927463076468,-2.0669713020324707
-1.876637029070265,-9.620562553405762
-12.955988512618,-35.515342712402344
-7.75971004909346,-0.7688161134719849
4.67424026120176,4.644546985626221
-7.08434802004719,-1.0672781467437744
-6.19730890695259,0.6716758012771606
-0.1240821746904601,-1.7536296844482422
4.069163600073605,-4.485860824584961
-1.77750068778882,-1.4813928604125977
1.8601156760560384,-5.095712661743164
-10.8237586662752,-31.424161911010742
-50.1674018945849,-38.91597366333008
-5.8677981963370005,-4.554327011108398
-24.4869919201538,-15.998577117919922
-12.281506448986304,-1.0301923751831055
-5.8772631055401,-6.084540843963623
-0.1639564470097907,3.567899703979492
4.17561229224804,1.975381851196289
2.77922195660905,-3.1450376510620117
-3.454798154796729,-0.22431707382202148
7.692941411907634,-0.6198501586914062
-2.390619984667185,-1.9703214168548584
-33.1832620874725,-32.91286849975586
-18.23432595343749,-6.869514465332031
5.29419053806362,-0.20203399658203125
-77.3623903172369,-29.913330078125
15.4985727759109,11.361520767211914
7.73570234615748,-10.236894607543945
-9.325981865786185,-3.8590221405029297
-9.72499716390718,-4.992584228515625
13.309934514349203,9.176581382751465
2.264898495983479,-6.997678756713867
-12.0320822507053,-7.1122002601623535
-2.56542276271332,-2.3543953895568848
7.196532980977684,-5.041822910308838
-1.857666460494741,-2.642744302749634
-1.4872271509121793,-0.7998771667480469
-3.12013961477547,-2.5527772903442383
2.6303171850506604,-2.81736421585083
-60.49569009623433,-37.370235443115234
-30.3377383335249,-27.017410278320312
1.0590749185315824,1.9604748487472534
-6.929951553081727,-0.7306332588195801
-8.46093254820262,0.056371092796325684
2.461922216333884,-1.9864819049835205
4.5031585012656095,-3.615326404571533
4.435147085081137,4.121437072753906
-2.88087637063392,-4.0932416915893555
-1.5082203021212124,-4.159130573272705
-0.6579761516790089,-6.187070846557617
3.719171936095444,1.0848455429077148
-2.6053130644292946,-0.8252685070037842
7.276768036701751,7.413547515869141
5.29091659278858,-1.2983417510986328
-1.0659561461183158,-1.6430904865264893
15.4186986077963,5.751643180847168
7.543407488617369,6.124852180480957
9.58062385928767,0.7106361389160156
0.2570808252882703,-6.129633903503418
8.13893448615947,-0.12059915065765381
-5.14141487663266,-11.392634391784668
-16.517773128145326,-4.43022346496582
0.7364260970712593,3.331207752227783
4.25311060075082,-5.2256669998168945
-25.4508968849616,-3.749454975128174
-1.9051378030600723,0.8075251579284668
5.506094216928792,-2.0073723793029785
-0.1777753404752198,1.6894330978393555
16.9349100756105,6.008911609649658
-11.607028837624,-5.409789085388184
-1.2671721747064446,-33.491214752197266
-16.1535771788668,-19.644329071044922
8.143116180793372,-8.425432205200195
7.078924552126015,-0.9464876651763916
0.2886204877907422,-2.1667988300323486
16.4171583068458,3.500831365585327
-44.7886924625105,-42.01101303100586
-7.726553411266567,-10.681844711303711
4.065326821312747,-2.7767486572265625
2.12749125232924,-39.309417724609375
9.06213659212517,8.264450073242188
-4.51305804704249,-23.57304573059082
4.28301459624688,-2.491219997406006
-7.211196994815285,-35.07628631591797
-58.4491138315396,-19.60882568359375
-0.5413656534735456,-11.56911849975586
3.24770439300306,3.1439807415008545
-0.6472060937938101,-0.9377732276916504
-1.93656353174353,-1.1747066974639893
-1.94666134980912,-8.9502534866333
-0.670930828719279,-26.27002716064453
17.1612744381531,9.012937545776367
-8.044482691931467,-11.942708969116211
16.9968892380515,11.489391326904297
3.62056380925444,-2.94901442527771
4.07090957771029,-2.2898268699645996
-1.0680791130593923,-2.147035598754883
4.69437535963172,-2.8254756927490234
0.3837795244341289,1.7111862897872925
0.6681105368389735,0.03284502029418945
-8.08045020128908,-2.5468196868896484
-42.6579269422049,-20.3753662109375
-30.89708550466269,-41.23027038574219
-1.1617148968623687,-8.928926467895508
6.46185690649625,-3.4104409217834473
8.658679095048068,-2.433210849761963
-0.1898191226144924,-4.526440620422363
6.457932781589695,1.4598770141601562
-33.7712071062874,-24.374187469482422
-4.786538605318405,-3.027815341949463
-13.5632540546311,-39.28007507324219
-82.13826531723697,-6.857553958892822
-3.0453156276270903,-5.247761249542236
6.430237727930085,-0.322005033493042
5.31082796058257,0.5284507274627686
-70.65073406723695,-34.08729553222656
4.71112087372323,-5.169382095336914
-10.78700495517378,-0.06711781024932861
-6.055427015859325,-5.573139190673828
-16.475900892606802,-3.1039438247680664
-2.487076105276776,-10.047356605529785
-48.3858044800915,-40.65564727783203
5.893700156574014,2.134777307510376
-47.9957157156951,-33.49831771850586
-1.511416195100045,-31.39091682434082
-7.071587649042333,-4.966114044189453
-0.3550158381598589,3.6682209968566895
-17.0078420331655,-39.42194366455078
10.3189652047012,-1.9381612539291382
8.829561804598438,-0.23988574743270874
10.909208084253878,4.791923999786377
-2.25262466719878,1.113787055015564
0.7445982178878973,-8.64466667175293
-4.813871520282443,7.590269088745117
2.85060083445348,4.896445274353027
-2.54595208771381,3.8978190422058105
-8.692928400841772,-3.04075026512146
16.618750626525,3.932415723800659
7.37064384347005,0.36591339111328125
-6.81516141534704,-4.450223445892334
-10.386374558578522,-4.980703830718994
3.73205068567752,5.536609649658203
-6.40442742836347,-1.1551449298858643
1.74273211890989,-5.581026077270508
-7.920344649869953,-26.094959259033203
-9.28527551691871,-2.0858044624328613
1.51502173443586,4.197846412658691
-90.3299705619704,-38.07152557373047
-6.512385872303066,-7.247598648071289
0.7982616963508231,-2.1173200607299805
15.8859560938761,9.802116394042969
-23.227454082363305,-38.466854095458984
5.4465900456679694,7.2993855476379395
-13.2494383747796,-0.6915016174316406
-2.3458288386735573,-2.765803337097168
-1.5403494549472296,-2.477501392364502
-2.941164138388841,-0.11031937599182129
-14.6311710829416,-19.904796600341797
-4.81834176383161,-2.4372143745422363
-4.03806373695381,-2.1964735984802246
0.4076170529080399,-4.862191200256348
-34.8552692363716,-0.5389232635498047
-25.0659802428987,1.3843003511428833
-5.8684323426223,1.7409522533416748
0.6771989561182002,0.9243663549423218
-14.6157572128631,-38.114646911621094
5.344594984386832,2.15280818939209
-4.75101729862813,-1.130455732345581
-89.5439156156453,-38.57359313964844
-1.207429910073891,3.538424015045166
13.667582002208905,3.6489012241363525
-82.4887013651952,-29.850074768066406
4.40921359309415,0.6865986585617065
-19.923371510770203,-5.394530296325684
-4.665207913971671,-3.2888336181640625
3.42106467876526,-2.7666468620300293
-39.0956747424042,-16.802675247192383
-10.288292260688207,-0.7336511611938477
2.3067635611900137,-1.0876096487045288
-4.92782811871599,-0.8796526193618774
10.292368565007404,6.828535079956055
-8.184373188662292,-34.5645751953125
-4.763634360062484,-11.102937698364258
-2.40000424902785,-2.461116313934326
5.009535132419683,-5.860107421875
-22.2455703021075,-31.445632934570312
3.987299411465438,-4.260467529296875
-38.4962238749225,-36.32197189331055
-44.9949251983702,-10.283548355102539
-1.378759213278819,-3.790524959564209
8.07102955700163,4.5285844802856445
1.055995951979529,1.3548719882965088
2.188685633501576,8.64246940612793
1.0880788430276551,6.407520771026611
-0.2898522089969393,-5.36374568939209
-3.790702882666694,-5.049705505371094
-7.940842049461227,-4.817943572998047
4.398742241377427,-2.504941940307617
2.5565427438131976,-5.1276044845581055
4.123908949931413,1.1727243661880493
-76.9668504799361,-9.51810359954834
-14.1325019191809,-30.02018165588379
7.960789166364423,7.324069976806641
0.4423212163888063,-2.658935785293579
2.63206586722876,-2.3140106201171875
3.1988276731025875,-1.876847267150879
-1.6552655274048038,-2.3974764347076416
8.077984978184695,-4.879909515380859
-13.790764753514,-9.681325912475586
2.13745295521649,0.8151941299438477
3.0897024917955025,-2.7692413330078125
-0.3530077955256401,-0.17224621772766113
-7.639409008216227,-0.3042323589324951
2.765011277030255,0.5337939262390137
3.557691046156,0.48234355449676514
4.00031385473591,-5.032979965209961
-55.7541546140486,-41.301422119140625
9.550892694239591,7.549083709716797
1.775572054007981,-4.996664047241211
-2.248378586620203,-4.771674156188965
-56.2560888739038,-43.03047180175781
-2.5590885431480426,-3.4973106384277344
-40.5029244010595,-28.811630249023438
-30.8171784242839,-2.0113658905029297
2.679404112105611,0.28252339363098145
2.76740193393285,-2.0891237258911133
-11.341527235964405,-0.6869940757751465
-3.448025235667948,-35.6576042175293
-0.0780407432645869,-1.6057987213134766
11.616605850275496,0.5418833494186401
9.179556151687803,3.0863547325134277
7.190050317883171,-0.7071094512939453
-39.4932668903457,-5.645374298095703
-2.306526469902426,2.7563838958740234
0.5403453062071405,0.08989536762237549
-23.6042929930625,-31.415929794311523
-4.172986764275874,-2.579416275024414
0.5394390329931549,-2.051258087158203
5.84905996845087,-5.633096218109131
-22.9515728231767,-1.5653671026229858
-3.134999611446543,-0.35527586936950684
-6.066411004621831,-4.8776679039001465
2.24572304437811,-7.751762866973877
-70.8116033690518,-4.157016754150391
0.3224388648416145,-1.1633186340332031
4.755697845162629,4.3103814125061035
1.7336328627834918,-4.7574286460876465
3.939818822274421,-0.2919957637786865
6.09033976794457,2.4147214889526367
6.4251548431743295,-9.136811256408691
-6.47138721063866,-6.277194499969482
-0.0379657812584102,4.505916595458984
4.4105627388370605,-3.253565549850464
2.3065604778561424,2.01806902885437
7.588764503474316,-1.7068796157836914
-24.3954295810688,-4.798043251037598
7.380729755239978,-4.454355239868164
5.978124919049687,1.1858186721801758
0.7860328468455551,6.626043796539307
-44.1817825469333,-41.33677673339844
3.58036180553514,0.16611528396606445
3.33951124606136,2.6472654342651367
-6.79658968512302,-3.710775375366211
3.7347243087796,-4.662140369415283
4.76541245752904,1.8324154615402222
8.922207576391518,-6.557199001312256
-11.864177458483407,-2.0641846656799316
1.166748445159433,2.4478750228881836
-25.781275563237,-10.104015350341797
4.179707781567577,1.0028400421142578
-1.073248118887358,-3.6003522872924805
1.7249239205326918,-1.1295781135559082
-81.52648016021857,-10.049430847167969
13.015759276594096,1.6639623641967773
5.35198813185094,-1.5163955688476562
-12.53254789251529,-1.9157226085662842
5.45103123545738,-2.5884108543395996
4.128157012788561,-1.3634393215179443
-3.8590388668775,-2.2996602058410645
7.36579899286375,2.275275230407715
-11.03094492075089,-33.16382598876953
8.017093587799739,9.887918472290039
15.384553292915324,-33.14006805419922
2.79124989437018,-6.076783180236816
2.81101468536903,1.9542138576507568
-1.7237618714553775,-2.2759528160095215
-2.202886656443709,-4.138689994812012
2.369358494612781,5.740963935852051
-11.30813578108209,-6.704866886138916
4.484288991501213,0.4925370216369629
-35.8165916579592,-32.40993881225586
-5.19085420781142,-6.063380241394043
2.86709961553106,-2.409238338470459
-4.349210006555943,0.559471845626831
5.029017096161708,1.752002477645874
8.243548509216069,5.361034393310547
-2.6184282494780104,0.4495173692703247
-5.527709296795018,-5.242009162902832
-52.7336020518746,-20.274032592773438
6.07843040491799,2.920535087585449
-4.396710286499547,-3.3244285583496094
6.6154810826822,11.750442504882812
9.772192422094813,-19.434814453125
2.099307195887115,-3.9002294540405273
-12.414939844598162,-5.863574981689453
8.24149319055937,-0.7634248733520508
-1.5178355576616795,-0.7008594274520874
9.144089281431205,4.071965217590332
1.418014053180695,-1.9399758577346802
-60.92137282626391,-27.867053985595703
5.61896917638109,6.410062789916992
-4.96580172718434,-10.097633361816406
-24.4432878855492,-6.24810791015625
1.675381804264854,-1.4657450914382935
-2.8447496930443927,-0.9780359268188477
-1.059512617215007,4.095646858215332
1.41805545618482,4.902935028076172
-7.06329362397977,-5.092660427093506
9.400493271217616,1.2363770008087158
3.1327986373042376,8.004638671875
4.097668935846943,2.457892417907715
-4.01456885639382,-5.032603740692139
-2.260381023139061,-2.02354097366333
-8.237627320974727,-28.439857482910156
-2.23616712442702,2.7705087661743164
-26.79502671025515,-33.32148361206055
-10.594900847222812,-26.23525619506836
4.509456424718162,7.346368312835693
-22.9219832537164,-15.813232421875
-6.2026319104393295,-29.80019760131836
-4.662511414401839,-4.660323143005371
-0.4503474699443348,-1.3316810131072998
-21.5531296050118,-23.789352416992188
-39.7169735486916,-4.807149887084961
-6.13466459150186,-7.949337959289551
6.093529951556334,0.5294623374938965
-33.3004252633332,-5.932040214538574
-7.789052707582185,2.5552618503570557
-61.6890402284636,-19.59404754638672
-10.613183176373598,-5.321892738342285
-12.6203596574975,-21.234800338745117
-15.2234416939723,-4.395744323730469
3.42848617073407,4.609244346618652
-50.4820483838523,-15.212989807128906
-71.7765711158932,-16.537921905517578
4.338369925074482,0.46119821071624756
-34.0729170807354,-35.717987060546875
-10.285920522724917,-4.714974403381348
2.71808902854303,3.137808322906494
2.26767773086615,-4.725741386413574
0.3189015990893598,-9.044818878173828
-39.873530292237,-18.53892707824707
5.053393098685065,-4.699930191040039
-5.77665564868809,-3.598284959793091
-22.4462583852743,-30.232118606567383
-10.162041561092582,-29.560222625732422
8.70853787657841,-4.648926734924316
-3.73521146317182,-7.065587043762207
-1.3326443092463092,-30.229331970214844
-5.830142578087577,-4.835027694702148
-7.815562497274902,-2.9703874588012695
-20.7558388881914,-4.717217445373535
-1.03656181464744,-4.650012969970703
-3.930469946192945,-5.911561012268066
5.391699208755202,-2.6793432235717773
7.2595381633228,5.816187858581543
9.30630078585379,5.378726482391357
-3.77133000272187,-5.705451965332031
-42.936846127142296,-29.458559036254883
0.5211206139658471,-1.921576738357544
0.7345204104922589,-1.6114710569381714
6.86106163750481,-0.4270145893096924
-21.61387508166409,-27.50788116455078
-24.577379709126298,-34.18158721923828
3.986867952152618,1.0589690208435059
-63.2346715672369,-35.62253189086914
4.55602013063716,1.042724609375
-20.3623076046531,-5.332094192504883
8.678125432705007,7.27536678314209
-2.1147225087047508,3.1547091007232666
-1.14890133483728,8.952239036560059
3.7921116228684086,1.0317518711090088
-1.3811964732242277,-4.7055559158325195
0.1752112379752922,7.896913528442383
3.3452637215970498,-2.634648323059082
6.63109301847755,-6.327786922454834
-8.72128086410909,-32.324832916259766
-0.1160299782726794,-0.4359169006347656
0.1119561526876595,2.2975244522094727
11.877856996640997,4.347132682800293
-3.2142130797467816,0.2151336669921875
-3.9552380984537248,-4.0716400146484375
-1.593720937577549,-1.687516212463379
3.3899996482015826,-6.420434951782227
7.66334596528203,-5.283947944641113
2.60625970962018,4.227250099182129
5.006519903780723,-1.8601429462432861
-58.5527340809363,-8.94786262512207
3.776985072333982,-3.4645233154296875
2.4866177573815964,1.1809232234954834
-0.6920482116816997,-4.593684196472168
2.1747311895065486,6.512350559234619
-13.14009076535719,-39.35832977294922
2.745769909533195,2.062023162841797
-10.626155896203898,-2.4499542713165283
0.0548896546292299,2.7055277824401855
-69.1366966634013,-39.03364562988281
14.8508222506114,6.145892143249512
-28.3488859938485,-33.764347076416016
0.6884341878779402,0.23266512155532837
12.566471603210276,5.366276264190674
-5.472376660417956,-4.781747341156006
-2.1691769605730515,-5.131696701049805
-0.3887710448227697,0.5213432312011719
9.1356503291117,3.2135651111602783
4.93167956005568,-5.47529935836792
2.713132201978397,2.005706310272217
9.090654061652296,-10.606210708618164
1.741670982094262,-2.0599312782287598
-5.89266438028177,-6.590751647949219
-1.130678948105339,-6.389677047729492
-46.587141393021525,-38.94478225708008
4.366245372711767,9.029729843139648
2.858782897786812,0.3385810852050781
2.53362859007723,-2.733794927597046
-1.7943154401891548,0.25562334060668945
-0.6435038581465955,-1.9581013917922974
5.99108205682079,-7.276988983154297
2.44728958086436,-10.750764846801758
1.5718362711845366,2.273754596710205
-55.54568697318505,-34.92279815673828
-9.231606713935047,-1.4831877946853638
3.547124544521316,-26.283403396606445
-73.5286754265322,-4.9692230224609375
0.2047767843086013,4.57586669921875
-10.398648228661925,-6.818006992340088
-46.9980356488569,-8.01197624206543
-62.9031214125763,-38.17155456542969
-10.35739215730591,2.917163848876953
1.83593808226401,11.234065055847168
7.827394642815597,7.662600994110107
-9.742168339465294,-4.830591678619385
-0.29408409265346,-3.3786466121673584
-5.653435188749545,4.391661643981934
-14.57002364123529,-31.964168548583984
-18.1797235112709,0.7681653499603271
-5.45440876641342,-3.8744168281555176
8.596988309863011,0.7287991046905518
-5.493763326806099,-6.760926246643066
-8.393586343504198,-2.1002197265625
-3.963646539183849,8.336542129516602
9.625121597198186,-4.981646537780762
-6.18357684414468,-1.8734018802642822
-3.41466344580097,-0.8979920148849487
-4.03025121975644,-4.367039680480957
-2.66483863280114,-3.5293772220611572
-0.190891674386513,-0.09832704067230225
16.1850033157246,6.8108367919921875
-7.910003358009165,-2.0704944133758545
-2.07861348348741,-3.7504730224609375
12.331931266595111,3.782721519470215
0.8825935384285006,-3.232754707336426
-2.1789667599796294,-3.1274631023406982
3.0307168501552093,-1.7464570999145508
14.8229623836697,6.390984535217285
6.795393661635613,6.164098262786865
5.16750826555368,-5.1632490158081055
-57.144820014625296,-24.594078063964844
6.167862854629888,-6.346889019012451
-2.698758931910008,-2.186380386352539
1.289294757415069,-1.6916661262512207
13.9692836454661,-1.7935984134674072
-38.6438610292767,-26.85440444946289
-3.119647295186995,-8.016708374023438
-6.745372906074374,-6.7873077392578125
-2.7468186065138984,-2.458988904953003
1.6198341998494314,0.8623038530349731
1.6646916021852596,6.143349647521973
-7.87226820943855,-5.227025508880615
8.652061852316729,-0.40726470947265625
2.4933992323843923,-5.402609348297119
2.35160533891099,-4.890420436859131
1.30779520720034,-3.5314605236053467
-11.9965988914421,1.7440497875213623
4.780848076735348,-3.1870861053466797
11.2728180991378,-0.5067300796508789
0.7651079053562314,-0.9661669731140137
-10.6557437737239,-11.987937927246094
3.27100049685324,-4.930808067321777
-5.2815921348029296,-1.2180862426757812
-27.5445722402187,-27.696931838989258
-2.683955047842884,1.2122389078140259
-43.929359067237,-35.211090087890625
-4.639593570653838,-3.0089399814605713
-14.7229944429405,-8.464810371398926
-5.00028834575103,-4.005544662475586
-1.2236747050651609,-4.177123069763184
-17.6830733389949,-2.9722626209259033
-9.979741434164584,-5.870584487915039
-0.2823200449385875,-4.181051254272461
-36.50577458359941,-6.269563674926758
-4.853312003098937,-26.275300979614258
-27.4476544011683,-31.49909210205078
-49.5120706514507,-39.214656829833984
1.2287673509824204,-2.1610183715820312
9.503977484174175,2.7787232398986816
-5.5186956836840375,-4.622038841247559
-2.99361591491145,1.0172364711761475
7.99575647038201,-3.3875656127929688
11.7225687296843,5.9392218589782715
6.987950206462267,-5.4643449783325195
5.5273920092716775,-26.27383804321289
-7.19378137939456,-5.025596618652344
6.001532732018722,5.566695213317871
7.92708077877978,1.4207528829574585
4.316615136301563,1.1503098011016846
0.1590569364430157,-0.38582563400268555
2.8348518495029404,-5.153378486633301
-46.6686841099013,-36.6693115234375
-0.8984319813221007,0.6544400453567505
4.30511943579503,-3.101123809814453
-3.36735139960915,-3.5607197284698486
6.58117049992555,8.139440536499023
6.753311816554961,0.2740843892097473
-1.1091988250418725,0.017723560333251953
5.26551760771767,-2.46575927734375
-37.3999740396079,-20.633403778076172
-34.48768519828235,-7.8933515548706055
-46.862925671502296,-30.5036678314209
-1.19024715514191,-3.635970115661621
-1.4920816076829602,-4.191352844238281
-5.775806690181939,-3.6115736961364746
-14.2382866820043,6.976230144500732
1.3131129859732091,-3.1990885734558105
13.1991243046288,-5.393828392028809
3.6035536346157695,-2.434337854385376
4.97603191479674,-1.873889684677124
2.9737175212081803,1.923151969909668
-35.1782981083837,-17.347070693969727
-10.480511156242285,-31.008729934692383
-0.3170472839931941,-5.709069728851318
3.59745169898486,2.261352777481079
-5.139364658294922,-2.1330368518829346
-29.2662792150344,-6.366202354431152
11.555346181601609,10.313936233520508
3.7092867134231,5.957370758056641
-0.7280966227290082,-3.990628480911255
0.9480162028997956,7.821867942810059
-9.619042312244815,-15.885515213012695
-3.15562863494722,1.2060637474060059
7.285509446842615,-5.0374064445495605
2.71319811317338,-5.256498336791992
1.026942322157092,-2.6845862865448
-4.65691689928222,-5.4812331199646
-8.677497573270493,-10.500625610351562
14.3436638764016,-1.7379262447357178
-11.8973420493851,-5.636913299560547
-6.61979034735207,-4.49290657043457
8.86280218600469,6.081399440765381
-3.43040335892423,-4.979771137237549
0.4443344011282492,-1.928031325340271
2.6678241356197647,-2.465726852416992
2.334382802629,-5.099775314331055
-13.8157551615103,-9.662176132202148
1.9007667723773176,1.0914244651794434
-17.190033530139498,-3.4015517234802246
3.88810032819938,-5.145571708679199
1.2705701336207027,1.4356964826583862
3.887422638441485,1.6950618028640747
10.349523074958825,-2.4712066650390625
9.62907409316032,-0.8114664554595947
0.7709161631446207,-0.5535645484924316
2.3166834950764685,0.52215576171875
2.76912169862866,0.36016249656677246
-46.2372447228831,-30.600357055664062
-37.0930621901092,-4.7078962326049805
0.996650643215182,-4.32707405090332
-12.898019313824,-23.87221336364746
-0.71117494174041,-1.9230594635009766
-0.5663484394051013,3.2758078575134277
-12.4595255596924,-5.205533027648926
-0.6089836493556324,0.5917994976043701
6.92534745147092,-3.1455960273742676
3.320229681965675,-3.4927921295166016
-10.274169876330886,-5.76521110534668
-49.062306315025,-25.494089126586914
-30.7261055182573,-37.567142486572266
22.7414116448382,3.757652759552002
-0.9529303605806088,2.296659469604492
-10.739322929783883,-5.3203840255737305
-20.9507978903398,-42.98992156982422
-24.96156751119129,-33.46542739868164
14.9823899147147,-2.285386323928833
-14.564555056626377,-5.1536664962768555
1.907333647224608,-2.9768483638763428
-1.178255647098801,-2.2503600120544434
1.9806048133258944,-9.415504455566406
8.833837192566008,6.162392616271973
-18.5255095356289,-35.41096115112305
3.010752586641185,-10.258257865905762
3.67041582610247,-3.3797965049743652
-33.7845903951132,-36.708309173583984
-13.812973987503693,-2.41493558883667
-13.861300672159,-3.323885440826416
-26.24662901330595,-40.781036376953125
-1.61504571199055,-3.184072732925415
8.754663680824095,6.513241767883301
3.22816419080692,0.7819764614105225
-2.0585753436264698,-3.873170852661133
-9.59094984812801,-30.998611450195312
6.02246857213521,-3.436004877090454
-4.11149235653684,-28.443029403686523
-4.361976736345532,-2.8653564453125
-2.4097304318056905,-3.5213875770568848
4.967381413305823,-2.9984970092773438
-11.9154244975033,-3.249556064605713
-11.183106529127476,3.033503532409668
-2.3538192484503564,-2.5611205101013184
-2.204579993178592,-1.6420745849609375
-91.8886792382854,-5.94685173034668
3.2582764286422226,1.4808783531188965
9.859104788483815,-1.9625332355499268
-2.6304973605131474,-1.1640900373458862
8.398744223780918,-8.72364616394043
1.4955767028094,2.73353910446167
6.720388221210122,3.917996883392334
6.99756701325662,1.3916505575180054
12.966325580978296,1.3381849527359009
-22.8644313188967,-1.8951611518859863
-14.4731176558811,-2.572216033935547
-0.0918051514147744,-4.820076942443848
0.9434331950199416,-5.183257579803467
7.877641553655238,3.670248508453369
-27.1636490162131,-5.1639628410339355
3.42669038506664,-2.9368927478790283
0.31232235517322,6.810764789581299
1.1848602197973823,1.6293275356292725
-5.822632503482525,-0.4201984405517578
-2.989164004622407,-27.782550811767578
1.69213972357191,3.902750253677368
-0.89184437235696,3.16135835647583
2.446050707651698,-2.7520647048950195
5.07108724357905,-5.5729804039001465
5.42147270471237,-0.031867027282714844
-2.20364176327536,-0.42907989025115967
3.08443697315444,-4.7270426750183105
-5.97248436581227,-3.284879684448242
-1.0190872666435924,-1.3473690748214722
-14.885807229381896,-4.690622806549072
0.046018285265003,-10.213956832885742
6.00089213826483,-1.5913798809051514
-1.4680391508473674,0.24095654487609863
-49.8653288018085,-35.83707046508789
-7.283890318199592,-11.346761703491211
3.6053774296538297,2.319601058959961
6.364261125349779,-2.045046329498291
-51.4043293278057,-33.07225036621094
-64.65676531723692,-33.01801300048828
-26.1965705632023,-2.6354525089263916
2.63157412115867,-8.068659782409668
16.694612728237402,-5.121402740478516
-17.0314498829154,-15.3281888961792
-58.40351531723695,-41.88475036621094
-15.3173389528898,-5.110198020935059
-6.613686761665703,-23.64629554748535
-39.0646563811545,-17.505321502685547
0.809697096857583,-2.694157123565674
0.4685622181175212,-3.55332612991333
-6.376202369524528,-5.823333740234375
-14.434457477598505,-4.759698867797852
-26.0047332498617,-28.595521926879883
-17.5801214502402,-6.784541606903076
-2.60072537807549,2.0922770500183105
7.184930267876617,8.90874195098877
0.555665600488549,-1.509230613708496
8.747205755218493,8.061685562133789
-2.289513933263135,-9.756284713745117
3.8009101564042025,2.441763401031494
-1.67197513843126,-29.250896453857422
-15.746453943284,-16.187061309814453
