Score,Pred Score
4.219145585451182,-3.25132417678833
-2.588665914009158,-7.985630035400391
-3.0703466753296,-6.0995378494262695
2.1112971208509976,-4.664507865905762
-19.1693792779686,-7.239670753479004
-0.9096556467231308,-6.508641719818115
-5.316952415477393,-6.925471305847168
-5.39913759737588,-7.587695121765137
6.1026124307435,-7.343876838684082
-1.6005087696864486,-7.5397443771362305
-51.6773231694491,-7.978243827819824
0.51700222845629,-6.6967058181762695
-1.6521884315998507,-4.022807598114014
2.11024229353816,-5.669483661651611
17.2594267615487,-7.508023262023926
-1.73607437190069,-3.218975067138672
-5.77436797253085,-3.59298038482666
-0.568998602339841,-7.754922389984131
-1.289264920121349,-7.976125240325928
-14.1813773041305,-7.980672359466553
-3.31847606547329,-7.420051097869873
11.710679650337616,-7.722566604614258
2.046344769010002,-1.7428827285766602
-2.77042962989298,-7.988428592681885
9.014890317831036,-7.860074996948242
2.726862934921635,-5.699306488037109
-3.4922781726655696,-6.8734564781188965
1.292753014965791,-7.1272430419921875
8.16191414696451,-7.1957011222839355
-8.251107402184557,-7.851584434509277
7.262818938793504,-7.17041015625
4.14054171285972,-8.0077486038208
-13.546032832554804,-2.830622911453247
-16.8307740899425,-7.153049945831299
-0.2642143205483515,-5.602164268493652
-6.135426654744688,-6.93747091293335
-7.187555808667961,-7.347190856933594
8.149714042401495,-0.5788328647613525
-6.426376983867103,-7.815845012664795
13.9953943577381,-6.111081600189209
-6.31868596379813,-7.4060773849487305
5.321680837772678,-5.790095329284668
11.9978624338519,-7.9780659675598145
7.909526276907584,-7.787112236022949
7.206977941743588,-6.205671787261963
-7.378812419643663,-7.027440071105957
0.2475632146873464,-7.146531581878662
12.7359625054994,-7.6305742263793945
5.220668557811489,-7.990514278411865
1.3318185914773402,-7.283119201660156
2.776867734737273,-7.955923557281494
-27.8178569354009,-7.419610023498535
-4.20883890972707,-3.9806268215179443
2.78743688363977,-6.075337886810303
-9.657849716236,-8.036277770996094
4.071661498679735,-3.3040809631347656
-10.586292641023492,-7.628747463226318
2.578081311550471,-6.563645362854004
-42.2483635713802,-7.946080684661865
8.204494762209066,-7.798739433288574
18.5317724911246,-7.1033430099487305
6.097122298913325,-7.8805413246154785
-11.299328727708405,-7.855364799499512
-6.22433036882608,-5.842692852020264
3.12612254618191,0.47875499725341797
8.756217929094177,-6.443129539489746
-1.757118944268968,-4.9360456466674805
-51.402683514636095,-6.556948661804199
-2.13735826282737,-4.518046855926514
8.88265541550952,-5.782482624053955
5.58846482112586,-6.806328773498535
7.383552345763623,-6.189550876617432
10.229168329440906,-6.796902656555176
-17.4030551064212,-6.577630996704102
2.204062447972561,-6.767311096191406
-3.195242757261453,-5.634433746337891
-36.8822022827233,-6.650938987731934
3.812227003524945,-5.298802375793457
-6.89310310865277,-6.658321380615234
-2.85382252753121,-6.752974987030029
-7.42349600405968,-6.760895729064941
4.398848813602776,12.573650360107422
-68.1959205924323,-6.80026912689209
-3.773219093074008,-6.80379056930542
8.453421074249384,-4.551413536071777
-62.9612541332419,-6.8025593757629395
2.97844031586002,-6.634504795074463
-5.800670766453999,-4.740751266479492
2.409764321136161,-1.0696547031402588
-1.6610011043127195,-5.665820121765137
1.39259946716825,1.0274066925048828
-5.785469568057495,-6.735779285430908
10.468583156479704,-6.510968208312988
0.8267526169764301,-6.71531867980957
-0.4271227388875901,-6.3743486404418945
-5.85807143580148,-6.760959148406982
-2.67676896274171,-5.1826581954956055
-3.11888044241469,-6.743697166442871
6.71098989067457,-6.229701042175293
6.429854346358795,-5.325136184692383
-6.897600670415837,-4.595665454864502
-16.4910721624856,-5.615429878234863
-3.057699221935841,-5.9856061935424805
-17.6906096863185,-6.298218250274658
0.1461877509898399,-6.791565895080566
-3.01321716593974,-6.371021747589111
-15.0412339008878,-3.9931833744049072
-3.60075442831331,6.831151962280273
12.5056328567953,-5.965887069702148
-13.8996269060666,-6.295134544372559
5.265272900492549,-6.089926719665527
12.283123760680592,-6.078699111938477
-2.54688332955635,-5.052372455596924
11.579228393987275,-5.936844348907471
-0.3284521577656807,-6.766039848327637
-2.33292598982445,-2.6713621616363525
-0.1058882282985149,-5.606554985046387
-2.4461467814868523,-6.804192066192627
-41.8026500314277,-6.793585300445557
4.417989059347175,-6.368740558624268
-40.2101205720394,-3.4109888076782227
-14.277645616907492,-4.929516792297363
3.29681579894721,-6.302340507507324
-0.7012610501602399,-6.503085136413574
8.463248256721428,-4.675723075866699
-2.491707941339629,-6.766128063201904
4.867927463076468,-6.389595985412598
-1.876637029070265,-6.227217674255371
-12.955988512618,-6.474414825439453
-7.75971004909346,-0.23618221282958984
4.67424026120176,-3.694718360900879
-7.08434802004719,-6.456489562988281
-6.19730890695259,-6.768207550048828
-0.1240821746904601,-5.425640106201172
4.069163600073605,-6.837836265563965
-1.77750068778882,-4.026917457580566
1.8601156760560384,-6.906424522399902
-10.8237586662752,-6.910300254821777
-50.1674018945849,-6.9456634521484375
-5.8677981963370005,-3.8026418685913086
-24.4869919201538,-6.205752372741699
-12.281506448986304,-5.773588180541992
-5.8772631055401,-5.637547492980957
-0.1639564470097907,3.8710315227508545
4.17561229224804,-0.942988395690918
2.77922195660905,-5.798775672912598
-3.454798154796729,-6.371022701263428
7.692941411907634,-0.9783458709716797
-2.390619984667185,-5.129888534545898
-33.1832620874725,-6.91117525100708
-18.23432595343749,-6.633858680725098
5.29419053806362,-6.1581830978393555
-77.3623903172369,-6.92498779296875
15.4985727759109,-4.725374221801758
7.73570234615748,-6.7023515701293945
-9.325981865786185,-6.4611897468566895
-9.72499716390718,-6.814277648925781
13.309934514349203,-5.994056224822998
2.264898495983479,-6.816000938415527
-12.0320822507053,-5.816896438598633
-2.56542276271332,-6.594024181365967
7.196532980977684,-6.7821807861328125
-1.857666460494741,-5.5484137535095215
-1.4872271509121793,-2.7535011768341064
-3.12013961477547,-6.412445068359375
2.6303171850506604,-2.3618485927581787
-60.49569009623433,-6.849135398864746
-30.3377383335249,-6.126380920410156
1.0590749185315824,-1.3984593152999878
-6.929951553081727,-2.608238697052002
-8.46093254820262,-5.7269744873046875
2.461922216333884,-5.833890438079834
4.5031585012656095,-6.420428276062012
4.435147085081137,-6.303904056549072
-2.88087637063392,-6.034049987792969
-1.5082203021212124,-6.626416206359863
-0.6579761516790089,-6.069785118103027
3.719171936095444,-1.3399752378463745
-2.6053130644292946,-5.4611496925354
7.276768036701751,-4.179258823394775
5.29091659278858,-4.735367774963379
-1.0659561461183158,-3.5182409286499023
15.4186986077963,-3.7625579833984375
7.543407488617369,-4.653393745422363
9.58062385928767,5.496262550354004
0.2570808252882703,-6.511031627655029
8.13893448615947,-5.8675642013549805
-5.14141487663266,-6.848074913024902
-16.517773128145326,-6.633482933044434
0.7364260970712593,-5.824713230133057
4.25311060075082,-6.874960899353027
-25.4508968849616,-5.263073444366455
-1.9051378030600723,-6.527817726135254
5.506094216928792,-0.7288413047790527
-0.1777753404752198,-7.07985782623291
16.9349100756105,-5.961884498596191
-11.607028837624,-7.638362884521484
-1.2671721747064446,-7.5823869705200195
-16.1535771788668,-6.936520576477051
8.143116180793372,-7.562624931335449
7.078924552126015,1.1463618278503418
0.2886204877907422,-7.731475830078125
16.4171583068458,-6.926005840301514
-44.7886924625105,-6.9711689949035645
-7.726553411266567,-7.631258964538574
4.065326821312747,-6.740479469299316
2.12749125232924,-7.1553120613098145
9.06213659212517,-6.595477104187012
-4.51305804704249,-6.624628067016602
4.28301459624688,-5.645383834838867
-7.211196994815285,-6.685370922088623
-58.4491138315396,-7.7029709815979
-0.5413656534735456,-7.544546127319336
3.24770439300306,-5.449149131774902
-0.6472060937938101,-6.458156108856201
-1.93656353174353,-7.250296592712402
-1.94666134980912,-5.104371070861816
-0.670930828719279,-5.8948163986206055
17.1612744381531,-0.9997687339782715
-8.044482691931467,-6.9700541496276855
16.9968892380515,-5.840810775756836
3.62056380925444,-5.886335372924805
4.07090957771029,-6.350770950317383
-1.0680791130593923,-1.5968236923217773
4.69437535963172,1.6299593448638916
0.3837795244341289,-5.350144863128662
0.6681105368389735,-6.8593950271606445
-8.08045020128908,-0.2803633213043213
-42.6579269422049,-7.635246753692627
-30.89708550466269,-7.367650985717773
-1.1617148968623687,-5.157984733581543
6.46185690649625,-2.286322832107544
8.658679095048068,-7.105937957763672
-0.1898191226144924,-7.635865211486816
6.457932781589695,-2.114738702774048
-33.7712071062874,-6.227774143218994
-4.786538605318405,-7.079885959625244
-13.5632540546311,-7.3420491218566895
-82.13826531723697,-7.2010345458984375
-3.0453156276270903,-6.38267707824707
6.430237727930085,-2.408329486846924
5.31082796058257,1.67655611038208
-70.65073406723695,-7.653020858764648
4.71112087372323,-7.267807483673096
-10.78700495517378,-1.7784028053283691
-6.055427015859325,-6.734436988830566
-16.475900892606802,-6.308568954467773
-2.487076105276776,-7.172847270965576
-48.3858044800915,-7.355446815490723
5.893700156574014,-1.6783738136291504
-47.9957157156951,-7.621472358703613
-1.511416195100045,-7.391222953796387
-7.071587649042333,-5.052267551422119
-0.3550158381598589,-7.121847629547119
-17.0078420331655,-7.592229843139648
10.3189652047012,-5.216866493225098
8.829561804598438,-1.5290517807006836
10.909208084253878,-5.959955215454102
-2.25262466719878,-6.790928363800049
0.7445982178878973,-5.313355922698975
-4.813871520282443,-7.478742599487305
2.85060083445348,-7.436270236968994
-2.54595208771381,-1.851339340209961
-8.692928400841772,-6.714541435241699
16.618750626525,6.949837684631348
7.37064384347005,-1.066843032836914
-6.81516141534704,-8.294628143310547
-10.386374558578522,-7.383160591125488
3.73205068567752,-7.456068992614746
-6.40442742836347,-5.4477434158325195
1.74273211890989,-8.188669204711914
-7.920344649869953,17.015323638916016
-9.28527551691871,-6.249871253967285
1.51502173443586,-7.358063697814941
-90.3299705619704,-7.545902252197266
-6.512385872303066,-8.379772186279297
0.7982616963508231,7.678321838378906
15.8859560938761,17.94936752319336
-23.227454082363305,-8.544692993164062
5.4465900456679694,-7.699001312255859
-13.2494383747796,-0.988640308380127
-2.3458288386735573,-7.351494312286377
-1.5403494549472296,-8.491962432861328
-2.941164138388841,-2.246967077255249
-14.6311710829416,-8.169304847717285
-4.81834176383161,-6.85546875
-4.03806373695381,-7.585013389587402
0.4076170529080399,-7.1377668380737305
-34.8552692363716,-2.0090413093566895
-25.0659802428987,-6.268000602722168
-5.8684323426223,-2.5893678665161133
0.6771989561182002,-8.102945327758789
-14.6157572128631,-8.476922035217285
5.344594984386832,-1.7402997016906738
-4.75101729862813,-4.974793434143066
-89.5439156156453,-8.397544860839844
-1.207429910073891,-5.102056503295898
13.667582002208905,-4.825324535369873
-82.4887013651952,-7.591869831085205
4.40921359309415,-4.56904411315918
-19.923371510770203,-7.290124893188477
-4.665207913971671,25.3459415435791
3.42106467876526,-8.025493621826172
-39.0956747424042,10.708916664123535
-10.288292260688207,-5.677845001220703
2.3067635611900137,-0.19394731521606445
-4.92782811871599,-6.587193489074707
10.292368565007404,-7.286068916320801
-8.184373188662292,-8.337010383605957
-4.763634360062484,-8.36502456665039
-2.40000424902785,-2.9066996574401855
5.009535132419683,-8.420219421386719
-22.2455703021075,-7.984686374664307
3.987299411465438,3.7041730880737305
-38.4962238749225,-7.749021053314209
-44.9949251983702,-3.0602073669433594
-1.378759213278819,-8.11318302154541
8.07102955700163,-7.651439666748047
1.055995951979529,11.84011459350586
2.188685633501576,13.947447776794434
1.0880788430276551,-1.5207619667053223
-0.2898522089969393,-8.021142959594727
-3.790702882666694,-7.942818641662598
-7.940842049461227,-8.54432201385498
4.398742241377427,-8.278341293334961
2.5565427438131976,-8.129711151123047
4.123908949931413,3.7589914798736572
-76.9668504799361,-7.5784759521484375
-14.1325019191809,-8.20429515838623
7.960789166364423,-7.374398708343506
0.4423212163888063,-7.289574146270752
2.63206586722876,-8.301986694335938
3.1988276731025875,0.9518284797668457
-1.6552655274048038,-7.853081703186035
8.077984978184695,-8.538154602050781
-13.790764753514,-8.461063385009766
2.13745295521649,0.15327072143554688
3.0897024917955025,-12.427572250366211
-0.3530077955256401,10.771238327026367
-7.639409008216227,-5.890444755554199
2.765011277030255,-6.200594902038574
3.557691046156,-4.930093765258789
4.00031385473591,-8.489007949829102
-55.7541546140486,-7.4273295402526855
9.550892694239591,-7.553826332092285
1.775572054007981,-7.467026710510254
-2.248378586620203,-8.602533340454102
-56.2560888739038,-6.856932163238525
-2.5590885431480426,-10.901838302612305
-40.5029244010595,2.1399097442626953
-30.8171784242839,20.70511245727539
2.679404112105611,-5.2867655754089355
2.76740193393285,-7.068733215332031
-11.341527235964405,0.5207414627075195
-3.448025235667948,-5.521150588989258
-0.0780407432645869,-4.756906509399414
11.616605850275496,-2.139220952987671
9.179556151687803,-6.864969730377197
7.190050317883171,-7.3265380859375
-39.4932668903457,-7.399589538574219
-2.306526469902426,-0.6768617630004883
0.5403453062071405,-3.227440357208252
-23.6042929930625,-8.582212448120117
-4.172986764275874,4.992823600769043
0.5394390329931549,-5.385005474090576
5.84905996845087,-8.560718536376953
-22.9515728231767,-4.1315693855285645
-3.134999611446543,-3.078482151031494
-6.066411004621831,-7.432461738586426
2.24572304437811,8.103626251220703
-70.8116033690518,-1.2075690031051636
0.3224388648416145,1.6246614456176758
4.755697845162629,-3.1688387393951416
1.7336328627834918,-8.46219253540039
3.939818822274421,-7.004721641540527
6.09033976794457,-8.258973121643066
6.4251548431743295,-8.527491569519043
-6.47138721063866,-6.48602294921875
-0.0379657812584102,-8.548223495483398
4.4105627388370605,-6.5152668952941895
2.3065604778561424,-4.2204270362854
7.588764503474316,-8.160354614257812
-24.3954295810688,-7.926039695739746
7.380729755239978,-8.397661209106445
5.978124919049687,3.9518251419067383
0.7860328468455551,-5.820429801940918
-44.1817825469333,-7.5631422996521
3.58036180553514,-1.0197396278381348
3.33951124606136,-0.44653940200805664
-6.79658968512302,-4.964826583862305
3.7347243087796,-3.2712507247924805
4.76541245752904,-7.222171783447266
8.922207576391518,-7.622739791870117
-11.864177458483407,-4.945173263549805
1.166748445159433,-7.159135341644287
-25.781275563237,-7.4718241691589355
4.179707781567577,-2.217635154724121
-1.073248118887358,-6.928836822509766
1.7249239205326918,0.9477062225341797
-81.52648016021857,-3.5180344581604004
13.015759276594096,-5.492632865905762
5.35198813185094,-5.613870143890381
-12.53254789251529,0.3278217315673828
5.45103123545738,-2.4856932163238525
4.128157012788561,-6.852989673614502
-3.8590388668775,-4.333014488220215
7.36579899286375,4.642953872680664
-11.03094492075089,-7.343554496765137
8.017093587799739,-5.776899337768555
15.384553292915324,-4.925178527832031
2.79124989437018,-7.579410552978516
2.81101468536903,-6.113392353057861
-1.7237618714553775,-7.501731872558594
-2.202886656443709,-5.487704277038574
2.369358494612781,-6.6452789306640625
-11.30813578108209,-7.599507808685303
4.484288991501213,-5.130510330200195
-35.8165916579592,-7.57338285446167
-5.19085420781142,-7.636054515838623
2.86709961553106,-4.502603530883789
-4.349210006555943,-3.9113337993621826
5.029017096161708,-4.026159763336182
8.243548509216069,4.351391792297363
-2.6184282494780104,-3.4915857315063477
-5.527709296795018,-6.960444927215576
-52.7336020518746,-7.2919769287109375
6.07843040491799,0.899590253829956
-4.396710286499547,-6.050981044769287
6.6154810826822,-5.386236190795898
9.772192422094813,-6.760784149169922
2.099307195887115,-6.775297164916992
-12.414939844598162,-7.477970123291016
8.24149319055937,11.886699676513672
-1.5178355576616795,-0.43152332305908203
9.144089281431205,-0.8034534454345703
1.418014053180695,-6.863343238830566
-60.92137282626391,-6.427529811859131
5.61896917638109,-6.990442276000977
-4.96580172718434,-7.620788097381592
-24.4432878855492,-7.423080921173096
1.675381804264854,-7.012879371643066
-2.8447496930443927,-2.895540237426758
-1.059512617215007,-1.388719081878662
1.41805545618482,-7.361701011657715
-7.06329362397977,-7.479789733886719
9.400493271217616,-6.196047782897949
3.1327986373042376,6.709090232849121
4.097668935846943,-6.161500453948975
-4.01456885639382,-6.800046443939209
-2.260381023139061,-0.4460810422897339
-8.237627320974727,-7.408393383026123
-2.23616712442702,-6.160501480102539
-26.79502671025515,-7.1584153175354
-10.594900847222812,-6.245570182800293
4.509456424718162,0.16275715827941895
-22.9219832537164,-7.527660369873047
-6.2026319104393295,-6.71580696105957
-4.662511414401839,-7.538300037384033
-0.4503474699443348,3.1772944927215576
-21.5531296050118,-7.389100074768066
-39.7169735486916,-6.541957855224609
-6.13466459150186,-6.7685160636901855
6.093529951556334,8.957732200622559
-33.3004252633332,-7.672814846038818
-7.789052707582185,-2.352839946746826
-61.6890402284636,-6.261838912963867
-10.613183176373598,-7.107260704040527
-12.6203596574975,-7.365511894226074
-15.2234416939723,-5.460050106048584
3.42848617073407,-4.354792594909668
-50.4820483838523,-7.519011497497559
-71.7765711158932,-7.158651351928711
4.338369925074482,5.394516944885254
-34.0729170807354,-6.798100471496582
-10.285920522724917,-7.503406524658203
2.71808902854303,7.501087188720703
2.26767773086615,-7.550321578979492
0.3189015990893598,-5.504486083984375
-39.873530292237,-5.442383289337158
5.053393098685065,-7.582489013671875
-5.77665564868809,-6.551326751708984
-22.4462583852743,-7.479647159576416
-10.162041561092582,0.05865645408630371
8.70853787657841,-7.512346267700195
-3.73521146317182,0.0545196533203125
-1.3326443092463092,0.5831044912338257
-5.830142578087577,-7.670987129211426
-7.815562497274902,-6.7123589515686035
-20.7558388881914,-6.793559551239014
-1.03656181464744,-7.21144437789917
-3.930469946192945,-6.795649528503418
5.391699208755202,-7.328114032745361
7.2595381633228,-6.696056842803955
9.30630078585379,-5.8790388107299805
-3.77133000272187,-7.486856460571289
-42.936846127142296,-7.639653205871582
0.5211206139658471,-5.347684860229492
0.7345204104922589,-4.628273010253906
6.86106163750481,-5.3538031578063965
-21.61387508166409,-7.616329193115234
-24.577379709126298,-7.600698471069336
3.986867952152618,-5.098844051361084
-63.2346715672369,-7.602750778198242
4.55602013063716,-1.4816033840179443
-20.3623076046531,-6.864205837249756
8.678125432705007,0.6730337142944336
-2.1147225087047508,-6.832155227661133
-1.14890133483728,-2.928313732147217
3.7921116228684086,0.29919934272766113
-1.3811964732242277,-6.399409294128418
0.1752112379752922,-19.21192169189453
3.3452637215970498,-6.471060752868652
6.63109301847755,-8.44067096710205
-8.72128086410909,-8.507545471191406
-0.1160299782726794,1.1904191970825195
0.1119561526876595,-1.4530153274536133
11.877856996640997,2.9256205558776855
-3.2142130797467816,-7.311994552612305
-3.9552380984537248,-7.363099098205566
-1.593720937577549,-4.297768592834473
3.3899996482015826,-8.512691497802734
7.66334596528203,-8.354093551635742
2.60625970962018,-7.026808738708496
5.006519903780723,-5.993138313293457
-58.5527340809363,-6.252742290496826
3.776985072333982,-7.227121829986572
2.4866177573815964,-6.664388656616211
-0.6920482116816997,-1.9728407859802246
2.1747311895065486,-6.238431930541992
-13.14009076535719,-7.589136123657227
2.745769909533195,-1.6793627738952637
-10.626155896203898,0.7160568833351135
0.0548896546292299,-7.090247631072998
-69.1366966634013,-7.989934921264648
14.8508222506114,-7.987065315246582
-28.3488859938485,-8.44248104095459
0.6884341878779402,-5.675685405731201
12.566471603210276,-6.211994171142578
-5.472376660417956,-8.442130088806152
-2.1691769605730515,-8.298513412475586
-0.3887710448227697,-6.824193954467773
9.1356503291117,-8.048381805419922
4.93167956005568,-8.541177749633789
2.713132201978397,-5.8512420654296875
9.090654061652296,-8.415822982788086
1.741670982094262,-8.021865844726562
-5.89266438028177,-8.266521453857422
-1.130678948105339,-8.450845718383789
-46.587141393021525,-7.3528523445129395
4.366245372711767,-3.25687313079834
2.858782897786812,-4.318102836608887
2.53362859007723,-7.981485843658447
-1.7943154401891548,3.2572765350341797
-0.6435038581465955,6.826186180114746
5.99108205682079,-6.491868019104004
2.44728958086436,-8.102827072143555
1.5718362711845366,-7.847514629364014
-55.54568697318505,-6.1112189292907715
-9.231606713935047,-6.782066345214844
3.547124544521316,-7.884355068206787
-73.5286754265322,-8.135597229003906
0.2047767843086013,-8.048006057739258
-10.398648228661925,-8.39785385131836
-46.9980356488569,-8.45335578918457
-62.9031214125763,-8.493230819702148
-10.35739215730591,-6.1565351486206055
1.83593808226401,-6.663372993469238
7.827394642815597,-7.5127458572387695
-9.742168339465294,-7.587023735046387
-0.29408409265346,-8.250555038452148
-5.653435188749545,-5.771364212036133
-14.57002364123529,4.687662124633789
-18.1797235112709,-1.510174036026001
-5.45440876641342,-1.8168554306030273
8.596988309863011,-8.011373519897461
-5.493763326806099,-8.40364933013916
-8.393586343504198,-7.847723007202148
-3.963646539183849,-2.811823844909668
9.625121597198186,-8.5984525680542
-6.18357684414468,-3.9323537349700928
-3.41466344580097,-7.576241970062256
-4.03025121975644,-8.16174602508545
-2.66483863280114,-8.360499382019043
-0.190891674386513,-2.104198694229126
16.1850033157246,-5.506302833557129
-7.910003358009165,-7.288028240203857
-2.07861348348741,-7.716899871826172
12.331931266595111,-8.331771850585938
0.8825935384285006,-3.1427059173583984
-2.1789667599796294,-4.917261123657227
3.0307168501552093,-7.283260345458984
14.8229623836697,-8.018431663513184
6.795393661635613,-7.946353435516357
5.16750826555368,-8.572905540466309
-57.144820014625296,-7.772823810577393
6.167862854629888,-8.468598365783691
-2.698758931910008,3.089003562927246
1.289294757415069,-8.369842529296875
13.9692836454661,-7.768011569976807
-38.6438610292767,-7.140039443969727
-3.119647295186995,-7.883635520935059
-6.745372906074374,-8.32400131225586
-2.7468186065138984,-4.991715908050537
1.6198341998494314,-2.327641010284424
1.6646916021852596,1.0156373977661133
-7.87226820943855,-8.54980182647705
8.652061852316729,-7.706037998199463
2.4933992323843923,-8.621162414550781
2.35160533891099,-8.689330101013184
1.30779520720034,-6.254779815673828
-11.9965988914421,-1.8753724098205566
4.780848076735348,-2.1715025901794434
11.2728180991378,-8.612752914428711
0.7651079053562314,-2.3976802825927734
-10.6557437737239,-6.3727827072143555
3.27100049685324,-7.075584411621094
-5.2815921348029296,-7.933213710784912
-27.5445722402187,-7.8718695640563965
-2.683955047842884,-8.10843276977539
-43.929359067237,-8.366470336914062
-4.639593570653838,-2.1952383518218994
-14.7229944429405,-2.581934928894043
-5.00028834575103,-9.14996337890625
-1.2236747050651609,-6.631494045257568
-17.6830733389949,5.804934978485107
-9.979741434164584,-8.521852493286133
-0.2823200449385875,-6.888223171234131
-36.50577458359941,-8.469003677368164
-4.853312003098937,-8.8012113571167
-27.4476544011683,-6.278130531311035
-49.5120706514507,-7.9162917137146
1.2287673509824204,-7.748073101043701
9.503977484174175,-8.23426628112793
-5.5186956836840375,-6.7382493019104
-2.99361591491145,-7.894681453704834
7.99575647038201,-0.8899455070495605
11.7225687296843,-2.0632712841033936
6.987950206462267,-8.614213943481445
5.5273920092716775,-8.5180025100708
-7.19378137939456,-7.575451850891113
6.001532732018722,-7.073403358459473
7.92708077877978,-6.828286170959473
4.316615136301563,-3.625030517578125
0.1590569364430157,-3.3758578300476074
2.8348518495029404,-7.570045471191406
-46.6686841099013,-7.820261478424072
-0.8984319813221007,-4.228402137756348
4.30511943579503,-6.43350887298584
-3.36735139960915,-5.791487693786621
6.58117049992555,1.4002366065979004
6.753311816554961,-3.1782474517822266
-1.1091988250418725,-6.843053817749023
5.26551760771767,-7.494494915008545
-37.3999740396079,-6.781833171844482
-34.48768519828235,-7.506484508514404
-46.862925671502296,-0.5231872200965881
-1.19024715514191,1.2411391735076904
-1.4920816076829602,-4.755289077758789
-5.775806690181939,-6.267467498779297
-14.2382866820043,-6.766020774841309
1.3131129859732091,-6.730731964111328
13.1991243046288,-7.779281139373779
3.6035536346157695,-6.334537506103516
4.97603191479674,-6.62173318862915
2.9737175212081803,2.830639362335205
-35.1782981083837,-7.802181243896484
-10.480511156242285,-6.941133499145508
-0.3170472839931941,-7.6076531410217285
3.59745169898486,-4.622044563293457
-5.139364658294922,-7.201831817626953
-29.2662792150344,-3.2185096740722656
11.555346181601609,-5.914000034332275
3.7092867134231,-7.202263355255127
-0.7280966227290082,0.7890653610229492
0.9480162028997956,-3.072838306427002
-9.619042312244815,-7.747489929199219
-3.15562863494722,-5.632054328918457
7.285509446842615,-7.645430564880371
2.71319811317338,-7.810738563537598
1.026942322157092,-7.683920860290527
-4.65691689928222,-7.5986328125
-8.677497573270493,-7.17443323135376
14.3436638764016,-4.756742477416992
-11.8973420493851,-7.469118118286133
-6.61979034735207,-7.719056129455566
8.86280218600469,-5.537060737609863
-3.43040335892423,-5.960514545440674
0.4443344011282492,-7.013706207275391
2.6678241356197647,0.895930290222168
2.334382802629,-7.80217170715332
-13.8157551615103,-7.754072666168213
1.9007667723773176,-3.4028615951538086
-17.190033530139498,-7.269280910491943
3.88810032819938,-2.7764830589294434
1.2705701336207027,-5.969213485717773
3.887422638441485,-1.7192432880401611
10.349523074958825,1.1761322021484375
9.62907409316032,-5.66549825668335
0.7709161631446207,-3.375473976135254
2.3166834950764685,2.8009328842163086
2.76912169862866,-5.640266418457031
-46.2372447228831,-4.763596057891846
-37.0930621901092,-2.59039044380188
0.996650643215182,-7.742722511291504
-12.898019313824,-6.853109359741211
-0.71117494174041,-5.2237548828125
-0.5663484394051013,-5.2091803550720215
-12.4595255596924,-4.608129501342773
-0.6089836493556324,-4.552560806274414
6.92534745147092,-6.4546685218811035
3.320229681965675,-6.727034091949463
-10.274169876330886,-6.646683216094971
-49.062306315025,-6.116927623748779
-30.7261055182573,-6.986440181732178
22.7414116448382,-5.646554470062256
-0.9529303605806088,-6.505657196044922
-10.739322929783883,-6.880088806152344
-20.9507978903398,-6.324239730834961
-24.96156751119129,-6.447882652282715
14.9823899147147,-6.057861328125
-14.564555056626377,-6.382475852966309
1.907333647224608,-6.360862731933594
-1.178255647098801,-6.460529327392578
1.9806048133258944,-4.662181854248047
8.833837192566008,-6.21723747253418
-18.5255095356289,-7.071951866149902
3.010752586641185,-6.067234992980957
3.67041582610247,-6.697748184204102
-33.7845903951132,-6.340615749359131
-13.812973987503693,-5.899264335632324
-13.861300672159,1.8614187240600586
-26.24662901330595,-5.987056732177734
-1.61504571199055,-5.2175798416137695
8.754663680824095,5.755766868591309
3.22816419080692,-6.576455116271973
-2.0585753436264698,-6.530383110046387
-9.59094984812801,-7.017579078674316
6.02246857213521,-4.82578182220459
-4.11149235653684,-6.2172441482543945
-4.361976736345532,-5.7691192626953125
-2.4097304318056905,-5.268813133239746
4.967381413305823,-6.327000617980957
-11.9154244975033,-5.931895732879639
-11.183106529127476,-6.029326915740967
-2.3538192484503564,-6.353970527648926
-2.204579993178592,-4.933297157287598
-91.8886792382854,-6.778124809265137
3.2582764286422226,-5.385239601135254
9.859104788483815,-4.635530948638916
-2.6304973605131474,-6.404587745666504
8.398744223780918,-5.295190811157227
1.4955767028094,-4.044248580932617
6.720388221210122,-5.954347610473633
6.99756701325662,-2.731198787689209
12.966325580978296,-5.242587566375732
-22.8644313188967,-0.8080463409423828
-14.4731176558811,-6.213863372802734
-0.0918051514147744,-7.0405354499816895
0.9434331950199416,-5.468596458435059
7.877641553655238,-6.615231513977051
-27.1636490162131,-6.90792989730835
3.42669038506664,-6.896937370300293
0.31232235517322,-5.57024621963501
1.1848602197973823,-4.074974060058594
-5.822632503482525,-6.524953842163086
-2.989164004622407,-6.944057464599609
1.69213972357191,1.030827522277832
-0.89184437235696,1.963787317276001
2.446050707651698,-5.18180513381958
5.07108724357905,-7.455617904663086
5.42147270471237,-2.9479238986968994
-2.20364176327536,-5.378422737121582
3.08443697315444,-5.862868309020996
-5.97248436581227,-7.260714054107666
-1.0190872666435924,-4.7420549392700195
-14.885807229381896,-5.938036918640137
0.046018285265003,-5.938652515411377
6.00089213826483,-7.364448547363281
-1.4680391508473674,-7.140845775604248
-49.8653288018085,-7.537508964538574
-7.283890318199592,-7.70033073425293
3.6053774296538297,2.696338653564453
6.364261125349779,-2.252171516418457
-51.4043293278057,-6.070423126220703
-64.65676531723692,-6.196401119232178
-26.1965705632023,-3.8337302207946777
2.63157412115867,-7.186416149139404
16.694612728237402,-7.522018909454346
-17.0314498829154,-7.199222087860107
-58.40351531723695,-7.034958839416504
-15.3173389528898,-5.1610870361328125
-6.613686761665703,-7.5541839599609375
-39.0646563811545,-6.453693389892578
0.809697096857583,-1.574751377105713
0.4685622181175212,-4.761495113372803
-6.376202369524528,-6.665510177612305
-14.434457477598505,-5.117387294769287
-26.0047332498617,-7.189863681793213
-17.5801214502402,-6.612142562866211
-2.60072537807549,-3.0375471115112305
7.184930267876617,-5.827574253082275
0.555665600488549,1.7998027801513672
8.747205755218493,-6.734493255615234
-2.289513933263135,-6.788191795349121
3.8009101564042025,-6.576019287109375
-1.67197513843126,-7.257800579071045
-15.746453943284,-7.52791690826416
