Score,Pred Score
4.219145585451182,-2.7394275665283203
-2.588665914009158,-6.472999572753906
-3.0703466753296,-2.8286056518554688
2.1112971208509976,1.654952049255371
-19.1693792779686,-5.438661575317383
-0.9096556467231308,-1.3850326538085938
-5.316952415477393,-4.034219264984131
-5.39913759737588,-2.627124309539795
6.1026124307435,-0.8156524896621704
-1.6005087696864486,-4.579235076904297
-51.6773231694491,-33.94860076904297
0.51700222845629,-5.247148513793945
-1.6521884315998507,-1.45306396484375
2.11024229353816,3.9529895782470703
17.2594267615487,5.692410945892334
-1.73607437190069,-0.5008325576782227
-5.77436797253085,-1.9226443767547607
-0.568998602339841,-1.3683995008468628
-1.289264920121349,-4.708573818206787
-14.1813773041305,-23.45172691345215
-3.31847606547329,-1.615449070930481
11.710679650337616,-6.464907169342041
2.046344769010002,-6.0944719314575195
-2.77042962989298,-6.073604583740234
9.014890317831036,-5.50240421295166
2.726862934921635,2.653646469116211
-3.4922781726655696,-5.7638444900512695
1.292753014965791,0.09685301780700684
8.16191414696451,3.0128772258758545
-8.251107402184557,-5.044599533081055
7.262818938793504,-5.488595008850098
4.14054171285972,-6.063918590545654
-13.546032832554804,-3.735417366027832
-16.8307740899425,-1.8215765953063965
-0.2642143205483515,0.9209296703338623
-6.135426654744688,-2.364112377166748
-7.187555808667961,-5.338401794433594
8.149714042401495,1.0388777256011963
-6.426376983867103,-4.2256550788879395
13.9953943577381,1.3623087406158447
-6.31868596379813,2.620748281478882
5.321680837772678,0.31139588356018066
11.9978624338519,-5.2519378662109375
7.909526276907584,-11.553783416748047
7.206977941743588,-3.6178016662597656
-7.378812419643663,-0.8412659168243408
0.2475632146873464,3.0145535469055176
12.7359625054994,3.105070114135742
5.220668557811489,-3.729196071624756
1.3318185914773402,-0.5048502683639526
2.776867734737273,-1.8557190895080566
-27.8178569354009,-32.42547607421875
-4.20883890972707,-1.117063045501709
2.78743688363977,5.7663164138793945
-9.657849716236,-33.50455093383789
4.071661498679735,2.0743484497070312
-10.586292641023492,-1.7022172212600708
2.578081311550471,-2.462178945541382
-42.2483635713802,-18.01465606689453
8.204494762209066,-5.3573784828186035
18.5317724911246,8.130241394042969
6.097122298913325,-5.510677337646484
-11.299328727708405,-1.7215632200241089
-6.22433036882608,-2.4831695556640625
3.12612254618191,3.9543652534484863
8.756217929094177,7.7210493087768555
-1.757118944268968,-32.1000862121582
-51.402683514636095,-38.671722412109375
-2.13735826282737,1.2760047912597656
8.88265541550952,1.5514109134674072
5.58846482112586,1.2444841861724854
7.383552345763623,-1.1384955644607544
10.229168329440906,-5.398228645324707
-17.4030551064212,-8.350553512573242
2.204062447972561,-5.317401885986328
-3.195242757261453,8.11284065246582
-36.8822022827233,-31.002582550048828
3.812227003524945,-2.2616100311279297
-6.89310310865277,-3.8890562057495117
-2.85382252753121,-4.9890265464782715
-7.42349600405968,-7.822092533111572
4.398848813602776,4.00245475769043
-68.1959205924323,-26.92072296142578
-3.773219093074008,-5.058499336242676
8.453421074249384,5.839319229125977
-62.9612541332419,-29.760665893554688
2.97844031586002,4.511102199554443
-5.800670766453999,-5.757932662963867
2.409764321136161,0.32147812843322754
-1.6610011043127195,-0.558501660823822
1.39259946716825,-0.2712063789367676
-5.785469568057495,-35.346988677978516
10.468583156479704,3.237002372741699
0.8267526169764301,-5.5819411277771
-0.4271227388875901,-2.995716094970703
-5.85807143580148,-4.577297210693359
-2.67676896274171,0.8394994735717773
-3.11888044241469,-5.2632269859313965
6.71098989067457,15.826821327209473
6.429854346358795,10.43931770324707
-6.897600670415837,-5.714726448059082
-16.4910721624856,-21.167461395263672
-3.057699221935841,12.314234733581543
-17.6906096863185,-37.275482177734375
0.1461877509898399,-5.184340953826904
-3.01321716593974,-0.5745247602462769
-15.0412339008878,-0.046895623207092285
-3.60075442831331,-2.3360414505004883
12.5056328567953,-1.7655339241027832
-13.8996269060666,-1.4480611085891724
5.265272900492549,-1.2877211570739746
12.283123760680592,0.08761286735534668
-2.54688332955635,-3.930048942565918
11.579228393987275,1.3347991704940796
-0.3284521577656807,-5.414958953857422
-2.33292598982445,-3.0394859313964844
-0.1058882282985149,-1.5726573467254639
-2.4461467814868523,-30.18753433227539
-41.8026500314277,-6.244070053100586
4.417989059347175,-3.521738290786743
-40.2101205720394,-3.4345736503601074
-14.277645616907492,-4.157668113708496
3.29681579894721,2.7669317722320557
-0.7012610501602399,-4.84431791305542
8.463248256721428,-2.338575839996338
-2.491707941339629,-8.06395149230957
4.867927463076468,-2.048664093017578
-1.876637029070265,-9.872737884521484
-12.955988512618,-36.5542106628418
-7.75971004909346,-0.5626909136772156
4.67424026120176,4.33658504486084
-7.08434802004719,-1.890625238418579
-6.19730890695259,1.0856122970581055
-0.1240821746904601,-1.7049827575683594
4.069163600073605,-2.9755547046661377
-1.77750068778882,-2.127716064453125
1.8601156760560384,-5.347402095794678
-10.8237586662752,-31.07530975341797
-50.1674018945849,-39.09490203857422
-5.8677981963370005,-4.596187114715576
-24.4869919201538,-14.382331848144531
-12.281506448986304,-0.9637748599052429
-5.8772631055401,-6.151370048522949
-0.1639564470097907,3.7516400814056396
4.17561229224804,2.2409963607788086
2.77922195660905,-3.297718048095703
-3.454798154796729,-0.4832570552825928
7.692941411907634,-0.5197486877441406
-2.390619984667185,-2.0797338485717773
-33.1832620874725,-33.4912223815918
-18.23432595343749,-6.822107315063477
5.29419053806362,-1.5237327814102173
-77.3623903172369,-28.071971893310547
15.4985727759109,11.783381462097168
7.73570234615748,-9.427047729492188
-9.325981865786185,-5.382872581481934
-9.72499716390718,-5.360695838928223
13.309934514349203,9.371044158935547
2.264898495983479,-6.6229329109191895
-12.0320822507053,-7.1015753746032715
-2.56542276271332,-2.3451366424560547
7.196532980977684,-6.175786018371582
-1.857666460494741,-2.6860954761505127
-1.4872271509121793,-0.38461822271347046
-3.12013961477547,-2.248762607574463
2.6303171850506604,-2.4528279304504395
-60.49569009623433,-37.986331939697266
-30.3377383335249,-27.4325008392334
1.0590749185315824,1.7084987163543701
-6.929951553081727,-0.3030860424041748
-8.46093254820262,0.6717677116394043
2.461922216333884,-2.1162407398223877
4.5031585012656095,-4.479848861694336
4.435147085081137,4.1307525634765625
-2.88087637063392,-4.725331783294678
-1.5082203021212124,-4.3679399490356445
-0.6579761516790089,-6.3298845291137695
3.719171936095444,0.515455424785614
-2.6053130644292946,-0.9704781770706177
7.276768036701751,7.321011543273926
5.29091659278858,-1.8362760543823242
-1.0659561461183158,-1.518113613128662
15.4186986077963,5.982212543487549
7.543407488617369,6.049480438232422
9.58062385928767,0.036502838134765625
0.2570808252882703,-6.452948570251465
8.13893448615947,0.1605696678161621
-5.14141487663266,-11.695655822753906
-16.517773128145326,-5.589198112487793
0.7364260970712593,3.2163331508636475
4.25311060075082,-5.452078819274902
-25.4508968849616,-3.556136131286621
-1.9051378030600723,0.352588415145874
5.506094216928792,-2.6305737495422363
-0.1777753404752198,2.0575246810913086
16.9349100756105,6.734232425689697
-11.607028837624,-5.778227806091309
-1.2671721747064446,-34.541748046875
-16.1535771788668,-18.674551010131836
8.143116180793372,-8.626083374023438
7.078924552126015,-0.4480125904083252
0.2886204877907422,-2.4851772785186768
16.4171583068458,3.643869638442993
-44.7886924625105,-42.548004150390625
-7.726553411266567,-8.82479476928711
4.065326821312747,-2.7660574913024902
2.12749125232924,-40.453922271728516
9.06213659212517,8.681421279907227
-4.51305804704249,-22.25265121459961
4.28301459624688,-2.4580183029174805
-7.211196994815285,-36.726036071777344
-58.4491138315396,-18.922718048095703
-0.5413656534735456,-9.835161209106445
3.24770439300306,2.6892378330230713
-0.6472060937938101,-1.7305110692977905
-1.93656353174353,-1.071043848991394
-1.94666134980912,-10.040131568908691
-0.670930828719279,-28.180768966674805
17.1612744381531,9.656364440917969
-8.044482691931467,-11.050024032592773
16.9968892380515,10.938566207885742
3.62056380925444,-2.9760138988494873
4.07090957771029,-2.2456912994384766
-1.0680791130593923,-2.8652400970458984
4.69437535963172,-2.762789011001587
0.3837795244341289,1.8568403720855713
0.6681105368389735,0.3644176721572876
-8.08045020128908,-2.4096591472625732
-42.6579269422049,-19.13564682006836
-30.89708550466269,-43.33950424194336
-1.1617148968623687,-10.133047103881836
6.46185690649625,-3.1081366539001465
8.658679095048068,-2.3986644744873047
-0.1898191226144924,-4.732631683349609
6.457932781589695,1.6551642417907715
-33.7712071062874,-24.116252899169922
-4.786538605318405,-3.2870121002197266
-13.5632540546311,-40.2253532409668
-82.13826531723697,-7.154623508453369
-3.0453156276270903,-5.311002731323242
6.430237727930085,-0.4156956672668457
5.31082796058257,0.7617413997650146
-70.65073406723695,-33.510284423828125
4.71112087372323,-5.3600873947143555
-10.78700495517378,-0.08632975816726685
-6.055427015859325,-5.776054382324219
-16.475900892606802,-2.7670533657073975
-2.487076105276776,-9.560344696044922
-48.3858044800915,-41.65509033203125
5.893700156574014,2.031682014465332
-47.9957157156951,-32.70268249511719
-1.511416195100045,-30.907564163208008
-7.071587649042333,-5.281237602233887
-0.3550158381598589,3.6980111598968506
-17.0078420331655,-40.11517333984375
10.3189652047012,-1.7211616039276123
8.829561804598438,-0.09196528792381287
10.909208084253878,4.832659721374512
-2.25262466719878,1.0758345127105713
0.7445982178878973,-9.586227416992188
-4.813871520282443,7.545887470245361
2.85060083445348,4.48694372177124
-2.54595208771381,7.137399673461914
-8.692928400841772,-2.9362576007843018
16.618750626525,3.8239240646362305
7.37064384347005,0.48333263397216797
-6.81516141534704,-4.47882080078125
-10.386374558578522,-5.14899206161499
3.73205068567752,5.455841064453125
-6.40442742836347,-1.0659598112106323
1.74273211890989,-5.990684509277344
-7.920344649869953,-26.974536895751953
-9.28527551691871,-1.9702601432800293
1.51502173443586,3.1757256984710693
-90.3299705619704,-39.08970642089844
-6.512385872303066,-7.119256019592285
0.7982616963508231,-2.251821517944336
15.8859560938761,9.011816024780273
-23.227454082363305,-38.69735336303711
5.4465900456679694,7.625693321228027
-13.2494383747796,-0.8203988075256348
-2.3458288386735573,-2.7507364749908447
-1.5403494549472296,-3.793818712234497
-2.941164138388841,-0.642469048500061
-14.6311710829416,-18.857471466064453
-4.81834176383161,-2.4267120361328125
-4.03806373695381,-2.262718677520752
0.4076170529080399,-5.545320987701416
-34.8552692363716,-0.05677008628845215
-25.0659802428987,1.4932814836502075
-5.8684323426223,2.3846077919006348
0.6771989561182002,-0.325374960899353
-14.6157572128631,-39.0049934387207
5.344594984386832,2.0787367820739746
-4.75101729862813,-1.1611872911453247
-89.5439156156453,-38.9116096496582
-1.207429910073891,3.2186169624328613
13.667582002208905,3.25445818901062
-82.4887013651952,-28.96335220336914
4.40921359309415,0.6525031328201294
-19.923371510770203,-5.329583168029785
-4.665207913971671,-3.324946165084839
3.42106467876526,-2.9627726078033447
-39.0956747424042,-14.694180488586426
-10.288292260688207,-0.4932689070701599
2.3067635611900137,-0.8154187202453613
-4.92782811871599,-0.6744495630264282
10.292368565007404,7.330061912536621
-8.184373188662292,-34.63597869873047
-4.763634360062484,-9.500110626220703
-2.40000424902785,-2.70967435836792
5.009535132419683,-6.221712112426758
-22.2455703021075,-32.73537063598633
3.987299411465438,-3.3738412857055664
-38.4962238749225,-36.45404052734375
-44.9949251983702,-11.100327491760254
-1.378759213278819,-3.759126901626587
8.07102955700163,4.708024501800537
1.055995951979529,1.5593184232711792
2.188685633501576,9.168241500854492
1.0880788430276551,6.305144309997559
-0.2898522089969393,-5.699796676635742
-3.790702882666694,-5.29489803314209
-7.940842049461227,-5.040687561035156
4.398742241377427,-2.5803403854370117
2.5565427438131976,-5.402238368988037
4.123908949931413,1.1924493312835693
-76.9668504799361,-9.620109558105469
-14.1325019191809,-30.322044372558594
7.960789166364423,6.608534812927246
0.4423212163888063,-2.6695313453674316
2.63206586722876,-2.3615002632141113
3.1988276731025875,-1.6151096820831299
-1.6552655274048038,-2.5197625160217285
8.077984978184695,-5.1177659034729
-13.790764753514,-8.816690444946289
2.13745295521649,0.8890409469604492
3.0897024917955025,-1.2164075374603271
-0.3530077955256401,-1.4479655027389526
-7.639409008216227,-0.03757059574127197
2.765011277030255,0.6851658821105957
3.557691046156,0.34280121326446533
4.00031385473591,-5.370144367218018
-55.7541546140486,-39.73046112060547
9.550892694239591,7.524160385131836
1.775572054007981,-5.130736351013184
-2.248378586620203,-5.074459075927734
-56.2560888739038,-43.30518341064453
-2.5590885431480426,-3.1505181789398193
-40.5029244010595,-30.140661239624023
-30.8171784242839,-3.1555099487304688
2.679404112105611,-0.5913015604019165
2.76740193393285,-2.1100120544433594
-11.341527235964405,-0.4694380760192871
-3.448025235667948,-36.13713073730469
-0.0780407432645869,-1.3941396474838257
11.616605850275496,0.4685673713684082
9.179556151687803,3.2613956928253174
7.190050317883171,-1.5521807670593262
-39.4932668903457,-5.3137712478637695
-2.306526469902426,3.079864501953125
0.5403453062071405,0.052185654640197754
-23.6042929930625,-31.131546020507812
-4.172986764275874,-1.9442837238311768
0.5394390329931549,-1.9723899364471436
5.84905996845087,-5.9518938064575195
-22.9515728231767,-1.27654230594635
-3.134999611446543,0.1334536373615265
-6.066411004621831,-4.689163684844971
2.24572304437811,-6.683407783508301
-70.8116033690518,-3.6218457221984863
0.3224388648416145,-1.3989191055297852
4.755697845162629,4.403058052062988
1.7336328627834918,-4.992712020874023
3.939818822274421,-0.23515033721923828
6.09033976794457,2.2157468795776367
6.4251548431743295,-7.340808868408203
-6.47138721063866,-7.196059703826904
-0.0379657812584102,4.019546031951904
4.4105627388370605,-3.3695216178894043
2.3065604778561424,1.9792488813400269
7.588764503474316,-1.704209804534912
-24.3954295810688,-3.798772096633911
7.380729755239978,-4.736767768859863
5.978124919049687,-0.013142585754394531
0.7860328468455551,6.47950553894043
-44.1817825469333,-42.44943618774414
3.58036180553514,0.2633790969848633
3.33951124606136,3.0112576484680176
-6.79658968512302,-3.501255989074707
3.7347243087796,-4.501293659210205
4.76541245752904,1.6509038209915161
8.922207576391518,-6.9988603591918945
-11.864177458483407,-1.9680523872375488
1.166748445159433,2.2288246154785156
-25.781275563237,-10.375478744506836
4.179707781567577,1.3149389028549194
-1.073248118887358,-4.003920555114746
1.7249239205326918,-1.242072582244873
-81.52648016021857,-10.210227966308594
13.015759276594096,1.8323249816894531
5.35198813185094,-2.0216121673583984
-12.53254789251529,-1.3749804496765137
5.45103123545738,-2.4136061668395996
4.128157012788561,-1.3863519430160522
-3.8590388668775,-2.286935329437256
7.36579899286375,2.0908260345458984
-11.03094492075089,-34.1414909362793
8.017093587799739,9.44565486907959
15.384553292915324,-32.08782958984375
2.79124989437018,-6.452298641204834
2.81101468536903,0.5252835750579834
-1.7237618714553775,-2.3116776943206787
-2.202886656443709,-4.2154669761657715
2.369358494612781,5.436239242553711
-11.30813578108209,-6.994941234588623
4.484288991501213,0.7563009262084961
-35.8165916579592,-31.249637603759766
-5.19085420781142,-6.425839900970459
2.86709961553106,-2.736844539642334
-4.349210006555943,0.46325376629829407
5.029017096161708,1.909374475479126
8.243548509216069,6.006190776824951
-2.6184282494780104,0.2882007956504822
-5.527709296795018,-5.561611175537109
-52.7336020518746,-19.108104705810547
6.07843040491799,3.004977226257324
-4.396710286499547,-3.5471043586730957
6.6154810826822,12.203015327453613
9.772192422094813,-22.504375457763672
2.099307195887115,-4.101764678955078
-12.414939844598162,-5.815617084503174
8.24149319055937,-0.3751664161682129
-1.5178355576616795,-1.385151982307434
9.144089281431205,3.7077178955078125
1.418014053180695,-2.0826852321624756
-60.92137282626391,-26.944316864013672
5.61896917638109,6.513222694396973
-4.96580172718434,-10.07107925415039
-24.4432878855492,-6.605566501617432
1.675381804264854,-1.5197194814682007
-2.8447496930443927,-0.7646571397781372
-1.059512617215007,4.540791988372803
1.41805545618482,4.5486741065979
-7.06329362397977,-5.29718017578125
9.400493271217616,1.270957589149475
3.1327986373042376,10.151826858520508
4.097668935846943,3.1222236156463623
-4.01456885639382,-5.164660930633545
-2.260381023139061,-2.0605597496032715
-8.237627320974727,-27.759593963623047
-2.23616712442702,3.0518152713775635
-26.79502671025515,-33.577213287353516
-10.594900847222812,-26.099306106567383
4.509456424718162,7.9268903732299805
-22.9219832537164,-14.118098258972168
-6.2026319104393295,-30.504350662231445
-4.662511414401839,-4.972623348236084
-0.4503474699443348,-2.391477584838867
-21.5531296050118,-23.189590454101562
-39.7169735486916,-4.927502632141113
-6.13466459150186,-7.929812431335449
6.093529951556334,0.7986435890197754
-33.3004252633332,-6.089909553527832
-7.789052707582185,2.724674701690674
-61.6890402284636,-19.156179428100586
-10.613183176373598,-5.487610816955566
-12.6203596574975,-20.440567016601562
-15.2234416939723,-4.467350482940674
3.42848617073407,3.758777618408203
-50.4820483838523,-13.815816879272461
-71.7765711158932,-14.120464324951172
4.338369925074482,0.487149715423584
-34.0729170807354,-34.11021423339844
-10.285920522724917,-4.927709579467773
2.71808902854303,3.0360403060913086
2.26767773086615,-5.12595272064209
0.3189015990893598,-9.00348949432373
-39.873530292237,-17.343929290771484
5.053393098685065,-4.921525001525879
-5.77665564868809,-3.748088836669922
-22.4462583852743,-30.76803207397461
-10.162041561092582,-31.06914710998535
8.70853787657841,-4.972476959228516
-3.73521146317182,-7.472713470458984
-1.3326443092463092,-29.180952072143555
-5.830142578087577,-5.05935001373291
-7.815562497274902,-3.0617780685424805
-20.7558388881914,-4.862116813659668
-1.03656181464744,-4.772875785827637
-3.930469946192945,-5.819221496582031
5.391699208755202,-2.7021408081054688
7.2595381633228,5.568763732910156
9.30630078585379,5.000144958496094
-3.77133000272187,-5.9663286209106445
-42.936846127142296,-29.968955993652344
0.5211206139658471,-1.8739491701126099
0.7345204104922589,-1.220898985862732
6.86106163750481,-0.06824302673339844
-21.61387508166409,-30.61322784423828
-24.577379709126298,-34.312538146972656
3.986867952152618,1.1730523109436035
-63.2346715672369,-35.80648422241211
4.55602013063716,0.34754157066345215
-20.3623076046531,-5.583896636962891
8.678125432705007,6.043790817260742
-2.1147225087047508,3.675856590270996
-1.14890133483728,9.222589492797852
3.7921116228684086,1.1984062194824219
-1.3811964732242277,-4.798010349273682
0.1752112379752922,5.893543243408203
3.3452637215970498,-2.649545669555664
6.63109301847755,-6.5949835777282715
-8.72128086410909,-31.967885971069336
-0.1160299782726794,-0.14308547973632812
0.1119561526876595,1.6490087509155273
11.877856996640997,4.0925092697143555
-3.2142130797467816,0.41878241300582886
-3.9552380984537248,-4.531595230102539
-1.593720937577549,-1.7186675071716309
3.3899996482015826,-6.703743934631348
7.66334596528203,-5.489078998565674
2.60625970962018,4.598870277404785
5.006519903780723,-1.8882752656936646
-58.5527340809363,-8.077978134155273
3.776985072333982,-3.5175750255584717
2.4866177573815964,1.2058749198913574
-0.6920482116816997,-3.601339340209961
2.1747311895065486,6.296419143676758
-13.14009076535719,-39.28598403930664
2.745769909533195,2.1085729598999023
-10.626155896203898,-2.5033552646636963
0.0548896546292299,2.455101728439331
-69.1366966634013,-39.8400764465332
14.8508222506114,5.822159767150879
-28.3488859938485,-34.0251579284668
0.6884341878779402,0.5195731520652771
12.566471603210276,5.4198198318481445
-5.472376660417956,-5.00460147857666
-2.1691769605730515,-5.365483283996582
-0.3887710448227697,0.23915481567382812
9.1356503291117,3.3445839881896973
4.93167956005568,-5.665934085845947
2.713132201978397,2.881114959716797
9.090654061652296,-10.612714767456055
1.741670982094262,-2.0812249183654785
-5.89266438028177,-6.88897180557251
-1.130678948105339,-6.696880340576172
-46.587141393021525,-40.238304138183594
4.366245372711767,9.368008613586426
2.858782897786812,0.06596183776855469
2.53362859007723,-2.97810959815979
-1.7943154401891548,-0.5558462142944336
-0.6435038581465955,-1.8794748783111572
5.99108205682079,-6.400783538818359
2.44728958086436,-8.085960388183594
1.5718362711845366,3.3712072372436523
-55.54568697318505,-33.184959411621094
-9.231606713935047,-1.4586681127548218
3.547124544521316,-24.784950256347656
-73.5286754265322,-5.189715385437012
0.2047767843086013,4.2936859130859375
-10.398648228661925,-7.030581474304199
-46.9980356488569,-8.054840087890625
-62.9031214125763,-37.4000244140625
-10.35739215730591,3.1066746711730957
1.83593808226401,10.956056594848633
7.827394642815597,7.541254043579102
-9.742168339465294,-4.960423469543457
-0.29408409265346,-3.2193524837493896
-5.653435188749545,4.161435127258301
-14.57002364123529,-33.09658432006836
-18.1797235112709,0.9201428294181824
-5.45440876641342,-4.109837532043457
8.596988309863011,0.5094238519668579
-5.493763326806099,-7.027234077453613
-8.393586343504198,-2.2430880069732666
-3.963646539183849,8.706755638122559
9.625121597198186,-5.266074180603027
-6.18357684414468,-1.731865406036377
-3.41466344580097,-1.1156907081604004
-4.03025121975644,-4.388306617736816
-2.66483863280114,-3.9311070442199707
-0.190891674386513,-0.3796347379684448
16.1850033157246,7.019165992736816
-7.910003358009165,-2.40982723236084
-2.07861348348741,-3.7761926651000977
12.331931266595111,3.730703353881836
0.8825935384285006,-3.0051093101501465
-2.1789667599796294,-2.991990566253662
3.0307168501552093,-2.1272411346435547
14.8229623836697,7.814542770385742
6.795393661635613,6.047731876373291
5.16750826555368,-5.419061660766602
-57.144820014625296,-23.511417388916016
6.167862854629888,-6.498465061187744
-2.698758931910008,-3.2428760528564453
1.289294757415069,-1.9476370811462402
13.9692836454661,-1.8562359809875488
-38.6438610292767,-25.768383026123047
-3.119647295186995,-6.744645118713379
-6.745372906074374,-6.848384857177734
-2.7468186065138984,-2.503046751022339
1.6198341998494314,1.1532845497131348
1.6646916021852596,6.837827682495117
-7.87226820943855,-5.532844543457031
8.652061852316729,-0.5222136974334717
2.4933992323843923,-5.642437934875488
2.35160533891099,-5.1461381912231445
1.30779520720034,-3.818232536315918
-11.9965988914421,2.145399570465088
4.780848076735348,-3.1489851474761963
11.2728180991378,-0.8737351894378662
0.7651079053562314,-0.9744529724121094
-10.6557437737239,-12.828424453735352
3.27100049685324,-4.933663368225098
-5.2815921348029296,-1.2130553722381592
-27.5445722402187,-27.517221450805664
-2.683955047842884,1.2473034858703613
-43.929359067237,-33.031761169433594
-4.639593570653838,-2.9554436206817627
-14.7229944429405,-7.630978584289551
-5.00028834575103,-4.175715923309326
-1.2236747050651609,-4.356993198394775
-17.6830733389949,-2.5291411876678467
-9.979741434164584,-6.86781120300293
-0.2823200449385875,-4.258437633514404
-36.50577458359941,-6.1596503257751465
-4.853312003098937,-24.66305923461914
-27.4476544011683,-32.32572937011719
-49.5120706514507,-38.809715270996094
1.2287673509824204,-2.3470680713653564
9.503977484174175,1.466784954071045
-5.5186956836840375,-4.658363342285156
-2.99361591491145,1.233978033065796
7.99575647038201,-3.8135578632354736
11.7225687296843,5.394023895263672
6.987950206462267,-5.638913154602051
5.5273920092716775,-25.074790954589844
-7.19378137939456,-5.133251190185547
6.001532732018722,5.131923198699951
7.92708077877978,1.3556063175201416
4.316615136301563,1.4214627742767334
0.1590569364430157,0.1928473711013794
2.8348518495029404,-5.613825798034668
-46.6686841099013,-37.19135665893555
-0.8984319813221007,0.8027216792106628
4.30511943579503,-3.1659274101257324
-3.36735139960915,-3.9046781063079834
6.58117049992555,7.898320198059082
6.753311816554961,0.5832757949829102
-1.1091988250418725,0.006596088409423828
5.26551760771767,-2.483787775039673
-37.3999740396079,-22.25405502319336
-34.48768519828235,-7.893851280212402
-46.862925671502296,-32.16265106201172
-1.19024715514191,-3.3677518367767334
-1.4920816076829602,-4.512181282043457
-5.775806690181939,-3.8694305419921875
-14.2382866820043,7.056641578674316
1.3131129859732091,-3.258007287979126
13.1991243046288,-5.633234024047852
3.6035536346157695,-2.3934454917907715
4.97603191479674,-1.885288119316101
2.9737175212081803,1.4021592140197754
-35.1782981083837,-15.488045692443848
-10.480511156242285,-31.532608032226562
-0.3170472839931941,-6.086647987365723
3.59745169898486,1.5685466527938843
-5.139364658294922,-2.175100326538086
-29.2662792150344,-5.860317230224609
11.555346181601609,9.497698783874512
3.7092867134231,5.504107475280762
-0.7280966227290082,-4.396414279937744
0.9480162028997956,8.379989624023438
-9.619042312244815,-14.569450378417969
-3.15562863494722,1.5801562070846558
7.285509446842615,-5.499785423278809
2.71319811317338,-5.683193206787109
1.026942322157092,-2.767801523208618
-4.65691689928222,-5.661238670349121
-8.677497573270493,-8.75993537902832
14.3436638764016,-1.856066107749939
-11.8973420493851,-5.816891670227051
-6.61979034735207,-4.486610412597656
8.86280218600469,6.071194171905518
-3.43040335892423,-5.018883228302002
0.4443344011282492,-2.2617077827453613
2.6678241356197647,-2.7020678520202637
2.334382802629,-5.311168670654297
-13.8157551615103,-8.812714576721191
1.9007667723773176,1.3694703578948975
-17.190033530139498,-3.287034749984741
3.88810032819938,-3.7173619270324707
1.2705701336207027,1.7982698678970337
3.887422638441485,1.816389560699463
10.349523074958825,-3.646648406982422
9.62907409316032,-0.4684641361236572
0.7709161631446207,0.04010462760925293
2.3166834950764685,0.2511253356933594
2.76912169862866,0.4395408630371094
-46.2372447228831,-29.409046173095703
-37.0930621901092,-4.446974754333496
0.996650643215182,-4.711602210998535
-12.898019313824,-26.050817489624023
-0.71117494174041,-2.128291606903076
-0.5663484394051013,2.6387622356414795
-12.4595255596924,-5.087396621704102
-0.6089836493556324,0.9125849008560181
6.92534745147092,-3.1306591033935547
3.320229681965675,-3.736967086791992
-10.274169876330886,-6.058399200439453
-49.062306315025,-24.01653480529785
-30.7261055182573,-38.181846618652344
22.7414116448382,3.2083580493927
-0.9529303605806088,2.460455894470215
-10.739322929783883,-5.730072021484375
-20.9507978903398,-45.99405288696289
-24.96156751119129,-33.40345001220703
14.9823899147147,-2.24365234375
-14.564555056626377,-5.447878837585449
1.907333647224608,-2.9069368839263916
-1.178255647098801,-2.2808732986450195
1.9806048133258944,-9.465913772583008
8.833837192566008,6.2353410720825195
-18.5255095356289,-35.0895881652832
3.010752586641185,-10.410408973693848
3.67041582610247,-3.5094995498657227
-33.7845903951132,-36.15760040283203
-13.812973987503693,-2.429213762283325
-13.861300672159,-4.100764274597168
-26.24662901330595,-43.26897430419922
-1.61504571199055,-3.5947091579437256
8.754663680824095,7.145223617553711
3.22816419080692,1.9664191007614136
-2.0585753436264698,-4.145384788513184
-9.59094984812801,-30.183841705322266
6.02246857213521,-3.4844613075256348
-4.11149235653684,-29.69567108154297
-4.361976736345532,-3.6852073669433594
-2.4097304318056905,-3.9159224033355713
4.967381413305823,-2.995181083679199
-11.9154244975033,-2.8772382736206055
-11.183106529127476,2.69991135597229
-2.3538192484503564,-2.699422597885132
-2.204579993178592,-1.8145229816436768
-91.8886792382854,-6.021953582763672
3.2582764286422226,1.465490460395813
9.859104788483815,-1.8466393947601318
-2.6304973605131474,-0.7757552862167358
8.398744223780918,-9.258089065551758
1.4955767028094,2.789867877960205
6.720388221210122,3.41054630279541
6.99756701325662,1.2535998821258545
12.966325580978296,1.2813645601272583
-22.8644313188967,-1.5578386783599854
-14.4731176558811,-2.693765878677368
-0.0918051514147744,-5.029219627380371
0.9434331950199416,-5.335276126861572
7.877641553655238,3.9448137283325195
-27.1636490162131,-5.316751480102539
3.42669038506664,-3.2213594913482666
0.31232235517322,6.814796447753906
1.1848602197973823,1.7477238178253174
-5.822632503482525,-0.4417126178741455
-2.989164004622407,-26.961681365966797
1.69213972357191,4.24580717086792
-0.89184437235696,3.8600635528564453
2.446050707651698,-2.8064169883728027
5.07108724357905,-6.773726463317871
5.42147270471237,0.5113523006439209
-2.20364176327536,-0.39099305868148804
3.08443697315444,-4.8646697998046875
-5.97248436581227,-3.6173174381256104
-1.0190872666435924,-1.2813758850097656
-14.885807229381896,-5.130655288696289
0.046018285265003,-9.953536987304688
6.00089213826483,-1.7415958642959595
-1.4680391508473674,0.63081955909729
-49.8653288018085,-35.798465728759766
-7.283890318199592,-12.456995964050293
3.6053774296538297,0.5323123931884766
6.364261125349779,-1.7170748710632324
-51.4043293278057,-32.06684875488281
-64.65676531723692,-34.88258361816406
-26.1965705632023,-2.5725255012512207
2.63157412115867,-5.792527675628662
16.694612728237402,-5.402542591094971
-17.0314498829154,-17.05295753479004
-58.40351531723695,-42.42798614501953
-15.3173389528898,-5.538960933685303
-6.613686761665703,-22.38714027404785
-39.0646563811545,-14.993645668029785
0.809697096857583,-2.169276475906372
0.4685622181175212,-4.036945819854736
-6.376202369524528,-6.185177803039551
-14.434457477598505,-5.085162162780762
-26.0047332498617,-27.335308074951172
-17.5801214502402,-7.644615650177002
-2.60072537807549,1.7812466621398926
7.184930267876617,10.750913619995117
0.555665600488549,-1.3376426696777344
8.747205755218493,8.149064064025879
-2.289513933263135,-10.273797988891602
3.8009101564042025,3.0711593627929688
-1.67197513843126,-28.616802215576172
-15.746453943284,-14.630502700805664
