Score,Pred Score
4.219145585451182,-2.7176034450531006
-2.588665914009158,-12.333184242248535
-3.0703466753296,0.5785305500030518
2.1112971208509976,4.10235595703125
-19.1693792779686,-11.986828804016113
-0.9096556467231308,-0.9699136018753052
-5.316952415477393,-10.819671630859375
-5.39913759737588,-6.911649227142334
6.1026124307435,-8.746862411499023
-1.6005087696864486,-11.686267852783203
-51.6773231694491,-12.16044807434082
0.51700222845629,-7.371687889099121
-1.6521884315998507,-3.862220287322998
2.11024229353816,-3.561918258666992
17.2594267615487,-0.43862295150756836
-1.73607437190069,-0.8728885650634766
-5.77436797253085,-4.901249885559082
-0.568998602339841,-7.73227596282959
-1.289264920121349,-11.913888931274414
-14.1813773041305,-12.180717468261719
-3.31847606547329,-8.877462387084961
11.710679650337616,-10.849925994873047
2.046344769010002,-1.4610815048217773
-2.77042962989298,-12.280525207519531
9.014890317831036,-12.375019073486328
2.726862934921635,1.7625422477722168
-3.4922781726655696,-8.574834823608398
1.292753014965791,-5.705310821533203
8.16191414696451,-5.886934280395508
-8.251107402184557,-12.237933158874512
7.262818938793504,-8.909019470214844
4.14054171285972,-12.308854103088379
-13.546032832554804,-9.545913696289062
-16.8307740899425,-6.714885711669922
-0.2642143205483515,-9.55036449432373
-6.135426654744688,-7.460697650909424
-7.187555808667961,-9.571338653564453
8.149714042401495,-1.6892485618591309
-6.426376983867103,-11.770065307617188
13.9953943577381,-6.49816370010376
-6.31868596379813,-0.12594032287597656
5.321680837772678,1.819145679473877
11.9978624338519,-12.166330337524414
7.909526276907584,-12.009186744689941
7.206977941743588,-5.325292587280273
-7.378812419643663,-1.4348596334457397
0.2475632146873464,3.3351404666900635
12.7359625054994,-2.307271957397461
5.220668557811489,-11.373506546020508
1.3318185914773402,-7.16295862197876
2.776867734737273,-10.592706680297852
-27.8178569354009,-9.548510551452637
-4.20883890972707,-6.5928425788879395
2.78743688363977,-0.5930724143981934
-9.657849716236,-12.687524795532227
4.071661498679735,6.7065887451171875
-10.586292641023492,-9.227754592895508
2.578081311550471,-6.940216541290283
-42.2483635713802,-12.131192207336426
8.204494762209066,-11.825121879577637
18.5317724911246,7.5124006271362305
6.097122298913325,-11.807381629943848
-11.299328727708405,-10.582359313964844
-6.22433036882608,-8.795021057128906
3.12612254618191,-0.11823225021362305
8.756217929094177,6.320858955383301
-1.757118944268968,-10.485224723815918
-51.402683514636095,-9.945059776306152
-2.13735826282737,3.840012311935425
8.88265541550952,-5.921991348266602
5.58846482112586,-7.177847862243652
7.383552345763623,-5.9607415199279785
10.229168329440906,-11.731061935424805
-17.4030551064212,-11.61230754852295
2.204062447972561,-11.649292945861816
-3.195242757261453,4.912696838378906
-36.8822022827233,-11.784524917602539
3.812227003524945,-6.911807060241699
-6.89310310865277,-11.101455688476562
-2.85382252753121,-11.631507873535156
-7.42349600405968,-11.313112258911133
4.398848813602776,4.889458656311035
-68.1959205924323,-11.626852035522461
-3.773219093074008,-11.518003463745117
8.453421074249384,-1.482836365699768
-62.9612541332419,-11.621889114379883
2.97844031586002,-6.314775466918945
-5.800670766453999,-14.0589017868042
2.409764321136161,4.670804977416992
-1.6610011043127195,-6.403651714324951
1.39259946716825,4.5715107917785645
-5.785469568057495,-11.63355827331543
10.468583156479704,-4.9870710372924805
0.8267526169764301,-11.88937759399414
-0.4271227388875901,-9.816298484802246
-5.85807143580148,-11.593460083007812
-2.67676896274171,3.8026223182678223
-3.11888044241469,-11.718395233154297
6.71098989067457,18.712379455566406
6.429854346358795,14.02644157409668
-6.897600670415837,-8.035883903503418
-16.4910721624856,-8.039109230041504
-3.057699221935841,12.444995880126953
-17.6906096863185,-8.43780517578125
0.1461877509898399,-11.571380615234375
-3.01321716593974,-8.89045524597168
-15.0412339008878,-2.1078810691833496
-3.60075442831331,-3.485116481781006
12.5056328567953,-7.983189582824707
-13.8996269060666,-6.379912376403809
5.265272900492549,-8.327102661132812
12.283123760680592,-4.927082061767578
-2.54688332955635,-5.9079389572143555
11.579228393987275,-7.288566589355469
-0.3284521577656807,-11.92143440246582
-2.33292598982445,1.537989854812622
-0.1058882282985149,-6.994630336761475
-2.4461467814868523,-11.555420875549316
-41.8026500314277,-11.843332290649414
4.417989059347175,-10.409181594848633
-40.2101205720394,-1.4907870292663574
-14.277645616907492,-10.520146369934082
3.29681579894721,-5.656123161315918
-0.7012610501602399,-11.505887985229492
8.463248256721428,-4.651792049407959
-2.491707941339629,-11.419120788574219
4.867927463076468,-9.206649780273438
-1.876637029070265,-9.120346069335938
-12.955988512618,-11.547920227050781
-7.75971004909346,0.08923226594924927
4.67424026120176,-2.2901816368103027
-7.08434802004719,-9.340034484863281
-6.19730890695259,-3.8880748748779297
-0.1240821746904601,-6.750749588012695
4.069163600073605,-8.31614875793457
-1.77750068778882,-3.7028417587280273
1.8601156760560384,-11.364068984985352
-10.8237586662752,-11.389358520507812
-50.1674018945849,-11.611498832702637
-5.8677981963370005,-9.272947311401367
-24.4869919201538,-9.897811889648438
-12.281506448986304,-5.855417251586914
-5.8772631055401,-6.079677581787109
-0.1639564470097907,4.178106784820557
4.17561229224804,-1.1890573501586914
2.77922195660905,-7.9099507331848145
-3.454798154796729,-0.6497106552124023
7.692941411907634,-3.899423837661743
-2.390619984667185,-5.469688415527344
-33.1832620874725,-11.537811279296875
-18.23432595343749,-11.33613109588623
5.29419053806362,-4.6731719970703125
-77.3623903172369,-11.490395545959473
15.4985727759109,7.624302864074707
7.73570234615748,-11.347439765930176
-9.325981865786185,0.012539863586425781
-9.72499716390718,-11.509818077087402
13.309934514349203,9.97708797454834
2.264898495983479,-11.200719833374023
-12.0320822507053,-7.680327415466309
-2.56542276271332,-9.276352882385254
7.196532980977684,-11.307507514953613
-1.857666460494741,-6.214996337890625
-1.4872271509121793,-6.615472793579102
-3.12013961477547,-9.679219245910645
2.6303171850506604,1.2010517120361328
-60.49569009623433,-11.553174018859863
-30.3377383335249,-9.553875923156738
1.0590749185315824,2.300907611846924
-6.929951553081727,1.7908439636230469
-8.46093254820262,-6.725274085998535
2.461922216333884,-7.839471340179443
4.5031585012656095,-7.951932430267334
4.435147085081137,-2.217975616455078
-2.88087637063392,-7.373032569885254
-1.5082203021212124,-8.66444206237793
-0.6579761516790089,-7.846044540405273
3.719171936095444,3.5071330070495605
-2.6053130644292946,-3.485748291015625
7.276768036701751,2.9500064849853516
5.29091659278858,-5.266028881072998
-1.0659561461183158,-4.7198028564453125
15.4186986077963,3.498020648956299
7.543407488617369,0.903656542301178
9.58062385928767,1.8232536315917969
0.2570808252882703,-9.159870147705078
8.13893448615947,-7.558993816375732
-5.14141487663266,-11.30246639251709
-16.517773128145326,-10.598359107971191
0.7364260970712593,-4.54000186920166
4.25311060075082,-11.60445785522461
-25.4508968849616,-5.194221496582031
-1.9051378030600723,-1.7112374305725098
5.506094216928792,-3.5353217124938965
-0.1777753404752198,4.940264701843262
16.9349100756105,0.6062684059143066
-11.607028837624,-11.584857940673828
-1.2671721747064446,-11.536449432373047
-16.1535771788668,-2.1050004959106445
8.143116180793372,-11.77019214630127
7.078924552126015,-3.6280434131622314
0.2886204877907422,-10.53777027130127
16.4171583068458,-0.05687367916107178
-44.7886924625105,-10.863436698913574
-7.726553411266567,-11.395380973815918
4.065326821312747,-5.966010093688965
2.12749125232924,-11.408740043640137
9.06213659212517,6.711585521697998
-4.51305804704249,-7.644829750061035
4.28301459624688,-4.034211158752441
-7.211196994815285,-8.21530532836914
-58.4491138315396,-10.43574333190918
-0.5413656534735456,-10.065831184387207
3.24770439300306,-2.9765167236328125
-0.6472060937938101,-6.403535842895508
-1.93656353174353,-8.54403018951416
-1.94666134980912,-10.108729362487793
-0.670930828719279,-4.985911846160889
17.1612744381531,10.253479957580566
-8.044482691931467,-11.493000030517578
16.9968892380515,7.384236812591553
3.62056380925444,-9.871421813964844
4.07090957771029,-6.358640670776367
-1.0680791130593923,-3.5748884677886963
4.69437535963172,-8.120077133178711
0.3837795244341289,-5.556271553039551
0.6681105368389735,-6.068271636962891
-8.08045020128908,-4.495158672332764
-42.6579269422049,-11.510774612426758
-30.89708550466269,-9.159549713134766
-1.1617148968623687,-10.761136054992676
6.46185690649625,-2.487605571746826
8.658679095048068,-7.425007343292236
-0.1898191226144924,-11.34813117980957
6.457932781589695,-5.929144859313965
-33.7712071062874,-5.308629035949707
-4.786538605318405,-10.187740325927734
-13.5632540546311,-11.379691123962402
-82.13826531723697,-11.189862251281738
-3.0453156276270903,-3.7712326049804688
6.430237727930085,-8.109642028808594
5.31082796058257,-7.349454879760742
-70.65073406723695,-11.5568265914917
4.71112087372323,-11.318790435791016
-10.78700495517378,-0.9887776970863342
-6.055427015859325,-7.0569963455200195
-16.475900892606802,-6.7719855308532715
-2.487076105276776,-9.133058547973633
-48.3858044800915,-11.450517654418945
5.893700156574014,-3.761378526687622
-47.9957157156951,-11.59082317352295
-1.511416195100045,-11.827789306640625
-7.071587649042333,-8.723148345947266
-0.3550158381598589,-1.2847908735275269
-17.0078420331655,-11.860702514648438
10.3189652047012,-4.271414279937744
8.829561804598438,-7.107311248779297
10.909208084253878,-1.4668740034103394
-2.25262466719878,-8.789422988891602
0.7445982178878973,-9.48875617980957
-4.813871520282443,3.2510857582092285
2.85060083445348,-5.556099891662598
-2.54595208771381,2.0560810565948486
-8.692928400841772,-7.0267333984375
16.618750626525,-0.47723639011383057
7.37064384347005,-3.502955436706543
-6.81516141534704,-10.353938102722168
-10.386374558578522,-12.164578437805176
3.73205068567752,5.535175800323486
-6.40442742836347,-5.876949787139893
1.74273211890989,-12.202775955200195
-7.920344649869953,0.5655231475830078
-9.28527551691871,-5.546041488647461
1.51502173443586,-7.2468767166137695
-90.3299705619704,-12.03836441040039
-6.512385872303066,-11.704962730407715
0.7982616963508231,0.5138311386108398
15.8859560938761,6.46403694152832
-23.227454082363305,-12.401655197143555
5.4465900456679694,6.168207168579102
-13.2494383747796,-2.771430492401123
-2.3458288386735573,-6.780689716339111
-1.5403494549472296,-11.529461860656738
-2.941164138388841,-3.919248342514038
-14.6311710829416,-12.206525802612305
-4.81834176383161,-7.201480865478516
-4.03806373695381,-3.5269079208374023
0.4076170529080399,-6.538405418395996
-34.8552692363716,-2.321502208709717
-25.0659802428987,-1.1171189546585083
-5.8684323426223,3.6656651496887207
0.6771989561182002,-4.694005012512207
-14.6157572128631,-12.4193115234375
5.344594984386832,2.091040849685669
-4.75101729862813,-8.56689167022705
-89.5439156156453,-12.064428329467773
-1.207429910073891,-0.8038700222969055
13.667582002208905,0.21339654922485352
-82.4887013651952,-12.229053497314453
4.40921359309415,-4.7788286209106445
-19.923371510770203,-12.966487884521484
-4.665207913971671,-6.769408702850342
3.42106467876526,-10.576825141906738
-39.0956747424042,-11.317611694335938
-10.288292260688207,-5.019221782684326
2.3067635611900137,-0.7400202751159668
-4.92782811871599,-9.480205535888672
10.292368565007404,6.4622039794921875
-8.184373188662292,-12.320516586303711
-4.763634360062484,-11.58044147491455
-2.40000424902785,-6.579126834869385
5.009535132419683,-12.378687858581543
-22.2455703021075,-12.13376235961914
3.987299411465438,15.01926326751709
-38.4962238749225,-9.253596305847168
-44.9949251983702,-7.320184230804443
-1.378759213278819,-10.954219818115234
8.07102955700163,-0.29957616329193115
1.055995951979529,-4.631954193115234
2.188685633501576,13.1283597946167
1.0880788430276551,1.8635215759277344
-0.2898522089969393,-13.055012702941895
-3.790702882666694,-12.915658950805664
-7.940842049461227,-12.6500825881958
4.398742241377427,-9.049832344055176
2.5565427438131976,-12.976624488830566
4.123908949931413,-3.2032833099365234
-76.9668504799361,-9.588129043579102
-14.1325019191809,-12.724382400512695
7.960789166364423,9.188042640686035
0.4423212163888063,-7.763184070587158
2.63206586722876,-10.738359451293945
3.1988276731025875,-0.24322986602783203
-1.6552655274048038,-10.109649658203125
8.077984978184695,-12.591765403747559
-13.790764753514,-13.340696334838867
2.13745295521649,1.767899513244629
3.0897024917955025,4.4681196212768555
-0.3530077955256401,1.8875617980957031
-7.639409008216227,-2.42592453956604
2.765011277030255,1.1992788314819336
3.557691046156,-4.919775009155273
4.00031385473591,-12.789102554321289
-55.7541546140486,-10.191232681274414
9.550892694239591,5.752378463745117
1.775572054007981,-9.84187126159668
-2.248378586620203,-13.02004623413086
-56.2560888739038,-7.991124153137207
-2.5590885431480426,2.5105299949645996
-40.5029244010595,-8.455598831176758
-30.8171784242839,7.985385894775391
2.679404112105611,-4.158638954162598
2.76740193393285,-10.041259765625
-11.341527235964405,0.07240152359008789
-3.448025235667948,-11.316923141479492
-0.0780407432645869,-4.932993412017822
11.616605850275496,-0.3168710470199585
9.179556151687803,1.1308870315551758
7.190050317883171,-8.834687232971191
-39.4932668903457,-9.940255165100098
-2.306526469902426,0.29114723205566406
0.5403453062071405,-0.6016149520874023
-23.6042929930625,-12.894262313842773
-4.172986764275874,-3.862243890762329
0.5394390329931549,-6.7908430099487305
5.84905996845087,-13.0851469039917
-22.9515728231767,-1.984814167022705
-3.134999611446543,-3.4267349243164062
-6.066411004621831,-11.186752319335938
2.24572304437811,2.364004611968994
-70.8116033690518,-7.061250686645508
0.3224388648416145,-1.7066898345947266
4.755697845162629,-0.48906195163726807
1.7336328627834918,-12.538247108459473
3.939818822274421,-1.1839370727539062
6.09033976794457,-3.1916472911834717
6.4251548431743295,-12.67797565460205
-6.47138721063866,-8.27450180053711
-0.0379657812584102,-8.01295280456543
4.4105627388370605,-6.540072441101074
2.3065604778561424,5.189276695251465
7.588764503474316,-9.259793281555176
-24.3954295810688,-13.359564781188965
7.380729755239978,-12.468504905700684
5.978124919049687,2.4658288955688477
0.7860328468455551,9.475774765014648
-44.1817825469333,-11.820271492004395
3.58036180553514,-0.8053405284881592
3.33951124606136,5.851113319396973
-6.79658968512302,-7.106585502624512
3.7347243087796,-3.8954758644104004
4.76541245752904,-1.250133991241455
8.922207576391518,-11.813936233520508
-11.864177458483407,-5.455636024475098
1.166748445159433,-1.046157956123352
-25.781275563237,-11.871927261352539
4.179707781567577,-1.1755976676940918
-1.073248118887358,-11.111971855163574
1.7249239205326918,1.99007248878479
-81.52648016021857,-7.083113193511963
13.015759276594096,9.07093620300293
5.35198813185094,-6.634801864624023
-12.53254789251529,1.4540512561798096
5.45103123545738,-3.3671278953552246
4.128157012788561,-8.1649169921875
-3.8590388668775,-3.3380885124206543
7.36579899286375,-1.4624478816986084
-11.03094492075089,-12.148561477661133
8.017093587799739,7.969822883605957
15.384553292915324,-8.63795280456543
2.79124989437018,-12.011929512023926
2.81101468536903,-4.712146759033203
-1.7237618714553775,-10.071683883666992
-2.202886656443709,-5.4477033615112305
2.369358494612781,2.066646099090576
-11.30813578108209,-11.882003784179688
4.484288991501213,0.43293118476867676
-35.8165916579592,-11.996269226074219
-5.19085420781142,-12.095849990844727
2.86709961553106,-7.130130767822266
-4.349210006555943,-2.7357308864593506
5.029017096161708,-4.069565773010254
8.243548509216069,4.636626720428467
-2.6184282494780104,-3.9653854370117188
-5.527709296795018,-10.134613037109375
-52.7336020518746,-10.983867645263672
6.07843040491799,-0.6818218231201172
-4.396710286499547,-8.193410873413086
6.6154810826822,15.321165084838867
9.772192422094813,1.4529953002929688
2.099307195887115,-9.95044994354248
-12.414939844598162,-11.94204330444336
8.24149319055937,6.304012775421143
-1.5178355576616795,1.4957692623138428
9.144089281431205,2.696226119995117
1.418014053180695,-7.7517242431640625
-60.92137282626391,-8.133092880249023
5.61896917638109,4.1864728927612305
-4.96580172718434,-11.881401062011719
-24.4432878855492,-12.216399192810059
1.675381804264854,-10.211267471313477
-2.8447496930443927,0.07779479026794434
-1.059512617215007,0.23446524143218994
1.41805545618482,-6.436426162719727
-7.06329362397977,-11.83642578125
9.400493271217616,-7.632569789886475
3.1327986373042376,11.201332092285156
4.097668935846943,-4.447713851928711
-4.01456885639382,-8.761284828186035
-2.260381023139061,-5.848232746124268
-8.237627320974727,-12.549369812011719
-2.23616712442702,-1.4211724996566772
-26.79502671025515,-10.278648376464844
-10.594900847222812,-7.5318403244018555
4.509456424718162,-0.516420841217041
-22.9219832537164,-12.654114723205566
-6.2026319104393295,-10.305994033813477
-4.662511414401839,-12.193601608276367
-0.4503474699443348,-0.1263113021850586
-21.5531296050118,-11.446456909179688
-39.7169735486916,-8.436439514160156
-6.13466459150186,-8.669775009155273
6.093529951556334,-2.0754148960113525
-33.3004252633332,-12.380365371704102
-7.789052707582185,5.0310893058776855
-61.6890402284636,-8.506832122802734
-10.613183176373598,-9.833186149597168
-12.6203596574975,-10.820368766784668
-15.2234416939723,-8.981481552124023
3.42848617073407,3.035771369934082
-50.4820483838523,-12.291717529296875
-71.7765711158932,-11.641545295715332
4.338369925074482,-4.340804576873779
-34.0729170807354,-12.08403491973877
-10.285920522724917,-11.801505088806152
2.71808902854303,6.539997100830078
2.26767773086615,-12.205437660217285
0.3189015990893598,-6.7832441329956055
-39.873530292237,-6.458956718444824
5.053393098685065,-12.149679183959961
-5.77665564868809,-8.099130630493164
-22.4462583852743,-11.187917709350586
-10.162041561092582,-8.961196899414062
8.70853787657841,-12.59593391418457
-3.73521146317182,-3.83455228805542
-1.3326443092463092,-4.557285308837891
-5.830142578087577,-12.21677303314209
-7.815562497274902,-10.538825988769531
-20.7558388881914,-9.49068832397461
-1.03656181464744,-9.840507507324219
-3.930469946192945,-11.731683731079102
5.391699208755202,-9.644111633300781
7.2595381633228,5.198596000671387
9.30630078585379,5.743094444274902
-3.77133000272187,-11.270387649536133
-42.936846127142296,-12.283037185668945
0.5211206139658471,-10.357858657836914
0.7345204104922589,-6.316496849060059
6.86106163750481,-3.4400577545166016
-21.61387508166409,-10.205881118774414
-24.577379709126298,-12.060270309448242
3.986867952152618,-3.9088916778564453
-63.2346715672369,-12.15211009979248
4.55602013063716,0.899024486541748
-20.3623076046531,-9.57170295715332
8.678125432705007,17.459835052490234
-2.1147225087047508,-1.3008167743682861
-1.14890133483728,14.468708038330078
3.7921116228684086,-2.8057193756103516
-1.3811964732242277,-7.406304836273193
0.1752112379752922,4.695241928100586
3.3452637215970498,-7.765307426452637
6.63109301847755,-12.403972625732422
-8.72128086410909,-12.391672134399414
-0.1160299782726794,0.8039455413818359
0.1119561526876595,12.131580352783203
11.877856996640997,3.552460193634033
-3.2142130797467816,-10.146087646484375
-3.9552380984537248,-11.577497482299805
-1.593720937577549,-2.540372848510742
3.3899996482015826,-12.353425979614258
7.66334596528203,-12.366101264953613
2.60625970962018,5.5848798751831055
5.006519903780723,-8.29818058013916
-58.5527340809363,-9.63736343383789
3.776985072333982,-6.993934154510498
2.4866177573815964,-8.838211059570312
-0.6920482116816997,-6.835268497467041
2.1747311895065486,-3.2046258449554443
-13.14009076535719,-9.760330200195312
2.745769909533195,-3.903571605682373
-10.626155896203898,-8.742097854614258
0.0548896546292299,-1.673284649848938
-69.1366966634013,-12.32247543334961
14.8508222506114,-3.977850914001465
-28.3488859938485,-11.810724258422852
0.6884341878779402,-6.812223434448242
12.566471603210276,4.873382568359375
-5.472376660417956,-12.422927856445312
-2.1691769605730515,-12.41911506652832
-0.3887710448227697,2.2418384552001953
9.1356503291117,-4.420244216918945
4.93167956005568,-12.305551528930664
2.713132201978397,-0.5795717239379883
9.090654061652296,-12.29132080078125
1.741670982094262,-10.495305061340332
-5.89266438028177,-12.573785781860352
-1.130678948105339,-12.352163314819336
-46.587141393021525,-11.51948356628418
4.366245372711767,8.742164611816406
2.858782897786812,4.906660079956055
2.53362859007723,-10.900888442993164
-1.7943154401891548,2.164285659790039
-0.6435038581465955,0.6893647313117981
5.99108205682079,-6.171051502227783
2.44728958086436,-10.615778923034668
1.5718362711845366,-2.862302780151367
-55.54568697318505,-8.14891242980957
-9.231606713935047,-8.999117851257324
3.547124544521316,-9.017187118530273
-73.5286754265322,-12.525430679321289
0.2047767843086013,-7.943921089172363
-10.398648228661925,-12.499296188354492
-46.9980356488569,-12.50855541229248
-62.9031214125763,-12.336370468139648
-10.35739215730591,-2.1096229553222656
1.83593808226401,12.168340682983398
7.827394642815597,-2.3355677127838135
-9.742168339465294,-8.362730026245117
-0.29408409265346,-10.645283699035645
-5.653435188749545,-2.858661413192749
-14.57002364123529,-8.155085563659668
-18.1797235112709,-3.6567130088806152
-5.45440876641342,-6.614148139953613
8.596988309863011,-8.967223167419434
-5.493763326806099,-12.4500150680542
-8.393586343504198,-10.63969612121582
-3.963646539183849,6.726930618286133
9.625121597198186,-13.266501426696777
-6.18357684414468,-3.6341495513916016
-3.41466344580097,-10.422632217407227
-4.03025121975644,-12.665596008300781
-2.66483863280114,-12.291105270385742
-0.190891674386513,-5.104470252990723
16.1850033157246,2.574476718902588
-7.910003358009165,-11.237167358398438
-2.07861348348741,-10.26990795135498
12.331931266595111,-3.2212843894958496
0.8825935384285006,-5.5709309577941895
-2.1789667599796294,-5.820863723754883
3.0307168501552093,-11.188826560974121
14.8229623836697,6.326536178588867
6.795393661635613,4.1148271560668945
5.16750826555368,-12.782552719116211
-57.144820014625296,-11.080411911010742
6.167862854629888,-13.402280807495117
-2.698758931910008,0.8759651184082031
1.289294757415069,-12.092192649841309
13.9692836454661,-7.371201515197754
-38.6438610292767,-7.673817157745361
-3.119647295186995,-11.794260025024414
-6.745372906074374,-11.375445365905762
-2.7468186065138984,-7.0953521728515625
1.6198341998494314,-1.0390760898590088
1.6646916021852596,-2.5791447162628174
-7.87226820943855,-13.187483787536621
8.652061852316729,-10.116344451904297
2.4933992323843923,-13.416523933410645
2.35160533891099,-13.012731552124023
1.30779520720034,-10.055710792541504
-11.9965988914421,1.711512565612793
4.780848076735348,-3.575118064880371
11.2728180991378,-10.694953918457031
0.7651079053562314,-1.0578322410583496
-10.6557437737239,-8.474700927734375
3.27100049685324,-13.232444763183594
-5.2815921348029296,-10.81592082977295
-27.5445722402187,-10.815242767333984
-2.683955047842884,-3.7979395389556885
-43.929359067237,-12.937995910644531
-4.639593570653838,-2.1056900024414062
-14.7229944429405,-0.004826545715332031
-5.00028834575103,-1.7310969829559326
-1.2236747050651609,-11.702165603637695
-17.6830733389949,3.089660167694092
-9.979741434164584,-4.317927360534668
-0.2823200449385875,-9.226203918457031
-36.50577458359941,-13.262954711914062
-4.853312003098937,-13.236099243164062
-27.4476544011683,-8.243497848510742
-49.5120706514507,-11.894976615905762
1.2287673509824204,-11.134551048278809
9.503977484174175,-3.267347812652588
-5.5186956836840375,-5.186248302459717
-2.99361591491145,-3.6283349990844727
7.99575647038201,-2.725109577178955
11.7225687296843,1.4768309593200684
6.987950206462267,-13.054296493530273
5.5273920092716775,-12.993639945983887
-7.19378137939456,-9.900371551513672
6.001532732018722,-3.49334716796875
7.92708077877978,-7.402909278869629
4.316615136301563,6.821189880371094
0.1590569364430157,-3.0196001529693604
2.8348518495029404,-12.23773193359375
-46.6686841099013,-11.981401443481445
-0.8984319813221007,-1.7484114170074463
4.30511943579503,-7.530673027038574
-3.36735139960915,-8.122926712036133
6.58117049992555,10.809297561645508
6.753311816554961,-3.684800148010254
-1.1091988250418725,-8.12126350402832
5.26551760771767,-9.186145782470703
-37.3999740396079,4.890199661254883
-34.48768519828235,-12.352953910827637
-46.862925671502296,-7.746890068054199
-1.19024715514191,1.1006965637207031
-1.4920816076829602,-9.521928787231445
-5.775806690181939,-10.320327758789062
-14.2382866820043,3.1485300064086914
1.3131129859732091,-7.776233673095703
13.1991243046288,-12.33433723449707
3.6035536346157695,-7.225700855255127
4.97603191479674,-9.793669700622559
2.9737175212081803,1.1502289772033691
-35.1782981083837,-12.25002384185791
-10.480511156242285,-9.253944396972656
-0.3170472839931941,-12.183016777038574
3.59745169898486,-1.3941481113433838
-5.139364658294922,-9.864958763122559
-29.2662792150344,-7.17270040512085
11.555346181601609,7.081326484680176
3.7092867134231,-2.0368683338165283
-0.7280966227290082,-2.4611527919769287
0.9480162028997956,8.530818939208984
-9.619042312244815,-10.852313995361328
-3.15562863494722,-0.8951414823532104
7.285509446842615,-12.002047538757324
2.71319811317338,-12.195249557495117
1.026942322157092,-10.740423202514648
-4.65691689928222,-10.857650756835938
-8.677497573270493,-10.787933349609375
14.3436638764016,-8.480995178222656
-11.8973420493851,-10.092812538146973
-6.61979034735207,-11.740242004394531
8.86280218600469,1.1316193342208862
-3.43040335892423,-6.404881954193115
0.4443344011282492,-9.530000686645508
2.6678241356197647,-4.568531513214111
2.334382802629,-12.364046096801758
-13.8157551615103,-11.881519317626953
1.9007667723773176,-2.3204712867736816
-17.190033530139498,-10.678363800048828
3.88810032819938,-13.430622100830078
1.2705701336207027,4.147273063659668
3.887422638441485,-0.9986114501953125
10.349523074958825,0.4339313507080078
9.62907409316032,-2.4088597297668457
0.7709161631446207,-2.7557520866394043
2.3166834950764685,2.3368701934814453
2.76912169862866,6.039189338684082
-46.2372447228831,-7.671604633331299
-37.0930621901092,-9.339570999145508
0.996650643215182,-11.83565902709961
-12.898019313824,-7.654294967651367
-0.71117494174041,-8.473042488098145
-0.5663484394051013,-5.809398651123047
-12.4595255596924,-6.680793285369873
-0.6089836493556324,-6.172715663909912
6.92534745147092,-9.737791061401367
3.320229681965675,-8.708279609680176
-10.274169876330886,-9.924785614013672
-49.062306315025,-8.945438385009766
-30.7261055182573,-11.31962776184082
22.7414116448382,3.909688949584961
-0.9529303605806088,-2.420100688934326
-10.739322929783883,-11.521072387695312
-20.9507978903398,-7.009017467498779
-24.96156751119129,-9.490272521972656
14.9823899147147,-7.3145012855529785
-14.564555056626377,-9.299402236938477
1.907333647224608,-9.309329986572266
-1.178255647098801,-8.03410530090332
1.9806048133258944,-0.5037872791290283
8.833837192566008,-0.6421041488647461
-18.5255095356289,-11.379398345947266
3.010752586641185,-8.809962272644043
3.67041582610247,-9.922372817993164
-33.7845903951132,-9.659002304077148
-13.812973987503693,-6.81224250793457
-13.861300672159,-4.423534393310547
-26.24662901330595,-8.171867370605469
-1.61504571199055,-9.825271606445312
8.754663680824095,5.546253681182861
3.22816419080692,-0.5208940505981445
-2.0585753436264698,-9.436635971069336
-9.59094984812801,-11.372697830200195
6.02246857213521,-5.729827880859375
-4.11149235653684,-6.899759769439697
-4.361976736345532,-8.624542236328125
-2.4097304318056905,-9.880613327026367
4.967381413305823,-8.03818130493164
-11.9154244975033,-6.904298782348633
-11.183106529127476,3.377074718475342
-2.3538192484503564,-8.525867462158203
-2.204579993178592,-8.20300006866455
-91.8886792382854,-11.534107208251953
3.2582764286422226,-4.604187488555908
9.859104788483815,-7.982472896575928
-2.6304973605131474,-7.9964094161987305
8.398744223780918,-7.975646018981934
1.4955767028094,0.911867618560791
6.720388221210122,6.529655456542969
6.99756701325662,4.93174934387207
12.966325580978296,-5.024494647979736
-22.8644313188967,-1.13700270652771
-14.4731176558811,-2.748721122741699
-0.0918051514147744,-11.123085021972656
0.9434331950199416,-7.7699174880981445
7.877641553655238,-5.321961402893066
-27.1636490162131,-11.245134353637695
3.42669038506664,-10.309318542480469
0.31232235517322,3.8849716186523438
1.1848602197973823,-3.8075242042541504
-5.822632503482525,-3.601287364959717
-2.989164004622407,-11.497923851013184
1.69213972357191,5.733502388000488
-0.89184437235696,1.3728840351104736
2.446050707651698,-4.5733723640441895
5.07108724357905,-11.740921020507812
5.42147270471237,-2.9823496341705322
-2.20364176327536,-6.341519355773926
3.08443697315444,-7.4733123779296875
-5.97248436581227,-10.055853843688965
-1.0190872666435924,-4.145231246948242
-14.885807229381896,-9.226295471191406
0.046018285265003,6.384197235107422
6.00089213826483,-9.855245590209961
-1.4680391508473674,-6.030860900878906
-49.8653288018085,-11.786566734313965
-7.283890318199592,-10.187945365905762
3.6053774296538297,-21.64030647277832
6.364261125349779,1.6636757850646973
-51.4043293278057,-8.460124015808105
-64.65676531723692,-9.936759948730469
-26.1965705632023,-3.809663772583008
2.63157412115867,-8.848615646362305
16.694612728237402,-11.814512252807617
-17.0314498829154,-12.509220123291016
-58.40351531723695,-9.834911346435547
-15.3173389528898,-10.41793441772461
-6.613686761665703,-11.663007736206055
-39.0646563811545,-9.75357723236084
0.809697096857583,-6.446070671081543
0.4685622181175212,-7.90370512008667
-6.376202369524528,-9.493353843688965
-14.434457477598505,-9.194733619689941
-26.0047332498617,-9.801928520202637
-17.5801214502402,-3.459475040435791
-2.60072537807549,5.728461265563965
7.184930267876617,20.291656494140625
0.555665600488549,4.39628791809082
8.747205755218493,7.278200149536133
-2.289513933263135,-11.826265335083008
3.8009101564042025,-3.878267765045166
-1.67197513843126,-11.85663890838623
-15.746453943284,-11.485148429870605
