Score,Pred Score
4.219145585451182,-3.1464414596557617
-2.588665914009158,-6.016219139099121
-3.0703466753296,-2.9771571159362793
2.1112971208509976,1.7832527160644531
-19.1693792779686,-5.5847320556640625
-0.9096556467231308,-2.274625301361084
-5.316952415477393,-3.819347381591797
-5.39913759737588,-2.458523988723755
6.1026124307435,-0.8200065493583679
-1.6005087696864486,-4.659966468811035
-51.6773231694491,-33.55052947998047
0.51700222845629,-4.834117889404297
-1.6521884315998507,-1.372100830078125
2.11024229353816,4.1347198486328125
17.2594267615487,5.563146114349365
-1.73607437190069,-2.327415943145752
-5.77436797253085,-2.539315700531006
-0.568998602339841,-1.8482272624969482
-1.289264920121349,-4.293848037719727
-14.1813773041305,-24.39950180053711
-3.31847606547329,-1.6406874656677246
11.710679650337616,-5.983522415161133
2.046344769010002,-5.804011344909668
-2.77042962989298,-5.538482666015625
9.014890317831036,-5.161067962646484
2.726862934921635,2.683685302734375
-3.4922781726655696,-5.45272159576416
1.292753014965791,0.007661104202270508
8.16191414696451,2.3374814987182617
-8.251107402184557,-4.620414733886719
7.262818938793504,-5.270549297332764
4.14054171285972,-5.52548885345459
-13.546032832554804,-3.4458649158477783
-16.8307740899425,-1.9739558696746826
-0.2642143205483515,1.0344476699829102
-6.135426654744688,-2.3908724784851074
-7.187555808667961,-4.986952781677246
8.149714042401495,0.6566476821899414
-6.426376983867103,-3.9824233055114746
13.9953943577381,1.1696242094039917
-6.31868596379813,3.1064627170562744
5.321680837772678,0.7657496929168701
11.9978624338519,-4.903846740722656
7.909526276907584,-10.881690979003906
7.206977941743588,-3.6009278297424316
-7.378812419643663,-1.2150111198425293
0.2475632146873464,3.218370199203491
12.7359625054994,3.1481971740722656
5.220668557811489,-2.9913265705108643
1.3318185914773402,-0.7493984699249268
2.776867734737273,-1.7050528526306152
-27.8178569354009,-32.290592193603516
-4.20883890972707,-1.1768754720687866
2.78743688363977,5.438830375671387
-9.657849716236,-34.07468795776367
4.071661498679735,2.490232467651367
-10.586292641023492,-1.6433511972427368
2.578081311550471,-2.471264600753784
-42.2483635713802,-19.191024780273438
8.204494762209066,-5.103509426116943
18.5317724911246,8.015351295471191
6.097122298913325,-5.868005275726318
-11.299328727708405,-1.5514075756072998
-6.22433036882608,-2.1810989379882812
3.12612254618191,3.2893428802490234
8.756217929094177,7.466564178466797
-1.757118944268968,-30.522659301757812
-51.402683514636095,-37.79085159301758
-2.13735826282737,0.8023757934570312
8.88265541550952,1.5283104181289673
5.58846482112586,3.0298893451690674
7.383552345763623,0.25612473487854004
10.229168329440906,-5.106276512145996
-17.4030551064212,-9.24041748046875
2.204062447972561,-5.013376235961914
-3.195242757261453,8.033182144165039
-36.8822022827233,-29.557605743408203
3.812227003524945,-2.289289951324463
-6.89310310865277,-3.9576971530914307
-2.85382252753121,-4.676189422607422
-7.42349600405968,-9.628924369812012
4.398848813602776,4.565409183502197
-68.1959205924323,-28.315149307250977
-3.773219093074008,-4.759665012359619
8.453421074249384,6.219134330749512
-62.9612541332419,-30.53078269958496
2.97844031586002,5.228577613830566
-5.800670766453999,-5.435306549072266
2.409764321136161,0.8040472269058228
-1.6610011043127195,-0.9553612470626831
1.39259946716825,-0.3330204486846924
-5.785469568057495,-34.242977142333984
10.468583156479704,4.419879913330078
0.8267526169764301,-5.118522644042969
-0.4271227388875901,-2.76578426361084
-5.85807143580148,-4.570225715637207
-2.67676896274171,0.4475247859954834
-3.11888044241469,-4.916683197021484
6.71098989067457,13.80114459991455
6.429854346358795,10.859908103942871
-6.897600670415837,-5.869335174560547
-16.4910721624856,-22.67158317565918
-3.057699221935841,11.781216621398926
-17.6906096863185,-36.4813232421875
0.1461877509898399,-4.791837692260742
-3.01321716593974,-0.31598663330078125
-15.0412339008878,-0.060084640979766846
-3.60075442831331,-2.7049522399902344
12.5056328567953,-1.7783918380737305
-13.8996269060666,-1.2236047983169556
5.265272900492549,-0.7818988561630249
12.283123760680592,1.2770158052444458
-2.54688332955635,-3.9230403900146484
11.579228393987275,1.745550513267517
-0.3284521577656807,-5.062067985534668
-2.33292598982445,-3.035093069076538
-0.1058882282985149,-1.9499282836914062
-2.4461467814868523,-29.154056549072266
-41.8026500314277,-6.013247966766357
4.417989059347175,-3.554960012435913
-40.2101205720394,-3.933382987976074
-14.277645616907492,-3.79434871673584
3.29681579894721,1.7278754711151123
-0.7012610501602399,-4.737063884735107
8.463248256721428,-2.3085453510284424
-2.491707941339629,-9.801239013671875
4.867927463076468,-2.056312084197998
-1.876637029070265,-9.894108772277832
-12.955988512618,-35.298797607421875
-7.75971004909346,-0.7220907211303711
4.67424026120176,4.6193132400512695
-7.08434802004719,-0.879812479019165
-6.19730890695259,0.6399593353271484
-0.1240821746904601,-1.7339706420898438
4.069163600073605,-4.816003799438477
-1.77750068778882,-1.3630428314208984
1.8601156760560384,-5.0455169677734375
-10.8237586662752,-31.39952850341797
-50.1674018945849,-38.844295501708984
-5.8677981963370005,-4.526115894317627
-24.4869919201538,-16.462549209594727
-12.281506448986304,-1.0611650943756104
-5.8772631055401,-6.066806316375732
-0.1639564470097907,3.3607804775238037
4.17561229224804,2.0832080841064453
2.77922195660905,-3.1181421279907227
-3.454798154796729,-0.18073201179504395
7.692941411907634,-0.7321743965148926
-2.390619984667185,-1.9313143491744995
-33.1832620874725,-32.72429656982422
-18.23432595343749,-6.889834403991699
5.29419053806362,-0.06452071666717529
-77.3623903172369,-30.28976058959961
15.4985727759109,11.28854751586914
7.73570234615748,-10.615293502807617
-9.325981865786185,-4.427278518676758
-9.72499716390718,-4.937856674194336
13.309934514349203,9.225963592529297
2.264898495983479,-7.039318084716797
-12.0320822507053,-7.146276950836182
-2.56542276271332,-2.3461508750915527
7.196532980977684,-4.987433433532715
-1.857666460494741,-2.6399965286254883
-1.4872271509121793,-0.854044497013092
-3.12013961477547,-2.613156318664551
2.6303171850506604,-2.86622953414917
-60.49569009623433,-37.172035217285156
-30.3377383335249,-26.76978302001953
1.0590749185315824,2.0512683391571045
-6.929951553081727,-0.6282021999359131
-8.46093254820262,0.024047017097473145
2.461922216333884,-1.9666765928268433
4.5031585012656095,-3.5907723903656006
4.435147085081137,4.137460708618164
-2.88087637063392,-4.085243225097656
-1.5082203021212124,-4.132852554321289
-0.6579761516790089,-6.135105133056641
3.719171936095444,1.2971324920654297
-2.6053130644292946,-0.7672396302223206
7.276768036701751,7.12211799621582
5.29091659278858,-1.1851987838745117
-1.0659561461183158,-1.6343525648117065
15.4186986077963,5.7198638916015625
7.543407488617369,6.109452247619629
9.58062385928767,0.44988059997558594
0.2570808252882703,-6.042760848999023
8.13893448615947,-0.1567854881286621
-5.14141487663266,-11.7239990234375
-16.517773128145326,-4.3713226318359375
0.7364260970712593,3.30041766166687
4.25311060075082,-5.176152229309082
-25.4508968849616,-3.6873199939727783
-1.9051378030600723,0.8691697120666504
5.506094216928792,-1.9069234132766724
-0.1777753404752198,1.5898876190185547
16.9349100756105,5.815168380737305
-11.607028837624,-5.311173439025879
-1.2671721747064446,-33.324249267578125
-16.1535771788668,-19.87626838684082
8.143116180793372,-8.420495986938477
7.078924552126015,-1.2333415746688843
0.2886204877907422,-2.1171064376831055
16.4171583068458,3.5319817066192627
-44.7886924625105,-41.77800750732422
-7.726553411266567,-11.225414276123047
4.065326821312747,-2.7738404273986816
2.12749125232924,-39.05767059326172
9.06213659212517,8.292281150817871
-4.51305804704249,-23.998004913330078
4.28301459624688,-2.5082144737243652
-7.211196994815285,-34.93828582763672
-58.4491138315396,-19.864561080932617
-0.5413656534735456,-12.081324577331543
3.24770439300306,3.1962196826934814
-0.6472060937938101,-0.8656005859375
-1.93656353174353,-1.1514098644256592
-1.94666134980912,-8.730152130126953
-0.670930828719279,-26.02800750732422
17.1612744381531,8.867621421813965
-8.044482691931467,-12.144432067871094
16.9968892380515,11.374235153198242
3.62056380925444,-2.9816503524780273
4.07090957771029,-2.2987377643585205
-1.0680791130593923,-2.3099727630615234
4.69437535963172,-2.8462607860565186
0.3837795244341289,1.6578081846237183
0.6681105368389735,0.049973368644714355
-8.08045020128908,-2.511988639831543
-42.6579269422049,-20.69519805908203
-30.89708550466269,-40.76054763793945
-1.1617148968623687,-8.662068367004395
6.46185690649625,-3.4741291999816895
8.658679095048068,-2.44001841545105
-0.1898191226144924,-4.487138748168945
6.457932781589695,1.4051616191864014
-33.7712071062874,-24.558088302612305
-4.786538605318405,-2.9656989574432373
-13.5632540546311,-39.05946350097656
-82.13826531723697,-6.815932273864746
-3.0453156276270903,-5.2065911293029785
6.430237727930085,-0.3169785737991333
5.31082796058257,0.4987332820892334
-70.65073406723695,-34.07821273803711
4.71112087372323,-5.172872543334961
-10.78700495517378,-0.07504266500473022
-6.055427015859325,-5.5387725830078125
-16.475900892606802,-3.1582541465759277
-2.487076105276776,-10.150870323181152
-48.3858044800915,-40.386234283447266
5.893700156574014,2.196713924407959
-47.9957157156951,-33.692649841308594
-1.511416195100045,-31.58060073852539
-7.071587649042333,-4.909736633300781
-0.3550158381598589,3.6817052364349365
-17.0078420331655,-39.286476135253906
10.3189652047012,-1.9475345611572266
8.829561804598438,-0.2332417070865631
10.909208084253878,4.823662281036377
-2.25262466719878,1.1128367185592651
0.7445982178878973,-8.5689697265625
-4.813871520282443,7.585983753204346
2.85060083445348,5.112214088439941
-2.54595208771381,2.507673740386963
-8.692928400841772,-3.034058094024658
16.618750626525,3.909701108932495
7.37064384347005,0.31659841537475586
-6.81516141534704,-4.35762882232666
-10.386374558578522,-4.921571254730225
3.73205068567752,5.6034955978393555
-6.40442742836347,-1.1888192892074585
1.74273211890989,-5.476801872253418
-7.920344649869953,-25.09537124633789
-9.28527551691871,-2.1061911582946777
1.51502173443586,4.335549354553223
-90.3299705619704,-37.788822174072266
-6.512385872303066,-7.296374320983887
0.7982616963508231,-2.07076358795166
15.8859560938761,10.933391571044922
-23.227454082363305,-38.360572814941406
5.4465900456679694,7.2884135246276855
-13.2494383747796,-0.5872530937194824
-2.3458288386735573,-2.761549472808838
-1.5403494549472296,-2.3803725242614746
-2.941164138388841,-0.14181065559387207
-14.6311710829416,-20.195201873779297
-4.81834176383161,-2.437894344329834
-4.03806373695381,-2.275683641433716
0.4076170529080399,-4.851583003997803
-34.8552692363716,-0.6211716532707214
-25.0659802428987,1.415243148803711
-5.8684323426223,1.6428532600402832
0.6771989561182002,1.0451792478561401
-14.6157572128631,-37.932533264160156
5.344594984386832,2.0962820053100586
-4.75101729862813,-1.1284410953521729
-89.5439156156453,-38.388607025146484
-1.207429910073891,3.5013511180877686
13.667582002208905,3.9917566776275635
-82.4887013651952,-30.084447860717773
4.40921359309415,0.7383164763450623
-19.923371510770203,-5.397327899932861
-4.665207913971671,-3.2833425998687744
3.42106467876526,-2.7549753189086914
-39.0956747424042,-17.7498722076416
-10.288292260688207,-0.7263268828392029
2.3067635611900137,-1.1103696823120117
-4.92782811871599,-0.9156540632247925
10.292368565007404,6.654685974121094
-8.184373188662292,-34.457191467285156
-4.763634360062484,-11.505889892578125
-2.40000424902785,-2.4165475368499756
5.009535132419683,-5.763031482696533
-22.2455703021075,-31.2567195892334
3.987299411465438,-4.622045516967773
-38.4962238749225,-36.205711364746094
-44.9949251983702,-10.092643737792969
-1.378759213278819,-3.7610116004943848
8.07102955700163,4.535038948059082
1.055995951979529,1.2962651252746582
2.188685633501576,8.499988555908203
1.0880788430276551,6.423658847808838
-0.2898522089969393,-5.277776718139648
-3.790702882666694,-5.003915786743164
-7.940842049461227,-4.770659923553467
4.398742241377427,-2.4909656047821045
2.5565427438131976,-5.076131343841553
4.123908949931413,1.129422903060913
-76.9668504799361,-9.423912048339844
-14.1325019191809,-29.93587875366211
7.960789166364423,7.418234825134277
0.4423212163888063,-2.6603169441223145
2.63206586722876,-2.301126480102539
3.1988276731025875,-1.9218361377716064
-1.6552655274048038,-2.389207363128662
8.077984978184695,-4.8359375
-13.790764753514,-9.88870620727539
2.13745295521649,0.7867631912231445
3.0897024917955025,-2.912914276123047
-0.3530077955256401,0.6799529790878296
-7.639409008216227,-0.3482017517089844
2.765011277030255,0.5839228630065918
3.557691046156,0.47528982162475586
4.00031385473591,-4.985626220703125
-55.7541546140486,-41.31206130981445
9.550892694239591,7.5845513343811035
1.775572054007981,-4.982217788696289
-2.248378586620203,-4.704188346862793
-56.2560888739038,-42.90459060668945
-2.5590885431480426,-3.591304302215576
-40.5029244010595,-28.610830307006836
-30.8171784242839,-2.070415496826172
2.679404112105611,0.2975184917449951
2.76740193393285,-2.1240155696868896
-11.341527235964405,-0.7099456787109375
-3.448025235667948,-35.62197494506836
-0.0780407432645869,-1.6331828832626343
11.616605850275496,0.5710875988006592
9.179556151687803,3.114217758178711
7.190050317883171,-0.6255733966827393
-39.4932668903457,-5.723732948303223
-2.306526469902426,2.2301063537597656
0.5403453062071405,0.09215104579925537
-23.6042929930625,-31.369293212890625
-4.172986764275874,-2.744643211364746
0.5394390329931549,-2.079669237136841
5.84905996845087,-5.550075531005859
-22.9515728231767,-1.5750832557678223
-3.134999611446543,-0.4378119111061096
-6.066411004621831,-4.918740272521973
2.24572304437811,-7.771921157836914
-70.8116033690518,-4.294285774230957
0.3224388648416145,-1.0334157943725586
4.755697845162629,4.257345676422119
1.7336328627834918,-4.705526351928711
3.939818822274421,-0.27353715896606445
6.09033976794457,2.4425082206726074
6.4251548431743295,-9.650537490844727
-6.47138721063866,-6.1961140632629395
-0.0379657812584102,4.566058158874512
4.4105627388370605,-3.2180428504943848
2.3065604778561424,2.001877784729004
7.588764503474316,-1.7029621601104736
-24.3954295810688,-4.980518341064453
7.380729755239978,-4.408215045928955
5.978124919049687,1.4907751083374023
0.7860328468455551,6.713413238525391
-44.1817825469333,-41.18650817871094
3.58036180553514,0.16188764572143555
3.33951124606136,2.5690054893493652
-6.79658968512302,-3.679647445678711
3.7347243087796,-4.703786373138428
4.76541245752904,1.8876829147338867
8.922207576391518,-6.503753662109375
-11.864177458483407,-2.062288761138916
1.166748445159433,2.4987564086914062
-25.781275563237,-9.99332046508789
4.179707781567577,0.9810006618499756
-1.073248118887358,-3.5475757122039795
1.7249239205326918,-1.0696258544921875
-81.52648016021857,-9.970012664794922
13.015759276594096,1.6617488861083984
5.35198813185094,-1.4157304763793945
-12.53254789251529,-1.9866620302200317
5.45103123545738,-2.643667697906494
4.128157012788561,-1.3654968738555908
-3.8590388668775,-2.320269823074341
7.36579899286375,2.323054790496826
-11.03094492075089,-33.032501220703125
8.017093587799739,9.778331756591797
15.384553292915324,-33.407814025878906
2.79124989437018,-5.998590469360352
2.81101468536903,2.0543570518493652
-1.7237618714553775,-2.268369674682617
-2.202886656443709,-4.1123504638671875
2.369358494612781,5.77517032623291
-11.30813578108209,-6.639200210571289
4.484288991501213,0.5155253410339355
-35.8165916579592,-32.69291305541992
-5.19085420781142,-5.991384506225586
2.86709961553106,-2.401240587234497
-4.349210006555943,0.5774402618408203
5.029017096161708,1.6698215007781982
8.243548509216069,5.41472053527832
-2.6184282494780104,0.42270052433013916
-5.527709296795018,-5.168917179107666
-52.7336020518746,-20.64613914489746
6.07843040491799,2.9101552963256836
-4.396710286499547,-3.299582004547119
6.6154810826822,11.677167892456055
9.772192422094813,-18.918264389038086
2.099307195887115,-3.877185583114624
-12.414939844598162,-5.918123722076416
8.24149319055937,-0.547630786895752
-1.5178355576616795,-0.6844513416290283
9.144089281431205,4.11943244934082
1.418014053180695,-1.926088571548462
-60.92137282626391,-28.000146865844727
5.61896917638109,6.420477390289307
-4.96580172718434,-10.019476890563965
-24.4432878855492,-6.173347473144531
1.675381804264854,-1.454888105392456
-2.8447496930443927,-0.9913845658302307
-1.059512617215007,4.062521457672119
1.41805545618482,4.9540486335754395
-7.06329362397977,-5.046204566955566
9.400493271217616,1.2286975383758545
3.1327986373042376,7.451452255249023
4.097668935846943,2.311558723449707
-4.01456885639382,-5.019037246704102
-2.260381023139061,-1.9822182655334473
-8.237627320974727,-28.63486099243164
-2.23616712442702,2.7391042709350586
-26.79502671025515,-33.23902893066406
-10.594900847222812,-26.288728713989258
4.509456424718162,7.403447151184082
-22.9219832537164,-16.311182022094727
-6.2026319104393295,-29.702329635620117
-4.662511414401839,-4.607961654663086
-0.4503474699443348,-0.8925741910934448
-21.5531296050118,-24.021217346191406
-39.7169735486916,-4.793665409088135
-6.13466459150186,-7.917307376861572
6.093529951556334,0.44066619873046875
-33.3004252633332,-5.952126979827881
-7.789052707582185,2.5219006538391113
-61.6890402284636,-19.725637435913086
-10.613183176373598,-5.294497489929199
-12.6203596574975,-21.523277282714844
-15.2234416939723,-4.393338203430176
3.42848617073407,4.69135856628418
-50.4820483838523,-15.605046272277832
-71.7765711158932,-17.233598709106445
4.338369925074482,0.47670769691467285
-34.0729170807354,-36.10772705078125
-10.285920522724917,-4.678005218505859
2.71808902854303,3.0867061614990234
2.26767773086615,-4.667327880859375
0.3189015990893598,-9.475410461425781
-39.873530292237,-18.917560577392578
5.053393098685065,-4.656609535217285
-5.77665564868809,-3.569427013397217
-22.4462583852743,-30.13589096069336
-10.162041561092582,-29.308086395263672
8.70853787657841,-4.591581344604492
-3.73521146317182,-7.0647711753845215
-1.3326443092463092,-30.481475830078125
-5.830142578087577,-4.783957481384277
-7.815562497274902,-2.953623056411743
-20.7558388881914,-4.6966166496276855
-1.03656181464744,-4.625770092010498
-3.930469946192945,-5.936934471130371
5.391699208755202,-2.667600631713867
7.2595381633228,5.906350135803223
9.30630078585379,5.423612117767334
-3.77133000272187,-5.66180944442749
-42.936846127142296,-29.37930679321289
0.5211206139658471,-1.8676624298095703
0.7345204104922589,-1.6017789840698242
6.86106163750481,-0.5065252780914307
-21.61387508166409,-27.028385162353516
-24.577379709126298,-34.02459716796875
3.986867952152618,0.9863219261169434
-63.2346715672369,-35.47010040283203
4.55602013063716,1.0570666790008545
-20.3623076046531,-5.296472072601318
8.678125432705007,8.00244140625
-2.1147225087047508,2.961160898208618
-1.14890133483728,8.867648124694824
3.7921116228684086,0.9449129104614258
-1.3811964732242277,-4.701778411865234
0.1752112379752922,8.921605110168457
3.3452637215970498,-2.6321616172790527
6.63109301847755,-6.244098663330078
-8.72128086410909,-32.366783142089844
-0.1160299782726794,-0.5254850387573242
0.1119561526876595,2.207134246826172
11.877856996640997,4.422781944274902
-3.2142130797467816,0.1580476462841034
-3.9552380984537248,-3.9552972316741943
-1.593720937577549,-1.6852965354919434
3.3899996482015826,-6.330502510070801
7.66334596528203,-5.236508369445801
2.60625970962018,4.268282890319824
5.006519903780723,-1.9080727100372314
-58.5527340809363,-9.307757377624512
3.776985072333982,-3.428516387939453
2.4866177573815964,1.132911205291748
-0.6920482116816997,-4.703778266906738
2.1747311895065486,6.511882781982422
-13.14009076535719,-39.35169219970703
2.745769909533195,1.644829273223877
-10.626155896203898,-2.433104991912842
0.0548896546292299,2.719627857208252
-69.1366966634013,-38.80754470825195
14.8508222506114,6.163064002990723
-28.3488859938485,-33.71067810058594
0.6884341878779402,0.2072179764509201
12.566471603210276,5.229116439819336
-5.472376660417956,-4.745296001434326
-2.1691769605730515,-5.074868202209473
-0.3887710448227697,0.6102371215820312
9.1356503291117,3.1796865463256836
4.93167956005568,-5.409923553466797
2.713132201978397,2.093113422393799
9.090654061652296,-10.517827987670898
1.741670982094262,-2.0544233322143555
-5.89266438028177,-6.491230487823486
-1.130678948105339,-6.311310291290283
-46.587141393021525,-38.683555603027344
4.366245372711767,8.925826072692871
2.858782897786812,0.41809558868408203
2.53362859007723,-2.624969482421875
-1.7943154401891548,0.48119068145751953
-0.6435038581465955,-1.763300895690918
5.99108205682079,-7.839028358459473
2.44728958086436,-11.312915802001953
1.5718362711845366,2.220592975616455
-55.54568697318505,-35.27873229980469
-9.231606713935047,-1.4879772663116455
3.547124544521316,-26.669273376464844
-73.5286754265322,-4.928558349609375
0.2047767843086013,4.883009433746338
-10.398648228661925,-6.742740631103516
-46.9980356488569,-8.059782981872559
-62.9031214125763,-38.179962158203125
-10.35739215730591,2.963407516479492
1.83593808226401,11.226428985595703
7.827394642815597,7.571918487548828
-9.742168339465294,-4.823259353637695
-0.29408409265346,-3.377331018447876
-5.653435188749545,4.452646255493164
-14.57002364123529,-31.708982467651367
-18.1797235112709,0.7408580183982849
-5.45440876641342,-3.7643051147460938
8.596988309863011,0.7808431386947632
-5.493763326806099,-6.664059638977051
-8.393586343504198,-2.0795059204101562
-3.963646539183849,8.179332733154297
9.625121597198186,-4.934593200683594
-6.18357684414468,-1.7524126768112183
-3.41466344580097,-0.9040942192077637
-4.03025121975644,-4.3440093994140625
-2.66483863280114,-3.5056064128875732
-0.190891674386513,-0.0981907844543457
16.1850033157246,6.709329605102539
-7.910003358009165,-2.0713846683502197
-2.07861348348741,-3.900737762451172
12.331931266595111,3.829695701599121
0.8825935384285006,-3.0687923431396484
-2.1789667599796294,-3.145650863647461
3.0307168501552093,-1.736527442932129
14.8229623836697,6.275870323181152
6.795393661635613,6.220468521118164
5.16750826555368,-5.134637832641602
-57.144820014625296,-24.95465087890625
6.167862854629888,-6.394817352294922
-2.698758931910008,-2.224193572998047
1.289294757415069,-1.6538918018341064
13.9692836454661,-1.8851133584976196
-38.6438610292767,-27.015613555908203
-3.119647295186995,-8.581297874450684
-6.745372906074374,-6.840361595153809
-2.7468186065138984,-2.464118003845215
1.6198341998494314,0.8395487070083618
1.6646916021852596,6.154045581817627
-7.87226820943855,-5.183837890625
8.652061852316729,-0.4234105348587036
2.4933992323843923,-5.353677272796631
2.35160533891099,-4.835262298583984
1.30779520720034,-3.487011671066284
-11.9965988914421,1.7001607418060303
4.780848076735348,-3.170292854309082
11.2728180991378,-0.4120612144470215
0.7651079053562314,-1.019904613494873
-10.6557437737239,-11.714157104492188
3.27100049685324,-4.920407295227051
-5.2815921348029296,-1.1698143482208252
-27.5445722402187,-27.756404876708984
-2.683955047842884,1.2346596717834473
-43.929359067237,-35.65480041503906
-4.639593570653838,-3.0042295455932617
-14.7229944429405,-8.069808959960938
-5.00028834575103,-3.9943737983703613
-1.2236747050651609,-4.150304794311523
-17.6830733389949,-3.031822681427002
-9.979741434164584,-6.151705265045166
-0.2823200449385875,-4.139949798583984
-36.50577458359941,-6.330854415893555
-4.853312003098937,-26.60142707824707
-27.4476544011683,-31.351320266723633
-49.5120706514507,-39.118141174316406
1.2287673509824204,-2.132594585418701
9.503977484174175,2.833584785461426
-5.5186956836840375,-4.625882148742676
-2.99361591491145,1.009484052658081
7.99575647038201,-3.3176193237304688
11.7225687296843,5.912921905517578
6.987950206462267,-5.433080673217773
5.5273920092716775,-26.518856048583984
-7.19378137939456,-4.998022079467773
6.001532732018722,5.586672782897949
7.92708077877978,1.4172855615615845
4.316615136301563,1.1346802711486816
0.1590569364430157,-0.44991335272789
2.8348518495029404,-5.166152477264404
-46.6686841099013,-36.94778060913086
-0.8984319813221007,0.6095724105834961
4.30511943579503,-3.0846219062805176
-3.36735139960915,-3.7698817253112793
6.58117049992555,8.078960418701172
6.753311816554961,0.21156585216522217
-1.1091988250418725,0.035021066665649414
5.26551760771767,-2.4522294998168945
-37.3999740396079,-20.830692291259766
-34.48768519828235,-8.075571060180664
-46.862925671502296,-30.553211212158203
-1.19024715514191,-3.575533151626587
-1.4920816076829602,-4.252340316772461
-5.775806690181939,-3.7013518810272217
-14.2382866820043,6.973625183105469
1.3131129859732091,-3.1788477897644043
13.1991243046288,-5.357309818267822
3.6035536346157695,-2.4204792976379395
4.97603191479674,-1.8621556758880615
2.9737175212081803,1.9842021465301514
-35.1782981083837,-17.901945114135742
-10.480511156242285,-31.28826904296875
-0.3170472839931941,-5.748780727386475
3.59745169898486,2.293212413787842
-5.139364658294922,-2.119009017944336
-29.2662792150344,-6.4100542068481445
11.555346181601609,10.171727180480957
3.7092867134231,5.7237138748168945
-0.7280966227290082,-3.9212396144866943
0.9480162028997956,7.65344762802124
-9.619042312244815,-16.241912841796875
-3.15562863494722,1.1380596160888672
7.285509446842615,-5.007184028625488
2.71319811317338,-5.291820526123047
1.026942322157092,-2.669651985168457
-4.65691689928222,-5.430880546569824
-8.677497573270493,-11.022537231445312
14.3436638764016,-1.7211121320724487
-11.8973420493851,-5.60053825378418
-6.61979034735207,-4.533219337463379
8.86280218600469,6.0870490074157715
-3.43040335892423,-4.988692283630371
0.4443344011282492,-1.9438729286193848
2.6678241356197647,-2.360029697418213
2.334382802629,-5.073521614074707
-13.8157551615103,-10.06784725189209
1.9007667723773176,1.0367684364318848
-17.190033530139498,-3.4110515117645264
3.88810032819938,-5.0881242752075195
1.2705701336207027,1.3275582790374756
3.887422638441485,1.9115499258041382
10.349523074958825,-2.482402801513672
9.62907409316032,-0.8494405746459961
0.7709161631446207,-0.6242595314979553
2.3166834950764685,0.5142641067504883
2.76912169862866,0.26395463943481445
-46.2372447228831,-31.087448120117188
-37.0930621901092,-4.717009544372559
0.996650643215182,-4.270898818969727
-12.898019313824,-23.12822723388672
-0.71117494174041,-2.032478094100952
-0.5663484394051013,3.0990402698516846
-12.4595255596924,-5.259202003479004
-0.6089836493556324,0.4910767078399658
6.92534745147092,-3.1785547733306885
3.320229681965675,-3.4594240188598633
-10.274169876330886,-5.730182647705078
-49.062306315025,-25.73954963684082
-30.7261055182573,-37.796939849853516
22.7414116448382,3.6945643424987793
-0.9529303605806088,2.3199214935302734
-10.739322929783883,-5.3047003746032715
-20.9507978903398,-43.42987823486328
-24.96156751119129,-33.604881286621094
14.9823899147147,-2.284341812133789
-14.564555056626377,-5.1129584312438965
1.907333647224608,-3.0313498973846436
-1.178255647098801,-2.2387402057647705
1.9806048133258944,-9.756672859191895
8.833837192566008,6.008575439453125
-18.5255095356289,-35.68654251098633
3.010752586641185,-10.529009819030762
3.67041582610247,-3.4429352283477783
-33.7845903951132,-37.02297592163086
-13.812973987503693,-2.401710033416748
-13.861300672159,-3.269770622253418
-26.24662901330595,-41.16670227050781
-1.61504571199055,-3.217949867248535
8.754663680824095,6.065903663635254
3.22816419080692,0.5669275522232056
-2.0585753436264698,-3.846092462539673
-9.59094984812801,-31.295095443725586
6.02246857213521,-3.4181442260742188
-4.11149235653684,-28.62356948852539
-4.361976736345532,-2.8466873168945312
-2.4097304318056905,-3.495095729827881
4.967381413305823,-2.979562282562256
-11.9154244975033,-3.342379093170166
-11.183106529127476,2.9192957878112793
-2.3538192484503564,-2.6309797763824463
-2.204579993178592,-1.6167432069778442
-91.8886792382854,-5.937630653381348
3.2582764286422226,1.389737606048584
9.859104788483815,-2.047297954559326
-2.6304973605131474,-1.1600596904754639
8.398744223780918,-9.266608238220215
1.4955767028094,2.740954875946045
6.720388221210122,4.107689380645752
6.99756701325662,1.5306639671325684
12.966325580978296,1.373342514038086
-22.8644313188967,-1.950559377670288
-14.4731176558811,-2.5302886962890625
-0.0918051514147744,-4.779556751251221
0.9434331950199416,-5.17254638671875
7.877641553655238,3.836151599884033
-27.1636490162131,-5.205857276916504
3.42669038506664,-2.8820948600769043
0.31232235517322,6.822619915008545
1.1848602197973823,1.5721243619918823
-5.822632503482525,-0.4225738048553467
-2.989164004622407,-28.093942642211914
1.69213972357191,4.028566837310791
-0.89184437235696,3.1402902603149414
2.446050707651698,-2.7407474517822266
5.07108724357905,-5.592277526855469
5.42147270471237,-0.11392056941986084
-2.20364176327536,-0.460964560508728
3.08443697315444,-4.699207782745361
-5.97248436581227,-3.2674808502197266
-1.0190872666435924,-1.3555749654769897
-14.885807229381896,-4.713134765625
0.046018285265003,-9.911856651306152
6.00089213826483,-1.5637162923812866
-1.4680391508473674,0.42516183853149414
-49.8653288018085,-36.08793258666992
-7.283890318199592,-11.276958465576172
3.6053774296538297,2.099987030029297
6.364261125349779,-2.1063265800476074
-51.4043293278057,-33.5421142578125
-64.65676531723692,-33.15713119506836
-26.1965705632023,-2.635000228881836
2.63157412115867,-8.717761993408203
16.694612728237402,-5.089216232299805
-17.0314498829154,-15.153470993041992
-58.40351531723695,-41.952144622802734
-15.3173389528898,-5.127654552459717
-6.613686761665703,-23.94367218017578
-39.0646563811545,-18.19068717956543
0.809697096857583,-2.6080355644226074
0.4685622181175212,-3.6482105255126953
-6.376202369524528,-5.796512126922607
-14.434457477598505,-4.818264007568359
-26.0047332498617,-29.00391387939453
-17.5801214502402,-7.4204301834106445
-2.60072537807549,2.2219715118408203
7.184930267876617,8.389640808105469
0.555665600488549,-1.5540876388549805
8.747205755218493,8.126900672912598
-2.289513933263135,-9.702677726745605
3.8009101564042025,2.5841803550720215
-1.67197513843126,-29.576459884643555
-15.746453943284,-16.560653686523438
