Score,Pred Score
4.219145585451182,-0.8218650817871094
-2.588665914009158,-8.722034454345703
-3.0703466753296,-1.45245361328125
2.1112971208509976,3.1676599979400635
-19.1693792779686,-6.58620023727417
-0.9096556467231308,-0.3012576103210449
-5.316952415477393,-6.825645923614502
-5.39913759737588,-3.5569300651550293
6.1026124307435,-2.037391424179077
-1.6005087696864486,-5.809999465942383
-51.6773231694491,-32.33521270751953
0.51700222845629,-5.988859176635742
-1.6521884315998507,-3.519254207611084
2.11024229353816,4.974693298339844
17.2594267615487,4.973093509674072
-1.73607437190069,-1.006147861480713
-5.77436797253085,-1.099913477897644
-0.568998602339841,-4.592348098754883
-1.289264920121349,-7.560512065887451
-14.1813773041305,-23.551342010498047
-3.31847606547329,-3.0442562103271484
11.710679650337616,-8.948392868041992
2.046344769010002,-8.245697975158691
-2.77042962989298,-8.685762405395508
9.014890317831036,-8.416045188903809
2.726862934921635,5.087012767791748
-3.4922781726655696,-7.605340003967285
1.292753014965791,-1.749441146850586
8.16191414696451,3.253415107727051
-8.251107402184557,-6.9604291915893555
7.262818938793504,-6.790722846984863
4.14054171285972,-8.582013130187988
-13.546032832554804,-5.443595886230469
-16.8307740899425,-2.9041600227355957
-0.2642143205483515,2.0312111377716064
-6.135426654744688,-3.4680891036987305
-7.187555808667961,-8.089985847473145
8.149714042401495,0.31661057472229004
-6.426376983867103,-6.882198810577393
13.9953943577381,0.8063802719116211
-6.31868596379813,2.0692427158355713
5.321680837772678,3.459730625152588
11.9978624338519,-8.178152084350586
7.909526276907584,-13.547133445739746
7.206977941743588,-4.20442008972168
-7.378812419643663,-0.613440990447998
0.2475632146873464,0.8552865386009216
12.7359625054994,3.3042922019958496
5.220668557811489,-6.423435688018799
1.3318185914773402,-0.5577057600021362
2.776867734737273,-4.0988264083862305
-27.8178569354009,-29.037546157836914
-4.20883890972707,-1.979590892791748
2.78743688363977,5.569693565368652
-9.657849716236,-33.38627624511719
4.071661498679735,0.07825088500976562
-10.586292641023492,-3.537123918533325
2.578081311550471,-3.5185368061065674
-42.2483635713802,-16.626073837280273
8.204494762209066,-7.988406658172607
18.5317724911246,9.458209037780762
6.097122298913325,-7.777352333068848
-11.299328727708405,-3.59027099609375
-6.22433036882608,-4.148442268371582
3.12612254618191,0.8697934150695801
8.756217929094177,7.825382232666016
-1.757118944268968,-38.55442428588867
-51.402683514636095,-43.9477653503418
-2.13735826282737,1.5381627082824707
8.88265541550952,0.9803907871246338
5.58846482112586,0.11053085327148438
7.383552345763623,-4.719759464263916
10.229168329440906,-7.945072174072266
-17.4030551064212,-7.956045627593994
2.204062447972561,-7.891480445861816
-3.195242757261453,9.262802124023438
-36.8822022827233,-33.28179931640625
3.812227003524945,-3.344578981399536
-6.89310310865277,-4.105499744415283
-2.85382252753121,-7.808161735534668
-7.42349600405968,-7.608818054199219
4.398848813602776,8.512796401977539
-68.1959205924323,-24.60858917236328
-3.773219093074008,-7.651258945465088
8.453421074249384,6.359126091003418
-62.9612541332419,-26.489944458007812
2.97844031586002,1.5043244361877441
-5.800670766453999,-0.7345314025878906
2.409764321136161,-0.5670523643493652
-1.6610011043127195,0.9896087646484375
1.39259946716825,0.6716561317443848
-5.785469568057495,-38.631996154785156
10.468583156479704,3.0372345447540283
0.8267526169764301,-8.714771270751953
-0.4271227388875901,-5.344263076782227
-5.85807143580148,-6.016317367553711
-2.67676896274171,2.4291324615478516
-3.11888044241469,-8.000478744506836
6.71098989067457,20.77276611328125
6.429854346358795,14.96697998046875
-6.897600670415837,-6.303892135620117
-16.4910721624856,-16.118101119995117
-3.057699221935841,15.521951675415039
-17.6906096863185,-38.33988952636719
0.1461877509898399,-7.741123199462891
-3.01321716593974,-1.2102137804031372
-15.0412339008878,-1.125873327255249
-3.60075442831331,-0.4803222715854645
12.5056328567953,-3.3838987350463867
-13.8996269060666,-1.8828978538513184
5.265272900492549,-3.4181149005889893
12.283123760680592,-2.598572015762329
-2.54688332955635,-4.587793827056885
11.579228393987275,-2.0495316982269287
-0.3284521577656807,-8.271161079406738
-2.33292598982445,-1.4262003898620605
-0.1058882282985149,-2.866487503051758
-2.4461467814868523,-30.789196014404297
-41.8026500314277,-8.151771545410156
4.417989059347175,-5.392194747924805
-40.2101205720394,-3.1539199352264404
-14.277645616907492,-6.768243789672852
3.29681579894721,1.1857075691223145
-0.7012610501602399,-6.418490409851074
8.463248256721428,-1.8358757495880127
-2.491707941339629,-7.6844587326049805
4.867927463076468,-3.5781142711639404
-1.876637029070265,-10.40962028503418
-12.955988512618,-37.862770080566406
-7.75971004909346,3.357924461364746
4.67424026120176,3.8194026947021484
-7.08434802004719,-1.523444652557373
-6.19730890695259,1.8079285621643066
-0.1240821746904601,-2.7526745796203613
4.069163600073605,-1.8753223419189453
-1.77750068778882,-1.2448749542236328
1.8601156760560384,-7.900600433349609
-10.8237586662752,-28.74083137512207
-50.1674018945849,-36.11967086791992
-5.8677981963370005,-4.890168190002441
-24.4869919201538,-7.318698883056641
-12.281506448986304,-1.6826927661895752
-5.8772631055401,-5.899890422821045
-0.1639564470097907,4.810583114624023
4.17561229224804,-1.8566703796386719
2.77922195660905,-4.6733293533325195
-3.454798154796729,1.7621426582336426
7.692941411907634,-2.599249839782715
-2.390619984667185,-2.951024055480957
-33.1832620874725,-33.173675537109375
-18.23432595343749,-5.299514293670654
5.29419053806362,-3.705108404159546
-77.3623903172369,-23.89203453063965
15.4985727759109,14.309635162353516
7.73570234615748,-8.32669448852539
-9.325981865786185,-14.124731063842773
-9.72499716390718,-8.039194107055664
13.309934514349203,10.211692810058594
2.264898495983479,-7.843906402587891
-12.0320822507053,-6.343006134033203
-2.56542276271332,-3.9121389389038086
7.196532980977684,-8.402294158935547
-1.857666460494741,-3.7556354999542236
-1.4872271509121793,0.9200772047042847
-3.12013961477547,-2.5953876972198486
2.6303171850506604,-0.9837360382080078
-60.49569009623433,-36.65830612182617
-30.3377383335249,-30.22625732421875
1.0590749185315824,0.19817215204238892
-6.929951553081727,2.913670539855957
-8.46093254820262,4.098842620849609
2.461922216333884,-4.166658401489258
4.5031585012656095,-6.116917610168457
4.435147085081137,4.2233052253723145
-2.88087637063392,-6.126154899597168
-1.5082203021212124,-5.769433975219727
-0.6579761516790089,-6.601629734039307
3.719171936095444,-1.007542371749878
-2.6053130644292946,-1.6138983964920044
7.276768036701751,6.53648567199707
5.29091659278858,-2.7261762619018555
-1.0659561461183158,-1.1206283569335938
15.4186986077963,6.913201808929443
7.543407488617369,7.442281723022461
9.58062385928767,3.1710262298583984
0.2570808252882703,-7.32906436920166
8.13893448615947,0.3599095344543457
-5.14141487663266,-11.044540405273438
-16.517773128145326,-6.429995059967041
0.7364260970712593,3.188533306121826
4.25311060075082,-7.97100830078125
-25.4508968849616,-3.590308666229248
-1.9051378030600723,-0.8264408111572266
5.506094216928792,-3.723620653152466
-0.1777753404752198,2.0867199897766113
16.9349100756105,8.443887710571289
-11.607028837624,-8.252650260925293
-1.2671721747064446,-37.066226959228516
-16.1535771788668,-33.303497314453125
8.143116180793372,-9.879727363586426
7.078924552126015,-0.6856427192687988
0.2886204877907422,-5.116490840911865
16.4171583068458,5.404642105102539
-44.7886924625105,-45.88068771362305
-7.726553411266567,-8.819489479064941
4.065326821312747,-4.179491996765137
2.12749125232924,-42.90121841430664
9.06213659212517,9.863119125366211
-4.51305804704249,-16.307100296020508
4.28301459624688,-2.9647302627563477
-7.211196994815285,-44.115196228027344
-58.4491138315396,-18.43225860595703
-0.5413656534735456,-9.15737533569336
3.24770439300306,2.8935039043426514
-0.6472060937938101,-2.2882676124572754
-1.93656353174353,-1.0564758777618408
-1.94666134980912,-9.354761123657227
-0.670930828719279,-30.046377182006836
17.1612744381531,12.25537395477295
-8.044482691931467,-10.84583854675293
16.9968892380515,11.720230102539062
3.62056380925444,-4.868392467498779
4.07090957771029,-3.0541224479675293
-1.0680791130593923,-6.367649078369141
4.69437535963172,-4.32296085357666
0.3837795244341289,1.2408431768417358
0.6681105368389735,1.3902711868286133
-8.08045020128908,-2.3544719219207764
-42.6579269422049,-16.6361141204834
-30.89708550466269,-48.67572784423828
-1.1617148968623687,-9.4397611618042
6.46185690649625,-2.932417631149292
8.658679095048068,-3.6111888885498047
-0.1898191226144924,-7.394771099090576
6.457932781589695,1.60673189163208
-33.7712071062874,-13.98520278930664
-4.786538605318405,-5.544974327087402
-13.5632540546311,-42.14642333984375
-82.13826531723697,-10.15843677520752
-3.0453156276270903,-2.1439671516418457
6.430237727930085,-1.3240838050842285
5.31082796058257,-0.5657014846801758
-70.65073406723695,-32.62651824951172
4.71112087372323,-7.906009674072266
-10.78700495517378,-0.3369791507720947
-6.055427015859325,-6.094057083129883
-16.475900892606802,-2.271536111831665
-2.487076105276776,-9.446893692016602
-48.3858044800915,-44.03987121582031
5.893700156574014,2.007575511932373
-47.9957157156951,-31.984020233154297
-1.511416195100045,-32.47058868408203
-7.071587649042333,-5.076685905456543
-0.3550158381598589,3.785191059112549
-17.0078420331655,-43.94773483276367
10.3189652047012,-2.2925591468811035
8.829561804598438,0.03978627920150757
10.909208084253878,1.8317854404449463
-2.25262466719878,0.5696426630020142
0.7445982178878973,-8.0687255859375
-4.813871520282443,7.6740007400512695
2.85060083445348,2.6012587547302246
-2.54595208771381,14.064437866210938
-8.692928400841772,-4.000385761260986
16.618750626525,4.024622917175293
7.37064384347005,-0.09086227416992188
-6.81516141534704,-3.4747538566589355
-10.386374558578522,-5.777441024780273
3.73205068567752,5.667684078216553
-6.40442742836347,-1.8928678035736084
1.74273211890989,-7.720858573913574
-7.920344649869953,-25.989566802978516
-9.28527551691871,-2.7075366973876953
1.51502173443586,-0.20734286308288574
-90.3299705619704,-38.386226654052734
-6.512385872303066,-4.815071105957031
0.7982616963508231,-2.8907032012939453
15.8859560938761,13.215767860412598
-23.227454082363305,-36.48453140258789
5.4465900456679694,7.931394577026367
-13.2494383747796,-0.6163425445556641
-2.3458288386735573,-3.704231023788452
-1.5403494549472296,-5.130587100982666
-2.941164138388841,-0.5908373594284058
-14.6311710829416,-15.152961730957031
-4.81834176383161,-3.4660327434539795
-4.03806373695381,-5.036230087280273
0.4076170529080399,-5.80526876449585
-34.8552692363716,1.6872936487197876
-25.0659802428987,1.4239983558654785
-5.8684323426223,5.561463356018066
0.6771989561182002,0.10843324661254883
-14.6157572128631,-38.46417999267578
5.344594984386832,2.0973269939422607
-4.75101729862813,-2.3082032203674316
-89.5439156156453,-35.94244384765625
-1.207429910073891,3.1988213062286377
13.667582002208905,1.3039573431015015
-82.4887013651952,-26.337162017822266
4.40921359309415,1.0313740968704224
-19.923371510770203,-6.906725883483887
-4.665207913971671,-3.1928060054779053
3.42106467876526,-5.237493991851807
-39.0956747424042,-5.883325576782227
-10.288292260688207,0.37773990631103516
2.3067635611900137,1.3626642227172852
-4.92782811871599,-0.9464067220687866
10.292368565007404,9.909248352050781
-8.184373188662292,-30.7648868560791
-4.763634360062484,-8.130805969238281
-2.40000424902785,-3.136049509048462
5.009535132419683,-8.202136039733887
-22.2455703021075,-33.359901428222656
3.987299411465438,-6.365413665771484
-38.4962238749225,-28.42028045654297
-44.9949251983702,-7.857930660247803
-1.378759213278819,-4.330366134643555
8.07102955700163,4.599666118621826
1.055995951979529,0.0868690013885498
2.188685633501576,11.609891891479492
1.0880788430276551,4.930865287780762
-0.2898522089969393,-8.233599662780762
-3.790702882666694,-7.933830261230469
-7.940842049461227,-7.6583356857299805
4.398742241377427,-4.3061676025390625
2.5565427438131976,-8.107427597045898
4.123908949931413,0.8122732639312744
-76.9668504799361,-9.332926750183105
-14.1325019191809,-30.401683807373047
7.960789166364423,5.498430252075195
0.4423212163888063,-3.76106595993042
2.63206586722876,-4.109837532043457
3.1988276731025875,-1.51371431350708
-1.6552655274048038,-4.603403091430664
8.077984978184695,-7.646409034729004
-13.790764753514,-7.325204849243164
2.13745295521649,1.2181644439697266
3.0897024917955025,-1.2138738632202148
-0.3530077955256401,-0.3993837833404541
-7.639409008216227,0.18502354621887207
2.765011277030255,0.5669841766357422
3.557691046156,-0.9546805620193481
4.00031385473591,-7.972477912902832
-55.7541546140486,-36.98499298095703
9.550892694239591,7.199161529541016
1.775572054007981,-6.287055492401123
-2.248378586620203,-7.844447612762451
-56.2560888739038,-44.53213882446289
-2.5590885431480426,-2.2271714210510254
-40.5029244010595,-35.73855209350586
-30.8171784242839,0.5047874450683594
2.679404112105611,-2.7540392875671387
2.76740193393285,-3.536870002746582
-11.341527235964405,0.09587383270263672
-3.448025235667948,-41.981483459472656
-0.0780407432645869,-0.8216724395751953
11.616605850275496,-0.3737749457359314
9.179556151687803,2.7053685188293457
7.190050317883171,-2.694892406463623
-39.4932668903457,-6.266965389251709
-2.306526469902426,0.20580005645751953
0.5403453062071405,0.022811412811279297
-23.6042929930625,-29.730321884155273
-4.172986764275874,-3.262307643890381
0.5394390329931549,-4.085583686828613
5.84905996845087,-8.472406387329102
-22.9515728231767,-1.5695565938949585
-3.134999611446543,1.6022664308547974
-6.066411004621831,-5.576676368713379
2.24572304437811,-3.1591298580169678
-70.8116033690518,-5.068182945251465
0.3224388648416145,-3.8236083984375
4.755697845162629,4.086567401885986
1.7336328627834918,-7.623226165771484
3.939818822274421,0.024494647979736328
6.09033976794457,1.523874044418335
6.4251548431743295,-8.128927230834961
-6.47138721063866,-9.17155647277832
-0.0379657812584102,1.3711844682693481
4.4105627388370605,-4.173102378845215
2.3065604778561424,0.23166394233703613
7.588764503474316,-3.2891626358032227
-24.3954295810688,-5.519448757171631
7.380729755239978,-7.472358703613281
5.978124919049687,2.5843467712402344
0.7860328468455551,7.990482330322266
-44.1817825469333,-44.176361083984375
3.58036180553514,0.0012488365173339844
3.33951124606136,2.977771282196045
-6.79658968512302,-0.9760751724243164
3.7347243087796,-4.928000450134277
4.76541245752904,1.3203215599060059
8.922207576391518,-10.390446662902832
-11.864177458483407,-1.3602995872497559
1.166748445159433,1.7565538883209229
-25.781275563237,-11.165538787841797
4.179707781567577,1.121280550956726
-1.073248118887358,-5.3106689453125
1.7249239205326918,-1.7337689399719238
-81.52648016021857,-6.390815258026123
13.015759276594096,4.058231353759766
5.35198813185094,-3.3951969146728516
-12.53254789251529,-0.0433197021484375
5.45103123545738,-3.068917751312256
4.128157012788561,-2.850693702697754
-3.8590388668775,-2.570819854736328
7.36579899286375,-0.8861393928527832
-11.03094492075089,-35.63263702392578
8.017093587799739,8.409383773803711
15.384553292915324,-32.2582893371582
2.79124989437018,-8.406837463378906
2.81101468536903,-1.3963637351989746
-1.7237618714553775,-4.356900691986084
-2.202886656443709,-1.8900129795074463
2.369358494612781,3.2838034629821777
-11.30813578108209,-8.586276054382324
4.484288991501213,0.41019678115844727
-35.8165916579592,-29.61684226989746
-5.19085420781142,-8.376280784606934
2.86709961553106,-3.9890847206115723
-4.349210006555943,-0.05581182241439819
5.029017096161708,1.0865321159362793
8.243548509216069,9.575544357299805
-2.6184282494780104,2.2243590354919434
-5.527709296795018,-5.860718250274658
-52.7336020518746,-17.633800506591797
6.07843040491799,-1.2780771255493164
-4.396710286499547,-4.682193756103516
6.6154810826822,14.400138854980469
9.772192422094813,-34.04966735839844
2.099307195887115,-6.377082347869873
-12.414939844598162,-6.136704921722412
8.24149319055937,11.196087837219238
-1.5178355576616795,-0.3959193229675293
9.144089281431205,3.971994400024414
1.418014053180695,-3.393308639526367
-60.92137282626391,-20.93697738647461
5.61896917638109,6.026788711547852
-4.96580172718434,-10.309633255004883
-24.4432878855492,-8.576202392578125
1.675381804264854,-2.3178672790527344
-2.8447496930443927,-0.4132574796676636
-1.059512617215007,4.602807521820068
1.41805545618482,1.8262276649475098
-7.06329362397977,-7.615976333618164
9.400493271217616,0.7082576155662537
3.1327986373042376,8.519426345825195
4.097668935846943,2.9474754333496094
-4.01456885639382,-6.410751819610596
-2.260381023139061,-1.3354120254516602
-8.237627320974727,-25.59890365600586
-2.23616712442702,1.9254240989685059
-26.79502671025515,-26.870914459228516
-10.594900847222812,-18.20775604248047
4.509456424718162,9.176534652709961
-22.9219832537164,-10.390649795532227
-6.2026319104393295,-28.767574310302734
-4.662511414401839,-7.4888505935668945
-0.4503474699443348,-2.4131085872650146
-21.5531296050118,-20.721229553222656
-39.7169735486916,-6.856165885925293
-6.13466459150186,-6.8309645652771
6.093529951556334,0.04446721076965332
-33.3004252633332,-7.7148661613464355
-7.789052707582185,2.947908401489258
-61.6890402284636,-6.466846942901611
-10.613183176373598,-6.875861644744873
-12.6203596574975,-16.843273162841797
-15.2234416939723,-3.3444244861602783
3.42848617073407,3.6469459533691406
-50.4820483838523,-9.669775009155273
-71.7765711158932,-8.803243637084961
4.338369925074482,-0.7459681034088135
-34.0729170807354,-29.50889778137207
-10.285920522724917,-7.302859306335449
2.71808902854303,0.9807100296020508
2.26767773086615,-7.691126346588135
0.3189015990893598,-7.245339393615723
-39.873530292237,-7.549058437347412
5.053393098685065,-7.365427017211914
-5.77665564868809,-5.0499958992004395
-22.4462583852743,-26.38526725769043
-10.162041561092582,-32.25714874267578
8.70853787657841,-7.81107759475708
-3.73521146317182,-7.0922040939331055
-1.3326443092463092,-26.425708770751953
-5.830142578087577,-7.40639591217041
-7.815562497274902,-5.041826248168945
-20.7558388881914,-6.101902484893799
-1.03656181464744,-6.193301200866699
-3.930469946192945,-6.975510597229004
5.391699208755202,-4.796006202697754
7.2595381633228,4.8562164306640625
9.30630078585379,4.848365783691406
-3.77133000272187,-7.944736480712891
-42.936846127142296,-27.0419864654541
0.5211206139658471,-2.6924500465393066
0.7345204104922589,-0.6597139835357666
6.86106163750481,1.2559843063354492
-21.61387508166409,-34.227210998535156
-24.577379709126298,-30.719120025634766
3.986867952152618,0.04810988903045654
-63.2346715672369,-30.77606201171875
4.55602013063716,-0.5425591468811035
-20.3623076046531,-7.488905906677246
8.678125432705007,3.667257785797119
-2.1147225087047508,2.5847158432006836
-1.14890133483728,10.284565925598145
3.7921116228684086,-0.10043573379516602
-1.3811964732242277,-5.482789039611816
0.1752112379752922,8.81279182434082
3.3452637215970498,-4.3895463943481445
6.63109301847755,-8.42373275756836
-8.72128086410909,-27.734922409057617
-0.1160299782726794,1.1012229919433594
0.1119561526876595,0.04560708999633789
11.877856996640997,3.912477493286133
-3.2142130797467816,-1.8716235160827637
-3.9552380984537248,-5.72371768951416
-1.593720937577549,-1.5206663608551025
3.3899996482015826,-8.66739273071289
7.66334596528203,-8.176321029663086
2.60625970962018,6.161529541015625
5.006519903780723,-3.8382728099823
-58.5527340809363,-7.614893913269043
3.776985072333982,-4.5054168701171875
2.4866177573815964,-0.09216952323913574
-0.6920482116816997,-2.3732528686523438
2.1747311895065486,4.139298439025879
-13.14009076535719,-35.148475646972656
2.745769909533195,0.21941566467285156
-10.626155896203898,-4.268309116363525
0.0548896546292299,1.5577055215835571
-69.1366966634013,-36.871734619140625
14.8508222506114,4.428449630737305
-28.3488859938485,-29.799957275390625
0.6884341878779402,-0.0282212495803833
12.566471603210276,7.506834506988525
-5.472376660417956,-7.875784397125244
-2.1691769605730515,-8.066509246826172
-0.3887710448227697,2.747964859008789
9.1356503291117,2.5779595375061035
4.93167956005568,-8.056184768676758
2.713132201978397,2.181918144226074
9.090654061652296,-10.370925903320312
1.741670982094262,-3.9723613262176514
-5.89266438028177,-8.768982887268066
-1.130678948105339,-8.56135368347168
-46.587141393021525,-37.877532958984375
4.366245372711767,10.897787094116211
2.858782897786812,1.5380067825317383
2.53362859007723,-3.6550636291503906
-1.7943154401891548,-0.11269998550415039
-0.6435038581465955,-1.3461542129516602
5.99108205682079,-3.747650384902954
2.44728958086436,-3.9469456672668457
1.5718362711845366,4.327075004577637
-55.54568697318505,-27.40273666381836
-9.231606713935047,-3.0952653884887695
3.547124544521316,-19.114456176757812
-73.5286754265322,-8.077020645141602
0.2047767843086013,0.5848388671875
-10.398648228661925,-8.60734748840332
-46.9980356488569,-8.778168678283691
-62.9031214125763,-31.653831481933594
-10.35739215730591,3.424889326095581
1.83593808226401,12.36697006225586
7.827394642815597,5.241389274597168
-9.742168339465294,-6.323331832885742
-0.29408409265346,-3.7950706481933594
-5.653435188749545,1.3245375156402588
-14.57002364123529,-31.156112670898438
-18.1797235112709,0.382669061422348
-5.45440876641342,-2.5465784072875977
8.596988309863011,-1.3561792373657227
-5.493763326806099,-8.75395393371582
-8.393586343504198,-4.620659828186035
-3.963646539183849,8.744245529174805
9.625121597198186,-8.498862266540527
-6.18357684414468,-0.7736122608184814
-3.41466344580097,-3.0498504638671875
-4.03025121975644,-5.7479047775268555
-2.66483863280114,-6.434177875518799
-0.190891674386513,-1.6570212841033936
16.1850033157246,6.980541229248047
-7.910003358009165,-4.4672532081604
-2.07861348348741,-5.801596164703369
12.331931266595111,2.1197991371154785
0.8825935384285006,-2.173234462738037
-2.1789667599796294,-3.483238697052002
3.0307168501552093,-4.293424129486084
14.8229623836697,9.117226600646973
6.795393661635613,5.523383617401123
5.16750826555368,-8.225030899047852
-57.144820014625296,-23.992082595825195
6.167862854629888,-8.868894577026367
-2.698758931910008,-2.892080307006836
1.289294757415069,-3.4122531414031982
13.9692836454661,-4.482869625091553
-38.6438610292767,-18.801559448242188
-3.119647295186995,-4.532411575317383
-6.745372906074374,-8.13687515258789
-2.7468186065138984,-3.5726845264434814
1.6198341998494314,0.4410417079925537
1.6646916021852596,6.387574195861816
-7.87226820943855,-8.32279109954834
8.652061852316729,-1.496252417564392
2.4933992323843923,-8.412182807922363
2.35160533891099,-7.961996555328369
1.30779520720034,-6.512098789215088
-11.9965988914421,1.9821107387542725
4.780848076735348,-2.5005156993865967
11.2728180991378,-3.908644676208496
0.7651079053562314,-1.887369155883789
-10.6557437737239,-9.68963623046875
3.27100049685324,-6.891912460327148
-5.2815921348029296,-1.2563860416412354
-27.5445722402187,-23.23992347717285
-2.683955047842884,0.9060060977935791
-43.929359067237,-30.453319549560547
-4.639593570653838,-1.9435489177703857
-14.7229944429405,-6.366295337677002
-5.00028834575103,-2.352895736694336
-1.2236747050651609,-7.380887031555176
-17.6830733389949,-4.414080619812012
-9.979741434164584,-2.4357268810272217
-0.2823200449385875,-3.230130672454834
-36.50577458359941,-8.623527526855469
-4.853312003098937,-21.97870635986328
-27.4476544011683,-35.348899841308594
-49.5120706514507,-38.177635192871094
1.2287673509824204,-3.9886691570281982
9.503977484174175,1.9599838256835938
-5.5186956836840375,-5.215355396270752
-2.99361591491145,-0.4567455053329468
7.99575647038201,-2.754443645477295
11.7225687296843,2.812610387802124
6.987950206462267,-8.315696716308594
5.5273920092716775,-24.148460388183594
-7.19378137939456,-6.550152778625488
6.001532732018722,4.074972629547119
7.92708077877978,0.7283248901367188
4.316615136301563,2.498081684112549
0.1590569364430157,2.413435459136963
2.8348518495029404,-8.572470664978027
-46.6686841099013,-37.28667449951172
-0.8984319813221007,0.36396360397338867
4.30511943579503,-4.545019149780273
-3.36735139960915,-5.689714431762695
6.58117049992555,8.88477897644043
6.753311816554961,0.6149492263793945
-1.1091988250418725,0.22221899032592773
5.26551760771767,-3.8979618549346924
-37.3999740396079,-28.32858657836914
-34.48768519828235,-9.348133087158203
-46.862925671502296,-37.037269592285156
-1.19024715514191,-2.4862542152404785
-1.4920816076829602,-5.991908550262451
-5.775806690181939,-6.183271408081055
-14.2382866820043,7.059203624725342
1.3131129859732091,-4.654938697814941
13.1991243046288,-8.225652694702148
3.6035536346157695,-3.3229281902313232
4.97603191479674,-3.6318953037261963
2.9737175212081803,0.08058547973632812
-35.1782981083837,-12.726325988769531
-10.480511156242285,-34.43603515625
-0.3170472839931941,-8.43249225616455
3.59745169898486,-0.32084572315216064
-5.139364658294922,-3.928846836090088
-29.2662792150344,-4.590028285980225
11.555346181601609,8.488895416259766
3.7092867134231,3.9319777488708496
-0.7280966227290082,-3.044266700744629
0.9480162028997956,8.991464614868164
-9.619042312244815,-13.175783157348633
-3.15562863494722,0.9290846586227417
7.285509446842615,-8.35036563873291
2.71319811317338,-8.385391235351562
1.026942322157092,-5.011138916015625
-4.65691689928222,-7.537057876586914
-8.677497573270493,-9.647126197814941
14.3436638764016,-2.9520678520202637
-11.8973420493851,-7.629105091094971
-6.61979034735207,-6.461676597595215
8.86280218600469,5.9327712059021
-3.43040335892423,-5.476449012756348
0.4443344011282492,-3.4573752880096436
2.6678241356197647,-1.7684831619262695
2.334382802629,-7.7996721267700195
-13.8157551615103,-9.277803421020508
1.9007667723773176,1.0132510662078857
-17.190033530139498,-5.2823486328125
3.88810032819938,-7.592496395111084
1.2705701336207027,3.0321121215820312
3.887422638441485,3.445992946624756
10.349523074958825,-4.88328742980957
9.62907409316032,-0.7187087535858154
0.7709161631446207,2.5345563888549805
2.3166834950764685,3.678112030029297
2.76912169862866,-0.4693164825439453
-46.2372447228831,-30.975685119628906
-37.0930621901092,-4.031113624572754
0.996650643215182,-7.614443302154541
-12.898019313824,-39.313636779785156
-0.71117494174041,-4.3182244300842285
-0.5663484394051013,1.080817699432373
-12.4595255596924,-3.148688793182373
-0.6089836493556324,0.4056220054626465
6.92534745147092,-4.64746618270874
3.320229681965675,-5.704113483428955
-10.274169876330886,-7.6746039390563965
-49.062306315025,-21.826255798339844
-30.7261055182573,-42.387420654296875
22.7414116448382,2.671219825744629
-0.9529303605806088,1.314005732536316
-10.739322929783883,-8.557059288024902
-20.9507978903398,-61.526145935058594
-24.96156751119129,-32.440093994140625
14.9823899147147,-3.5067059993743896
-14.564555056626377,-7.571464538574219
1.907333647224608,-4.388875484466553
-1.178255647098801,-3.6283135414123535
1.9806048133258944,-13.987237930297852
8.833837192566008,6.0355377197265625
-18.5255095356289,-36.90629577636719
3.010752586641185,-10.98062515258789
3.67041582610247,-4.721686363220215
-33.7845903951132,-42.6680908203125
-13.812973987503693,-3.5328030586242676
-13.861300672159,-5.3794050216674805
-26.24662901330595,-53.54778289794922
-1.61504571199055,-6.398752212524414
8.754663680824095,9.791285514831543
3.22816419080692,1.2244815826416016
-2.0585753436264698,-5.754199981689453
-9.59094984812801,-34.0263786315918
6.02246857213521,-3.992454767227173
-4.11149235653684,-42.106178283691406
-4.361976736345532,-4.961075782775879
-2.4097304318056905,-8.343832015991211
4.967381413305823,-4.22229528427124
-11.9154244975033,-1.4605516195297241
-11.183106529127476,2.2818031311035156
-2.3538192484503564,-4.768177032470703
-2.204579993178592,-3.7133429050445557
-91.8886792382854,-8.268817901611328
3.2582764286422226,0.9520530700683594
9.859104788483815,-3.7355120182037354
-2.6304973605131474,-2.796257495880127
8.398744223780918,-12.606760025024414
1.4955767028094,0.5495686531066895
6.720388221210122,1.89113187789917
6.99756701325662,2.0752274990081787
12.966325580978296,1.4735151529312134
-22.8644313188967,-0.237990140914917
-14.4731176558811,-2.447021484375
-0.0918051514147744,-7.414700031280518
0.9434331950199416,-6.398955821990967
7.877641553655238,-0.40565359592437744
-27.1636490162131,-7.3367180824279785
3.42669038506664,-6.438035488128662
0.31232235517322,6.945859909057617
1.1848602197973823,1.6635513305664062
-5.822632503482525,-1.1221923828125
-2.989164004622407,-30.533138275146484
1.69213972357191,3.5123374462127686
-0.89184437235696,1.9983506202697754
2.446050707651698,-2.0381431579589844
5.07108724357905,-8.677779197692871
5.42147270471237,0.03712010383605957
-2.20364176327536,-0.39556410908699036
3.08443697315444,-5.908993721008301
-5.97248436581227,-6.176830291748047
-1.0190872666435924,-1.103496789932251
-14.885807229381896,-7.323124885559082
0.046018285265003,-19.758132934570312
6.00089213826483,-3.7538583278656006
-1.4680391508473674,-3.735368251800537
-49.8653288018085,-34.71638488769531
-7.283890318199592,-7.9484710693359375
3.6053774296538297,11.069658279418945
6.364261125349779,-0.4148259162902832
-51.4043293278057,-32.49569320678711
-64.65676531723692,-39.61402893066406
-26.1965705632023,-3.294801712036133
2.63157412115867,-4.410306453704834
16.694612728237402,-7.771508693695068
-17.0314498829154,-12.94685173034668
-58.40351531723695,-43.9016227722168
-15.3173389528898,-7.268989562988281
-6.613686761665703,-21.241451263427734
-39.0646563811545,-10.660690307617188
0.809697096857583,-4.324614524841309
0.4685622181175212,-6.926489353179932
-6.376202369524528,-7.164155960083008
-14.434457477598505,-6.227396011352539
-26.0047332498617,-26.00767707824707
-17.5801214502402,-9.224857330322266
-2.60072537807549,2.029728412628174
7.184930267876617,13.248125076293945
0.555665600488549,-0.3176155090332031
8.747205755218493,9.456779479980469
-2.289513933263135,-8.8810396194458
3.8009101564042025,0.39064323902130127
-1.67197513843126,-29.630477905273438
-15.746453943284,-12.376824378967285
