Score,Pred Score
-0.6666666666666666,-2.8132405281066895
7.333333333333333,-2.04538893699646
-0.4444444444444444,-5.801464080810547
-4.111111111111111,-2.9765419960021973
-7.333333333333333,-2.8931145668029785
1.3333333333333333,-0.8350102305412292
-8.444444444444445,-1.3703551292419434
1.6666666666666667,-1.3483794927597046
3.333333333333333,-3.102799892425537
2.111111111111111,-1.1248854398727417
0.1111111111111111,-1.8100943565368652
11.22222222222222,-2.3413455486297607
-3.111111111111111,-4.218583583831787
-3.888888888888889,-0.9871692657470703
14.11111111111111,-1.4698156118392944
-4.444444444444445,-0.7693095207214355
6.0,-1.483726143836975
12.555555555555555,1.146835446357727
-0.8888888888888888,-0.7039647102355957
-4.0,-0.7196696996688843
-1.1111111111111112,-4.210212707519531
-3.555555555555556,-3.7992665767669678
-10.666666666666666,-1.6669460535049438
9.11111111111111,-1.7396355867385864
-1.7777777777777777,-2.8209471702575684
-3.4444444444444446,-2.743462562561035
23.22222222222222,16.83734893798828
0.8888888888888888,-0.5027119517326355
0.3333333333333333,-1.353928565979004
-3.7777777777777777,-3.256375312805176
2.111111111111111,-2.772871971130371
-2.2222222222222223,-2.4758293628692627
-2.2222222222222223,-2.6997721195220947
3.111111111111111,-2.3443479537963867
0.1111111111111111,-0.7272232174873352
-2.555555555555556,-1.3276684284210205
-0.2222222222222222,-1.3637428283691406
3.111111111111111,3.0025715827941895
-4.444444444444445,-2.7932047843933105
-5.222222222222222,-0.13765215873718262
4.0,4.384748935699463
-4.777777777777778,-2.387533187866211
1.0,-1.63018000125885
-4.111111111111111,-1.0864390134811401
-4.777777777777778,-2.8537437915802
14.11111111111111,-3.60650897026062
2.2222222222222223,-2.1006617546081543
-4.888888888888889,-2.1757309436798096
-6.888888888888889,-6.373749732971191
-9.444444444444445,3.3535103797912598
13.666666666666666,4.566709995269775
3.4444444444444446,-3.9254226684570312
-8.222222222222221,-5.11649227142334
5.777777777777778,-1.1860697269439697
0.0,3.2254490852355957
13.666666666666666,5.694232940673828
-1.0,-1.060508131980896
7.333333333333333,-1.414998173713684
-2.888888888888889,-0.7063950300216675
-7.111111111111111,-2.882469654083252
-1.2222222222222223,-3.5680973529815674
0.0,-1.2221498489379883
-7.666666666666667,-2.6406760215759277
-1.5555555555555556,-0.6697349548339844
11.88888888888889,10.105082511901855
-4.666666666666667,-2.9943346977233887
-10.333333333333334,-0.6063832640647888
-9.555555555555555,-3.4927217960357666
-2.6666666666666665,-3.1965174674987793
-3.333333333333333,-3.2194478511810303
1.8888888888888888,-1.024895191192627
-5.666666666666667,-2.7578799724578857
-3.888888888888889,-1.2713286876678467
-1.5555555555555556,-3.1209022998809814
-1.8888888888888888,-0.8157016634941101
-7.888888888888889,-1.1111958026885986
0.4444444444444444,0.6769756078720093
3.555555555555556,-1.2175641059875488
-0.8888888888888888,-1.815295934677124
-5.777777777777778,-3.1635243892669678
-2.888888888888889,-1.5559666156768799
-2.111111111111111,-2.4443225860595703
46.333333333333336,9.068568229675293
0.8888888888888888,-2.1414105892181396
1.1111111111111112,-2.2865118980407715
0.0,-2.2630727291107178
10.0,-3.1486246585845947
-1.1111111111111112,-2.3816168308258057
8.555555555555555,-4.211977005004883
-4.777777777777778,-0.02912217378616333
0.2222222222222222,-1.2298182249069214
8.222222222222221,-2.3235058784484863
10.11111111111111,8.052839279174805
-2.555555555555556,0.5146609544754028
-4.888888888888889,-3.3731675148010254
20.88888888888889,13.597034454345703
19.33333333333333,14.578198432922363
-1.3333333333333333,-0.7045629620552063
-4.111111111111111,-1.674646258354187
-2.7777777777777777,-3.5333003997802734
9.0,-0.6279268264770508
-6.111111111111111,2.4554882049560547
-3.7777777777777777,-2.3599436283111572
-5.0,-3.129275321960449
-3.0,-3.010631799697876
-6.222222222222222,-3.139490842819214
-6.333333333333333,-2.8993308544158936
-1.8888888888888888,-2.8212943077087402
3.111111111111111,0.1332656741142273
-4.888888888888889,-3.19596004486084
6.777777777777778,-2.3337604999542236
-4.444444444444445,-3.652745008468628
7.666666666666667,10.447325706481934
0.5555555555555556,-2.213940143585205
-7.0,-1.8108590841293335
-10.0,-10.655749320983887
-0.5555555555555556,-1.2597849369049072
0.1111111111111111,-3.2162532806396484
-3.4444444444444446,-2.1516146659851074
6.777777777777778,-2.100585460662842
-6.0,-3.1970696449279785
-3.333333333333333,-6.489212512969971
8.777777777777779,8.53154182434082
-6.333333333333333,-1.6423723697662354
-7.444444444444445,-3.984903573989868
0.1111111111111111,-1.942600965499878
-4.0,-2.978301763534546
6.222222222222222,-2.5610973834991455
-3.4444444444444446,-2.4188077449798584
4.777777777777778,2.5155718326568604
-2.111111111111111,-2.858675718307495
-4.111111111111111,-4.161401748657227
11.88888888888889,9.347975730895996
-0.5555555555555556,-4.051943302154541
4.444444444444445,-1.7963296175003052
-0.3333333333333333,-3.043259382247925
-4.555555555555555,-0.2637878656387329
-0.7777777777777778,-6.892735481262207
-2.2222222222222223,-3.1396260261535645
-5.222222222222222,-2.0381152629852295
10.444444444444445,9.464217185974121
-3.4444444444444446,-3.5153069496154785
-3.7777777777777777,-1.490396499633789
0.2222222222222222,-6.242778301239014
-4.0,-2.3847436904907227
-22.444444444444443,-5.677060127258301
-5.777777777777778,-1.7958940267562866
-4.222222222222222,-1.2703328132629395
-2.333333333333333,-0.02728024125099182
5.555555555555555,6.312596797943115
23.0,-3.0939273834228516
4.777777777777778,-1.9246217012405396
-18.88888888888889,-2.6197400093078613
-10.22222222222222,-1.2515584230422974
5.222222222222222,-2.631852865219116
-5.0,-3.927626848220825
7.444444444444445,-4.895512580871582
6.333333333333333,-1.993914246559143
1.4444444444444444,-3.449789524078369
-0.8888888888888888,-2.0311717987060547
3.111111111111111,-3.7346231937408447
0.5555555555555556,-1.5672732591629028
-1.8888888888888888,-0.761817216873169
-11.77777777777778,-1.5672732591629028
-5.555555555555555,-3.550501823425293
-1.3333333333333333,-6.692185878753662
-1.8888888888888888,0.8252434730529785
0.0,0.08601437509059906
0.8888888888888888,4.254164695739746
5.0,-1.0723851919174194
2.4444444444444446,-2.0306432247161865
-0.1111111111111111,-2.3314368724823
2.111111111111111,-2.127775192260742
-0.2222222222222222,15.8810453414917
19.444444444444443,34.2279052734375
3.7777777777777777,3.1921513080596924
-3.111111111111111,-1.8585529327392578
7.555555555555555,-0.9580888748168945
1.5555555555555556,-3.313645124435425
-1.1111111111111112,-1.4123344421386719
-1.6666666666666667,-2.6342220306396484
3.111111111111111,-2.8084020614624023
-1.6666666666666667,-1.67485773563385
1.3333333333333333,-2.086580991744995
-10.555555555555555,-3.9353888034820557
-5.333333333333333,-1.7755135297775269
-0.8888888888888888,-3.5729360580444336
-6.111111111111111,-2.0751731395721436
-12.333333333333334,-3.6932127475738525
-6.111111111111111,-0.7823886871337891
-6.111111111111111,-1.1942368745803833
-10.22222222222222,-2.2930519580841064
4.444444444444445,-2.056713581085205
-2.555555555555556,-3.6081295013427734
-8.777777777777779,-0.7184812426567078
-14.555555555555555,-2.576101064682007
-15.0,10.144030570983887
31.33333333333333,27.776348114013672
-20.11111111111111,-0.49897143244743347
-3.4444444444444446,-2.161865472793579
-0.1111111111111111,-1.8355228900909424
-1.3333333333333333,-1.2154704332351685
1.6666666666666667,-1.6294691562652588
-4.888888888888889,-1.5968005657196045
2.333333333333333,-1.761594533920288
-13.333333333333334,-4.046114444732666
0.5555555555555556,2.6369683742523193
1.2222222222222223,-2.380845069885254
-8.777777777777779,-4.01510763168335
-0.2222222222222222,1.058054804801941
3.2222222222222223,-3.497934579849243
-2.7777777777777777,-0.6446224451065063
-3.333333333333333,-2.942333936691284
-5.0,1.3148123025894165
-3.333333333333333,-11.287766456604004
-6.777777777777778,-2.5004003047943115
1.0,-1.9348745346069336
-4.444444444444445,-3.179518699645996
-2.111111111111111,-2.619824171066284
-20.55555555555556,-1.201492190361023
3.333333333333333,6.893642425537109
-4.777777777777778,1.7892258167266846
-1.4444444444444444,-0.761915385723114
-9.11111111111111,-1.8347375392913818
-12.666666666666666,-2.16576886177063
-21.11111111111111,10.971997261047363
3.555555555555556,6.006951808929443
-4.777777777777778,0.11584298312664032
-5.888888888888889,-6.538149833679199
-7.555555555555555,-0.6189643144607544
-3.555555555555556,-5.287832736968994
3.0,-2.1952860355377197
4.0,-1.5071645975112915
-5.333333333333333,-1.8793925046920776
17.444444444444443,14.092270851135254
-11.77777777777778,-0.9627114534378052
-4.888888888888889,-2.1876304149627686
6.444444444444445,1.649422526359558
4.0,-0.16649997234344482
-9.88888888888889,-0.7807855010032654
15.77777777777778,-0.5606374144554138
0.6666666666666666,-3.270080089569092
-9.444444444444445,-3.8827950954437256
-1.7777777777777777,-1.2772215604782104
2.333333333333333,9.006881713867188
-4.222222222222222,-1.626996397972107
-8.11111111111111,-2.7980120182037354
1.8888888888888888,-1.1115838289260864
-12.555555555555555,-2.1595799922943115
5.444444444444445,1.1531846523284912
-3.111111111111111,-1.951127529144287
-2.555555555555556,-5.171607971191406
5.666666666666667,-1.5048125982284546
1.4444444444444444,-1.1351323127746582
-3.0,-4.1290974617004395
-0.1111111111111111,1.333168625831604
1.1111111111111112,-3.7098493576049805
-0.8888888888888888,-2.4593474864959717
-7.333333333333333,-2.08477520942688
-13.77777777777778,-2.2638745307922363
0.7777777777777778,0.6274738311767578
-2.6666666666666665,-3.573500156402588
-19.55555555555556,-4.303508758544922
5.0,-1.99055814743042
-2.2222222222222223,-4.552504539489746
1.0,-1.3138692378997803
-3.0,-3.014686346054077
-3.888888888888889,-1.922673225402832
-3.4444444444444446,-1.5653133392333984
5.0,-2.0431973934173584
19.22222222222222,17.78059196472168
-2.4444444444444446,-5.2114410400390625
6.222222222222222,-5.032811641693115
-5.333333333333333,-1.8579468727111816
-10.77777777777778,-1.485880732536316
0.0,-1.1753073930740356
1.8888888888888888,-0.7965118885040283
21.55555555555556,13.405904769897461
-7.777777777777778,-5.67614221572876
-7.222222222222222,-2.492985963821411
-1.7777777777777777,-2.930072546005249
5.444444444444445,-0.45799583196640015
-3.888888888888889,-2.111572504043579
-8.222222222222221,-4.383264541625977
6.111111111111111,-3.6939761638641357
2.7777777777777777,-3.569885015487671
-6.333333333333333,-1.58354651927948
0.2222222222222222,4.259328842163086
-7.777777777777778,-2.0939764976501465
1.2222222222222223,-1.625697374343872
3.4444444444444446,0.8846699595451355
-2.888888888888889,-2.1555097103118896
14.88888888888889,-0.7426889538764954
-1.7777777777777777,-3.033770799636841
-3.888888888888889,-1.198675513267517
-5.777777777777778,-2.124854564666748
27.11111111111111,15.58443546295166
1.7777777777777777,-3.200305223464966
0.3333333333333333,-6.111364364624023
-12.77777777777778,-2.905189275741577
27.88888888888889,17.60559844970703
-4.222222222222222,-1.82758367061615
-1.2222222222222223,-1.2656221389770508
-3.0,-5.900773048400879
3.6666666666666665,3.9812498092651367
-1.5555555555555556,-1.8387213945388794
-4.222222222222222,-28.27294158935547
-0.7777777777777778,-0.5117530226707458
6.777777777777778,6.69680643081665
-0.7777777777777778,-1.068158507347107
-8.777777777777779,-2.5021915435791016
0.2222222222222222,-1.4281562566757202
-0.2222222222222222,-3.8653249740600586
-8.0,-1.9904035329818726
-4.333333333333333,-0.9928861260414124
-3.0,-0.3585668206214905
-7.666666666666667,-3.845492124557495
1.1111111111111112,-1.797078013420105
-0.5555555555555556,-2.944936752319336
-2.111111111111111,-3.116788387298584
-7.555555555555555,-1.2002469301223755
17.666666666666668,-0.5963649153709412
-8.11111111111111,-0.7459542155265808
19.55555555555556,17.863492965698242
-6.555555555555555,-1.8600560426712036
10.555555555555555,-1.3791186809539795
-14.444444444444445,-3.681340456008911
6.666666666666667,-0.30744504928588867
-3.888888888888889,-1.929490566253662
-6.333333333333333,6.0709710121154785
-6.666666666666667,-2.940735101699829
-4.444444444444445,-4.182665824890137
-2.111111111111111,-3.30735182762146
-10.333333333333334,-1.1566253900527954
-6.111111111111111,-1.9853109121322632
20.666666666666668,47.92961883544922
-5.444444444444445,-0.9029992818832397
7.555555555555555,-2.399160623550415
-1.4444444444444444,-3.1410086154937744
-7.222222222222222,-2.1603784561157227
-3.111111111111111,-2.8881397247314453
-3.555555555555556,-3.4425783157348633
-2.4444444444444446,-1.570878267288208
-1.1111111111111112,-3.154803991317749
-7.555555555555555,-2.2921249866485596
10.11111111111111,-1.7958993911743164
-1.4444444444444444,-3.3860294818878174
-2.333333333333333,-4.556950569152832
-1.6666666666666667,-3.2284905910491943
8.88888888888889,10.587509155273438
-3.888888888888889,-5.354926586151123
-6.222222222222222,-2.6724603176116943
-11.88888888888889,-5.029220104217529
-1.5555555555555556,-0.9607176184654236
7.111111111111111,2.2003777027130127
4.666666666666667,1.8801103830337524
2.4444444444444446,-2.566484212875366
1.5555555555555556,-1.435123324394226
3.333333333333333,-3.152752161026001
-10.11111111111111,-0.6219367980957031
-8.444444444444445,-0.9682542085647583
-2.555555555555556,0.041605472564697266
2.4444444444444446,-1.8850986957550049
2.888888888888889,-2.5309410095214844
-4.111111111111111,-2.9663960933685303
-10.444444444444445,2.199157953262329
17.666666666666668,8.10946273803711
27.77777777777778,15.023056983947754
-1.7777777777777777,-6.636105537414551
11.88888888888889,-2.0296285152435303
0.5555555555555556,-3.3399930000305176
6.444444444444445,3.5582120418548584
-4.0,-2.7799878120422363
-7.444444444444445,-3.6018033027648926
-4.555555555555555,-1.0260095596313477
12.333333333333334,9.438980102539062
6.0,-3.24969220161438
-2.0,-2.3792309761047363
1.6666666666666667,4.603501319885254
17.333333333333332,14.813197135925293
10.11111111111111,-0.9527825117111206
-1.2222222222222223,-1.0832316875457764
5.666666666666667,-0.8856360912322998
-3.0,-4.2026801109313965
-0.2222222222222222,-5.743566036224365
6.888888888888889,-1.946041464805603
1.4444444444444444,-1.5979489088058472
-1.2222222222222223,-3.111790895462036
-2.333333333333333,-2.3490068912506104
-7.888888888888889,-3.0486643314361572
20.22222222222222,16.04656410217285
-6.111111111111111,-2.510587692260742
-12.444444444444445,-3.855140447616577
-7.888888888888889,-1.8689007759094238
1.2222222222222223,-1.2742035388946533
-2.888888888888889,-2.5506772994995117
-17.333333333333332,-6.462608814239502
0.0,-2.7277541160583496
5.222222222222222,-1.5956127643585205
5.111111111111111,-2.3678741455078125
-5.444444444444445,-3.4566662311553955
10.22222222222222,-1.3673006296157837
-1.6666666666666667,-2.4406356811523438
-4.444444444444445,1.0259456634521484
18.11111111111111,11.684125900268555
-4.777777777777778,-1.9416323900222778
5.333333333333333,-2.9404819011688232
-2.555555555555556,-1.7482048273086548
5.888888888888889,7.528590679168701
8.11111111111111,-1.099539041519165
-0.4444444444444444,-4.0058135986328125
-5.444444444444445,-2.854038953781128
-0.6666666666666666,-4.258780002593994
-5.444444444444445,-3.1959691047668457
-17.0,-3.5344882011413574
-1.0,-3.1242666244506836
2.333333333333333,-1.0310733318328857
0.2222222222222222,-1.909981608390808
-2.7777777777777777,-2.523794174194336
-6.777777777777778,-3.2468245029449463
0.4444444444444444,0.9972696304321289
0.6666666666666666,-3.4537103176116943
-0.7777777777777778,-3.2316458225250244
-7.555555555555555,-3.8792474269866943
-7.333333333333333,-2.221950054168701
-12.77777777777778,-3.083848237991333
0.2222222222222222,-1.6865092515945435
9.77777777777778,-1.0657358169555664
-6.222222222222222,-2.912811279296875
-4.888888888888889,-4.458220481872559
-10.11111111111111,1.611175775527954
-8.777777777777779,-3.025700569152832
-2.111111111111111,-6.499999046325684
1.6666666666666667,-2.052405834197998
-0.7777777777777778,-1.5160640478134155
-0.1111111111111111,-3.5342695713043213
-0.5555555555555556,-0.4579884707927704
-6.666666666666667,-1.3673006296157837
-9.88888888888889,-2.435016393661499
-8.666666666666666,-1.36772882938385
0.6666666666666666,-1.740140676498413
-0.7777777777777778,14.36922836303711
0.3333333333333333,-1.135676622390747
1.3333333333333333,-5.138889789581299
-2.2222222222222223,-5.289481163024902
-6.444444444444445,-0.48219093680381775
2.4444444444444446,2.8176820278167725
-5.555555555555555,-3.274930715560913
-8.444444444444445,-1.5389213562011719
15.0,2.0333914756774902
2.2222222222222223,6.130948066711426
2.6666666666666665,-1.7815308570861816
-2.7777777777777777,-1.881056547164917
-5.222222222222222,-3.257157325744629
-8.555555555555555,-2.0583953857421875
-3.0,-3.984923839569092
-1.6666666666666667,-2.1084325313568115
-1.0,-2.24173903465271
-0.4444444444444444,-0.9784137010574341
37.11111111111112,-0.5971987843513489
-4.444444444444445,-1.557550311088562
0.5555555555555556,-3.5186355113983154
-16.0,-1.1149910688400269
-10.22222222222222,-7.492016315460205
-2.333333333333333,-4.1588358879089355
-4.333333333333333,-1.4166733026504517
-1.8888888888888888,-2.4455032348632812
-4.777777777777778,-1.9561243057250977
-8.666666666666666,-4.596446990966797
0.5555555555555556,-3.0183794498443604
17.333333333333332,-0.3217126131057739
1.5555555555555556,-1.961645245552063
-4.222222222222222,1.0547683238983154
-6.111111111111111,-2.92758846282959
6.222222222222222,-2.1109182834625244
-1.3333333333333333,-1.8166136741638184
6.333333333333333,-1.6563022136688232
9.444444444444445,-3.5863547325134277
-0.1111111111111111,-1.8152698278427124
-6.0,-2.1431076526641846
-4.666666666666667,-4.662406921386719
-6.666666666666667,-7.021381855010986
12.77777777777778,25.453481674194336
0.2222222222222222,-1.0066639184951782
-14.555555555555555,-1.233483910560608
-9.333333333333334,-6.894641876220703
2.6666666666666665,-3.402299404144287
-1.3333333333333333,-4.077800750732422
-12.555555555555555,0.0028932690620422363
-8.777777777777779,0.6878878474235535
2.6666666666666665,-1.7048403024673462
-7.222222222222222,-7.841813087463379
2.6666666666666665,-2.595137119293213
-6.444444444444445,-8.206161499023438
-42.55555555555556,-2.845001220703125
4.777777777777778,-1.3969016075134277
0.5555555555555556,-4.064432621002197
-9.666666666666666,-2.674546718597412
9.77777777777778,7.431730270385742
9.444444444444445,-0.4937572479248047
-2.7777777777777777,-3.3382973670959473
2.0,-0.6518591046333313
-2.111111111111111,-3.0947868824005127
-10.666666666666666,-0.15352976322174072
-3.888888888888889,-1.1854298114776611
-0.6666666666666666,1.2559319734573364
-6.111111111111111,-3.8971028327941895
-2.555555555555556,-0.8059592843055725
-5.444444444444445,-1.3038437366485596
-3.6666666666666665,-3.27477765083313
2.555555555555556,-1.0847398042678833
4.333333333333333,-1.5154988765716553
-5.555555555555555,3.367434501647949
-0.6666666666666666,-0.5523218512535095
-1.6666666666666667,-1.3070220947265625
1.5555555555555556,-1.0593053102493286
-8.0,-2.2367632389068604
1.2222222222222223,-0.8279863595962524
12.333333333333334,8.154436111450195
0.4444444444444444,-2.2662904262542725
0.2222222222222222,3.0795271396636963
0.4444444444444444,-0.5426450371742249
0.1111111111111111,-2.2909634113311768
0.3333333333333333,-2.123340368270874
1.2222222222222223,-0.5738676190376282
-1.4444444444444444,-2.1483354568481445
2.888888888888889,-2.2468438148498535
14.88888888888889,12.342915534973145
0.1111111111111111,-6.8096699714660645
-4.888888888888889,-0.48531773686408997
19.55555555555556,18.53176498413086
-3.7777777777777777,-3.567990303039551
-2.7777777777777777,-1.203126072883606
-4.0,-3.565717935562134
-4.111111111111111,-2.480104923248291
-0.1111111111111111,-3.771542549133301
2.333333333333333,-2.9055938720703125
0.6666666666666666,5.428756237030029
1.0,-2.716926336288452
-5.111111111111111,-0.5211324095726013
-1.2222222222222223,-0.7012895345687866
-3.111111111111111,-2.888206720352173
-16.333333333333332,-1.7186912298202515
-7.555555555555555,-3.879007577896118
-7.777777777777778,-2.467027187347412
-1.5555555555555556,-4.233480930328369
-7.333333333333333,-3.696070432662964
1.1111111111111112,-3.3562934398651123
3.333333333333333,-2.5162858963012695
-6.444444444444445,-3.4031739234924316
-6.0,-2.459113121032715
-1.7777777777777777,-4.046741962432861
3.2222222222222223,-1.7749876976013184
1.0,-2.0555522441864014
-8.0,-4.723323345184326
0.4444444444444444,-3.928954601287842
1.8888888888888888,-2.884685754776001
0.8888888888888888,-3.1282529830932617
-2.111111111111111,-5.058059215545654
21.55555555555556,20.94243621826172
4.444444444444445,-3.0547256469726562
1.2222222222222223,-4.72916841506958
13.333333333333334,16.611539840698242
-17.22222222222222,-2.731536388397217
13.11111111111111,11.310074806213379
3.555555555555556,-1.511047124862671
-3.4444444444444446,-1.7089287042617798
11.22222222222222,-0.2181025743484497
-4.555555555555555,3.3316667079925537
1.4444444444444444,-1.4934097528457642
-5.0,-1.8050696849822998
15.22222222222222,10.640621185302734
4.444444444444445,1.7929540872573853
-7.666666666666667,-3.0419344902038574
-3.111111111111111,-3.135875701904297
-6.666666666666667,-0.6778880953788757
0.4444444444444444,-2.9132068157196045
-4.111111111111111,-1.7197949886322021
-2.2222222222222223,-2.9991652965545654
16.88888888888889,9.973999977111816
-4.0,-2.084263801574707
-11.333333333333334,-1.8883968591690063
0.5555555555555556,-2.0099551677703857
8.777777777777779,8.797901153564453
1.0,-2.46694016456604
-3.2222222222222223,-3.409377098083496
0.0,-0.7184504270553589
3.2222222222222223,-1.6556012630462646
1.2222222222222223,-0.9987381100654602
-4.111111111111111,0.008521556854248047
-2.4444444444444446,4.106224060058594
2.0,-4.7851033210754395
-4.444444444444445,-1.9047188758850098
-8.666666666666666,-2.572132110595703
-1.7777777777777777,-0.673958420753479
-4.333333333333333,-2.2364346981048584
-5.333333333333333,-2.177201271057129
2.0,-1.2112114429473877
-0.2222222222222222,-2.5586178302764893
4.222222222222222,-2.6427810192108154
6.444444444444445,-1.9191439151763916
-15.88888888888889,-1.6076676845550537
21.0,8.699410438537598
9.444444444444445,7.983409404754639
1.2222222222222223,-0.6261926889419556
-7.888888888888889,-4.317355155944824
-2.4444444444444446,-2.8566036224365234
4.111111111111111,-1.3779250383377075
3.888888888888889,-4.140625953674316
-4.111111111111111,1.4914661645889282
-5.333333333333333,-2.150585889816284
31.22222222222222,4.656567096710205
-4.888888888888889,-3.113828659057617
-5.777777777777778,-3.011915922164917
-1.8888888888888888,-3.3288629055023193
19.55555555555556,-0.8523843288421631
-2.0,-2.738853693008423
3.111111111111111,-1.242686152458191
-1.1111111111111112,-1.507292628288269
11.22222222222222,-2.108632802963257
3.555555555555556,-0.671677827835083
-0.8888888888888888,-3.1660594940185547
24.88888888888889,12.146286010742188
-4.111111111111111,1.4680590629577637
13.88888888888889,14.156533241271973
-1.5555555555555556,-1.6876331567764282
-7.111111111111111,-4.631707668304443
-15.666666666666666,-2.523240566253662
-22.88888888888889,-6.576462268829346
9.666666666666666,-2.3324618339538574
2.2222222222222223,2.362611770629883
-3.4444444444444446,-1.88276207447052
-6.555555555555555,-6.305544376373291
-14.0,-3.9298453330993652
2.2222222222222223,1.165449619293213
1.2222222222222223,-3.136715888977051
-5.333333333333333,-1.2591705322265625
-6.333333333333333,-1.0828453302383423
-4.0,2.942723274230957
-3.2222222222222223,-3.614234447479248
-1.8888888888888888,-3.34975004196167
0.3333333333333333,0.40742504596710205
7.777777777777778,0.4095495641231537
-1.0,-1.6370208263397217
-1.6666666666666667,-0.7276134490966797
-17.22222222222222,-5.914083957672119
-2.333333333333333,-2.391373872756958
11.666666666666666,8.099479675292969
-0.6666666666666666,-0.6764489412307739
1.2222222222222223,-3.003673791885376
19.33333333333333,10.314717292785645
-3.888888888888889,-6.082756042480469
9.333333333333334,-3.5793378353118896
-2.555555555555556,-0.7020860314369202
-7.555555555555555,-2.1767401695251465
-0.1111111111111111,-0.21462738513946533
3.888888888888889,-1.5651971101760864
-7.888888888888889,-1.6125770807266235
-1.0,-2.847856283187866
-1.2222222222222223,0.5786072611808777
-6.222222222222222,-3.709354877471924
-1.3333333333333333,-4.38435697555542
-3.4444444444444446,-2.3373324871063232
0.7777777777777778,0.08565422892570496
-6.333333333333333,-2.942779064178467
-8.666666666666666,-2.501260995864868
-0.3333333333333333,-0.9133872985839844
1.1111111111111112,5.798969268798828
3.7777777777777777,8.975765228271484
-4.888888888888889,1.0298587083816528
7.666666666666667,-1.5143390893936157
7.333333333333333,-0.5983368158340454
10.11111111111111,-3.522150993347168
-2.7777777777777777,-1.063357949256897
-3.555555555555556,-0.6795634627342224
-4.0,-6.6273722648620605
-5.333333333333333,-0.40534526109695435
1.6666666666666667,-0.5921233892440796
-2.555555555555556,-3.6961889266967773
12.22222222222222,10.2500638961792
-2.888888888888889,-0.5826306343078613
-4.444444444444445,-0.6868546009063721
-3.6666666666666665,-4.307872772216797
-0.7777777777777778,-1.7398362159729004
6.333333333333333,-1.562726616859436
-9.555555555555555,-4.651073455810547
-6.111111111111111,-1.7660858631134033
0.8888888888888888,-2.1471335887908936
4.222222222222222,-0.6134468913078308
-26.0,-5.473545551300049
12.88888888888889,-0.7087500095367432
-4.444444444444445,-3.112255811691284
-3.6666666666666665,-3.126253128051758
2.0,-1.7382365465164185
-8.11111111111111,-1.6696220636367798
-0.2222222222222222,-2.1355299949645996
4.888888888888889,-1.8878916501998901
-4.888888888888889,-2.260364055633545
-3.555555555555556,-2.5625205039978027
6.888888888888889,-1.5724940299987793
13.333333333333334,9.870318412780762
1.5555555555555556,-1.9788291454315186
-3.4444444444444446,-0.07525402307510376
0.1111111111111111,-2.338221788406372
3.2222222222222223,-3.4603476524353027
-6.222222222222222,-3.960066318511963
-7.0,-1.690643072128296
4.333333333333333,-0.9783247113227844
0.7777777777777778,-6.8954973220825195
2.4444444444444446,-1.8860317468643188
-0.2222222222222222,-3.2680726051330566
7.333333333333333,-0.7144258618354797
0.3333333333333333,-2.019536018371582
-2.6666666666666665,-1.3212641477584839
0.2222222222222222,-2.463268995285034
-2.555555555555556,-6.128299713134766
-2.2222222222222223,-1.3513046503067017
-1.2222222222222223,-1.106048345565796
8.777777777777779,-1.8206392526626587
-1.3333333333333333,-0.4803684949874878
5.222222222222222,-2.960706949234009
0.1111111111111111,-1.0277875661849976
-3.333333333333333,-2.1947379112243652
2.6666666666666665,-1.673719048500061
-6.555555555555555,-2.8951356410980225
-17.88888888888889,-1.272189736366272
5.555555555555555,-3.9274446964263916
6.333333333333333,-1.395071029663086
4.777777777777778,-1.5016909837722778
11.22222222222222,-2.1907541751861572
1.6666666666666667,-1.2448837757110596
-11.22222222222222,-3.6293628215789795
-4.555555555555555,-3.322397232055664
-4.222222222222222,-3.472548723220825
0.5555555555555556,-2.145228385925293
-8.11111111111111,-1.9936330318450928
10.0,12.643287658691406
3.888888888888889,-1.4637891054153442
-2.555555555555556,-3.958592653274536
-3.333333333333333,-3.1114869117736816
0.7777777777777778,-1.2179460525512695
-4.0,-2.3594605922698975
-2.333333333333333,-2.9659907817840576
1.8888888888888888,-2.3759732246398926
19.88888888888889,-5.260876178741455
-12.333333333333334,-7.969969749450684
-5.222222222222222,-2.0005409717559814
-7.777777777777778,-3.594562530517578
0.6666666666666666,-1.7451577186584473
0.7777777777777778,-1.8644165992736816
4.444444444444445,-2.591669797897339
-5.111111111111111,-3.4033827781677246
-3.333333333333333,-0.9033241868019104
-14.77777777777778,-2.74747633934021
5.0,-1.146504521369934
-2.0,-3.3827059268951416
-1.6666666666666667,-2.077317476272583
-1.5555555555555556,-3.229785919189453
-2.4444444444444446,-4.827592849731445
7.777777777777778,8.608914375305176
1.2222222222222223,-0.5302358269691467
-9.11111111111111,-6.3878173828125
-1.8888888888888888,-2.7859091758728027
-5.555555555555555,-2.0055994987487793
1.3333333333333333,4.527791500091553
-0.5555555555555556,-2.2991256713867188
-7.222222222222222,-2.349945306777954
15.444444444444445,12.805983543395996
-13.22222222222222,-3.5198984146118164
-6.111111111111111,-3.1996867656707764
-0.7777777777777778,-1.7034821510314941
-13.0,-2.1205244064331055
-7.111111111111111,-1.099324107170105
-5.777777777777778,-2.1901135444641113
-2.111111111111111,-1.5101674795150757
-5.444444444444445,-1.6280089616775513
-3.333333333333333,-1.184352993965149
0.0,-1.0424679517745972
3.0,1.5002014636993408
26.444444444444443,26.067363739013672
2.6666666666666665,-0.42987188696861267
-6.555555555555555,1.5002014636993408
-4.777777777777778,-0.6376276016235352
5.222222222222222,-0.6623216867446899
-16.666666666666668,-1.3655674457550049
5.888888888888889,-2.809720039367676
-5.0,-0.651271641254425
-4.555555555555555,-3.3320717811584473
-4.555555555555555,-2.3544294834136963
2.2222222222222223,-3.0227134227752686
1.5555555555555556,-3.5109059810638428
-0.8888888888888888,-2.504148244857788
-8.444444444444445,-4.122394561767578
-2.7777777777777777,-3.0938165187835693
4.0,0.18414318561553955
-0.1111111111111111,-1.9915045499801636
7.555555555555555,-1.3367453813552856
-2.333333333333333,-3.714831590652466
-4.333333333333333,-2.3200883865356445
0.3333333333333333,-2.192189931869507
-3.0,-2.6343560218811035
3.333333333333333,-3.367800712585449
-4.555555555555555,-2.0013129711151123
1.3333333333333333,-0.020892620086669922
1.6666666666666667,-2.0209672451019287
-4.555555555555555,-3.2030038833618164
15.22222222222222,-1.3395437002182007
-3.7777777777777777,-2.3918776512145996
-0.3333333333333333,-3.155703544616699
-2.111111111111111,-1.8076056241989136
-1.7777777777777777,-3.4003753662109375
-0.7777777777777778,-1.9851642847061157
-4.888888888888889,-3.645169496536255
-3.111111111111111,-0.8989061117172241
-1.4444444444444444,-8.148666381835938
-5.777777777777778,-4.025602340698242
16.88888888888889,9.143633842468262
0.1111111111111111,-3.174839496612549
-4.888888888888889,0.15510687232017517
3.4444444444444446,-2.778465747833252
-2.555555555555556,-3.606173276901245
0.0,-1.6037122011184692
0.8888888888888888,0.09958580136299133
-20.0,-1.4037121534347534
3.333333333333333,-1.7498818635940552
-2.4444444444444446,-2.3123185634613037
-8.777777777777779,-4.095773696899414
-6.666666666666667,-4.110571384429932
-2.888888888888889,-1.398808240890503
-5.444444444444445,-3.483703851699829
-8.555555555555555,-0.1758272647857666
-0.4444444444444444,-1.406874656677246
-2.111111111111111,-0.8642099499702454
3.4444444444444446,-0.9762847423553467
-7.333333333333333,-2.021062135696411
-1.4444444444444444,-5.725906848907471
-11.88888888888889,-2.0340423583984375
-5.555555555555555,-3.0673351287841797
-6.333333333333333,-1.6948487758636475
-1.0,-3.021130084991455
0.4444444444444444,-2.0379714965820312
-11.444444444444445,-3.3758816719055176
7.222222222222222,-1.3803393840789795
-2.333333333333333,-2.3768162727355957
-8.222222222222221,-3.3357081413269043
1.7777777777777777,-1.9954990148544312
-11.333333333333334,-0.7066138982772827
-4.333333333333333,-1.1223044395446777
-9.555555555555555,-2.1607608795166016
0.4444444444444444,3.6454904079437256
-8.777777777777779,-2.4388232231140137
-8.333333333333334,-3.682668924331665
-2.333333333333333,-3.122763156890869
19.55555555555556,-2.5500051975250244
-7.222222222222222,-6.7006072998046875
-2.888888888888889,-0.6071302890777588
-19.77777777777778,-3.364675998687744
7.111111111111111,-1.9818648099899292
-4.0,-3.4898619651794434
-8.444444444444445,-3.927708148956299
6.444444444444445,-0.6709467172622681
13.11111111111111,-2.5905041694641113
-1.6666666666666667,-1.2535076141357422
1.7777777777777777,4.432858943939209
-3.6666666666666665,-2.2246086597442627
15.444444444444445,16.106632232666016
-0.3333333333333333,3.4405317306518555
37.0,5.27891731262207
-4.666666666666667,-0.10901021957397461
-6.0,-2.129487991333008
34.55555555555556,38.54378128051758
-1.7777777777777777,-0.8181389570236206
-3.888888888888889,-4.640597343444824
20.77777777777778,10.573480606079102
-4.777777777777778,-8.370965003967285
-4.555555555555555,1.5331053733825684
-10.88888888888889,-2.676870346069336
-19.88888888888889,-2.2963926792144775
0.3333333333333333,-1.407012939453125
-0.6666666666666666,-1.5878968238830566
-11.444444444444445,-12.091691970825195
-6.666666666666667,-1.2479854822158813
23.666666666666668,0.12635228037834167
2.0,-0.9608219861984253
-4.222222222222222,-3.1240408420562744
-3.2222222222222223,-2.912585496902466
-2.555555555555556,-2.4739491939544678
-0.6666666666666666,-1.3344149589538574
-6.222222222222222,-11.851117134094238
2.888888888888889,-0.05402296781539917
-0.8888888888888888,-0.8095605969429016
0.1111111111111111,-3.722299575805664
0.6666666666666666,-0.27131760120391846
-23.88888888888889,-1.618173599243164
-2.555555555555556,-1.960030436515808
0.5555555555555556,11.685513496398926
-3.0,-3.2918508052825928
-10.555555555555555,-1.6868449449539185
3.333333333333333,1.6881844997406006
3.111111111111111,5.959434986114502
0.2222222222222222,-0.9480516910552979
-2.7777777777777777,-1.022047758102417
-1.3333333333333333,-3.0038747787475586
-2.6666666666666665,-1.8912460803985596
-10.555555555555555,-1.0936616659164429
-2.0,-4.324630260467529
-1.7777777777777777,-1.7060706615447998
-1.4444444444444444,-3.347649574279785
-12.88888888888889,-1.7172224521636963
-5.666666666666667,6.0212836265563965
23.0,18.096906661987305
0.2222222222222222,-2.7014822959899902
14.666666666666666,-0.9018123745918274
5.0,1.7671443223953247
-4.222222222222222,-1.658324122428894
-8.0,-2.550452470779419
1.5555555555555556,-1.0092108249664307
0.1111111111111111,-5.790947914123535
2.333333333333333,-1.1168819665908813
-3.7777777777777777,-2.6383283138275146
-0.2222222222222222,-1.8820792436599731
2.555555555555556,1.740103840827942
-10.333333333333334,-3.2766029834747314
0.3333333333333333,-2.8796756267547607
-7.0,-3.225022315979004
-9.88888888888889,-5.155686378479004
4.666666666666667,-2.6541552543640137
-1.8888888888888888,-1.9355086088180542
-3.888888888888889,-1.910224437713623
-13.0,-1.4332833290100098
4.333333333333333,-1.696935772895813
-2.7777777777777777,-1.8658628463745117
-2.4444444444444446,-4.475396633148193
9.444444444444445,6.166449069976807
14.666666666666666,-1.112648844718933
-5.555555555555555,-2.8189303874969482
-3.4444444444444446,-0.03841352462768555
-9.333333333333334,-6.985860347747803
-1.8888888888888888,1.565144419670105
-2.333333333333333,-3.413158893585205
5.555555555555555,3.2720189094543457
-3.111111111111111,-10.725727081298828
11.88888888888889,7.2435221672058105
-10.22222222222222,-5.415159702301025
2.888888888888889,-1.7835659980773926
9.555555555555555,-1.7793562412261963
-0.4444444444444444,0.02630901336669922
-7.333333333333333,1.3643878698349
-8.666666666666666,-4.335541725158691
-5.777777777777778,-3.530904769897461
6.777777777777778,-3.869553327560425
-7.444444444444445,-1.0558278560638428
-0.5555555555555556,1.367300271987915
-2.7777777777777777,-2.333469867706299
-4.222222222222222,-4.095292091369629
-3.555555555555556,-3.2415049076080322
0.4444444444444444,0.18359124660491943
2.6666666666666665,6.740693092346191
15.444444444444445,17.44322967529297
0.8888888888888888,-2.8655507564544678
-3.0,-0.873146116733551
-3.888888888888889,-0.6924282908439636
-2.888888888888889,-1.9856650829315186
-8.333333333333334,-0.6986949443817139
-5.333333333333333,-3.709348678588867
-2.0,-2.7789547443389893
-5.111111111111111,-2.653031826019287
-1.6666666666666667,-2.7935116291046143
1.8888888888888888,-0.9202442169189453
-6.0,-1.8511418104171753
3.6666666666666665,-3.678870439529419
4.444444444444445,-2.068357229232788
-6.333333333333333,-2.7393832206726074
-5.0,-1.8951176404953003
-4.222222222222222,-1.6439793109893799
-4.111111111111111,-1.9503756761550903
-0.7777777777777778,-2.501770496368408
0.3333333333333333,-1.6719367504119873
-2.888888888888889,-2.4115257263183594
-2.7777777777777777,-0.995094358921051
5.666666666666667,-1.2286204099655151
-2.7777777777777777,-2.5007879734039307
0.3333333333333333,-1.2971842288970947
0.6666666666666666,-2.0737507343292236
-10.666666666666666,1.269658088684082
-8.88888888888889,0.7097718715667725
2.4444444444444446,-2.8865914344787598
-13.555555555555555,-6.11083459854126
2.4444444444444446,-0.17444312572479248
-1.6666666666666667,-1.3382740020751953
18.444444444444443,-3.1213598251342773
-3.333333333333333,0.103138267993927
-2.888888888888889,-3.5474631786346436
-4.222222222222222,-5.6446990966796875
-1.1111111111111112,-22.315277099609375
-3.7777777777777777,-2.675259590148926
31.11111111111111,0.03193998336791992
-2.2222222222222223,-2.6561152935028076
-3.555555555555556,-2.4167652130126953
-3.888888888888889,8.363414764404297
-6.666666666666667,-2.965151071548462
-1.5555555555555556,-2.016704559326172
0.5555555555555556,2.5585591793060303
-4.222222222222222,-3.3362436294555664
-18.22222222222222,-2.4948318004608154
-2.333333333333333,-3.73344087600708
0.2222222222222222,-5.634281158447266
3.2222222222222223,2.1761341094970703
3.4444444444444446,-2.002782106399536
-2.333333333333333,-1.2116328477859497
2.7777777777777777,-1.1920857429504395
1.3333333333333333,-2.074465751647949
-4.777777777777778,-3.1212410926818848
-8.11111111111111,-3.7713868618011475
-0.7777777777777778,-4.792722225189209
-7.444444444444445,-2.7922167778015137
1.3333333333333333,1.9915214776992798
-3.111111111111111,-1.9379721879959106
13.444444444444445,8.484715461730957
13.77777777777778,8.344491004943848
-2.888888888888889,-2.162052631378174
-3.111111111111111,-2.072453498840332
-4.333333333333333,-2.872284173965454
3.2222222222222223,15.739209175109863
-0.1111111111111111,-2.5386769771575928
0.3333333333333333,-3.3277862071990967
0.0,-1.9702271223068237
7.111111111111111,-2.197399139404297
24.22222222222222,19.854694366455078
-6.0,-1.7902089357376099
-11.0,-1.5276362895965576
-2.111111111111111,-0.8113206028938293
-2.4444444444444446,-4.179603099822998
-2.2222222222222223,-0.018667936325073242
4.222222222222222,-0.8288676142692566
-9.22222222222222,-2.963292360305786
10.333333333333334,-1.0080856084823608
-3.555555555555556,-1.9180065393447876
17.555555555555557,15.633877754211426
1.8888888888888888,-2.4976298809051514
1.8888888888888888,0.6439491510391235
-5.666666666666667,-2.993852376937866
14.88888888888889,7.459688663482666
0.6666666666666666,-0.9880073666572571
1.1111111111111112,-1.7979905605316162
-3.333333333333333,-2.1876940727233887
3.4444444444444446,3.4352009296417236
-6.555555555555555,-3.494845151901245
-6.888888888888889,-2.13948655128479
-2.888888888888889,0.08686661720275879
-2.2222222222222223,-2.5244548320770264
2.333333333333333,-0.8697359561920166
-4.666666666666667,-2.054765462875366
-2.888888888888889,0.6706258654594421
-0.7777777777777778,-1.949379324913025
-9.77777777777778,-2.679076910018921
-4.111111111111111,-2.723184108734131
-7.777777777777778,-2.705742835998535
-4.111111111111111,-4.665554523468018
0.8888888888888888,-1.0984373092651367
-7.666666666666667,-2.4191641807556152
-4.333333333333333,-1.3662409782409668
-11.666666666666666,-4.389542579650879
0.2222222222222222,-2.1396937370300293
-3.0,1.4691319465637207
-3.0,-3.4945240020751953
8.444444444444445,11.21091079711914
-6.333333333333333,-1.860133409500122
-8.333333333333334,-1.7459540367126465
-0.3333333333333333,-13.387207984924316
-7.222222222222222,-1.7965164184570312
-0.3333333333333333,-0.6571484804153442
4.222222222222222,-1.4272844791412354
-2.555555555555556,-4.090182781219482
-8.444444444444445,-1.0848921537399292
-4.111111111111111,1.0746771097183228
-0.1111111111111111,0.5454607009887695
-2.555555555555556,-2.334406614303589
-2.4444444444444446,-1.779307246208191
-2.888888888888889,-2.7608633041381836
10.11111111111111,-1.0612587928771973
-2.4444444444444446,-2.2388527393341064
7.0,-1.7079405784606934
-4.222222222222222,-2.1949450969696045
-2.4444444444444446,-0.5612239837646484
-12.11111111111111,-4.107082366943359
0.3333333333333333,2.5005199909210205
6.111111111111111,-1.6836607456207275
-16.666666666666668,-3.132474899291992
1.8888888888888888,0.8378221988677979
3.6666666666666665,6.196566581726074
0.8888888888888888,-2.6497623920440674
-6.777777777777778,4.2782206535339355
-9.333333333333334,-2.2044506072998047
-13.0,-3.84210205078125
1.3333333333333333,-3.715715169906616
2.333333333333333,10.49984073638916
-2.888888888888889,-2.4478092193603516
-8.0,-2.021218776702881
1.3333333333333333,-1.969344139099121
-1.0,-0.621922492980957
1.6666666666666667,-3.6640892028808594
8.333333333333334,2.1926612854003906
3.6666666666666665,1.2701146602630615
-3.111111111111111,-3.2005858421325684
-7.444444444444445,-3.355029821395874
2.6666666666666665,-2.0774405002593994
11.22222222222222,12.780808448791504
-2.0,-2.7471683025360107
-2.555555555555556,-3.132700204849243
-6.111111111111111,-1.3169842958450317
-5.111111111111111,-3.7371740341186523
-8.777777777777779,-1.3991410732269287
-10.11111111111111,-1.4608134031295776
-0.5555555555555556,-1.0343958139419556
1.8888888888888888,-3.4477295875549316
-0.2222222222222222,-2.574644088745117
-13.666666666666666,-3.6887929439544678
1.6666666666666667,-1.8300323486328125
6.444444444444445,-0.8941061496734619
-5.111111111111111,-0.3579449951648712
-1.0,1.3621526956558228
2.6666666666666665,-4.037055492401123
-4.111111111111111,1.7345342636108398
-2.2222222222222223,-3.6337082386016846
-0.3333333333333333,-5.102509021759033
-4.888888888888889,-0.8189821839332581
25.11111111111111,16.29926872253418
-10.88888888888889,0.16606006026268005
2.555555555555556,2.0873570442199707
-0.4444444444444444,-1.8149962425231934
-19.55555555555556,-1.7312016487121582
-0.8888888888888888,-3.296466112136841
-6.555555555555555,-5.2124857902526855
-4.222222222222222,-3.8444607257843018
-5.0,-1.6811379194259644
-4.444444444444445,-3.4224541187286377
-2.333333333333333,-4.983056545257568
-3.888888888888889,-2.392427444458008
-2.111111111111111,-1.786946415901184
-6.111111111111111,-2.633502721786499
2.2222222222222223,-2.183156728744507
-8.88888888888889,-4.424469947814941
1.8888888888888888,-2.867732524871826
24.77777777777778,12.839463233947754
0.3333333333333333,-1.0687774419784546
-2.2222222222222223,-1.4734610319137573
8.555555555555555,-2.132981777191162
-2.7777777777777777,-2.4965360164642334
3.4444444444444446,3.4264893531799316
-2.555555555555556,-3.320192813873291
2.555555555555556,-2.544598340988159
28.88888888888889,19.414047241210938
-18.11111111111111,-2.93742036819458
-5.666666666666667,6.228666305541992
-1.0,-3.273188352584839
0.3333333333333333,-1.8317877054214478
0.3333333333333333,-2.9041013717651367
-1.3333333333333333,-3.0662405490875244
-4.888888888888889,-1.931076169013977
-7.555555555555555,-6.612610340118408
-6.888888888888889,-3.1946561336517334
-4.0,-3.363682270050049
1.6666666666666667,-0.9777066111564636
8.666666666666666,-0.015284895896911621
1.7777777777777777,-1.7030587196350098
0.1111111111111111,-1.4850242137908936
13.88888888888889,-1.1379002332687378
-0.3333333333333333,-2.0743260383605957
8.444444444444445,-1.3666208982467651
-0.2222222222222222,-4.421647548675537
-6.555555555555555,-3.70611572265625
2.6666666666666665,6.529583930969238
-4.555555555555555,-1.4800890684127808
-0.5555555555555556,-5.497034549713135
-1.0,-2.1387202739715576
14.666666666666666,-1.9122306108474731
-2.4444444444444446,-4.171832084655762
-1.0,-3.2400119304656982
-12.0,-2.4268922805786133
-0.5555555555555556,-0.8044372797012329
-0.8888888888888888,-1.7580350637435913
-6.888888888888889,-2.5695278644561768
-4.555555555555555,-3.028832197189331
0.1111111111111111,-2.3865983486175537
-5.333333333333333,-2.8020596504211426
-6.777777777777778,-2.596194267272949
27.88888888888889,18.338899612426758
-7.888888888888889,-4.5275421142578125
-0.2222222222222222,-2.8702495098114014
6.222222222222222,1.284262776374817
-14.444444444444445,-1.7005469799041748
-5.555555555555555,-1.9674792289733887
-13.555555555555555,-5.470181941986084
-9.88888888888889,-4.608057975769043
-7.333333333333333,-3.631208658218384
0.0,-2.8248231410980225
0.1111111111111111,-1.7511504888534546
-5.555555555555555,6.282999038696289
-8.666666666666666,-2.8269121646881104
-4.666666666666667,-2.9144537448883057
0.4444444444444444,-1.3937407732009888
0.0,-1.9842808246612549
-5.444444444444445,-3.176584482192993
0.2222222222222222,-1.4182795286178589
-16.555555555555557,-1.312751293182373
5.222222222222222,-0.8888236880302429
-4.333333333333333,-2.467397928237915
-2.555555555555556,-3.0834944248199463
15.11111111111111,-2.0350708961486816
-0.6666666666666666,-6.150899410247803
-0.4444444444444444,-2.232067823410034
-4.333333333333333,-1.2387157678604126
-3.7777777777777777,-2.3136539459228516
-2.333333333333333,-1.3570476770401
2.555555555555556,-1.7683703899383545
15.88888888888889,-1.6960201263427734
-21.88888888888889,-3.3183979988098145
21.444444444444443,13.566764831542969
4.333333333333333,-1.3092666864395142
-1.2222222222222223,-3.238844871520996
1.2222222222222223,-2.2023754119873047
-3.6666666666666665,-3.344464063644409
3.0,-1.3533910512924194
-2.333333333333333,-2.536102533340454
-3.888888888888889,-2.09616756439209
14.444444444444445,-4.039953231811523
-4.666666666666667,-0.8399205803871155
-4.0,-2.925379753112793
3.0,-1.2465649843215942
-6.555555555555555,-1.9366651773452759
-4.333333333333333,8.74280834197998
6.888888888888889,-3.952582836151123
0.4444444444444444,-3.4406497478485107
-3.6666666666666665,-1.0176979303359985
28.444444444444443,-0.8469486832618713
3.0,-2.368539810180664
-24.11111111111111,-15.815831184387207
14.22222222222222,11.456939697265625
10.666666666666666,-1.78702974319458
3.4444444444444446,1.570028305053711
-6.888888888888889,-0.8870241641998291
0.0,-4.239651679992676
9.11111111111111,15.49649715423584
-2.888888888888889,-2.6847636699676514
-11.0,-2.3856077194213867
-4.111111111111111,-2.0081095695495605
-4.777777777777778,-0.9866962432861328
22.11111111111111,0.707943856716156
8.222222222222221,-1.51224946975708
-4.777777777777778,-2.501108169555664
-5.444444444444445,-2.886007308959961
1.5555555555555556,2.4536001682281494
-3.4444444444444446,-7.735318660736084
-2.555555555555556,-0.7224698662757874
-5.111111111111111,-2.0372226238250732
-11.333333333333334,-0.837915301322937
-5.777777777777778,-1.8165401220321655
-10.555555555555555,-3.912850856781006
-13.666666666666666,-1.1685316562652588
-4.888888888888889,-0.8006470799446106
1.2222222222222223,-2.3072471618652344
-5.888888888888889,-3.9308903217315674
-2.555555555555556,-1.9024587869644165
-9.333333333333334,-1.9246574640274048
-9.22222222222222,-1.24183189868927
-8.333333333333334,-0.8731746077537537
-2.0,-0.8853574395179749
-5.333333333333333,-3.2929179668426514
-0.2222222222222222,-3.285674571990967
0.4444444444444444,-1.2388026714324951
-3.333333333333333,-1.7161731719970703
1.5555555555555556,0.5489950776100159
-2.2222222222222223,-6.844099044799805
-3.888888888888889,-2.477682113647461
11.444444444444445,19.51482391357422
12.666666666666666,12.747967720031738
1.3333333333333333,-3.6617064476013184
-5.555555555555555,-0.2369786500930786
-2.0,-2.8923206329345703
-2.0,-2.9730985164642334
-5.222222222222222,-1.9406559467315674
-0.5555555555555556,-0.8017972111701965
9.333333333333334,11.045516014099121
5.333333333333333,-2.659792900085449
-6.0,-3.561049461364746
-4.777777777777778,-3.4697318077087402
-5.555555555555555,-2.7907590866088867
-7.333333333333333,-3.4478466510772705
9.444444444444445,6.720487594604492
2.555555555555556,-5.250679016113281
-1.2222222222222223,-4.947844982147217
-1.1111111111111112,-1.0250747203826904
-10.0,-2.3803505897521973
0.4444444444444444,-1.9591338634490967
-4.444444444444445,0.21216312050819397
-9.666666666666666,-3.6138832569122314
1.3333333333333333,-2.7803165912628174
-0.8888888888888888,0.8499217629432678
-1.7777777777777777,-2.177281618118286
2.2222222222222223,-1.693504810333252
-2.2222222222222223,-2.0955026149749756
0.5555555555555556,-2.2273671627044678
-9.88888888888889,-4.83519983291626
4.444444444444445,8.349388122558594
-1.0,-2.437713384628296
-2.888888888888889,-2.095198392868042
-6.0,-1.6216411590576172
-0.2222222222222222,-6.9673542976379395
-5.222222222222222,-0.8824236392974854
-3.0,-1.9104433059692383
0.5555555555555556,-1.958574891090393
-5.0,-3.0647904872894287
-2.6666666666666665,-3.363741636276245
-10.444444444444445,-2.633117437362671
-0.7777777777777778,-2.231991767883301
7.111111111111111,-1.729034185409546
-4.222222222222222,-1.1516673564910889
2.111111111111111,-0.15726971626281738
-0.1111111111111111,1.1549816131591797
42.55555555555556,8.68748950958252
-8.11111111111111,-1.8235284090042114
-3.6666666666666665,-2.347993850708008
-4.777777777777778,-2.867872714996338
1.7777777777777777,0.9957109093666077
7.222222222222222,-1.3674732446670532
-2.111111111111111,-6.5936994552612305
-9.0,-0.2599426507949829
1.3333333333333333,3.0627212524414062
-1.4444444444444444,-2.0748558044433594
32.44444444444444,18.588951110839844
10.0,1.459411859512329
-5.666666666666667,-2.988260269165039
4.111111111111111,-1.199294924736023
-9.0,-3.228586196899414
21.22222222222222,20.381669998168945
-6.666666666666667,-2.400529146194458
3.0,-2.9367265701293945
-1.4444444444444444,-2.854794502258301
-0.2222222222222222,-0.9941464066505432
-1.1111111111111112,-0.9235390424728394
-8.555555555555555,-1.9231653213500977
0.7777777777777778,-4.018396854400635
4.555555555555555,-1.8465192317962646
4.222222222222222,-2.634554862976074
-41.333333333333336,-2.8196568489074707
-4.888888888888889,-4.300340175628662
4.555555555555555,5.1224188804626465
2.2222222222222223,-1.5996607542037964
-1.5555555555555556,-1.3121001720428467
-0.4444444444444444,3.2541630268096924
-0.8888888888888888,-4.332380294799805
10.0,10.490277290344238
-8.222222222222221,-2.4587368965148926
18.444444444444443,-2.5054709911346436
-4.888888888888889,-3.065760612487793
0.1111111111111111,-3.7389578819274902
-5.555555555555555,-1.201556921005249
-2.4444444444444446,-1.8317126035690308
-5.222222222222222,-2.07319712638855
29.666666666666668,22.709117889404297
0.0,-3.996983766555786
2.2222222222222223,-1.9764057397842407
20.88888888888889,-0.5954930186271667
-2.333333333333333,-1.1093246936798096
-4.111111111111111,-5.398567199707031
-10.444444444444445,-3.4895763397216797
-10.77777777777778,-4.103670120239258
-4.666666666666667,-1.2464184761047363
8.777777777777779,-2.596405267715454
-3.2222222222222223,1.6793853044509888
-1.4444444444444444,-2.1307849884033203
-1.1111111111111112,1.5909701585769653
6.888888888888889,-0.6699638962745667
-5.444444444444445,-5.728248119354248
2.4444444444444446,-2.0867414474487305
-12.555555555555555,-3.645310878753662
17.444444444444443,18.73798179626465
0.1111111111111111,-2.5734055042266846
9.666666666666666,-1.1032383441925049
-3.0,-0.9955286383628845
3.0,-3.1489644050598145
-0.1111111111111111,-1.2502055168151855
-10.333333333333334,-2.9248056411743164
1.3333333333333333,-2.4195096492767334
-10.77777777777778,-3.440185308456421
0.3333333333333333,5.842084884643555
2.2222222222222223,-0.03930649161338806
-4.777777777777778,-3.629396438598633
-2.4444444444444446,-2.3286798000335693
1.6666666666666667,11.28742790222168
-2.7777777777777777,-3.0562849044799805
0.2222222222222222,-2.610316038131714
-2.555555555555556,-0.8922123312950134
2.333333333333333,-4.8250017166137695
1.6666666666666667,-1.0828393697738647
-1.6666666666666667,-2.2223012447357178
-1.8888888888888888,-2.1602025032043457
-5.888888888888889,-4.166239261627197
-0.6666666666666666,-5.732818603515625
-0.8888888888888888,-2.0838053226470947
1.5555555555555556,14.100069046020508
-4.222222222222222,-2.1375746726989746
1.7777777777777777,-1.2029478549957275
-6.111111111111111,-2.7453761100769043
-2.4444444444444446,-1.6174979209899902
-0.7777777777777778,-0.5777398943901062
8.0,0.8335018157958984
1.3333333333333333,-2.739312171936035
20.33333333333333,18.9842472076416
1.3333333333333333,-0.7554633021354675
-4.222222222222222,-3.2149577140808105
-8.777777777777779,-3.063359022140503
-4.333333333333333,-0.750007152557373
-2.7777777777777777,2.7390365600585938
6.0,0.477044016122818
0.1111111111111111,-0.7389222383499146
-2.888888888888889,-1.8515723943710327
-0.1111111111111111,2.1162617206573486
-2.7777777777777777,7.971005916595459
-10.11111111111111,-1.9982653856277466
-10.0,-4.23033332824707
-2.555555555555556,-1.2269500494003296
3.4444444444444446,-1.9548105001449585
3.4444444444444446,2.925185441970825
-1.6666666666666667,-0.3636522591114044
-1.6666666666666667,-2.1035475730895996
1.5555555555555556,-2.315997838973999
5.666666666666667,-2.9651286602020264
5.777777777777778,-1.20968759059906
6.666666666666667,-2.9717588424682617
5.333333333333333,-2.3169589042663574
7.222222222222222,-1.2460769414901733
-10.333333333333334,-2.9298198223114014
0.4444444444444444,-1.5888395309448242
8.666666666666666,20.533706665039062
-6.555555555555555,-3.9655046463012695
1.7777777777777777,-0.13805317878723145
-6.777777777777778,-1.9503475427627563
7.111111111111111,-3.226020336151123
-1.6666666666666667,3.2930946350097656
-0.6666666666666666,-1.4781990051269531
8.777777777777779,-3.861644744873047
-0.6666666666666666,-0.6964247226715088
-7.777777777777778,-1.9470109939575195
5.888888888888889,-1.8280516862869263
-4.111111111111111,-2.975939989089966
-4.111111111111111,3.6653919219970703
0.6666666666666666,-11.464658737182617
-7.0,-2.0004053115844727
-1.0,-2.2408156394958496
-0.6666666666666666,-1.9096888303756714
6.777777777777778,-0.24366700649261475
0.5555555555555556,-1.2812023162841797
-1.3333333333333333,-2.09570050239563
-2.111111111111111,-1.4965758323669434
-8.11111111111111,-3.9582040309906006
3.4444444444444446,0.9513916969299316
-5.444444444444445,-2.6177520751953125
-1.5555555555555556,-1.7857091426849365
-3.2222222222222223,-3.7246432304382324
4.444444444444445,3.3331596851348877
-1.3333333333333333,-2.9101498126983643
-8.333333333333334,2.4969072341918945
-5.0,-0.8910378813743591
1.0,6.927425384521484
0.8888888888888888,-5.60964298248291
-8.444444444444445,0.9479999542236328
-5.222222222222222,0.744476318359375
-4.888888888888889,-2.3749241828918457
8.333333333333334,3.6987712383270264
7.333333333333333,-0.7225543260574341
1.2222222222222223,-2.787109375
-8.88888888888889,-2.0034945011138916
4.333333333333333,-3.200093984603882
-0.6666666666666666,-1.4440921545028687
3.111111111111111,-3.2177700996398926
3.555555555555556,7.944741725921631
-3.111111111111111,-1.9665746688842773
-1.8888888888888888,-2.0002541542053223
1.6666666666666667,-2.7116034030914307
-7.666666666666667,-2.8858861923217773
-4.111111111111111,-0.15964412689208984
3.4444444444444446,-0.8071720600128174
-9.333333333333334,1.7848014831542969
1.5555555555555556,-3.8086185455322266
7.333333333333333,-0.8065455555915833
-7.111111111111111,-1.6722357273101807
-0.2222222222222222,-0.9131179451942444
7.333333333333333,-1.7664388418197632
0.6666666666666666,-2.1006860733032227
-2.0,3.668670415878296
-5.888888888888889,3.624086856842041
-5.666666666666667,-0.6535634398460388
1.7777777777777777,-0.7923837304115295
-14.666666666666666,-4.1387858390808105
-15.333333333333334,-3.2417259216308594
-7.777777777777778,-5.393944263458252
3.6666666666666665,-2.4573724269866943
-6.444444444444445,0.9676293134689331
-1.3333333333333333,0.37039822340011597
-11.333333333333334,-2.935976982116699
-15.88888888888889,-3.3358142375946045
0.3333333333333333,-0.4422944188117981
5.888888888888889,-0.8076668977737427
-5.555555555555555,-1.0201163291931152
-4.222222222222222,-2.3941550254821777
-1.3333333333333333,-3.8299827575683594
-3.2222222222222223,-0.6426205635070801
-0.1111111111111111,-0.8878264427185059
-6.666666666666667,-0.8671267628669739
-7.333333333333333,-2.932720899581909
-5.111111111111111,-3.1872246265411377
5.222222222222222,7.892381191253662
-7.444444444444445,-4.018552303314209
17.444444444444443,15.169564247131348
-3.4444444444444446,-2.6903772354125977
-5.333333333333333,-0.8906747102737427
3.6666666666666665,-0.8753958344459534
-2.4444444444444446,-1.4259120225906372
-21.0,-2.073270797729492
-8.333333333333334,0.32992440462112427
-3.333333333333333,-0.7560510635375977
1.5555555555555556,-2.046969413757324
-3.0,-0.24232125282287598
-14.333333333333334,-3.191784143447876
-2.2222222222222223,-0.9985401034355164
5.0,3.699207305908203
0.4444444444444444,0.9588732719421387
-8.222222222222221,-0.7704518437385559
2.7777777777777777,-2.0699124336242676
-12.444444444444445,-1.8865536451339722
5.555555555555555,-5.559247016906738
-2.111111111111111,-2.5328359603881836
-1.6666666666666667,-5.456851482391357
-9.88888888888889,-1.015281081199646
-7.333333333333333,-3.300600528717041
-10.88888888888889,-3.997422218322754
-4.777777777777778,-3.6983373165130615
-5.111111111111111,0.3742659091949463
0.8888888888888888,1.5558363199234009
2.333333333333333,-1.599963665008545
1.3333333333333333,6.477324485778809
-3.333333333333333,-2.8342974185943604
5.555555555555555,-1.3247489929199219
-2.6666666666666665,-0.5426381826400757
-4.555555555555555,-2.190755844116211
4.0,-2.9411306381225586
-1.0,-1.039981722831726
1.3333333333333333,2.117377519607544
-21.0,-3.514965772628784
-1.6666666666666667,-2.1405324935913086
2.111111111111111,-1.4533237218856812
-7.888888888888889,-1.2208845615386963
-0.3333333333333333,-3.2562742233276367
2.0,-0.8296152949333191
26.11111111111111,27.172422409057617
-0.1111111111111111,-0.49142998456954956
-0.7777777777777778,-0.35659682750701904
-11.0,-5.209677219390869
4.222222222222222,-0.9050643444061279
-1.7777777777777777,-2.0612258911132812
-9.0,-3.5329205989837646
-4.555555555555555,-1.3769478797912598
-5.0,-1.2230242490768433
0.7777777777777778,1.0052800178527832
-3.333333333333333,-3.4136946201324463
-3.111111111111111,-3.8521249294281006
5.0,-2.0298290252685547
-1.2222222222222223,-0.5897433161735535
-7.555555555555555,-7.1171746253967285
-3.4444444444444446,-3.0780160427093506
-7.555555555555555,-5.750713348388672
-8.444444444444445,-3.789551258087158
-2.555555555555556,-1.6579731702804565
-2.2222222222222223,-0.5485926866531372
-3.4444444444444446,-1.8492975234985352
4.888888888888889,3.4831247329711914
4.111111111111111,-2.155170440673828
-11.22222222222222,-14.334394454956055
-5.0,-2.251183032989502
0.8888888888888888,-2.4417226314544678
-0.7777777777777778,-3.5681111812591553
-5.444444444444445,-2.669471502304077
-9.11111111111111,-0.02238982915878296
-0.8888888888888888,4.546096324920654
-2.0,-0.9210298657417297
-2.6666666666666665,-2.872523546218872
21.55555555555556,19.730249404907227
11.77777777777778,-2.8193063735961914
14.88888888888889,8.534830093383789
-0.8888888888888888,6.152392864227295
1.4444444444444444,-1.8180439472198486
-2.7777777777777777,-1.9035577774047852
-2.7777777777777777,-3.0010790824890137
-8.777777777777779,-1.1769264936447144
-3.555555555555556,-2.7563743591308594
-9.444444444444445,-2.964590072631836
2.0,-2.7169463634490967
-7.0,0.8624012470245361
0.1111111111111111,-1.1883796453475952
-5.888888888888889,-2.4819564819335938
-11.444444444444445,-7.241366863250732
-5.777777777777778,-3.584467887878418
-0.4444444444444444,-4.061377048492432
-1.7777777777777777,-6.512791633605957
-1.4444444444444444,-0.6637364029884338
-4.333333333333333,-3.101212739944458
-8.555555555555555,-2.5487656593322754
-8.222222222222221,-5.9892778396606445
0.4444444444444444,-0.8824701905250549
-4.555555555555555,-1.317192554473877
-6.0,-1.0093849897384644
-1.0,-2.0363214015960693
-4.333333333333333,-1.597446084022522
-4.111111111111111,-1.217927098274231
16.0,4.643268585205078
-3.4444444444444446,-2.791990041732788
-3.111111111111111,-1.5372464656829834
10.77777777777778,17.196880340576172
8.222222222222221,-1.5104169845581055
0.3333333333333333,-0.79909348487854
0.2222222222222222,-3.340338706970215
-14.88888888888889,-1.4631667137145996
3.333333333333333,10.419198989868164
1.0,-2.0722343921661377
0.6666666666666666,-0.3692101240158081
-4.333333333333333,-2.8076987266540527
0.3333333333333333,-2.147759437561035
-4.444444444444445,-1.1972829103469849
0.2222222222222222,3.6965410709381104
5.222222222222222,-2.758638620376587
-2.7777777777777777,0.8279172778129578
-2.0,1.9720985889434814
28.444444444444443,19.21626853942871
-6.0,-2.913954973220825
-6.666666666666667,-2.8677403926849365
-3.888888888888889,-3.1368253231048584
-10.11111111111111,-3.9944913387298584
-4.777777777777778,-3.0958590507507324
1.4444444444444444,-1.7885576486587524
-5.0,-3.9968183040618896
0.1111111111111111,-3.371283769607544
-6.444444444444445,-5.876567363739014
-2.333333333333333,-3.106889247894287
-1.6666666666666667,-3.065349817276001
-4.111111111111111,-1.4989967346191406
-10.0,-3.038572072982788
2.7777777777777777,0.4250589609146118
-1.5555555555555556,-2.3450734615325928
-4.666666666666667,-3.3951616287231445
-5.444444444444445,-0.6879355311393738
2.0,5.426936149597168
-6.222222222222222,-0.051758766174316406
-10.11111111111111,-2.8781049251556396
9.555555555555555,-1.443281888961792
-10.0,-3.6637930870056152
-6.444444444444445,-1.3710412979125977
0.8888888888888888,-3.2281978130340576
-0.5555555555555556,-1.2308628559112549
-1.8888888888888888,-2.6276519298553467
3.888888888888889,-2.2991466522216797
3.333333333333333,-4.2288055419921875
17.0,-1.0024303197860718
-0.7777777777777778,-3.422773838043213
-3.2222222222222223,-3.1302778720855713
-4.777777777777778,-2.920886993408203
-3.2222222222222223,-2.2647597789764404
-4.222222222222222,-2.5357062816619873
-9.11111111111111,-2.7149064540863037
-6.333333333333333,-1.9312846660614014
-4.666666666666667,-2.266348123550415
9.444444444444445,-2.23693585395813
1.6666666666666667,-3.1856346130371094
-3.0,-4.826437950134277
-5.444444444444445,-2.7737879753112793
2.111111111111111,-3.142922878265381
-5.888888888888889,-5.536459445953369
-1.8888888888888888,-1.4977941513061523
-4.777777777777778,-4.216743469238281
2.111111111111111,-3.6288676261901855
0.5555555555555556,-2.934617519378662
-3.111111111111111,-4.2906975746154785
-11.88888888888889,-3.4771132469177246
-0.6666666666666666,-2.1801745891571045
12.11111111111111,-1.5495392084121704
-0.5555555555555556,-0.7889132499694824
0.6666666666666666,12.807632446289062
-4.888888888888889,-1.4857152700424194
-3.111111111111111,-2.1843602657318115
-2.2222222222222223,-3.0295968055725098
-3.2222222222222223,-3.272960901260376
-6.888888888888889,-2.874840497970581
3.4444444444444446,-2.102116823196411
24.11111111111111,11.223074913024902
-0.8888888888888888,0.005754351615905762
0.8888888888888888,1.5395023822784424
-6.555555555555555,-0.44171419739723206
-1.3333333333333333,-3.0322768688201904
-4.111111111111111,-7.6836700439453125
9.666666666666666,-1.9723297357559204
5.111111111111111,-3.1176486015319824
4.333333333333333,-3.9601433277130127
0.4444444444444444,-0.8498157262802124
-15.444444444444445,-12.83552074432373
-7.0,-5.143068790435791
1.7777777777777777,-0.7447828054428101
6.777777777777778,-1.607430338859558
8.0,-1.8537571430206299
4.777777777777778,2.7869765758514404
19.55555555555556,8.75436019897461
-6.777777777777778,0.20575234293937683
-7.222222222222222,-3.7614617347717285
0.1111111111111111,-1.4709609746932983
-0.4444444444444444,-3.1193573474884033
-3.555555555555556,-4.678774356842041
10.444444444444445,-2.186448097229004
3.4444444444444446,12.610074996948242
-0.1111111111111111,-0.2815300226211548
-7.666666666666667,-3.7485101222991943
0.1111111111111111,-1.19920814037323
-3.333333333333333,-3.0521621704101562
-4.222222222222222,-0.7242832183837891
-0.7777777777777778,9.248015403747559
-11.666666666666666,-4.493250370025635
-2.333333333333333,-2.7159504890441895
-0.3333333333333333,-3.021644353866577
17.88888888888889,3.17281436920166
32.55555555555556,25.318742752075195
-11.0,6.543768882751465
-4.0,-1.8834846019744873
-6.777777777777778,-5.02850341796875
-15.333333333333334,-2.7719202041625977
-7.666666666666667,-2.1971144676208496
-3.555555555555556,-3.025233268737793
-2.7777777777777777,-0.5101973414421082
0.1111111111111111,-1.5611060857772827
38.11111111111112,14.202324867248535
-8.0,-5.590677261352539
-4.222222222222222,-3.3980772495269775
0.0,2.3037302494049072
23.55555555555556,19.32874298095703
1.7777777777777777,-3.143598794937134
-2.7777777777777777,-3.4652903079986572
-5.777777777777778,-1.2620569467544556
7.333333333333333,3.3369140625
-6.555555555555555,-2.2218470573425293
-9.333333333333334,-0.723473310470581
5.111111111111111,-0.10341410338878632
-5.444444444444445,-0.6055877804756165
3.6666666666666665,-2.0136420726776123
-6.555555555555555,-3.438676357269287
19.444444444444443,14.762944221496582
-4.777777777777778,-1.8367305994033813
4.888888888888889,-0.47286510467529297
-3.2222222222222223,-7.553932189941406
-1.6666666666666667,-0.5786521434783936
-7.555555555555555,-0.9215802550315857
-3.4444444444444446,-3.1073238849639893
1.5555555555555556,-5.990814208984375
-7.555555555555555,-1.7053849697113037
-13.333333333333334,-2.920138120651245
-5.0,-2.836211919784546
-3.111111111111111,1.9401293992996216
-8.777777777777779,-2.2087676525115967
-1.1111111111111112,-0.6063348650932312
1.8888888888888888,-2.013803482055664
-6.222222222222222,-2.9951682090759277
-0.1111111111111111,-2.231605052947998
4.0,-1.1788958311080933
-18.22222222222222,-5.659276962280273
-1.7777777777777777,-2.8617146015167236
-13.333333333333334,-2.3842527866363525
-7.666666666666667,-2.463273763656616
-1.6666666666666667,0.1600252389907837
-4.444444444444445,1.1063799858093262
-11.444444444444445,-1.222013235092163
2.888888888888889,3.7352566719055176
27.0,27.974138259887695
1.8888888888888888,-3.3098416328430176
-8.88888888888889,-1.3683300018310547
-4.888888888888889,-1.931491494178772
-5.888888888888889,-4.18126106262207
-3.6666666666666665,-4.4160356521606445
9.555555555555555,12.279731750488281
-1.6666666666666667,1.328385353088379
0.8888888888888888,-2.2190821170806885
-13.666666666666666,-2.13383150100708
-3.555555555555556,-2.017704725265503
-1.6666666666666667,-2.575775146484375
8.88888888888889,11.90537166595459
-4.888888888888889,-2.529956102371216
-3.888888888888889,-1.573115348815918
-9.88888888888889,-3.5160908699035645
-1.5555555555555556,-1.0396947860717773
7.666666666666667,11.126936912536621
3.7777777777777777,-2.928222179412842
12.666666666666666,-3.9622340202331543
-4.555555555555555,-2.3228468894958496
13.555555555555555,6.758265972137451
6.777777777777778,-3.9529716968536377
-9.11111111111111,-3.2955145835876465
-2.555555555555556,-1.8750320672988892
-1.4444444444444444,-6.91142463684082
-6.222222222222222,-7.534777641296387
-7.555555555555555,-3.1812474727630615
1.0,4.707063674926758
-1.4444444444444444,-0.7708781361579895
-9.88888888888889,-2.683746337890625
1.2222222222222223,-2.286404609680176
2.2222222222222223,-3.712111711502075
1.2222222222222223,-1.3540970087051392
8.444444444444445,-2.652315616607666
0.8888888888888888,-2.8298492431640625
-10.444444444444445,-1.1335985660552979
4.444444444444445,-2.2052040100097656
-1.6666666666666667,-1.577668309211731
-3.888888888888889,-0.6360677480697632
3.2222222222222223,-2.8669121265411377
-5.666666666666667,0.28613173961639404
-9.0,-2.6493732929229736
8.777777777777779,-0.8385722637176514
1.5555555555555556,-2.905097484588623
-2.555555555555556,-0.6157934069633484
4.777777777777778,1.3711549043655396
-16.11111111111111,-3.612818479537964
-5.555555555555555,-3.236532211303711
-1.8888888888888888,-3.99723482131958
25.11111111111111,18.409255981445312
-2.555555555555556,-1.8291175365447998
-12.0,-8.474215507507324
-10.333333333333334,-1.9346685409545898
-7.333333333333333,-1.9903980493545532
0.0,3.7028212547302246
1.8888888888888888,-2.7424581050872803
1.4444444444444444,-2.9450607299804688
19.55555555555556,8.088642120361328
-5.222222222222222,-1.5631948709487915
0.3333333333333333,0.6027772426605225
1.1111111111111112,-3.5361225605010986
25.666666666666668,31.20008087158203
-3.0,-2.3453800678253174
3.555555555555556,1.537833571434021
4.222222222222222,-1.1784449815750122
1.7777777777777777,-3.6572422981262207
31.444444444444443,-1.4660087823867798
19.33333333333333,13.593818664550781
-1.6666666666666667,-3.0791046619415283
1.5555555555555556,2.3697073459625244
7.222222222222222,-1.5502278804779053
-3.7777777777777777,-3.5117201805114746
-1.6666666666666667,-1.728459358215332
0.2222222222222222,-3.6732847690582275
3.7777777777777777,7.532567977905273
-2.0,-6.635679244995117
1.6666666666666667,-1.102622628211975
1.3333333333333333,-0.7896561026573181
0.1111111111111111,-1.780625343322754
-1.0,-2.8836684226989746
7.0,0.06067046523094177
-3.111111111111111,-0.6273736953735352
9.11111111111111,-1.8268744945526123
3.6666666666666665,-2.714296817779541
-4.888888888888889,-3.1538593769073486
-1.6666666666666667,-1.7717595100402832
-3.555555555555556,-3.3111088275909424
-1.4444444444444444,-2.3032567501068115
-15.0,-2.2263059616088867
1.0,-2.3639698028564453
5.333333333333333,0.14915931224822998
5.444444444444445,-2.0548887252807617
-3.0,-3.824754238128662
-2.333333333333333,-0.7284891605377197
-5.111111111111111,-3.9122378826141357
-3.6666666666666665,-1.9275237321853638
2.7777777777777777,1.3062243461608887
-8.777777777777779,-3.1800012588500977
2.333333333333333,-1.2576936483383179
3.4444444444444446,2.8165435791015625
12.333333333333334,9.422569274902344
-1.0,0.5380887985229492
1.6666666666666667,-1.7473872900009155
-1.1111111111111112,-1.9158878326416016
-5.0,-3.6241776943206787
-5.222222222222222,-3.078578472137451
-4.777777777777778,-4.757030963897705
0.5555555555555556,-0.9127779603004456
6.0,3.928570508956909
13.77777777777778,5.411370754241943
6.666666666666667,-2.9078283309936523
-1.0,-2.411024332046509
-3.7777777777777777,-0.5616219639778137
-5.777777777777778,-2.389942169189453
-3.555555555555556,1.4005173444747925
0.2222222222222222,-0.15512089431285858
-3.888888888888889,-0.8248828649520874
-3.0,-6.29349422454834
-5.888888888888889,-3.704514265060425
5.0,1.69908607006073
-10.666666666666666,-2.342068910598755
-3.333333333333333,-3.2736592292785645
-9.666666666666666,-1.2572253942489624
2.7777777777777777,-1.2363113164901733
-7.333333333333333,-4.8839006423950195
19.22222222222222,23.093677520751953
-12.333333333333334,-1.438982367515564
-5.0,-2.9983510971069336
-3.555555555555556,-2.50980806350708
-13.666666666666666,-6.4547038078308105
6.777777777777778,8.389598846435547
1.3333333333333333,0.5212266445159912
48.22222222222222,3.824672222137451
3.2222222222222223,-1.4804142713546753
-4.0,-0.7042224407196045
10.77777777777778,4.946116924285889
-4.555555555555555,-4.016761302947998
10.333333333333334,-1.0381675958633423
0.8888888888888888,-1.8204915523529053
-5.111111111111111,1.621505856513977
5.0,3.527517557144165
-25.77777777777778,-5.3719482421875
-6.777777777777778,-1.700796365737915
6.111111111111111,-1.1179605722427368
-9.22222222222222,-2.127047061920166
-5.111111111111111,-2.294611692428589
1.7777777777777777,-4.468976974487305
4.777777777777778,-1.9316973686218262
16.11111111111111,-1.0369575023651123
-0.8888888888888888,-1.0543814897537231
-2.888888888888889,-9.767669677734375
4.666666666666667,-1.0613220930099487
-3.2222222222222223,-0.08004176616668701
11.0,-0.7372642159461975
6.777777777777778,10.731450080871582
-3.2222222222222223,-2.7543561458587646
5.111111111111111,-2.5833616256713867
-10.22222222222222,-1.9401965141296387
2.333333333333333,-3.486635684967041
2.2222222222222223,-4.03220796585083
-14.77777777777778,-1.7337485551834106
0.8888888888888888,-2.5653162002563477
-8.777777777777779,-2.7543561458587646
2.888888888888889,-2.1716666221618652
-5.333333333333333,-1.9843086004257202
-2.0,-2.977479934692383
0.1111111111111111,-1.9111512899398804
-1.0,-2.358719825744629
1.2222222222222223,-2.004678726196289
11.444444444444445,7.908468723297119
-2.0,-3.233712911605835
-1.4444444444444444,-1.589490294456482
-5.333333333333333,-2.789600372314453
-4.777777777777778,-1.3611152172088623
-2.7777777777777777,-2.4855942726135254
4.333333333333333,-2.012516975402832
-0.8888888888888888,-2.060624122619629
7.222222222222222,-0.9225561618804932
-6.777777777777778,-3.147427558898926
28.22222222222222,4.65555477142334
6.555555555555555,-2.887413263320923
0.8888888888888888,13.19961166381836
-6.555555555555555,-0.701454758644104
1.3333333333333333,-1.5276551246643066
-1.5555555555555556,0.7443515062332153
0.7777777777777778,-2.061026096343994
-1.2222222222222223,-0.7912271618843079
-7.333333333333333,-0.8696029186248779
-4.333333333333333,-1.0276447534561157
-0.6666666666666666,-1.361811876296997
-3.2222222222222223,-0.7893166542053223
-8.11111111111111,-3.0852158069610596
6.666666666666667,-2.49289608001709
-4.777777777777778,-2.967188835144043
-7.222222222222222,-3.7855072021484375
-4.222222222222222,-3.6965506076812744
3.888888888888889,3.220921039581299
1.7777777777777777,-2.384655714035034
-2.7777777777777777,3.6234984397888184
0.4444444444444444,-2.46150279045105
-7.666666666666667,-4.636569023132324
10.0,-2.142733335494995
2.0,-1.65904700756073
1.4444444444444444,-1.5153454542160034
3.2222222222222223,-1.7165791988372803
-6.111111111111111,-3.139566421508789
-2.0,-0.6893216371536255
-6.888888888888889,-1.9097013473510742
6.222222222222222,-1.3746941089630127
-5.111111111111111,-2.5304601192474365
-3.4444444444444446,-0.704588770866394
-3.333333333333333,-5.384749889373779
0.5555555555555556,-2.1808676719665527
-7.222222222222222,-3.588822364807129
2.111111111111111,-1.811075210571289
-1.6666666666666667,-3.268252372741699
19.88888888888889,16.782005310058594
-5.666666666666667,-1.8781583309173584
0.1111111111111111,-0.1900959014892578
0.0,-0.6412657499313354
-1.4444444444444444,-3.7583956718444824
-1.4444444444444444,-0.9195005297660828
1.1111111111111112,-0.7844520807266235
-1.4444444444444444,-0.63592529296875
-4.777777777777778,-3.2156217098236084
-16.88888888888889,-0.6323118209838867
-3.2222222222222223,-4.301764011383057
3.6666666666666665,-2.681004762649536
-5.555555555555555,-1.4640711545944214
0.7777777777777778,-3.181220054626465
0.4444444444444444,0.042424000799655914
-1.3333333333333333,-1.7483453750610352
-1.5555555555555556,-1.2729436159133911
-3.2222222222222223,-2.8028218746185303
14.88888888888889,1.6880722045898438
-1.4444444444444444,-3.009568929672241
-0.6666666666666666,-3.5632858276367188
-1.8888888888888888,-3.2538061141967773
0.4444444444444444,-5.4245524406433105
-6.0,-2.8767130374908447
-47.22222222222222,-2.851809501647949
40.55555555555556,24.88915252685547
-7.666666666666667,-0.9153896570205688
2.6666666666666665,-3.7159202098846436
-3.0,-3.564162254333496
-1.5555555555555556,-2.608220100402832
2.7777777777777777,-1.8776085376739502
-3.7777777777777777,-0.8608753085136414
-8.555555555555555,-3.6543760299682617
-3.7777777777777777,-0.9690614342689514
-1.7777777777777777,-2.2591612339019775
3.0,-1.153357744216919
16.22222222222222,2.1403729915618896
-7.0,-1.9074054956436157
-4.666666666666667,-1.9861594438552856
4.111111111111111,-2.89169979095459
-1.4444444444444444,-2.7217459678649902
0.0,-1.9021238088607788
-3.111111111111111,-2.091557264328003
1.5555555555555556,-3.2223739624023438
-1.7777777777777777,-1.5913491249084473
-6.222222222222222,-0.6737143993377686
-5.666666666666667,-2.235104560852051
-1.2222222222222223,-1.9207326173782349
-3.555555555555556,-1.4768606424331665
-12.77777777777778,1.490741491317749
-3.0,-3.5580790042877197
-1.2222222222222223,1.7733105421066284
-10.22222222222222,-4.411294460296631
12.444444444444445,-1.0709855556488037
9.22222222222222,6.103470325469971
-5.777777777777778,-4.344908714294434
-5.888888888888889,-2.7619781494140625
0.3333333333333333,-1.6788113117218018
3.6666666666666665,-3.9124481678009033
-3.0,-2.357015371322632
-19.88888888888889,-2.9103286266326904
-6.333333333333333,-2.5446486473083496
-0.2222222222222222,-2.790384292602539
-4.777777777777778,-0.5822617411613464
-3.888888888888889,-1.4960606098175049
1.4444444444444444,-2.156292676925659
-2.888888888888889,-2.064852237701416
1.5555555555555556,-3.0270814895629883
-1.7777777777777777,-0.6332938075065613
-12.333333333333334,-2.1209466457366943
16.11111111111111,4.257837295532227
-3.888888888888889,-3.627521276473999
-2.555555555555556,-2.0451817512512207
2.888888888888889,0.707661509513855
-3.2222222222222223,-3.1660749912261963
-0.6666666666666666,-5.714662075042725
13.666666666666666,16.764305114746094
11.333333333333334,7.449777603149414
-7.666666666666667,-3.8094065189361572
-15.555555555555555,-1.331810712814331
-3.555555555555556,-1.9098666906356812
-1.4444444444444444,-3.43552565574646
-1.6666666666666667,-3.460543632507324
-9.0,-1.9548498392105103
11.666666666666666,13.291217803955078
-20.88888888888889,-0.9946386814117432
-5.777777777777778,-3.542506694793701
3.333333333333333,-1.8517301082611084
1.4444444444444444,-0.6885040998458862
-3.111111111111111,-1.62083899974823
1.2222222222222223,-1.3848849534988403
3.555555555555556,-0.5917941927909851
-9.444444444444445,-3.577608346939087
-3.0,-3.2757205963134766
-8.444444444444445,-2.0286386013031006
-0.6666666666666666,0.31964266300201416
-4.555555555555555,-1.9965572357177734
-2.2222222222222223,-1.4757007360458374
-0.5555555555555556,-5.17173433303833
-4.333333333333333,-2.845395565032959
-2.4444444444444446,-5.025481224060059
-8.222222222222221,-0.6981056928634644
-0.7777777777777778,-2.0771443843841553
-17.555555555555557,-1.890276312828064
1.1111111111111112,-2.9100277423858643
-0.1111111111111111,-2.1876988410949707
-3.888888888888889,-3.889075517654419
-5.666666666666667,-3.9022140502929688
0.4444444444444444,-0.7040345072746277
-11.444444444444445,-3.8094065189361572
-5.777777777777778,-3.845358371734619
-2.4444444444444446,-2.067258834838867
-1.3333333333333333,-1.9244376420974731
-2.888888888888889,-3.7194316387176514
-0.2222222222222222,-4.409689903259277
3.4444444444444446,4.459821701049805
-15.77777777777778,-4.057538032531738
-1.8888888888888888,-3.255296230316162
2.111111111111111,6.865676403045654
2.888888888888889,-3.1957855224609375
4.333333333333333,-0.8572920560836792
-4.444444444444445,-2.278897523880005
16.555555555555557,24.20076560974121
0.8888888888888888,-1.27073073387146
-0.4444444444444444,1.1789613962173462
-17.0,-0.6781114935874939
-1.7777777777777777,-1.529600739479065
-5.888888888888889,-0.6070889830589294
5.111111111111111,7.006875038146973
-1.2222222222222223,-3.486191987991333
3.7777777777777777,-1.0824201107025146
22.77777777777778,19.287471771240234
0.5555555555555556,7.247467994689941
4.111111111111111,-7.588805198669434
4.0,-1.2034320831298828
-3.2222222222222223,-0.6393260359764099
21.33333333333333,9.857763290405273
5.333333333333333,-3.2767493724823
11.11111111111111,-1.1255875825881958
-3.2222222222222223,-1.4087532758712769
0.2222222222222222,-1.546796441078186
-2.2222222222222223,-3.7216696739196777
-24.33333333333333,-3.5582668781280518
-3.333333333333333,-2.563786029815674
5.555555555555555,-2.4527926445007324
2.2222222222222223,4.49566650390625
-0.3333333333333333,-2.481722354888916
-0.3333333333333333,-2.5804498195648193
-0.1111111111111111,-0.9700470566749573
-3.4444444444444446,-2.131042718887329
-1.1111111111111112,-0.9503536820411682
-9.88888888888889,-0.1644355058670044
1.4444444444444444,-1.1480482816696167
-5.555555555555555,-1.8342232704162598
-12.444444444444445,-4.263631343841553
3.333333333333333,-0.15701474249362946
8.222222222222221,-3.943387746810913
-9.555555555555555,-2.355658531188965
-0.8888888888888888,-1.0168660879135132
-2.333333333333333,-3.2562921047210693
-0.6666666666666666,-4.689751148223877
-1.7777777777777777,-3.1755318641662598
17.88888888888889,-0.9226440191268921
-5.888888888888889,-4.749570369720459
-0.7777777777777778,-2.716458797454834
-3.0,-3.1002161502838135
-1.2222222222222223,-1.5355932712554932
-6.555555555555555,-0.6960765719413757
-5.888888888888889,11.020197868347168
1.7777777777777777,-0.5120283961296082
-8.444444444444445,-2.835639238357544
1.4444444444444444,-0.4776669144630432
-0.4444444444444444,-3.457421064376831
0.1111111111111111,-1.0722484588623047
-5.111111111111111,-0.050008416175842285
-12.0,-3.614960193634033
-3.333333333333333,-1.3097714185714722
-3.333333333333333,-0.9714301228523254
5.0,-0.4785449206829071
-0.6666666666666666,-0.7057867646217346
3.6666666666666665,-1.1625661849975586
-6.444444444444445,-2.34639835357666
6.111111111111111,-1.5183709859848022
-6.222222222222222,-1.9319154024124146
-3.0,-1.1495002508163452
-0.3333333333333333,-2.1313352584838867
-3.555555555555556,-1.1971354484558105
-7.333333333333333,-3.4771502017974854
27.55555555555556,8.413294792175293
-8.444444444444445,-1.1279034614562988
-0.1111111111111111,-3.8470876216888428
2.888888888888889,0.4653095006942749
-0.5555555555555556,-3.50126314163208
4.777777777777778,3.064887285232544
-2.6666666666666665,-3.349012851715088
-37.888888888888886,-2.9328629970550537
-0.4444444444444444,-2.9415714740753174
-6.888888888888889,4.4771809577941895
-6.0,-2.331468105316162
-2.888888888888889,-0.20826971530914307
4.0,-1.623471975326538
-1.4444444444444444,-1.9448480606079102
-2.555555555555556,7.266134738922119
-3.0,-1.9827773571014404
1.4444444444444444,-1.5772030353546143
0.3333333333333333,-0.8499072790145874
-1.5555555555555556,-3.8857550621032715
-2.888888888888889,-4.522911071777344
-5.888888888888889,-5.196356296539307
1.7777777777777777,-2.1673669815063477
-6.444444444444445,-3.086148262023926
12.333333333333334,16.7418270111084
1.1111111111111112,-1.4844437837600708
-2.555555555555556,-2.853637218475342
-3.111111111111111,-3.3568990230560303
-1.4444444444444444,-3.403836965560913
-12.333333333333334,-1.181237816810608
12.555555555555555,5.774179458618164
-6.777777777777778,-3.4212493896484375
-0.8888888888888888,-1.3386701345443726
5.222222222222222,-1.723819375038147
-2.111111111111111,-5.713335037231445
0.0,-0.6532360315322876
-0.8888888888888888,-2.7021212577819824
1.4444444444444444,-0.56516033411026
0.4444444444444444,-4.081814289093018
1.3333333333333333,-2.8986427783966064
-6.777777777777778,-3.6355504989624023
-7.777777777777778,-2.1676032543182373
7.555555555555555,-0.6083364486694336
-24.55555555555556,-1.7028590440750122
32.22222222222222,35.41394805908203
9.333333333333334,-1.9441674947738647
8.777777777777779,-0.5584497451782227
-4.777777777777778,-3.248805046081543
-6.333333333333333,-4.5699357986450195
