Score,Pred Score
-0.6666666666666666,-2.1875736713409424
7.333333333333333,-1.3700073957443237
-0.4444444444444444,-3.5107688903808594
-4.111111111111111,-1.9786580801010132
-7.333333333333333,-0.5360788702964783
1.3333333333333333,-1.0996037721633911
-8.444444444444445,0.883718729019165
1.6666666666666667,-3.6677985191345215
3.333333333333333,-0.3512234687805176
2.111111111111111,2.814681053161621
0.1111111111111111,-1.0808523893356323
11.22222222222222,-1.3166133165359497
-3.111111111111111,7.47915506362915
-3.888888888888889,-1.369808316230774
14.11111111111111,-0.846904456615448
-4.444444444444445,-1.9827202558517456
6.0,-1.2562720775604248
12.555555555555555,6.791415691375732
-0.8888888888888888,-0.10026973485946655
-4.0,-1.9942787885665894
-1.1111111111111112,-4.208093166351318
-3.555555555555556,-0.6979143619537354
-10.666666666666666,-2.4047300815582275
9.11111111111111,-0.06567168235778809
-1.7777777777777777,-3.5501468181610107
-3.4444444444444446,-0.8695220947265625
23.22222222222222,8.29598331451416
0.8888888888888888,-2.4122424125671387
0.3333333333333333,1.5657873153686523
-3.7777777777777777,-2.8184266090393066
2.111111111111111,-0.9130327105522156
-2.2222222222222223,-1.253934621810913
-2.2222222222222223,-3.027433156967163
3.111111111111111,-1.5455430746078491
0.1111111111111111,-2.3986055850982666
-2.555555555555556,-1.1430201530456543
-0.2222222222222222,-0.7111291289329529
3.111111111111111,3.46441388130188
-4.444444444444445,-1.3853697776794434
-5.222222222222222,9.211954116821289
4.0,4.109419345855713
-4.777777777777778,-1.4543384313583374
1.0,-1.5942806005477905
-4.111111111111111,-0.4613870680332184
-4.777777777777778,-2.453125476837158
14.11111111111111,-1.6219497919082642
2.2222222222222223,-1.5975048542022705
-4.888888888888889,-2.591794013977051
-6.888888888888889,-1.2303266525268555
-9.444444444444445,2.8934760093688965
13.666666666666666,11.800390243530273
3.4444444444444446,-0.5373095870018005
-8.222222222222221,-4.72078275680542
5.777777777777778,-1.4508450031280518
0.0,6.71631383895874
13.666666666666666,7.970536231994629
-1.0,0.2880209982395172
7.333333333333333,-1.352810263633728
-2.888888888888889,-4.226113319396973
-7.111111111111111,-1.6539331674575806
-1.2222222222222223,-1.2335423231124878
0.0,-0.37280094623565674
-7.666666666666667,-0.7432315945625305
-1.5555555555555556,-1.390360951423645
11.88888888888889,11.563194274902344
-4.666666666666667,-1.2905516624450684
-10.333333333333334,0.04444992542266846
-9.555555555555555,-1.0825492143630981
-2.6666666666666665,-1.3572535514831543
-3.333333333333333,-0.7444565892219543
1.8888888888888888,-0.7700684666633606
-5.666666666666667,-3.251103639602661
-3.888888888888889,-1.733190655708313
-1.5555555555555556,-2.041368246078491
-1.8888888888888888,-2.5546321868896484
-7.888888888888889,-1.1809229850769043
0.4444444444444444,-0.9163737297058105
3.555555555555556,-0.15707439184188843
-0.8888888888888888,-0.9234508275985718
-5.777777777777778,-0.7073792815208435
-2.888888888888889,-3.7718629837036133
-2.111111111111111,-1.5118166208267212
46.333333333333336,-1.2441837787628174
0.8888888888888888,-5.53098726272583
1.1111111111111112,-1.9818412065505981
0.0,0.2955149710178375
10.0,-1.6239557266235352
-1.1111111111111112,-1.4442472457885742
8.555555555555555,-1.0721579790115356
-4.777777777777778,-0.5052862763404846
0.2222222222222222,-0.26688098907470703
8.222222222222221,-0.7551732063293457
10.11111111111111,7.755350589752197
-2.555555555555556,-1.6398824453353882
-4.888888888888889,-3.0064504146575928
20.88888888888889,14.679786682128906
19.33333333333333,18.57012176513672
-1.3333333333333333,-0.8542720675468445
-4.111111111111111,-1.2380796670913696
-2.7777777777777777,-4.146302223205566
9.0,-1.8954578638076782
-6.111111111111111,9.68294906616211
-3.7777777777777777,-2.528803825378418
-5.0,-2.448798656463623
-3.0,-0.6632584929466248
-6.222222222222222,-1.8149137496948242
-6.333333333333333,-1.2013150453567505
-1.8888888888888888,-1.682113766670227
3.111111111111111,0.10047289729118347
-4.888888888888889,-0.1838964968919754
6.777777777777778,-1.0104728937149048
-4.444444444444445,-0.581389307975769
7.666666666666667,14.71143913269043
0.5555555555555556,0.481528103351593
-7.0,-2.3096466064453125
-10.0,4.385974407196045
-0.5555555555555556,-1.1182308197021484
0.1111111111111111,-1.2346394062042236
-3.4444444444444446,2.600956439971924
6.777777777777778,-1.093727469444275
-6.0,-2.0962822437286377
-3.333333333333333,-3.0944316387176514
8.777777777777779,-0.9087716341018677
-6.333333333333333,1.0289753675460815
-7.444444444444445,-2.37986159324646
0.1111111111111111,-0.9499731063842773
-4.0,-1.105271339416504
6.222222222222222,-0.004597008228302002
-3.4444444444444446,-2.829468011856079
4.777777777777778,5.1966872215271
-2.111111111111111,-0.9918795228004456
-4.111111111111111,-2.03244686126709
11.88888888888889,0.27327442169189453
-0.5555555555555556,-3.887974739074707
4.444444444444445,-3.1704483032226562
-0.3333333333333333,-1.635086178779602
-4.555555555555555,-1.7762858867645264
-0.7777777777777778,-6.009488105773926
-2.2222222222222223,-3.56243896484375
-5.222222222222222,-2.7898876667022705
10.444444444444445,6.651520252227783
-3.4444444444444446,-1.308341383934021
-3.7777777777777777,-1.754462480545044
0.2222222222222222,-4.962856292724609
-4.0,-0.924323558807373
-22.444444444444443,-0.7426944375038147
-5.777777777777778,-2.3308370113372803
-4.222222222222222,0.14506104588508606
-2.333333333333333,-3.6188700199127197
5.555555555555555,3.886655330657959
23.0,-1.6193546056747437
4.777777777777778,-1.1911593675613403
-18.88888888888889,-1.0566121339797974
-10.22222222222222,-0.0729270875453949
5.222222222222222,-2.7409300804138184
-5.0,-1.6430432796478271
7.444444444444445,-1.2700190544128418
6.333333333333333,-1.147972583770752
1.4444444444444444,-0.9189944267272949
-0.8888888888888888,-1.1553184986114502
3.111111111111111,-0.8899484276771545
0.5555555555555556,-1.18758225440979
-1.8888888888888888,-0.42161911725997925
-11.77777777777778,-1.18758225440979
-5.555555555555555,0.4711395502090454
-1.3333333333333333,0.2657579779624939
-1.8888888888888888,-3.632150650024414
0.0,0.018365859985351562
0.8888888888888888,9.380311965942383
5.0,-1.1479744911193848
2.4444444444444446,-1.1087946891784668
-0.1111111111111111,-0.7753153443336487
2.111111111111111,-1.2237520217895508
-0.2222222222222222,14.154086112976074
19.444444444444443,-1.3402100801467896
3.7777777777777777,-0.7785261869430542
-3.111111111111111,-0.5232754349708557
7.555555555555555,-3.193540096282959
1.5555555555555556,-3.2578768730163574
-1.1111111111111112,-2.730313777923584
-1.6666666666666667,-7.074562072753906
3.111111111111111,-1.293027639389038
-1.6666666666666667,1.3220176696777344
1.3333333333333333,0.6636388301849365
-10.555555555555555,-4.173936367034912
-5.333333333333333,0.26094144582748413
-0.8888888888888888,-0.2920137643814087
-6.111111111111111,0.3104281425476074
-12.333333333333334,-1.294770359992981
-6.111111111111111,-1.9010875225067139
-6.111111111111111,-0.013519883155822754
-10.22222222222222,-1.0311917066574097
4.444444444444445,-2.146542549133301
-2.555555555555556,-0.785497784614563
-8.777777777777779,-0.4766980707645416
-14.555555555555555,-1.0705381631851196
-15.0,4.106711387634277
31.33333333333333,10.98164176940918
-20.11111111111111,2.216649055480957
-3.4444444444444446,-1.580325722694397
-0.1111111111111111,-0.5685601234436035
-1.3333333333333333,-1.1290322542190552
1.6666666666666667,-0.9003736972808838
-4.888888888888889,-1.0122939348220825
2.333333333333333,-0.3994985818862915
-13.333333333333334,-2.0962085723876953
0.5555555555555556,1.8097035884857178
1.2222222222222223,-0.497946560382843
-8.777777777777779,-3.683778762817383
-0.2222222222222222,-0.08563190698623657
3.2222222222222223,-2.027735948562622
-2.7777777777777777,0.08902083337306976
-3.333333333333333,-1.0888034105300903
-5.0,-0.05701097846031189
-3.333333333333333,2.3945164680480957
-6.777777777777778,-2.069232225418091
1.0,-2.108443021774292
-4.444444444444445,-1.9374593496322632
-2.111111111111111,-3.002758026123047
-20.55555555555556,-1.9149976968765259
3.333333333333333,-0.45586472749710083
-4.777777777777778,-1.8179891109466553
-1.4444444444444444,-0.6653486490249634
-9.11111111111111,0.3231247663497925
-12.666666666666666,-1.2789164781570435
-21.11111111111111,-0.6333703398704529
3.555555555555556,-1.717391014099121
-4.777777777777778,-2.0073604583740234
-5.888888888888889,1.7259023189544678
-7.555555555555555,3.4959516525268555
-3.555555555555556,-1.5251492261886597
3.0,-1.3818285465240479
4.0,-1.7515467405319214
-5.333333333333333,-0.66569584608078
17.444444444444443,1.1316959857940674
-11.77777777777778,-0.23295119404792786
-4.888888888888889,-1.1320321559906006
6.444444444444445,4.039422512054443
4.0,-0.15005218982696533
-9.88888888888889,-1.766156554222107
15.77777777777778,-1.3974281549453735
0.6666666666666666,-3.006164789199829
-9.444444444444445,-3.9756882190704346
-1.7777777777777777,-2.8880698680877686
2.333333333333333,3.480898380279541
-4.222222222222222,-1.0205979347229004
-8.11111111111111,-0.8750037550926208
1.8888888888888888,-1.2214583158493042
-12.555555555555555,-1.8999868631362915
5.444444444444445,-1.7578237056732178
-3.111111111111111,-0.9867045283317566
-2.555555555555556,-2.554920196533203
5.666666666666667,-3.318269729614258
1.4444444444444444,-1.1043827533721924
-3.0,-1.033028244972229
-0.1111111111111111,-0.8995933532714844
1.1111111111111112,-1.4746341705322266
-0.8888888888888888,-2.5525963306427
-7.333333333333333,-2.801968574523926
-13.77777777777778,-1.541340708732605
0.7777777777777778,-0.1446681022644043
-2.6666666666666665,-0.5539284944534302
-19.55555555555556,-2.6191112995147705
5.0,-1.4549973011016846
-2.2222222222222223,-3.2981162071228027
1.0,-3.0808329582214355
-3.0,-2.0921213626861572
-3.888888888888889,-3.7423617839813232
-3.4444444444444446,0.15977147221565247
5.0,-1.915132761001587
19.22222222222222,13.541922569274902
-2.4444444444444446,-2.546936511993408
6.222222222222222,-4.033576965332031
-5.333333333333333,-1.5727152824401855
-10.77777777777778,-1.482703685760498
0.0,-1.5794740915298462
1.8888888888888888,-2.4422004222869873
21.55555555555556,-1.7114143371582031
-7.777777777777778,-1.134535789489746
-7.222222222222222,-2.396317720413208
-1.7777777777777777,-0.9901357889175415
5.444444444444445,-2.5702807903289795
-3.888888888888889,-2.592515707015991
-8.222222222222221,-16.958219528198242
6.111111111111111,-3.6860463619232178
2.7777777777777777,-2.3995625972747803
-6.333333333333333,-0.26172274351119995
0.2222222222222222,0.6418750286102295
-7.777777777777778,-1.2702195644378662
1.2222222222222223,-2.8508200645446777
3.4444444444444446,-1.1924222707748413
-2.888888888888889,-1.8772518634796143
14.88888888888889,-1.9188790321350098
-1.7777777777777777,-3.040252208709717
-3.888888888888889,-1.8948737382888794
-5.777777777777778,-1.551611304283142
27.11111111111111,0.8994086384773254
1.7777777777777777,-1.9964903593063354
0.3333333333333333,-6.70823335647583
-12.77777777777778,-2.614590883255005
27.88888888888889,3.138481855392456
-4.222222222222222,-0.3949372470378876
-1.2222222222222223,-1.583308458328247
-3.0,-3.697253704071045
3.6666666666666665,3.114112138748169
-1.5555555555555556,-1.3171411752700806
-4.222222222222222,12.81043815612793
-0.7777777777777778,-2.5706210136413574
6.777777777777778,11.112360954284668
-0.7777777777777778,-0.019029080867767334
-8.777777777777779,-1.230372428894043
0.2222222222222222,-1.5865485668182373
-0.2222222222222222,-1.4272950887680054
-8.0,-1.53415846824646
-4.333333333333333,-1.4611870050430298
-3.0,-1.596996784210205
-7.666666666666667,-2.3035800457000732
1.1111111111111112,-1.530130386352539
-0.5555555555555556,-3.105585813522339
-2.111111111111111,-1.546380877494812
-7.555555555555555,-1.3199266195297241
17.666666666666668,-1.882454514503479
-8.11111111111111,-1.712078332901001
19.55555555555556,3.6059813499450684
-6.555555555555555,-0.9510750770568848
10.555555555555555,-1.3091890811920166
-14.444444444444445,-1.9053560495376587
6.666666666666667,-3.2520055770874023
-3.888888888888889,-0.1145208477973938
-6.333333333333333,-1.7414625883102417
-6.666666666666667,-2.125490188598633
-4.444444444444445,-4.094913959503174
-2.111111111111111,-1.3925461769104004
-10.333333333333334,-0.7086402773857117
-6.111111111111111,-0.6747698783874512
20.666666666666668,6.378802299499512
-5.444444444444445,0.9022858738899231
7.555555555555555,-1.0182353258132935
-1.4444444444444444,-0.6313199996948242
-7.222222222222222,-1.2605154514312744
-3.111111111111111,1.220406413078308
-3.555555555555556,-1.6285649538040161
-2.4444444444444446,-2.163182258605957
-1.1111111111111112,-2.5582261085510254
-7.555555555555555,-1.2001758813858032
10.11111111111111,-0.882197916507721
-1.4444444444444444,-1.98642098903656
-2.333333333333333,-2.004307270050049
-1.6666666666666667,-1.9932972192764282
8.88888888888889,-0.995252788066864
-3.888888888888889,-1.4600142240524292
-6.222222222222222,-2.7970871925354004
-11.88888888888889,-0.6814262866973877
-1.5555555555555556,-0.03496813774108887
7.111111111111111,0.73839271068573
4.666666666666667,-0.6270398497581482
2.4444444444444446,-1.808129906654358
1.5555555555555556,-0.8308939933776855
3.333333333333333,-2.4225242137908936
-10.11111111111111,-0.4672730565071106
-8.444444444444445,-1.3503117561340332
-2.555555555555556,1.2524654865264893
2.4444444444444446,-1.3441015481948853
2.888888888888889,-1.8353337049484253
-4.111111111111111,-1.6195034980773926
-10.444444444444445,-1.022619605064392
17.666666666666668,1.0982576608657837
27.77777777777778,2.2043039798736572
-1.7777777777777777,-1.8305152654647827
11.88888888888889,-1.9041322469711304
0.5555555555555556,-1.6731194257736206
6.444444444444445,2.7043466567993164
-4.0,-1.159350037574768
-7.444444444444445,-2.4970648288726807
-4.555555555555555,-1.1932837963104248
12.333333333333334,5.658806324005127
6.0,-0.9296344518661499
-2.0,-0.3000563085079193
1.6666666666666667,-1.887534260749817
17.333333333333332,-0.25422149896621704
10.11111111111111,-1.8300377130508423
-1.2222222222222223,-2.1879570484161377
5.666666666666667,1.5831571817398071
-3.0,-1.1481596231460571
-0.2222222222222222,0.9348614811897278
6.888888888888889,-1.313709020614624
1.4444444444444444,1.3528475761413574
-1.2222222222222223,-1.6229259967803955
-2.333333333333333,-1.726428747177124
-7.888888888888889,-1.394372582435608
20.22222222222222,-0.18976512551307678
-6.111111111111111,-1.8322618007659912
-12.444444444444445,-1.7729873657226562
-7.888888888888889,-1.4810830354690552
1.2222222222222223,-1.0422571897506714
-2.888888888888889,-1.2596336603164673
-17.333333333333332,-1.0650054216384888
0.0,3.061568260192871
5.222222222222222,-2.68076229095459
5.111111111111111,1.5337504148483276
-5.444444444444445,-2.175367593765259
10.22222222222222,-1.595679759979248
-1.6666666666666667,-1.3124136924743652
-4.444444444444445,-2.7796664237976074
18.11111111111111,5.852382659912109
-4.777777777777778,-0.996523380279541
5.333333333333333,-1.5289479494094849
-2.555555555555556,0.1369578242301941
5.888888888888889,3.9139325618743896
8.11111111111111,-1.479279637336731
-0.4444444444444444,-2.5347397327423096
-5.444444444444445,-1.6230138540267944
-0.6666666666666666,-2.6940689086914062
-5.444444444444445,-2.019169330596924
-17.0,-1.0832746028900146
-1.0,-0.6041387319564819
2.333333333333333,-0.9234445095062256
0.2222222222222222,-0.03623086214065552
-2.7777777777777777,-1.7374855279922485
-6.777777777777778,-0.2385210394859314
0.4444444444444444,-1.5359796285629272
0.6666666666666666,-0.7338789701461792
-0.7777777777777778,-1.4434808492660522
-7.555555555555555,-3.3879027366638184
-7.333333333333333,-1.7066885232925415
-12.77777777777778,-2.338118076324463
0.2222222222222222,-0.5218614339828491
9.77777777777778,-1.0804388523101807
-6.222222222222222,-1.8714039325714111
-4.888888888888889,-4.759174823760986
-10.11111111111111,0.5578122138977051
-8.777777777777779,-1.6857490539550781
-2.111111111111111,-2.8379549980163574
1.6666666666666667,-0.4603983163833618
-0.7777777777777778,-1.9954651594161987
-0.1111111111111111,-2.8467037677764893
-0.5555555555555556,-1.282368779182434
-6.666666666666667,-1.595679759979248
-9.88888888888889,-0.6984336376190186
-8.666666666666666,-1.834823727607727
0.6666666666666666,-1.3388478755950928
-0.7777777777777778,-0.4476871192455292
0.3333333333333333,3.3724756240844727
1.3333333333333333,-1.3617491722106934
-2.2222222222222223,-6.137215614318848
-6.444444444444445,-1.027990460395813
2.4444444444444446,-1.1015315055847168
-5.555555555555555,-1.9195348024368286
-8.444444444444445,-1.755204439163208
15.0,0.5814648866653442
2.2222222222222223,16.88007354736328
2.6666666666666665,-0.3411245346069336
-2.7777777777777777,-1.6180412769317627
-5.222222222222222,-1.4352108240127563
-8.555555555555555,2.2107725143432617
-3.0,-2.249250650405884
-1.6666666666666667,-1.4259649515151978
-1.0,-2.3234124183654785
-0.4444444444444444,-1.642320990562439
37.11111111111112,-1.9328755140304565
-4.444444444444445,-1.3374865055084229
0.5555555555555556,-1.95438551902771
-16.0,-4.324032306671143
-10.22222222222222,-4.9959397315979
-2.333333333333333,-2.3428969383239746
-4.333333333333333,0.10321545600891113
-1.8888888888888888,-1.7250887155532837
-4.777777777777778,-1.4250551462173462
-8.666666666666666,-1.2553972005844116
0.5555555555555556,-2.354412317276001
17.333333333333332,2.0147340297698975
1.5555555555555556,-2.316659688949585
-4.222222222222222,2.302292823791504
-6.111111111111111,-2.1500024795532227
6.222222222222222,-1.738110065460205
-1.3333333333333333,-1.8351584672927856
6.333333333333333,-1.4840155839920044
9.444444444444445,0.9713443517684937
-0.1111111111111111,-1.1379698514938354
-6.0,-1.58333420753479
-4.666666666666667,-4.33827018737793
-6.666666666666667,-0.7641056180000305
12.77777777777778,-1.5962495803833008
0.2222222222222222,-1.571376085281372
-14.555555555555555,-1.5258636474609375
-9.333333333333334,-4.172255516052246
2.6666666666666665,-2.8528151512145996
-1.3333333333333333,-1.9091781377792358
-12.555555555555555,1.6099227666854858
-8.777777777777779,0.2800564169883728
2.6666666666666665,-4.4816155433654785
-7.222222222222222,-9.029674530029297
2.6666666666666665,-3.24926495552063
-6.444444444444445,-1.329662799835205
-42.55555555555556,-2.0079128742218018
4.777777777777778,-1.8065885305404663
0.5555555555555556,-2.1017963886260986
-9.666666666666666,-1.627097249031067
9.77777777777778,12.519774436950684
9.444444444444445,-1.8653380870819092
-2.7777777777777777,-3.905947208404541
2.0,1.720969557762146
-2.111111111111111,-2.1357929706573486
-10.666666666666666,1.0356664657592773
-3.888888888888889,-1.9484151601791382
-0.6666666666666666,3.0530052185058594
-6.111111111111111,-1.8881253004074097
-2.555555555555556,-0.5587500929832458
-5.444444444444445,-1.784960389137268
-3.6666666666666665,-1.525769829750061
2.555555555555556,-2.0604007244110107
4.333333333333333,-1.572137475013733
-5.555555555555555,-1.3207350969314575
-0.6666666666666666,2.398219108581543
-1.6666666666666667,-0.5792190432548523
1.5555555555555556,-1.6601154804229736
-8.0,-1.3325257301330566
1.2222222222222223,-1.4689767360687256
12.333333333333334,4.691710948944092
0.4444444444444444,-1.758480191230774
0.2222222222222222,-1.343222975730896
0.4444444444444444,-1.4552481174468994
0.1111111111111111,-1.3670653104782104
0.3333333333333333,-1.440325379371643
1.2222222222222223,-1.5452011823654175
-1.4444444444444444,-1.4985682964324951
2.888888888888889,-1.2316782474517822
14.88888888888889,8.584403991699219
0.1111111111111111,1.3849034309387207
-4.888888888888889,-1.431990146636963
19.55555555555556,5.303349018096924
-3.7777777777777777,-2.216562271118164
-2.7777777777777777,-1.5644021034240723
-4.0,-1.9235801696777344
-4.111111111111111,-0.2679736316204071
-0.1111111111111111,-1.837804913520813
2.333333333333333,-1.6586272716522217
0.6666666666666666,2.3467676639556885
1.0,-2.33720326423645
-5.111111111111111,-2.0661609172821045
-1.2222222222222223,-1.480244517326355
-3.111111111111111,-2.130460739135742
-16.333333333333332,-1.5138994455337524
-7.555555555555555,-1.9988211393356323
-7.777777777777778,-1.4174708127975464
-1.5555555555555556,-2.5766804218292236
-7.333333333333333,-1.6395739316940308
1.1111111111111112,-1.7886337041854858
3.333333333333333,-1.565762996673584
-6.444444444444445,-1.7373040914535522
-6.0,-0.9785958528518677
-1.7777777777777777,-2.485809087753296
3.2222222222222223,-1.448473572731018
1.0,-1.566576600074768
-8.0,-2.6730730533599854
0.4444444444444444,-4.582603454589844
1.8888888888888888,-2.926754951477051
0.8888888888888888,-1.2203798294067383
-2.111111111111111,-4.677511692047119
21.55555555555556,2.363269567489624
4.444444444444445,-2.5644583702087402
1.2222222222222223,-0.2805183529853821
13.333333333333334,1.9417644739151
-17.22222222222222,-1.5717087984085083
13.11111111111111,9.0634183883667
3.555555555555556,-0.8888221979141235
-3.4444444444444446,-1.7058777809143066
11.22222222222222,-1.6426199674606323
-4.555555555555555,-3.204756021499634
1.4444444444444444,-1.4097329378128052
-5.0,-1.2072197198867798
15.22222222222222,4.660164833068848
4.444444444444445,-1.023358702659607
-7.666666666666667,-1.2334833145141602
-3.111111111111111,-2.7481353282928467
-6.666666666666667,-1.3191832304000854
0.4444444444444444,-1.990783452987671
-4.111111111111111,-1.6406491994857788
-2.2222222222222223,-2.1479599475860596
16.88888888888889,9.34935188293457
-4.0,-1.4738554954528809
-11.333333333333334,-1.6564081907272339
0.5555555555555556,-1.9674843549728394
8.777777777777779,7.98898458480835
1.0,-1.6116197109222412
-3.2222222222222223,-1.3374831676483154
0.0,-1.511905550956726
3.2222222222222223,-2.7184925079345703
1.2222222222222223,-1.4786485433578491
-4.111111111111111,-3.1848249435424805
-2.4444444444444446,-0.956001877784729
2.0,-5.084506988525391
-4.444444444444445,-5.535623073577881
-8.666666666666666,-2.0947742462158203
-1.7777777777777777,-1.6515470743179321
-4.333333333333333,-7.633954048156738
-5.333333333333333,-3.0118284225463867
2.0,-1.429235577583313
-0.2222222222222222,-0.6581882834434509
4.222222222222222,-1.9602665901184082
6.444444444444445,-1.9001667499542236
-15.88888888888889,0.8277628421783447
21.0,-2.0756938457489014
9.444444444444445,6.278646469116211
1.2222222222222223,-1.7304271459579468
-7.888888888888889,-1.931644082069397
-2.4444444444444446,-2.871171712875366
4.111111111111111,-0.9195366501808167
3.888888888888889,5.481614589691162
-4.111111111111111,-1.2820851802825928
-5.333333333333333,-1.7103475332260132
31.22222222222222,-1.9417989253997803
-4.888888888888889,-2.4484174251556396
-5.777777777777778,-1.7055354118347168
-1.8888888888888888,-1.2877482175827026
19.55555555555556,-1.4982285499572754
-2.0,-2.5441770553588867
3.111111111111111,-1.654165267944336
-1.1111111111111112,-0.01099848747253418
11.22222222222222,-2.137917995452881
3.555555555555556,-2.454197645187378
-0.8888888888888888,-2.218431234359741
24.88888888888889,-0.9150812029838562
-4.111111111111111,0.28540292382240295
13.88888888888889,16.127592086791992
-1.5555555555555556,-1.3595964908599854
-7.111111111111111,-0.93362957239151
-15.666666666666666,-4.233829975128174
-22.88888888888889,0.017404615879058838
9.666666666666666,-1.4948606491088867
2.2222222222222223,7.26541805267334
-3.4444444444444446,-1.5502837896347046
-6.555555555555555,-2.4971959590911865
-14.0,0.1950027346611023
2.2222222222222223,0.25877994298934937
1.2222222222222223,3.8969104290008545
-5.333333333333333,-0.9737592339515686
-6.333333333333333,-1.5664397478103638
-4.0,-1.495995283126831
-3.2222222222222223,-1.8394830226898193
-1.8888888888888888,-2.630014657974243
0.3333333333333333,-0.5733557939529419
7.777777777777778,0.7050809264183044
-1.0,-0.9038446545600891
-1.6666666666666667,-1.1290241479873657
-17.22222222222222,-1.9356895685195923
-2.333333333333333,-1.0054209232330322
11.666666666666666,-1.0907602310180664
-0.6666666666666666,-1.515791654586792
1.2222222222222223,-2.992979049682617
19.33333333333333,0.21982181072235107
-3.888888888888889,-1.3443273305892944
9.333333333333334,-2.644599437713623
-2.555555555555556,-1.8787591457366943
-7.555555555555555,-1.200275182723999
-0.1111111111111111,-1.5725321769714355
3.888888888888889,-1.4840662479400635
-7.888888888888889,-1.5682381391525269
-1.0,0.32985720038414
-1.2222222222222223,4.7244181632995605
-6.222222222222222,-0.8759554028511047
-1.3333333333333333,-2.723785877227783
-3.4444444444444446,-0.3921375274658203
0.7777777777777778,-0.2515644431114197
-6.333333333333333,-2.528350591659546
-8.666666666666666,-2.2815208435058594
-0.3333333333333333,-1.5757548809051514
1.1111111111111112,0.05050539970397949
3.7777777777777777,6.747982025146484
-4.888888888888889,5.69371223449707
7.666666666666667,-1.5321117639541626
7.333333333333333,-1.4738699197769165
10.11111111111111,-2.7992734909057617
-2.7777777777777777,-0.2129751741886139
-3.555555555555556,-1.166298270225525
-4.0,-0.40159714221954346
-5.333333333333333,2.2615315914154053
1.6666666666666667,-1.290263295173645
-2.555555555555556,-1.281779170036316
12.22222222222222,7.409001350402832
-2.888888888888889,-1.4348012208938599
-4.444444444444445,4.950531005859375
-3.6666666666666665,-1.6771254539489746
-0.7777777777777778,-1.3748140335083008
6.333333333333333,-1.3951349258422852
-9.555555555555555,-4.130265712738037
-6.111111111111111,-1.5462573766708374
0.8888888888888888,-1.562272548675537
4.222222222222222,-1.4470127820968628
-26.0,-1.0901988744735718
12.88888888888889,-1.3940454721450806
-4.444444444444445,-2.0883560180664062
-3.6666666666666665,0.6630025506019592
2.0,-1.5334736108779907
-8.11111111111111,-4.50145149230957
-0.2222222222222222,-0.762093722820282
4.888888888888889,-1.2055193185806274
-4.888888888888889,-0.6480691432952881
-3.555555555555556,-1.0524091720581055
6.888888888888889,1.1452516317367554
13.333333333333334,8.54286003112793
1.5555555555555556,-0.6964879631996155
-3.4444444444444446,-1.2358884811401367
0.1111111111111111,-0.44083982706069946
3.2222222222222223,-1.2619215250015259
-6.222222222222222,-1.5439306497573853
-7.0,-0.6390460133552551
4.333333333333333,-1.4642032384872437
0.7777777777777778,-0.7075743675231934
2.4444444444444446,-1.4268556833267212
-0.2222222222222222,-1.4646345376968384
7.333333333333333,-1.273930549621582
0.3333333333333333,0.14928793907165527
-2.6666666666666665,-5.910540580749512
0.2222222222222222,-3.747976064682007
-2.555555555555556,-1.5844500064849854
-2.2222222222222223,-0.8613842725753784
-1.2222222222222223,-1.0230454206466675
8.777777777777779,-0.9442342519760132
-1.3333333333333333,-3.1406750679016113
5.222222222222222,-2.2483391761779785
0.1111111111111111,-1.1268310546875
-3.333333333333333,-1.5595630407333374
2.6666666666666665,-1.15967857837677
-6.555555555555555,-3.4587295055389404
-17.88888888888889,-1.4304803609848022
5.555555555555555,-0.7612000107765198
6.333333333333333,1.4482766389846802
4.777777777777778,-1.2545783519744873
11.22222222222222,-0.5407667756080627
1.6666666666666667,-1.1188628673553467
-11.22222222222222,-1.3291857242584229
-4.555555555555555,-1.921982765197754
-4.222222222222222,0.3581061363220215
0.5555555555555556,-1.2066535949707031
-8.11111111111111,-1.3128933906555176
10.0,-0.719292163848877
3.888888888888889,-0.9111130833625793
-2.555555555555556,-2.331979751586914
-3.333333333333333,-3.4340882301330566
0.7777777777777778,-1.9496785402297974
-4.0,-3.305894136428833
-2.333333333333333,-1.834392786026001
1.8888888888888888,-1.3065168857574463
19.88888888888889,-4.598423480987549
-12.333333333333334,-12.864518165588379
-5.222222222222222,-0.09305280447006226
-7.777777777777778,-1.493482232093811
0.6666666666666666,-1.107102394104004
0.7777777777777778,1.1083029508590698
4.444444444444445,-1.3581578731536865
-5.111111111111111,-1.5854243040084839
-3.333333333333333,-1.445298194885254
-14.77777777777778,-3.3086111545562744
5.0,-2.3650732040405273
-2.0,-1.4632644653320312
-1.6666666666666667,-1.3419370651245117
-1.5555555555555556,-1.0247050523757935
-2.4444444444444446,-1.19829261302948
7.777777777777778,-1.004246711730957
1.2222222222222223,-1.1930060386657715
-9.11111111111111,-2.4984970092773438
-1.8888888888888888,-4.789438724517822
-5.555555555555555,-1.3212352991104126
1.3333333333333333,0.5428184866905212
-0.5555555555555556,-1.0622119903564453
-7.222222222222222,-3.7378289699554443
15.444444444444445,-0.46117687225341797
-13.22222222222222,-0.44170209765434265
-6.111111111111111,-1.9750715494155884
-0.7777777777777778,-1.2923797369003296
-13.0,-3.691361665725708
-7.111111111111111,-1.284027338027954
-5.777777777777778,0.03262108564376831
-2.111111111111111,-1.095603585243225
-5.444444444444445,-0.6459514498710632
-3.333333333333333,0.4853760004043579
0.0,-0.733386754989624
3.0,4.109512805938721
26.444444444444443,5.813161849975586
2.6666666666666665,1.7565982341766357
-6.555555555555555,4.109512805938721
-4.777777777777778,-1.3263952732086182
5.222222222222222,1.363686203956604
-16.666666666666668,-1.3599666357040405
5.888888888888889,-1.4392286539077759
-5.0,-1.1958962678909302
-4.555555555555555,-2.332331418991089
-4.555555555555555,-0.45511454343795776
2.2222222222222223,0.40485286712646484
1.5555555555555556,-1.2111079692840576
-0.8888888888888888,-0.16412030160427094
-8.444444444444445,1.1786776781082153
-2.7777777777777777,-3.1230015754699707
4.0,-0.7899404764175415
-0.1111111111111111,-1.1785675287246704
7.555555555555555,-0.3910154700279236
-2.333333333333333,-1.2525726556777954
-4.333333333333333,-1.4765700101852417
0.3333333333333333,-0.6731590032577515
-3.0,-0.7145325541496277
3.333333333333333,-1.3183543682098389
-4.555555555555555,-0.148057222366333
1.3333333333333333,-2.3703532218933105
1.6666666666666667,-1.6538587808609009
-4.555555555555555,-1.6169838905334473
15.22222222222222,-0.886731743812561
-3.7777777777777777,-0.5784284472465515
-0.3333333333333333,-2.1976253986358643
-2.111111111111111,-0.765892744064331
-1.7777777777777777,-1.4929513931274414
-0.7777777777777778,-1.2882769107818604
-4.888888888888889,-0.20573784410953522
-3.111111111111111,-0.9334157705307007
-1.4444444444444444,-3.1202070713043213
-5.777777777777778,-1.1644879579544067
16.88888888888889,3.0962140560150146
0.1111111111111111,-0.5132856965065002
-4.888888888888889,0.7151837348937988
3.4444444444444446,-1.5659397840499878
-2.555555555555556,-1.409142255783081
0.0,-1.1984241008758545
0.8888888888888888,-1.1309592723846436
-20.0,-0.44999831914901733
3.333333333333333,-1.3059197664260864
-2.4444444444444446,-1.061638593673706
-8.777777777777779,-1.174652099609375
-6.666666666666667,-0.9829210638999939
-2.888888888888889,-9.911286354064941
-5.444444444444445,-4.401505470275879
-8.555555555555555,4.157331466674805
-0.4444444444444444,-0.14765465259552002
-2.111111111111111,-1.1093968152999878
3.4444444444444446,-0.1409146785736084
-7.333333333333333,-1.4668340682983398
-1.4444444444444444,-1.1356464624404907
-11.88888888888889,-1.457911729812622
-5.555555555555555,-0.3448382318019867
-6.333333333333333,-1.6155595779418945
-1.0,-4.139672756195068
0.4444444444444444,-1.1346335411071777
-11.444444444444445,-1.703429937362671
7.222222222222222,-0.47284701466560364
-2.333333333333333,-1.6570321321487427
-8.222222222222221,-1.385882019996643
1.7777777777777777,-1.117377758026123
-11.333333333333334,-1.4678244590759277
-4.333333333333333,-1.137850284576416
-9.555555555555555,-0.6080241203308105
0.4444444444444444,6.306044578552246
-8.777777777777779,-1.374290108680725
-8.333333333333334,-2.3125712871551514
-2.333333333333333,-0.6470000147819519
19.55555555555556,-2.180083990097046
-7.222222222222222,-1.3684672117233276
-2.888888888888889,-2.445971965789795
-19.77777777777778,-1.7688478231430054
7.111111111111111,-1.0436522960662842
-4.0,-1.274904489517212
-8.444444444444445,-2.124722957611084
6.444444444444445,0.3662324547767639
13.11111111111111,-1.2780025005340576
-1.6666666666666667,-1.4647058248519897
1.7777777777777777,0.3233306407928467
-3.6666666666666665,-1.4855388402938843
15.444444444444445,8.169960021972656
-0.3333333333333333,4.923860549926758
37.0,-1.2195461988449097
-4.666666666666667,-1.6527156829833984
-6.0,-1.7995175123214722
34.55555555555556,16.299448013305664
-1.7777777777777777,-0.9805876612663269
-3.888888888888889,-0.8999546766281128
20.77777777777778,9.07550048828125
-4.777777777777778,-4.504234790802002
-4.555555555555555,-1.2048442363739014
-10.88888888888889,-1.8992061614990234
-19.88888888888889,-21.72144889831543
0.3333333333333333,-2.5824949741363525
-0.6666666666666666,-1.5670419931411743
-11.444444444444445,6.600129127502441
-6.666666666666667,-1.5802772045135498
23.666666666666668,-1.6891428232192993
2.0,-1.7145299911499023
-4.222222222222222,-0.8322720527648926
-3.2222222222222223,-1.2205160856246948
-2.555555555555556,-1.6262340545654297
-0.6666666666666666,-1.1657850742340088
-6.222222222222222,8.056597709655762
2.888888888888889,-0.4759458005428314
-0.8888888888888888,-1.4046810865402222
0.1111111111111111,-1.662083625793457
0.6666666666666666,-2.2107136249542236
-23.88888888888889,-2.0834431648254395
-2.555555555555556,-4.8660383224487305
0.5555555555555556,27.19334602355957
-3.0,-1.4608429670333862
-10.555555555555555,-1.5854836702346802
3.333333333333333,-1.2507104873657227
3.111111111111111,1.4639458656311035
0.2222222222222222,-1.6115026473999023
-2.7777777777777777,-0.32103797793388367
-1.3333333333333333,-1.2953654527664185
-2.6666666666666665,-1.4772827625274658
-10.555555555555555,-1.4894016981124878
-2.0,0.30285584926605225
-1.7777777777777777,-1.5031352043151855
-1.4444444444444444,-1.231384038925171
-12.88888888888889,-1.3236465454101562
-5.666666666666667,0.20291632413864136
23.0,0.7491130828857422
0.2222222222222222,-1.2796764373779297
14.666666666666666,-1.4172520637512207
5.0,-0.4688565731048584
-4.222222222222222,-0.2714289426803589
-8.0,-1.7424505949020386
1.5555555555555556,-1.432218074798584
0.1111111111111111,-1.1127986907958984
2.333333333333333,-1.7411359548568726
-3.7777777777777777,-1.3534795045852661
-0.2222222222222222,-1.3611464500427246
2.555555555555556,1.2426915168762207
-10.333333333333334,-1.715552568435669
0.3333333333333333,1.2097172737121582
-7.0,-3.0561022758483887
-9.88888888888889,-1.393842339515686
4.666666666666667,-1.333418846130371
-1.8888888888888888,-1.5330231189727783
-3.888888888888889,-1.6044951677322388
-13.0,-1.1811851263046265
4.333333333333333,-1.4936786890029907
-2.7777777777777777,-0.4444582462310791
-2.4444444444444446,-1.6088213920593262
9.444444444444445,0.4254688620567322
14.666666666666666,-0.34309065341949463
-5.555555555555555,-5.118343353271484
-3.4444444444444446,-2.2499260902404785
-9.333333333333334,-1.5130798816680908
-1.8888888888888888,-0.8888837695121765
-2.333333333333333,-2.1930317878723145
5.555555555555555,5.489773273468018
-3.111111111111111,-1.383359670639038
11.88888888888889,6.727633476257324
-10.22222222222222,-1.8684879541397095
2.888888888888889,-1.226657509803772
9.555555555555555,-1.503570795059204
-0.4444444444444444,-1.04587984085083
-7.333333333333333,-0.77366042137146
-8.666666666666666,-3.9748635292053223
-5.777777777777778,-4.6276469230651855
6.777777777777778,-2.2243432998657227
-7.444444444444445,-5.318323612213135
-0.5555555555555556,-1.3244481086730957
-2.7777777777777777,-0.7584706544876099
-4.222222222222222,0.0422634482383728
-3.555555555555556,6.910624027252197
0.4444444444444444,1.702072024345398
2.6666666666666665,2.8308157920837402
15.444444444444445,7.571699619293213
0.8888888888888888,-0.008644461631774902
-3.0,-2.5126242637634277
-3.888888888888889,-1.6346696615219116
-2.888888888888889,-2.004101276397705
-8.333333333333334,-1.327986240386963
-5.333333333333333,-1.8806111812591553
-2.0,-1.9715595245361328
-5.111111111111111,-0.7307295203208923
-1.6666666666666667,-1.703506350517273
1.8888888888888888,-1.6100066900253296
-6.0,-1.326141119003296
3.6666666666666665,-1.0100939273834229
4.444444444444445,-1.7452198266983032
-6.333333333333333,-2.596261739730835
-5.0,-0.9570000171661377
-4.222222222222222,-1.7732077836990356
-4.111111111111111,-1.915420413017273
-0.7777777777777778,0.6695092916488647
0.3333333333333333,-1.6753191947937012
-2.888888888888889,-1.5187780857086182
-2.7777777777777777,-1.1786216497421265
5.666666666666667,-1.4756838083267212
-2.7777777777777777,0.764012336730957
0.3333333333333333,-1.0796505212783813
0.6666666666666666,-1.7714200019836426
-10.666666666666666,-1.0577956438064575
-8.88888888888889,-0.6338045001029968
2.4444444444444446,-2.382164478302002
-13.555555555555555,-1.181477427482605
2.4444444444444446,0.6509190797805786
-1.6666666666666667,-1.4506815671920776
18.444444444444443,-1.0701755285263062
-3.333333333333333,-1.0849870443344116
-2.888888888888889,-1.7373532056808472
-4.222222222222222,-4.616642475128174
-1.1111111111111112,-1.4221723079681396
-3.7777777777777777,-2.452227830886841
31.11111111111111,-1.633505940437317
-2.2222222222222223,-2.060755491256714
-3.555555555555556,-2.7447917461395264
-3.888888888888889,4.551162242889404
-6.666666666666667,-2.9555306434631348
-1.5555555555555556,-1.8629103899002075
0.5555555555555556,2.1624770164489746
-4.222222222222222,-2.307492733001709
-18.22222222222222,-1.6429715156555176
-2.333333333333333,-1.5758763551712036
0.2222222222222222,-1.8374637365341187
3.2222222222222223,-1.2534711360931396
3.4444444444444446,-1.2688078880310059
-2.333333333333333,-1.0721150636672974
2.7777777777777777,-1.1346328258514404
1.3333333333333333,-1.835823893547058
-4.777777777777778,-1.8305355310440063
-8.11111111111111,-1.5180506706237793
-0.7777777777777778,-1.9042819738388062
-7.444444444444445,-1.3565670251846313
1.3333333333333333,-1.5221351385116577
-3.111111111111111,-3.2291178703308105
13.444444444444445,-1.4021586179733276
13.77777777777778,2.9273171424865723
-2.888888888888889,-1.5671182870864868
-3.111111111111111,-1.7207610607147217
-4.333333333333333,-1.997584581375122
3.2222222222222223,8.594101905822754
-0.1111111111111111,-1.2917571067810059
0.3333333333333333,-2.6215600967407227
0.0,-0.9367507696151733
7.111111111111111,-2.1702489852905273
24.22222222222222,-0.8716175556182861
-6.0,-2.688868999481201
-11.0,-5.693356990814209
-2.111111111111111,-1.474721074104309
-2.4444444444444446,-1.1207891702651978
-2.2222222222222223,-2.412435293197632
4.222222222222222,-1.4707657098770142
-9.22222222222222,-0.3281519412994385
10.333333333333334,-1.4251917600631714
-3.555555555555556,-2.362781047821045
17.555555555555557,4.893276214599609
1.8888888888888888,-0.7586914896965027
1.8888888888888888,-0.8837677240371704
-5.666666666666667,-3.382969856262207
14.88888888888889,9.620606422424316
0.6666666666666666,-0.09150314331054688
1.1111111111111112,-1.0654295682907104
-3.333333333333333,-1.694998025894165
3.4444444444444446,-1.523107886314392
-6.555555555555555,-1.771008849143982
-6.888888888888889,-1.4810212850570679
-2.888888888888889,-0.4636114239692688
-2.2222222222222223,-2.8705334663391113
2.333333333333333,-1.2032654285430908
-4.666666666666667,-1.3389755487442017
-2.888888888888889,-1.580657958984375
-0.7777777777777778,-2.571568012237549
-9.77777777777778,-2.3630006313323975
-4.111111111111111,-1.5815476179122925
-7.777777777777778,-1.7561777830123901
-4.111111111111111,-0.5573679804801941
0.8888888888888888,-1.4673174619674683
-7.666666666666667,-5.506590366363525
-4.333333333333333,-2.659578561782837
-11.666666666666666,-1.2371495962142944
0.2222222222222222,-0.34685197472572327
-3.0,-5.162036418914795
-3.0,-2.2153589725494385
8.444444444444445,1.806131362915039
-6.333333333333333,-1.2234408855438232
-8.333333333333334,-1.6892927885055542
-0.3333333333333333,-3.3453152179718018
-7.222222222222222,-1.5276174545288086
-0.3333333333333333,-0.43051451444625854
4.222222222222222,-1.4055681228637695
-2.555555555555556,0.6521902084350586
-8.444444444444445,-1.4201338291168213
-4.111111111111111,-1.1438597440719604
-0.1111111111111111,-3.1653857231140137
-2.555555555555556,-1.298701286315918
-2.4444444444444446,-0.46335309743881226
-2.888888888888889,-1.470569372177124
10.11111111111111,-1.3300986289978027
-2.4444444444444446,-1.5489020347595215
7.0,-1.5043957233428955
-4.222222222222222,-1.4456382989883423
-2.4444444444444446,-1.5720294713974
-12.11111111111111,-1.5904817581176758
0.3333333333333333,1.7336117029190063
6.111111111111111,-1.3449349403381348
-16.666666666666668,-1.8234176635742188
1.8888888888888888,4.420815467834473
3.6666666666666665,7.769895076751709
0.8888888888888888,-2.7936084270477295
-6.777777777777778,7.287630081176758
-9.333333333333334,-1.454149603843689
-13.0,-1.6531598567962646
1.3333333333333333,-1.6981868743896484
2.333333333333333,-0.82315993309021
-2.888888888888889,-1.5976544618606567
-8.0,-0.019492536783218384
1.3333333333333333,-2.7879106998443604
-1.0,-1.3174076080322266
1.6666666666666667,-2.545412540435791
8.333333333333334,1.7485430240631104
3.6666666666666665,11.93335247039795
-3.111111111111111,-2.428276777267456
-7.444444444444445,-2.5720019340515137
2.6666666666666665,0.7125101089477539
11.22222222222222,11.983171463012695
-2.0,-1.6418678760528564
-2.555555555555556,-3.919072389602661
-6.111111111111111,-1.8367400169372559
-5.111111111111111,-1.0593825578689575
-8.777777777777779,-0.864119291305542
-10.11111111111111,-1.6425446271896362
-0.5555555555555556,-1.5311448574066162
1.8888888888888888,-2.954299211502075
-0.2222222222222222,-1.3822660446166992
-13.666666666666666,-1.5996694564819336
1.6666666666666667,0.5404722094535828
6.444444444444445,-1.9664931297302246
-5.111111111111111,-1.4576207399368286
-1.0,2.3559513092041016
2.6666666666666665,-1.910105586051941
-4.111111111111111,2.013275623321533
-2.2222222222222223,-1.0612831115722656
-0.3333333333333333,-2.3773372173309326
-4.888888888888889,-1.5148372650146484
25.11111111111111,10.50769329071045
-10.88888888888889,-1.3204578161239624
2.555555555555556,0.40509742498397827
-0.4444444444444444,-2.797177791595459
-19.55555555555556,-1.1427147388458252
-0.8888888888888888,-1.587526798248291
-6.555555555555555,-2.053992509841919
-4.222222222222222,-0.24351142346858978
-5.0,-0.9500115513801575
-4.444444444444445,-1.8805702924728394
-2.333333333333333,-1.5334258079528809
-3.888888888888889,-1.8304163217544556
-2.111111111111111,-1.5851860046386719
-6.111111111111111,-1.8467824459075928
2.2222222222222223,-1.397369384765625
-8.88888888888889,-2.177841901779175
1.8888888888888888,-1.475022315979004
24.77777777777778,15.224455833435059
0.3333333333333333,-1.4548715353012085
-2.2222222222222223,0.4434332251548767
8.555555555555555,-2.0847926139831543
-2.7777777777777777,-1.661605715751648
3.4444444444444446,0.7341918349266052
-2.555555555555556,-2.596250057220459
2.555555555555556,-1.5808120965957642
28.88888888888889,9.232139587402344
-18.11111111111111,-4.0618896484375
-5.666666666666667,7.78218936920166
-1.0,-2.2410454750061035
0.3333333333333333,-1.0818731784820557
0.3333333333333333,-3.691538095474243
-1.3333333333333333,-1.546759009361267
-4.888888888888889,-4.733967304229736
-7.555555555555555,-2.777867078781128
-6.888888888888889,-2.5462963581085205
-4.0,-2.6490330696105957
1.6666666666666667,-1.6611956357955933
8.666666666666666,1.3196743726730347
1.7777777777777777,3.2119009494781494
0.1111111111111111,-1.4162144660949707
13.88888888888889,-1.7569047212600708
-0.3333333333333333,-1.5425969362258911
8.444444444444445,-2.2007272243499756
-0.2222222222222222,-2.7685205936431885
-6.555555555555555,-3.1841161251068115
2.6666666666666665,13.162249565124512
-4.555555555555555,-1.7311294078826904
-0.5555555555555556,5.804895401000977
-1.0,-0.6577261686325073
14.666666666666666,-1.190352201461792
-2.4444444444444446,-2.2451534271240234
-1.0,-1.048581838607788
-12.0,-0.9958401918411255
-0.5555555555555556,-1.7520796060562134
-0.8888888888888888,-0.0650157779455185
-6.888888888888889,-2.1241631507873535
-4.555555555555555,-2.459174394607544
0.1111111111111111,-1.4320040941238403
-5.333333333333333,-1.4489561319351196
-6.777777777777778,-1.4385013580322266
27.88888888888889,18.396944046020508
-7.888888888888889,-2.1491682529449463
-0.2222222222222222,-3.1876726150512695
6.222222222222222,8.180133819580078
-14.444444444444445,0.5108003616333008
-5.555555555555555,-1.8464326858520508
-13.555555555555555,-7.220189094543457
-9.88888888888889,-3.717768430709839
-7.333333333333333,-1.8070694208145142
0.0,-4.4655070304870605
0.1111111111111111,-0.6465203166007996
-5.555555555555555,3.387012004852295
-8.666666666666666,-1.9095218181610107
-4.666666666666667,-3.423213005065918
0.4444444444444444,-0.8010530471801758
0.0,-1.6147390604019165
-5.444444444444445,0.8733997344970703
0.2222222222222222,-1.6758893728256226
-16.555555555555557,-0.8604226112365723
5.222222222222222,-1.651634693145752
-4.333333333333333,-1.7687275409698486
-2.555555555555556,-1.3992822170257568
15.11111111111111,-1.7162485122680664
-0.6666666666666666,-2.011909008026123
-0.4444444444444444,-1.4765605926513672
-4.333333333333333,-1.2927285432815552
-3.7777777777777777,-2.890322685241699
-2.333333333333333,-1.3154234886169434
2.555555555555556,-1.8699432611465454
15.88888888888889,-1.9791724681854248
-21.88888888888889,-2.3036696910858154
21.444444444444443,-1.4062892198562622
4.333333333333333,-2.1668217182159424
-1.2222222222222223,-5.567371368408203
1.2222222222222223,-1.8138753175735474
-3.6666666666666665,-1.0173230171203613
3.0,-2.3151180744171143
-2.333333333333333,-2.0837345123291016
-3.888888888888889,-1.7893515825271606
14.444444444444445,-2.471914052963257
-4.666666666666667,-2.0631823539733887
-4.0,-1.4074465036392212
3.0,-1.755690336227417
-6.555555555555555,-1.9149311780929565
-4.333333333333333,-1.7470917701721191
6.888888888888889,0.6913111209869385
0.4444444444444444,-1.9835071563720703
-3.6666666666666665,-1.720668911933899
28.444444444444443,-1.8883436918258667
3.0,-3.5201256275177
-24.11111111111111,-4.284953594207764
14.22222222222222,-0.44888707995414734
10.666666666666666,-2.9957566261291504
3.4444444444444446,-0.7224880456924438
-6.888888888888889,-1.9443297386169434
0.0,-3.1019084453582764
9.11111111111111,30.569917678833008
-2.888888888888889,-1.601745367050171
-11.0,-3.3170385360717773
-4.111111111111111,-1.968549370765686
-4.777777777777778,-1.6684916019439697
22.11111111111111,-1.0452189445495605
8.222222222222221,-1.9276926517486572
-4.777777777777778,-2.0938308238983154
-5.444444444444445,-3.4818077087402344
1.5555555555555556,0.2385040521621704
-3.4444444444444446,-2.435999870300293
-2.555555555555556,-1.6540215015411377
-5.111111111111111,-1.9854447841644287
-11.333333333333334,-1.8710074424743652
-5.777777777777778,-1.553372859954834
-10.555555555555555,-3.2364299297332764
-13.666666666666666,-1.7642109394073486
-4.888888888888889,-1.6164950132369995
1.2222222222222223,-0.9731932878494263
-5.888888888888889,-2.10292911529541
-2.555555555555556,-2.037496328353882
-9.333333333333334,-1.7423373460769653
-9.22222222222222,-1.6845614910125732
-8.333333333333334,-2.126344680786133
-2.0,-1.9604731798171997
-5.333333333333333,-2.0627074241638184
-0.2222222222222222,-2.611178159713745
0.4444444444444444,-0.9633945822715759
-3.333333333333333,-4.78287410736084
1.5555555555555556,-1.0137951374053955
-2.2222222222222223,-1.4890570640563965
-3.888888888888889,-1.9638378620147705
11.444444444444445,48.78444290161133
12.666666666666666,-1.8239752054214478
1.3333333333333333,-2.4729762077331543
-5.555555555555555,2.2846028804779053
-2.0,-1.868441104888916
-2.0,-2.081573486328125
-5.222222222222222,-1.5691725015640259
-0.5555555555555556,-1.3653857707977295
9.333333333333334,-1.1539387702941895
5.333333333333333,-1.2025480270385742
-6.0,-3.749209403991699
-4.777777777777778,-2.9769070148468018
-5.555555555555555,-0.6091262102127075
-7.333333333333333,-1.7009031772613525
9.444444444444445,-3.697852611541748
2.555555555555556,-2.2936923503875732
-1.2222222222222223,-0.33343997597694397
-1.1111111111111112,-1.5557260513305664
-10.0,-0.9402173757553101
0.4444444444444444,-1.5943528413772583
-4.444444444444445,-1.8331577777862549
-9.666666666666666,-2.041562795639038
1.3333333333333333,0.028953135013580322
-0.8888888888888888,-1.7076319456100464
-1.7777777777777777,-1.2967885732650757
2.2222222222222223,-0.16565972566604614
-2.2222222222222223,-1.5102038383483887
0.5555555555555556,-1.4588994979858398
-9.88888888888889,-2.19577693939209
4.444444444444445,-0.41703394055366516
-1.0,-1.6802399158477783
-2.888888888888889,-1.6221765279769897
-6.0,-1.6781933307647705
-0.2222222222222222,-4.115981101989746
-5.222222222222222,-1.4995454549789429
-3.0,-3.3843460083007812
0.5555555555555556,-4.035707950592041
-5.0,-2.16545033454895
-2.6666666666666665,-3.058814764022827
-10.444444444444445,-5.2762298583984375
-0.7777777777777778,-1.2878934144973755
7.111111111111111,-2.9819414615631104
-4.222222222222222,-0.2850116789340973
2.111111111111111,2.1873230934143066
-0.1111111111111111,1.7856769561767578
42.55555555555556,-2.0066349506378174
-8.11111111111111,-1.7721128463745117
-3.6666666666666665,-1.874984622001648
-4.777777777777778,-2.2795658111572266
1.7777777777777777,-2.164552688598633
7.222222222222222,-1.5386631488800049
-2.111111111111111,-1.978513479232788
-9.0,-0.736366331577301
1.3333333333333333,1.3245172500610352
-1.4444444444444444,-1.0737518072128296
32.44444444444444,9.174701690673828
10.0,3.1361918449401855
-5.666666666666667,-1.3712438344955444
4.111111111111111,-1.228122591972351
-9.0,-1.6347531080245972
21.22222222222222,-1.1323672533035278
-6.666666666666667,-1.3245879411697388
3.0,-0.830263078212738
-1.4444444444444444,-0.6992402672767639
-0.2222222222222222,-1.5140061378479004
-1.1111111111111112,-3.7563610076904297
-8.555555555555555,-1.705594539642334
0.7777777777777778,-2.656906843185425
4.555555555555555,-1.778192162513733
4.222222222222222,-1.7880213260650635
-41.333333333333336,-1.6873375177383423
-4.888888888888889,-3.198723793029785
4.555555555555555,-1.5853463411331177
2.2222222222222223,-1.6724674701690674
-1.5555555555555556,-0.575343132019043
-0.4444444444444444,-1.1626324653625488
-0.8888888888888888,-1.3911443948745728
10.0,-1.5525541305541992
-8.222222222222221,-0.9255234003067017
18.444444444444443,-1.8640270233154297
-4.888888888888889,-2.2614383697509766
0.1111111111111111,-0.7767894864082336
-5.555555555555555,-0.6954012513160706
-2.4444444444444446,0.5035312175750732
-5.222222222222222,-1.8114606142044067
29.666666666666668,6.940420627593994
0.0,-1.5255976915359497
2.2222222222222223,-0.8478140234947205
20.88888888888889,-1.425909399986267
-2.333333333333333,-0.5499581694602966
-4.111111111111111,-0.25323033332824707
-10.444444444444445,-3.22003173828125
-10.77777777777778,0.6383066773414612
-4.666666666666667,-0.9186840653419495
8.777777777777779,-1.9152098894119263
-3.2222222222222223,-0.6170424818992615
-1.4444444444444444,-0.23348945379257202
-1.1111111111111112,-0.3558219373226166
6.888888888888889,-1.2075811624526978
-5.444444444444445,-0.8656417727470398
2.4444444444444446,-1.596172571182251
-12.555555555555555,-3.995032787322998
17.444444444444443,12.299612045288086
0.1111111111111111,-0.33138522505760193
9.666666666666666,-1.5709809064865112
-3.0,-1.5865509510040283
3.0,-1.4299650192260742
-0.1111111111111111,-1.5400434732437134
-10.333333333333334,-0.634696364402771
1.3333333333333333,-0.3909871578216553
-10.77777777777778,-2.2113397121429443
0.3333333333333333,-0.2325979471206665
2.2222222222222223,-1.244450330734253
-4.777777777777778,-1.6722468137741089
-2.4444444444444446,-1.5364595651626587
1.6666666666666667,6.603664875030518
-2.7777777777777777,-1.3711665868759155
0.2222222222222222,-1.8178595304489136
-2.555555555555556,-0.9347541332244873
2.333333333333333,-2.336613178253174
1.6666666666666667,-1.2371463775634766
-1.6666666666666667,-1.7410659790039062
-1.8888888888888888,-0.2519076466560364
-5.888888888888889,0.6254671812057495
-0.6666666666666666,-3.329313278198242
-0.8888888888888888,-0.28004053235054016
1.5555555555555556,25.279294967651367
-4.222222222222222,-1.6691926717758179
1.7777777777777777,-1.5820902585983276
-6.111111111111111,-2.049798011779785
-2.4444444444444446,-1.1627570390701294
-0.7777777777777778,-1.311466097831726
8.0,1.2594623565673828
1.3333333333333333,-1.8333743810653687
20.33333333333333,1.0880259275436401
1.3333333333333333,-1.5709915161132812
-4.222222222222222,-2.9196975231170654
-8.777777777777779,-2.8152272701263428
-4.333333333333333,-1.137490153312683
-2.7777777777777777,0.9696159958839417
6.0,-0.30887818336486816
0.1111111111111111,-2.1495485305786133
-2.888888888888889,-1.3360930681228638
-0.1111111111111111,-2.9441466331481934
-2.7777777777777777,7.594318866729736
-10.11111111111111,-1.6585067510604858
-10.0,-1.6866252422332764
-2.555555555555556,-1.3424439430236816
3.4444444444444446,-1.6848076581954956
3.4444444444444446,5.086913108825684
-1.6666666666666667,-3.239877700805664
-1.6666666666666667,-1.126812219619751
1.5555555555555556,-1.5151821374893188
5.666666666666667,-1.670810341835022
5.777777777777778,-0.054635241627693176
6.666666666666667,-1.2234336137771606
5.333333333333333,-1.6608880758285522
7.222222222222222,-0.42988795042037964
-10.333333333333334,0.7216001749038696
0.4444444444444444,-0.9556794762611389
8.666666666666666,-0.709326982498169
-6.555555555555555,-3.454211473464966
1.7777777777777777,-0.9367506504058838
-6.777777777777778,-1.6442993879318237
7.111111111111111,0.5052197575569153
-1.6666666666666667,-0.8782038688659668
-0.6666666666666666,-0.22773411870002747
8.777777777777779,-2.730842113494873
-0.6666666666666666,-1.1735458374023438
-7.777777777777778,-0.972506582736969
5.888888888888889,-2.857844114303589
-4.111111111111111,-0.5540204644203186
-4.111111111111111,-1.7032831907272339
0.6666666666666666,-2.728532314300537
-7.0,-1.6407606601715088
-1.0,1.7179505825042725
-0.6666666666666666,0.0001500844955444336
6.777777777777778,-0.011393815279006958
0.5555555555555556,-2.7585506439208984
-1.3333333333333333,0.1302623748779297
-2.111111111111111,-0.11433660984039307
-8.11111111111111,-1.588356375694275
3.4444444444444446,-1.1768437623977661
-5.444444444444445,-1.6296380758285522
-1.5555555555555556,-2.1848952770233154
-3.2222222222222223,-6.021339416503906
4.444444444444445,0.4015355706214905
-1.3333333333333333,-2.5752551555633545
-8.333333333333334,-3.156691074371338
-5.0,-0.9707480072975159
1.0,13.131762504577637
0.8888888888888888,-4.598853588104248
-8.444444444444445,-0.6730917692184448
-5.222222222222222,0.22335390746593475
-4.888888888888889,1.323037028312683
8.333333333333334,-0.4093834161758423
7.333333333333333,-1.7723268270492554
1.2222222222222223,-1.9910519123077393
-8.88888888888889,-1.4970791339874268
4.333333333333333,-2.938213586807251
-0.6666666666666666,-2.8525118827819824
3.111111111111111,-1.4855049848556519
3.555555555555556,9.11938190460205
-3.111111111111111,-1.4846271276474
-1.8888888888888888,-1.499175786972046
1.6666666666666667,-1.9911909103393555
-7.666666666666667,-1.446772575378418
-4.111111111111111,-1.5505467653274536
3.4444444444444446,-2.1862502098083496
-9.333333333333334,-0.3252722918987274
1.5555555555555556,-1.983720302581787
7.333333333333333,-1.1669341325759888
-7.111111111111111,-0.508142352104187
-0.2222222222222222,-0.7521312832832336
7.333333333333333,-3.4935784339904785
0.6666666666666666,-3.1817374229431152
-2.0,-1.6110490560531616
-5.888888888888889,-1.079679012298584
-5.666666666666667,-0.8766558170318604
1.7777777777777777,-0.6253384947776794
-14.666666666666666,-1.4312403202056885
-15.333333333333334,-2.9826161861419678
-7.777777777777778,-2.2598400115966797
3.6666666666666665,-1.125260591506958
-6.444444444444445,-1.0345065593719482
-1.3333333333333333,2.2445759773254395
-11.333333333333334,-6.593934059143066
-15.88888888888889,-1.9319148063659668
0.3333333333333333,-1.039288878440857
5.888888888888889,-2.890254020690918
-5.555555555555555,-1.405819296836853
-4.222222222222222,-1.2438541650772095
-1.3333333333333333,-2.1004648208618164
-3.2222222222222223,-0.7296120524406433
-0.1111111111111111,-0.7833622694015503
-6.666666666666667,-1.4416190385818481
-7.333333333333333,-1.3114886283874512
-5.111111111111111,-3.1116039752960205
5.222222222222222,4.449855327606201
-7.444444444444445,0.8970065116882324
17.444444444444443,1.7761470079421997
-3.4444444444444446,-1.7869418859481812
-5.333333333333333,-1.2945421934127808
3.6666666666666665,-0.8757532238960266
-2.4444444444444446,-0.8179376721382141
-21.0,-1.7620114088058472
-8.333333333333334,-0.8577142357826233
-3.333333333333333,-0.04250304400920868
1.5555555555555556,-0.8809782266616821
-3.0,-0.5547958612442017
-14.333333333333334,-3.0989930629730225
-2.2222222222222223,-1.359186053276062
5.0,0.24407127499580383
0.4444444444444444,-2.8515703678131104
-8.222222222222221,-1.455883264541626
2.7777777777777777,-1.5068142414093018
-12.444444444444445,-2.048891544342041
5.555555555555555,-3.2006587982177734
-2.111111111111111,-1.306990385055542
-1.6666666666666667,-1.1170244216918945
-9.88888888888889,-2.0043842792510986
-7.333333333333333,-2.566758871078491
-10.88888888888889,-0.21691259741783142
-4.777777777777778,-4.8816399574279785
-5.111111111111111,-1.4230955839157104
0.8888888888888888,4.402492523193359
2.333333333333333,-1.6229723691940308
1.3333333333333333,2.6615896224975586
-3.333333333333333,-2.6220033168792725
5.555555555555555,-3.01605224609375
-2.6666666666666665,-1.5513708591461182
-4.555555555555555,-1.593616247177124
4.0,-0.9823256134986877
-1.0,-1.5154078006744385
1.3333333333333333,7.185584545135498
-21.0,-1.634960651397705
-1.6666666666666667,-2.0255651473999023
2.111111111111111,-0.03201174736022949
-7.888888888888889,-0.9644282460212708
-0.3333333333333333,-3.519558906555176
2.0,-1.5859789848327637
26.11111111111111,3.2267541885375977
-0.1111111111111111,-1.5662339925765991
-0.7777777777777778,0.4706652760505676
-11.0,-2.4018030166625977
4.222222222222222,-1.2098726034164429
-1.7777777777777777,-1.6963324546813965
-9.0,-3.5529744625091553
-4.555555555555555,-1.9925676584243774
-5.0,-1.5063832998275757
0.7777777777777778,-0.783318817615509
-3.333333333333333,-2.9549810886383057
-3.111111111111111,-0.505232572555542
5.0,-1.6585216522216797
-1.2222222222222223,-1.6670957803726196
-7.555555555555555,-1.5568263530731201
-3.4444444444444446,-3.325029134750366
-7.555555555555555,-1.6459944248199463
-8.444444444444445,-2.6547224521636963
-2.555555555555556,-1.5508229732513428
-2.2222222222222223,-1.4630330801010132
-3.4444444444444446,-0.8962541818618774
4.888888888888889,-0.10425761342048645
4.111111111111111,-1.7391494512557983
-11.22222222222222,-6.140117645263672
-5.0,-1.7863315343856812
0.8888888888888888,-1.5684163570404053
-0.7777777777777778,-3.060274600982666
-5.444444444444445,-1.1024701595306396
-9.11111111111111,-1.6996526718139648
-0.8888888888888888,2.2643167972564697
-2.0,-1.8459333181381226
-2.6666666666666665,-3.174354076385498
21.55555555555556,5.4550604820251465
11.77777777777778,-2.0606839656829834
14.88888888888889,-1.5230348110198975
-0.8888888888888888,-1.9463316202163696
1.4444444444444444,-2.004730463027954
-2.7777777777777777,-1.8303109407424927
-2.7777777777777777,-1.5643160343170166
-8.777777777777779,-0.7085334062576294
-3.555555555555556,-0.24648161232471466
-9.444444444444445,-3.2869181632995605
2.0,-1.0535715818405151
-7.0,-1.9597065448760986
0.1111111111111111,-1.2738245725631714
-5.888888888888889,-1.5266367197036743
-11.444444444444445,0.3861044943332672
-5.777777777777778,-4.185949802398682
-0.4444444444444444,-0.6693646907806396
-1.7777777777777777,-1.3867640495300293
-1.4444444444444444,1.0143883228302002
-4.333333333333333,-0.555454432964325
-8.555555555555555,-1.3689805269241333
-8.222222222222221,-0.9563441276550293
0.4444444444444444,-0.19620490074157715
-4.555555555555555,-1.8333804607391357
-6.0,-1.719027042388916
-1.0,-2.1062943935394287
-4.333333333333333,-0.7652078866958618
-4.111111111111111,-1.140543818473816
16.0,-1.5245288610458374
-3.4444444444444446,-1.168994426727295
-3.111111111111111,-0.5998265743255615
10.77777777777778,6.818899154663086
8.222222222222221,-0.6516714692115784
0.3333333333333333,-1.6876661777496338
0.2222222222222222,-0.6338345408439636
-14.88888888888889,0.046770840883255005
3.333333333333333,8.880915641784668
1.0,-1.8444463014602661
0.6666666666666666,-2.584887981414795
-4.333333333333333,0.20558220148086548
0.3333333333333333,0.43500274419784546
-4.444444444444445,-1.4124525785446167
0.2222222222222222,-1.3092535734176636
5.222222222222222,-2.5159506797790527
-2.7777777777777777,-1.8296961784362793
-2.0,-1.2193777561187744
28.444444444444443,5.120296955108643
-6.0,-2.034111976623535
-6.666666666666667,-1.9128302335739136
-3.888888888888889,-2.601632833480835
-10.11111111111111,-2.2301292419433594
-4.777777777777778,-1.6087292432785034
1.4444444444444444,-1.8129534721374512
-5.0,-1.6681886911392212
0.1111111111111111,0.9866441488265991
-6.444444444444445,-3.392756938934326
-2.333333333333333,-2.449808359146118
-1.6666666666666667,-3.387718915939331
-4.111111111111111,-0.48120155930519104
-10.0,-2.8247385025024414
2.7777777777777777,-2.1106014251708984
-1.5555555555555556,0.37507164478302
-4.666666666666667,-3.4479308128356934
-5.444444444444445,-0.24086329340934753
2.0,7.463432788848877
-6.222222222222222,3.050328016281128
-10.11111111111111,-4.553462982177734
9.555555555555555,-2.00272798538208
-10.0,-1.9503955841064453
-6.444444444444445,3.918996810913086
0.8888888888888888,-4.653069019317627
-0.5555555555555556,-1.625575304031372
-1.8888888888888888,-1.4887686967849731
3.888888888888889,0.12946271896362305
3.333333333333333,-2.5257740020751953
17.0,-1.672563910484314
-0.7777777777777778,-0.7325121760368347
-3.2222222222222223,-1.3357021808624268
-4.777777777777778,-1.2655177116394043
-3.2222222222222223,-1.7158888578414917
-4.222222222222222,-2.4474778175354004
-9.11111111111111,-2.0363683700561523
-6.333333333333333,-1.7332072257995605
-4.666666666666667,-2.63985538482666
9.444444444444445,-1.9063714742660522
1.6666666666666667,-2.677835464477539
-3.0,-2.668736457824707
-5.444444444444445,-2.669275999069214
2.111111111111111,-0.6393049359321594
-5.888888888888889,-1.7059826850891113
-1.8888888888888888,-0.9106842875480652
-4.777777777777778,-3.8157312870025635
2.111111111111111,-2.2810001373291016
0.5555555555555556,-3.207136392593384
-3.111111111111111,-2.2400383949279785
-11.88888888888889,-1.5409517288208008
-0.6666666666666666,-2.1504650115966797
12.11111111111111,-1.766107439994812
-0.5555555555555556,-1.541008710861206
0.6666666666666666,-1.3238381147384644
-4.888888888888889,-1.1912434101104736
-3.111111111111111,-3.332286834716797
-2.2222222222222223,-1.086242437362671
-3.2222222222222223,-1.866565465927124
-6.888888888888889,-1.4096553325653076
3.4444444444444446,-2.7382218837738037
24.11111111111111,-1.8413970470428467
-0.8888888888888888,2.8962576389312744
0.8888888888888888,-2.462627649307251
-6.555555555555555,-2.5679075717926025
-1.3333333333333333,-2.9608750343322754
-4.111111111111111,-5.499561309814453
9.666666666666666,-1.7285867929458618
5.111111111111111,-0.523676335811615
4.333333333333333,-2.1159629821777344
0.4444444444444444,-1.4936738014221191
-15.444444444444445,-9.120233535766602
-7.0,-2.5373847484588623
1.7777777777777777,-1.6908597946166992
6.777777777777778,-1.6733440160751343
8.0,-1.2572264671325684
4.777777777777778,5.52895975112915
19.55555555555556,4.658177375793457
-6.777777777777778,-0.5475819706916809
-7.222222222222222,-3.8368382453918457
0.1111111111111111,-1.841627597808838
-0.4444444444444444,-2.6606791019439697
-3.555555555555556,-2.5241568088531494
10.444444444444445,-0.609434187412262
3.4444444444444446,-1.2493181228637695
-0.1111111111111111,-1.031018853187561
-7.666666666666667,-3.859069585800171
0.1111111111111111,-1.6694923639297485
-3.333333333333333,-3.1318798065185547
-4.222222222222222,-1.5969105958938599
-0.7777777777777778,-1.8412816524505615
-11.666666666666666,-2.4000158309936523
-2.333333333333333,-2.3767263889312744
-0.3333333333333333,-3.2481770515441895
17.88888888888889,3.4946813583374023
32.55555555555556,13.894408226013184
-11.0,10.57459831237793
-4.0,-2.827740430831909
-6.777777777777778,-2.8965277671813965
-15.333333333333334,-1.169063925743103
-7.666666666666667,-1.0833032131195068
-3.555555555555556,-2.5381200313568115
-2.7777777777777777,-2.154646158218384
0.1111111111111111,-0.7368430495262146
38.11111111111112,11.051667213439941
-8.0,-2.8387815952301025
-4.222222222222222,-5.074687957763672
0.0,-2.733675241470337
23.55555555555556,9.040360450744629
1.7777777777777777,-0.8888759016990662
-2.7777777777777777,2.3398895263671875
-5.777777777777778,-1.4328587055206299
7.333333333333333,-0.8937286734580994
-6.555555555555555,-0.20575173199176788
-9.333333333333334,-1.3738278150558472
5.111111111111111,-1.0376238822937012
-5.444444444444445,-1.0344841480255127
3.6666666666666665,-1.4941298961639404
-6.555555555555555,-1.4038887023925781
19.444444444444443,1.729501724243164
-4.777777777777778,-1.2673048973083496
4.888888888888889,-1.2747985124588013
-3.2222222222222223,1.061962366104126
-1.6666666666666667,-2.9815921783447266
-7.555555555555555,-1.3647600412368774
-3.4444444444444446,-1.7729060649871826
1.5555555555555556,-1.1147888898849487
-7.555555555555555,-1.4112365245819092
-13.333333333333334,-1.193375587463379
-5.0,-2.246471643447876
-3.111111111111111,11.474776268005371
-8.777777777777779,-1.5383530855178833
-1.1111111111111112,3.3234829902648926
1.8888888888888888,-1.112928867340088
-6.222222222222222,-0.7317854166030884
-0.1111111111111111,2.243483066558838
4.0,0.479769766330719
-18.22222222222222,-1.1168714761734009
-1.7777777777777777,-1.2095504999160767
-13.333333333333334,-1.3732621669769287
-7.666666666666667,-2.956455707550049
-1.6666666666666667,0.035894036293029785
-4.444444444444445,0.02385614812374115
-11.444444444444445,-3.5317959785461426
2.888888888888889,1.1505374908447266
27.0,18.519990921020508
1.8888888888888888,0.5461323261260986
-8.88888888888889,-0.7308244705200195
-4.888888888888889,-7.71883487701416
-5.888888888888889,-1.4058157205581665
-3.6666666666666665,-2.254016160964966
9.555555555555555,7.610851764678955
-1.6666666666666667,-1.7286427021026611
0.8888888888888888,-1.7135218381881714
-13.666666666666666,-1.3278579711914062
-3.555555555555556,-2.168144464492798
-1.6666666666666667,-2.1096746921539307
8.88888888888889,8.33747386932373
-4.888888888888889,-1.1491862535476685
-3.888888888888889,-0.9031573534011841
-9.88888888888889,-2.327768325805664
-1.5555555555555556,-2.525719404220581
7.666666666666667,12.123066902160645
3.7777777777777777,-1.2639384269714355
12.666666666666666,-2.333059549331665
-4.555555555555555,-1.789713740348816
13.555555555555555,7.893044471740723
6.777777777777778,-2.8540635108947754
-9.11111111111111,-2.8698923587799072
-2.555555555555556,-1.900590181350708
-1.4444444444444444,-2.0471057891845703
-6.222222222222222,-7.35521125793457
-7.555555555555555,-3.527947425842285
1.0,14.058553695678711
-1.4444444444444444,-1.0617772340774536
-9.88888888888889,-1.8340953588485718
1.2222222222222223,-1.8320536613464355
2.2222222222222223,-1.9179280996322632
1.2222222222222223,5.265975475311279
8.444444444444445,-1.8160676956176758
0.8888888888888888,-0.05727255344390869
-10.444444444444445,-1.43808114528656
4.444444444444445,-1.4765818119049072
-1.6666666666666667,-1.6919081211090088
-3.888888888888889,-0.2907489240169525
3.2222222222222223,-2.175014019012451
-5.666666666666667,6.660714149475098
-9.0,-2.4255263805389404
8.777777777777779,-1.3810096979141235
1.5555555555555556,-3.3823089599609375
-2.555555555555556,-1.5748313665390015
4.777777777777778,-0.5970766544342041
-16.11111111111111,-1.575690507888794
-5.555555555555555,0.3314111828804016
-1.8888888888888888,-3.6180126667022705
25.11111111111111,4.884334087371826
-2.555555555555556,-0.4295658767223358
-12.0,-2.3944907188415527
-10.333333333333334,-1.659766435623169
-7.333333333333333,-2.0144646167755127
0.0,-0.7465300559997559
1.8888888888888888,-2.0299670696258545
1.4444444444444444,-1.5985867977142334
19.55555555555556,-1.0896646976470947
-5.222222222222222,-1.424036979675293
0.3333333333333333,2.383314371109009
1.1111111111111112,-2.8750476837158203
25.666666666666668,27.52741813659668
-3.0,-2.533189535140991
3.555555555555556,6.629039287567139
4.222222222222222,-1.2356376647949219
1.7777777777777777,-2.6168744564056396
31.444444444444443,-1.6189531087875366
19.33333333333333,-1.2738983631134033
-1.6666666666666667,-1.0165003538131714
1.5555555555555556,-1.209823727607727
7.222222222222222,-1.4239563941955566
-3.7777777777777777,-2.8501603603363037
-1.6666666666666667,-0.0897717997431755
0.2222222222222222,-3.433065176010132
3.7777777777777777,13.241583824157715
-2.0,-3.5663082599639893
1.6666666666666667,-4.337868690490723
1.3333333333333333,-1.0673397779464722
0.1111111111111111,-1.1756925582885742
-1.0,-2.5398597717285156
7.0,-1.6866236925125122
-3.111111111111111,-0.8062440156936646
9.11111111111111,-0.5260439515113831
3.6666666666666665,-0.6700049638748169
-4.888888888888889,0.851004421710968
-1.6666666666666667,-2.0500435829162598
-3.555555555555556,-4.496629238128662
-1.4444444444444444,-1.2195008993148804
-15.0,1.3212088346481323
1.0,-1.8629250526428223
5.333333333333333,3.1386373043060303
5.444444444444445,-1.7085286378860474
-3.0,-1.8219785690307617
-2.333333333333333,-1.314846396446228
-5.111111111111111,-0.8571537137031555
-3.6666666666666665,-1.8090384006500244
2.7777777777777777,-1.2595977783203125
-8.777777777777779,-2.6141810417175293
2.333333333333333,-1.4088501930236816
3.4444444444444446,5.590030670166016
12.333333333333334,-0.6115320920944214
-1.0,2.491182565689087
1.6666666666666667,-1.2473398447036743
-1.1111111111111112,-1.5374935865402222
-5.0,-2.121584415435791
-5.222222222222222,3.7636754512786865
-4.777777777777778,0.40497201681137085
0.5555555555555556,-1.5042636394500732
6.0,3.710019588470459
13.77777777777778,16.78693962097168
6.666666666666667,2.3474817276000977
-1.0,0.5078887343406677
-3.7777777777777777,-0.9850317239761353
-5.777777777777778,-2.314615249633789
-3.555555555555556,-1.3527640104293823
0.2222222222222222,3.114480972290039
-3.888888888888889,-640.8540649414062
-3.0,-3.1690235137939453
-5.888888888888889,-0.7367215156555176
5.0,3.3141767978668213
-10.666666666666666,-1.1789500713348389
-3.333333333333333,-1.9522818326950073
-9.666666666666666,32.573909759521484
2.7777777777777777,-2.3969838619232178
-7.333333333333333,-0.6880109310150146
19.22222222222222,20.38692283630371
-12.333333333333334,-2.264024019241333
-5.0,-1.2155909538269043
-3.555555555555556,-2.1752498149871826
-13.666666666666666,-1.4121689796447754
6.777777777777778,3.469127893447876
1.3333333333333333,-0.7052746415138245
48.22222222222222,-1.2955366373062134
3.2222222222222223,-0.4271424412727356
-4.0,-0.2535347044467926
10.77777777777778,1.4617042541503906
-4.555555555555555,-1.8066109418869019
10.333333333333334,-1.3584551811218262
0.8888888888888888,-1.1359518766403198
-5.111111111111111,-1.3033676147460938
5.0,8.0398588180542
-25.77777777777778,-3.2924280166625977
-6.777777777777778,-0.6104493737220764
6.111111111111111,-1.4402871131896973
-9.22222222222222,-1.8883053064346313
-5.111111111111111,-3.1141746044158936
1.7777777777777777,-3.1068952083587646
4.777777777777778,-1.4070738554000854
16.11111111111111,-0.6358474493026733
-0.8888888888888888,-1.0760328769683838
-2.888888888888889,10.846797943115234
4.666666666666667,2.6558988094329834
-3.2222222222222223,0.17827573418617249
11.0,-1.3400322198867798
6.777777777777778,-1.0256388187408447
-3.2222222222222223,0.13982707262039185
5.111111111111111,0.9002620577812195
-10.22222222222222,-1.054316759109497
2.333333333333333,-3.2169156074523926
2.2222222222222223,-1.717288613319397
-14.77777777777778,-1.0522260665893555
0.8888888888888888,0.23599863052368164
-8.777777777777779,0.13982707262039185
2.888888888888889,-0.9604620933532715
-5.333333333333333,-1.4036208391189575
-2.0,-3.6107094287872314
0.1111111111111111,-1.5108041763305664
-1.0,-2.421015977859497
1.2222222222222223,-1.9301152229309082
11.444444444444445,-1.427793025970459
-2.0,-1.5308221578598022
-1.4444444444444444,1.9648246765136719
-5.333333333333333,-1.9844163656234741
-4.777777777777778,-1.0593688488006592
-2.7777777777777777,-1.747948408126831
4.333333333333333,2.4706172943115234
-0.8888888888888888,-1.607435703277588
7.222222222222222,-1.4779008626937866
-6.777777777777778,-3.157252311706543
28.22222222222222,9.315571784973145
6.555555555555555,-5.16157341003418
0.8888888888888888,0.1614440679550171
-6.555555555555555,-6.49302339553833
1.3333333333333333,-1.497682809829712
-1.5555555555555556,3.299992799758911
0.7777777777777778,-1.2453333139419556
-1.2222222222222223,-0.37486329674720764
-7.333333333333333,-1.5074315071105957
-4.333333333333333,-1.459989309310913
-0.6666666666666666,-1.4206668138504028
-3.2222222222222223,-4.314611434936523
-8.11111111111111,2.7788519859313965
6.666666666666667,-1.421335220336914
-4.777777777777778,-3.651738405227661
-7.222222222222222,-1.622103214263916
-4.222222222222222,-2.245483160018921
3.888888888888889,1.059319257736206
1.7777777777777777,-1.6083492040634155
-2.7777777777777777,-1.4174960851669312
0.4444444444444444,-0.8312323689460754
-7.666666666666667,-0.5176123380661011
10.0,-1.7881906032562256
2.0,-1.7633556127548218
1.4444444444444444,-0.4699462056159973
3.2222222222222223,2.295104742050171
-6.111111111111111,-2.427847385406494
-2.0,-1.4533874988555908
-6.888888888888889,-1.1964246034622192
6.222222222222222,-1.960974931716919
-5.111111111111111,-1.2019261121749878
-3.4444444444444446,-0.7810826301574707
-3.333333333333333,21.650989532470703
0.5555555555555556,-1.599692463874817
-7.222222222222222,-3.160642147064209
2.111111111111111,-1.3067338466644287
-1.6666666666666667,-2.1498165130615234
19.88888888888889,14.962625503540039
-5.666666666666667,-1.3215199708938599
0.1111111111111111,-1.1832354068756104
0.0,-0.786600649356842
-1.4444444444444444,-3.0591280460357666
-1.4444444444444444,-0.33040890097618103
1.1111111111111112,-0.8415811657905579
-1.4444444444444444,-2.578814744949341
-4.777777777777778,-1.0729358196258545
-16.88888888888889,-1.1786415576934814
-3.2222222222222223,-1.9649014472961426
3.6666666666666665,-2.0411317348480225
-5.555555555555555,-1.6791576147079468
0.7777777777777778,-2.3642311096191406
0.4444444444444444,-2.2280631065368652
-1.3333333333333333,-1.2990810871124268
-1.5555555555555556,-0.9284452199935913
-3.2222222222222223,-4.2173051834106445
14.88888888888889,2.11673641204834
-1.4444444444444444,-1.6882426738739014
-0.6666666666666666,-2.3160905838012695
-1.8888888888888888,-2.1649627685546875
0.4444444444444444,-6.129428386688232
-6.0,-0.5540072917938232
-47.22222222222222,-2.272310256958008
40.55555555555556,20.659061431884766
-7.666666666666667,1.913511872291565
2.6666666666666665,-2.9799931049346924
-3.0,-2.681851863861084
-1.5555555555555556,-0.01092231273651123
2.7777777777777777,-6.483246803283691
-3.7777777777777777,-1.1081098318099976
-8.555555555555555,-4.8841633796691895
-3.7777777777777777,-1.3088459968566895
-1.7777777777777777,-2.037259101867676
3.0,0.3130597472190857
16.22222222222222,-1.460262656211853
-7.0,-1.8506752252578735
-4.666666666666667,-0.8859772086143494
4.111111111111111,4.161606311798096
-1.4444444444444444,-2.315279483795166
0.0,-1.8598383665084839
-3.111111111111111,0.1684085726737976
1.5555555555555556,-1.5641101598739624
-1.7777777777777777,-1.4849035739898682
-6.222222222222222,-3.5621438026428223
-5.666666666666667,-1.296100378036499
-1.2222222222222223,-4.274328231811523
-3.555555555555556,-1.154669165611267
-12.77777777777778,5.834205150604248
-3.0,-1.2932955026626587
-1.2222222222222223,-1.5970743894577026
-10.22222222222222,-5.105301856994629
12.444444444444445,-1.026753306388855
9.22222222222222,18.88196563720703
-5.777777777777778,-4.813261985778809
-5.888888888888889,-3.016728639602661
0.3333333333333333,-0.6510040760040283
3.6666666666666665,-0.8128395676612854
-3.0,-1.2607697248458862
-19.88888888888889,-2.5029327869415283
-6.333333333333333,-1.1867276430130005
-0.2222222222222222,-0.5955770611763
-4.777777777777778,-0.9374747276306152
-3.888888888888889,0.09161409735679626
1.4444444444444444,0.5698373317718506
-2.888888888888889,-0.9593412280082703
1.5555555555555556,-1.5913524627685547
-1.7777777777777777,-0.6338605880737305
-12.333333333333334,-2.1894142627716064
16.11111111111111,-1.008727788925171
-3.888888888888889,-0.9887424111366272
-2.555555555555556,-0.6265612244606018
2.888888888888889,-0.01633264124393463
-3.2222222222222223,-2.57239031791687
-0.6666666666666666,-3.1275079250335693
13.666666666666666,9.509515762329102
11.333333333333334,-1.1156846284866333
-7.666666666666667,-4.37061882019043
-15.555555555555555,-1.5638123750686646
-3.555555555555556,-1.8949077129364014
-1.4444444444444444,-3.228233575820923
-1.6666666666666667,-2.3628971576690674
-9.0,-0.2821343243122101
11.666666666666666,17.96099090576172
-20.88888888888889,-1.1821637153625488
-5.777777777777778,-1.5761157274246216
3.333333333333333,-1.6155357360839844
1.4444444444444444,-1.1441177129745483
-3.111111111111111,-1.2274153232574463
1.2222222222222223,-0.2664777934551239
3.555555555555556,-0.9309423565864563
-9.444444444444445,-1.88038969039917
-3.0,-1.546523094177246
-8.444444444444445,-3.0089964866638184
-0.6666666666666666,7.397826671600342
-4.555555555555555,-1.22166109085083
-2.2222222222222223,-2.887242078781128
-0.5555555555555556,0.41707906126976013
-4.333333333333333,-1.6836037635803223
-2.4444444444444446,-3.703927516937256
-8.222222222222221,4.268588542938232
-0.7777777777777778,-1.9497928619384766
-17.555555555555557,0.6459932327270508
1.1111111111111112,-1.4016355276107788
-0.1111111111111111,-1.1293913125991821
-3.888888888888889,-2.442213773727417
-5.666666666666667,-0.8929742574691772
0.4444444444444444,-0.04237045347690582
-11.444444444444445,-4.37061882019043
-5.777777777777778,-1.3568681478500366
-2.4444444444444446,-0.9103718400001526
-1.3333333333333333,-0.8978312015533447
-2.888888888888889,-1.42418372631073
-0.2222222222222222,-1.5530015230178833
3.4444444444444446,-1.6850301027297974
-15.77777777777778,-2.274298906326294
-1.8888888888888888,-2.2231028079986572
2.111111111111111,-1.704833984375
2.888888888888889,-0.6990721225738525
4.333333333333333,-1.0761432647705078
-4.444444444444445,-0.7791991233825684
16.555555555555557,1.0318210124969482
0.8888888888888888,-1.2676366567611694
-0.4444444444444444,-0.8804099559783936
-17.0,-1.4311389923095703
-1.7777777777777777,-0.9992753267288208
-5.888888888888889,-5.926229953765869
5.111111111111111,3.1254489421844482
-1.2222222222222223,-1.5201480388641357
3.7777777777777777,-0.2640931010246277
22.77777777777778,3.6407055854797363
0.5555555555555556,-1.106642484664917
4.111111111111111,2.722622871398926
4.0,-1.184349775314331
-3.2222222222222223,-1.1157019138336182
21.33333333333333,-5.706409931182861
5.333333333333333,-2.134187936782837
11.11111111111111,-1.0089422464370728
-3.2222222222222223,-0.46594658493995667
0.2222222222222222,-2.767099142074585
-2.2222222222222223,-1.9733521938323975
-24.33333333333333,-0.9873185157775879
-3.333333333333333,-0.000667959451675415
5.555555555555555,-1.4137722253799438
2.2222222222222223,0.8685357570648193
-0.3333333333333333,-0.8605232834815979
-0.3333333333333333,-2.4636082649230957
-0.1111111111111111,-0.21535158157348633
-3.4444444444444446,-1.2468199729919434
-1.1111111111111112,0.4333258867263794
-9.88888888888889,0.24307775497436523
1.4444444444444444,-0.34599459171295166
-5.555555555555555,-1.0674810409545898
-12.444444444444445,-3.1307053565979004
3.333333333333333,-0.033982932567596436
8.222222222222221,-1.2668379545211792
-9.555555555555555,-1.5568597316741943
-0.8888888888888888,-2.6341326236724854
-2.333333333333333,-1.989090085029602
-0.6666666666666666,-1.138580322265625
-1.7777777777777777,-2.332514524459839
17.88888888888889,-0.6782392263412476
-5.888888888888889,-5.74338960647583
-0.7777777777777778,-0.8445155620574951
-3.0,-3.367947578430176
-1.2222222222222223,-0.6849809885025024
-6.555555555555555,1.0827301740646362
-5.888888888888889,3.702946901321411
1.7777777777777777,-1.2126343250274658
-8.444444444444445,-0.6907026767730713
1.4444444444444444,-1.0167278051376343
-0.4444444444444444,-2.1872289180755615
0.1111111111111111,-1.4645086526870728
-5.111111111111111,0.22559738159179688
-12.0,-1.362357497215271
-3.333333333333333,-0.6754496693611145
-3.333333333333333,5.5495476722717285
5.0,-0.2722153663635254
-0.6666666666666666,1.4469317197799683
3.6666666666666665,0.5252812504768372
-6.444444444444445,-1.2242581844329834
6.111111111111111,-1.5347689390182495
-6.222222222222222,-1.3283017873764038
-3.0,-1.411194920539856
-0.3333333333333333,-1.4412635564804077
-3.555555555555556,-0.7931466102600098
-7.333333333333333,-4.0074076652526855
27.55555555555556,2.2512900829315186
-8.444444444444445,-1.2501875162124634
-0.1111111111111111,-1.6896560192108154
2.888888888888889,-0.03542742133140564
-0.5555555555555556,-2.383035659790039
4.777777777777778,1.7187175750732422
-2.6666666666666665,-0.7016270160675049
-37.888888888888886,-1.8409321308135986
-0.4444444444444444,-0.6416747570037842
-6.888888888888889,-1.1980140209197998
-6.0,-0.8210723400115967
-2.888888888888889,-1.4568649530410767
4.0,1.3479291200637817
-1.4444444444444444,-0.8464085459709167
-2.555555555555556,10.245599746704102
-3.0,-1.4819867610931396
1.4444444444444444,-2.1159417629241943
0.3333333333333333,-1.0757591724395752
-1.5555555555555556,-1.7603718042373657
-2.888888888888889,-2.1811163425445557
-5.888888888888889,-1.002286434173584
1.7777777777777777,-1.1279635429382324
-6.444444444444445,-1.242970585823059
12.333333333333334,6.4990458488464355
1.1111111111111112,-0.5710617303848267
-2.555555555555556,-1.175794243812561
-3.111111111111111,-1.379693865776062
-1.4444444444444444,-1.4995439052581787
-12.333333333333334,-0.650582492351532
12.555555555555555,7.77486515045166
-6.777777777777778,-0.7413020133972168
-0.8888888888888888,-0.35539373755455017
5.222222222222222,-0.9646254777908325
-2.111111111111111,-5.655542373657227
0.0,-1.1592445373535156
-0.8888888888888888,-1.5078396797180176
1.4444444444444444,-0.9009777307510376
0.4444444444444444,-0.4919508695602417
1.3333333333333333,-1.5906881093978882
-6.777777777777778,-1.6810318231582642
-7.777777777777778,-1.2111294269561768
7.555555555555555,-0.3846334218978882
-24.55555555555556,-0.03981098532676697
32.22222222222222,10.280556678771973
9.333333333333334,-1.1604052782058716
8.777777777777779,-1.1676043272018433
-4.777777777777778,-3.885324001312256
-6.333333333333333,-0.9810424447059631
