Score,Pred Score
-0.6666666666666666,-1.7867685556411743
7.333333333333333,-0.8506456613540649
-0.4444444444444444,-5.204886436462402
-4.111111111111111,-3.300027847290039
-7.333333333333333,-3.2946488857269287
1.3333333333333333,-0.6200854182243347
-8.444444444444445,-1.581047773361206
1.6666666666666667,-2.015207052230835
3.333333333333333,-2.91532826423645
2.111111111111111,-0.49663007259368896
0.1111111111111111,-1.841628074645996
11.22222222222222,-2.450624942779541
-3.111111111111111,-3.2694616317749023
-3.888888888888889,-0.6054902076721191
14.11111111111111,-0.8447324633598328
-4.444444444444445,-0.37302273511886597
6.0,-0.9889953136444092
12.555555555555555,-0.8018926382064819
-0.8888888888888888,-0.0760791152715683
-4.0,-0.4127104580402374
-1.1111111111111112,-3.880633592605591
-3.555555555555556,-0.948002278804779
-10.666666666666666,-1.7978534698486328
9.11111111111111,0.0026731491088867188
-1.7777777777777777,-3.3347549438476562
-3.4444444444444446,-3.0338246822357178
23.22222222222222,15.312653541564941
0.8888888888888888,-0.20282742381095886
0.3333333333333333,-1.6020246744155884
-3.7777777777777777,-3.428704023361206
2.111111111111111,-3.205387830734253
-2.2222222222222223,-1.8610820770263672
-2.2222222222222223,-2.7872657775878906
3.111111111111111,-2.2040700912475586
0.1111111111111111,-0.41711851954460144
-2.555555555555556,-1.3357075452804565
-0.2222222222222222,-1.372639536857605
3.111111111111111,1.8400044441223145
-4.444444444444445,-3.27311372756958
-5.222222222222222,-3.510633707046509
4.0,0.026916980743408203
-4.777777777777778,-2.225672483444214
1.0,-1.3735159635543823
-4.111111111111111,-1.141502022743225
-4.777777777777778,-3.118919610977173
14.11111111111111,-1.1135003566741943
2.2222222222222223,-2.065579652786255
-4.888888888888889,-1.4893132448196411
-6.888888888888889,-6.96089506149292
-9.444444444444445,-0.6163637042045593
13.666666666666666,5.759570598602295
3.4444444444444446,-4.380743503570557
-8.222222222222221,-4.151943206787109
5.777777777777778,-0.7693677544593811
0.0,1.174875259399414
13.666666666666666,2.138514280319214
-1.0,1.4945616722106934
7.333333333333333,-1.9405996799468994
-2.888888888888889,-0.2657313346862793
-7.111111111111111,-3.3202903270721436
-1.2222222222222223,-4.074914455413818
0.0,-0.7724201679229736
-7.666666666666667,-3.3880038261413574
-1.5555555555555556,-0.2471737265586853
11.88888888888889,7.960658550262451
-4.666666666666667,-3.3797004222869873
-10.333333333333334,-0.28333422541618347
-9.555555555555555,-3.891152858734131
-2.6666666666666665,-3.49576473236084
-3.333333333333333,-3.4807350635528564
1.8888888888888888,-1.0739771127700806
-5.666666666666667,-2.2770087718963623
-3.888888888888889,-1.5061789751052856
-1.5555555555555556,-2.667443037033081
-1.8888888888888888,-0.7630484104156494
-7.888888888888889,-0.8298487067222595
0.4444444444444444,1.439927101135254
3.555555555555556,-0.6504805088043213
-0.8888888888888888,-1.9096814393997192
-5.777777777777778,-3.3348548412323
-2.888888888888889,-0.7775890827178955
-2.111111111111111,-1.7304718494415283
46.333333333333336,13.005239486694336
0.8888888888888888,-1.5602926015853882
1.1111111111111112,-1.6494508981704712
0.0,-2.4994685649871826
10.0,-2.645221710205078
-1.1111111111111112,-2.287935256958008
8.555555555555555,-3.6767802238464355
-4.777777777777778,0.15790751576423645
0.2222222222222222,-0.7718971371650696
8.222222222222221,-1.2609808444976807
10.11111111111111,7.798774242401123
-2.555555555555556,1.261311650276184
-4.888888888888889,-1.7796075344085693
20.88888888888889,19.759140014648438
19.33333333333333,14.648390769958496
-1.3333333333333333,2.1677820682525635
-4.111111111111111,-1.5450855493545532
-2.7777777777777777,-2.594878911972046
9.0,0.06607908010482788
-6.111111111111111,-1.9744207859039307
-3.7777777777777777,-1.3236746788024902
-5.0,-3.30678129196167
-3.0,-3.474036693572998
-6.222222222222222,-2.7146854400634766
-6.333333333333333,-3.1286637783050537
-1.8888888888888888,-3.503661632537842
3.111111111111111,0.7477417588233948
-4.888888888888889,-3.250210762023926
6.777777777777778,-2.2024574279785156
-4.444444444444445,-2.4858415126800537
7.666666666666667,13.640628814697266
0.5555555555555556,-2.2463693618774414
-7.0,-1.1063196659088135
-10.0,-8.025745391845703
-0.5555555555555556,-0.8909564018249512
0.1111111111111111,-2.0378246307373047
-3.4444444444444446,-1.703593373298645
6.777777777777778,-2.057858467102051
-6.0,-3.4011313915252686
-3.333333333333333,-5.734344005584717
8.777777777777779,10.222067832946777
-6.333333333333333,-1.4865646362304688
-7.444444444444445,-3.3684988021850586
0.1111111111111111,-1.5929272174835205
-4.0,-3.8731980323791504
6.222222222222222,-2.565809965133667
-3.4444444444444446,-3.0534327030181885
4.777777777777778,1.4615687131881714
-2.111111111111111,-2.5370373725891113
-4.111111111111111,-4.219912528991699
11.88888888888889,8.611761093139648
-0.5555555555555556,-3.819126605987549
4.444444444444445,-1.478306531906128
-0.3333333333333333,-3.074568271636963
-4.555555555555555,0.2443559169769287
-0.7777777777777778,-8.880870819091797
-2.2222222222222223,-3.13154673576355
-5.222222222222222,-1.9171802997589111
10.444444444444445,8.685474395751953
-3.4444444444444446,-3.6653497219085693
-3.7777777777777777,-1.3089768886566162
0.2222222222222222,-5.06223726272583
-4.0,-2.1431169509887695
-22.444444444444443,-8.818365097045898
-5.777777777777778,-1.903329849243164
-4.222222222222222,-1.3881977796554565
-2.333333333333333,0.23028576374053955
5.555555555555555,4.533969879150391
23.0,-2.820277214050293
4.777777777777778,-1.9591145515441895
-18.88888888888889,-2.3116536140441895
-10.22222222222222,-2.0380859375
5.222222222222222,-2.964529037475586
-5.0,-4.370387077331543
7.444444444444445,-5.133235931396484
6.333333333333333,-1.6384141445159912
1.4444444444444444,-3.5760414600372314
-0.8888888888888888,-2.0116536617279053
3.111111111111111,-3.076629877090454
0.5555555555555556,-0.5585801601409912
-1.8888888888888888,-0.41463690996170044
-11.77777777777778,-0.5585801601409912
-5.555555555555555,-3.518063545227051
-1.3333333333333333,-5.000567436218262
-1.8888888888888888,1.1309303045272827
0.0,0.5701814293861389
0.8888888888888888,0.788982629776001
5.0,-1.093026876449585
2.4444444444444446,-1.9881436824798584
-0.1111111111111111,-2.5492286682128906
2.111111111111111,-2.1282851696014404
-0.2222222222222222,12.681930541992188
19.444444444444443,35.17047119140625
3.7777777777777777,2.915325403213501
-3.111111111111111,-2.4087512493133545
7.555555555555555,-0.6594681739807129
1.5555555555555556,-2.9992969036102295
-1.1111111111111112,-1.442522644996643
-1.6666666666666667,-1.3244836330413818
3.111111111111111,-3.3834762573242188
-1.6666666666666667,-1.3794572353363037
1.3333333333333333,-1.747907280921936
-10.555555555555555,-3.2505345344543457
-5.333333333333333,-1.9417372941970825
-0.8888888888888888,-4.085069179534912
-6.111111111111111,-2.222266435623169
-12.333333333333334,-3.809664726257324
-6.111111111111111,-0.530584454536438
-6.111111111111111,-1.0477131605148315
-10.22222222222222,-2.564328193664551
4.444444444444445,-2.6806857585906982
-2.555555555555556,-3.3039157390594482
-8.777777777777779,-0.25196173787117004
-14.555555555555555,-2.6816933155059814
-15.0,4.5620012283325195
31.33333333333333,28.548006057739258
-20.11111111111111,-0.9576846957206726
-3.4444444444444446,-2.184149742126465
-0.1111111111111111,-1.5460137128829956
-1.3333333333333333,-0.5160178542137146
1.6666666666666667,-2.1330084800720215
-4.888888888888889,-2.064368486404419
2.333333333333333,-1.76829993724823
-13.333333333333334,-3.6668903827667236
0.5555555555555556,2.282881736755371
1.2222222222222223,-2.3403263092041016
-8.777777777777779,-3.995877265930176
-0.2222222222222222,2.8264594078063965
3.2222222222222223,-3.4472403526306152
-2.7777777777777777,-2.869943857192993
-3.333333333333333,-2.4984018802642822
-5.0,-0.26670825481414795
-3.333333333333333,-9.163331985473633
-6.777777777777778,-1.8767513036727905
1.0,-2.2429630756378174
-4.444444444444445,-3.1862235069274902
-2.111111111111111,-2.0636138916015625
-20.55555555555556,-0.7967341542243958
3.333333333333333,8.418341636657715
-4.777777777777778,2.4373538494110107
-1.4444444444444444,-1.2614319324493408
-9.11111111111111,-1.7980345487594604
-12.666666666666666,-1.9901098012924194
-21.11111111111111,6.952035903930664
3.555555555555556,4.915126800537109
-4.777777777777778,0.8191457986831665
-5.888888888888889,-4.457977771759033
-7.555555555555555,-1.5001121759414673
-3.555555555555556,-5.022674560546875
3.0,-1.963224172592163
4.0,-1.3525779247283936
-5.333333333333333,-1.601022481918335
17.444444444444443,14.891797065734863
-11.77777777777778,-0.6171523332595825
-4.888888888888889,-1.7862811088562012
6.444444444444445,-0.20966756343841553
4.0,1.43336820602417
-9.88888888888889,-0.7150547504425049
15.77777777777778,-0.2509543001651764
0.6666666666666666,-2.340264081954956
-9.444444444444445,-3.8069136142730713
-1.7777777777777777,-1.1332783699035645
2.333333333333333,5.615090370178223
-4.222222222222222,-1.7857657670974731
-8.11111111111111,-2.8964312076568604
1.8888888888888888,-1.0788332223892212
-12.555555555555555,-1.6852205991744995
5.444444444444445,-1.2764323949813843
-3.111111111111111,-2.4792838096618652
-2.555555555555556,-4.948558330535889
5.666666666666667,-1.258144497871399
1.4444444444444444,-1.1525907516479492
-3.0,-3.056032419204712
-0.1111111111111111,0.14241263270378113
1.1111111111111112,-3.8565754890441895
-0.8888888888888888,-2.2699525356292725
-7.333333333333333,-2.1859521865844727
-13.77777777777778,-2.403919219970703
0.7777777777777778,-0.868543267250061
-2.6666666666666665,-3.946366786956787
-19.55555555555556,-4.06678581237793
5.0,-2.130829095840454
-2.2222222222222223,-4.223814964294434
1.0,-0.9130692481994629
-3.0,-2.8161838054656982
-3.888888888888889,-2.257343053817749
-3.4444444444444446,-1.5708677768707275
5.0,-0.8638887405395508
19.22222222222222,24.27459144592285
-2.4444444444444446,-3.400395631790161
6.222222222222222,-5.0026326179504395
-5.333333333333333,-2.097036361694336
-10.77777777777778,-1.299927830696106
0.0,-0.9196914434432983
1.8888888888888888,-0.8149890303611755
21.55555555555556,12.488642692565918
-7.777777777777778,-5.462640762329102
-7.222222222222222,-2.212324857711792
-1.7777777777777777,-3.1729483604431152
5.444444444444445,0.2931806445121765
-3.888888888888889,-2.267958402633667
-8.222222222222221,-3.333648681640625
6.111111111111111,-3.9291059970855713
2.7777777777777777,-3.352912425994873
-6.333333333333333,-1.6913176774978638
0.2222222222222222,1.7354341745376587
-7.777777777777778,-1.8078372478485107
1.2222222222222223,-1.5468742847442627
3.4444444444444446,1.172537922859192
-2.888888888888889,-2.676025629043579
14.88888888888889,-0.12458592653274536
-1.7777777777777777,-3.6431522369384766
-3.888888888888889,-0.9276168942451477
-5.777777777777778,-2.921924591064453
27.11111111111111,20.61418342590332
1.7777777777777777,-2.688143253326416
0.3333333333333333,-4.566866874694824
-12.77777777777778,-3.3217363357543945
27.88888888888889,20.92605209350586
-4.222222222222222,-1.454209327697754
-1.2222222222222223,-0.7376642227172852
-3.0,-5.57777738571167
3.6666666666666665,4.3913984298706055
-1.5555555555555556,-2.283322811126709
-4.222222222222222,-16.416259765625
-0.7777777777777778,-0.06024615466594696
6.777777777777778,8.062400817871094
-0.7777777777777778,-1.3623987436294556
-8.777777777777779,-3.1159110069274902
0.2222222222222222,-0.904708743095398
-0.2222222222222222,-4.201475143432617
-8.0,-2.2334952354431152
-4.333333333333333,-0.7481714487075806
-3.0,0.2820512652397156
-7.666666666666667,-3.9708871841430664
1.1111111111111112,-1.8996540307998657
-0.5555555555555556,-2.9853954315185547
-2.111111111111111,-3.0530972480773926
-7.555555555555555,-0.8862811326980591
17.666666666666668,-0.04269205033779144
-8.11111111111111,0.5220801830291748
19.55555555555556,21.776512145996094
-6.555555555555555,-1.969049334526062
10.555555555555555,-1.3842668533325195
-14.444444444444445,-3.254115104675293
6.666666666666667,3.038959264755249
-3.888888888888889,-0.7865622043609619
-6.333333333333333,10.19202995300293
-6.666666666666667,-2.644174814224243
-4.444444444444445,-2.1421959400177
-2.111111111111111,-3.8477394580841064
-10.333333333333334,-1.3070045709609985
-6.111111111111111,-2.185591220855713
20.666666666666668,13.157482147216797
-5.444444444444445,0.011040449142456055
7.555555555555555,-2.627849578857422
-1.4444444444444444,-2.5607380867004395
-7.222222222222222,-2.2070581912994385
-3.111111111111111,-3.111574411392212
-3.555555555555556,-3.924677610397339
-2.4444444444444446,-1.6552200317382812
-1.1111111111111112,-3.361459493637085
-7.555555555555555,-2.766386032104492
10.11111111111111,-1.3722561597824097
-1.4444444444444444,-3.3097357749938965
-2.333333333333333,-3.3166940212249756
-1.6666666666666667,-3.4071784019470215
8.88888888888889,9.08712387084961
-3.888888888888889,-6.344235420227051
-6.222222222222222,-4.031430244445801
-11.88888888888889,-5.980194091796875
-1.5555555555555556,-1.0077409744262695
7.111111111111111,2.9416451454162598
4.666666666666667,2.1452834606170654
2.4444444444444446,-3.0372307300567627
1.5555555555555556,-1.1005940437316895
3.333333333333333,-3.4461281299591064
-10.11111111111111,-0.7963037490844727
-8.444444444444445,-0.6271878480911255
-2.555555555555556,0.2946615219116211
2.4444444444444446,-2.214653730392456
2.888888888888889,-2.210270404815674
-4.111111111111111,-3.08465838432312
-10.444444444444445,2.1817288398742676
17.666666666666668,9.96299934387207
27.77777777777778,17.62383270263672
-1.7777777777777777,-5.529021263122559
11.88888888888889,-1.3374197483062744
0.5555555555555556,-3.5190393924713135
6.444444444444445,2.334078311920166
-4.0,-3.141566276550293
-7.444444444444445,-3.9766390323638916
-4.555555555555555,-0.6712628602981567
12.333333333333334,9.203851699829102
6.0,-3.208613395690918
-2.0,-3.2501330375671387
1.6666666666666667,3.7842705249786377
17.333333333333332,15.145857810974121
10.11111111111111,-0.5359551906585693
-1.2222222222222223,-0.8453672528266907
5.666666666666667,-1.9438424110412598
-3.0,-4.522599220275879
-0.2222222222222222,-4.900252819061279
6.888888888888889,-2.0520381927490234
1.4444444444444444,-1.7212055921554565
-1.2222222222222223,-3.4889004230499268
-2.333333333333333,-1.9381520748138428
-7.888888888888889,-3.185898780822754
20.22222222222222,16.959762573242188
-6.111111111111111,-2.189809560775757
-12.444444444444445,-3.7919743061065674
-7.888888888888889,-1.9207522869110107
1.2222222222222223,-0.9868388175964355
-2.888888888888889,-2.4451441764831543
-17.333333333333332,-6.302117824554443
0.0,-3.5578362941741943
5.222222222222222,-1.6270009279251099
5.111111111111111,-3.283614158630371
-5.444444444444445,-3.8553857803344727
10.22222222222222,-0.8313304781913757
-1.6666666666666667,-2.3331637382507324
-4.444444444444445,0.030091047286987305
18.11111111111111,13.785967826843262
-4.777777777777778,-2.08227801322937
5.333333333333333,-1.4126461744308472
-2.555555555555556,-2.036918878555298
5.888888888888889,10.071616172790527
8.11111111111111,-0.5183277130126953
-0.4444444444444444,-3.676082134246826
-5.444444444444445,-2.9798316955566406
-0.6666666666666666,-3.3358938694000244
-5.444444444444445,-2.8376195430755615
-17.0,-4.614253520965576
-1.0,-3.700779676437378
2.333333333333333,-1.1023268699645996
0.2222222222222222,-1.882299780845642
-2.7777777777777777,-1.6241205930709839
-6.777777777777778,-3.506617546081543
0.4444444444444444,1.0449999570846558
0.6666666666666666,-3.605790615081787
-0.7777777777777778,-3.148530960083008
-7.555555555555555,-3.212409019470215
-7.333333333333333,-3.0158307552337646
-12.77777777777778,-3.1613128185272217
0.2222222222222222,-1.8569965362548828
9.77777777777778,-0.892646849155426
-6.222222222222222,-2.959183931350708
-4.888888888888889,-3.981700897216797
-10.11111111111111,-0.2754855155944824
-8.777777777777779,-2.609851360321045
-2.111111111111111,-6.701168537139893
1.6666666666666667,-2.4057772159576416
-0.7777777777777778,-1.0851774215698242
-0.1111111111111111,-2.030705451965332
-0.5555555555555556,-0.18086491525173187
-6.666666666666667,-0.8313304781913757
-9.88888888888889,-3.3734443187713623
-8.666666666666666,-1.2529323101043701
0.6666666666666666,-1.393026351928711
-0.7777777777777778,-10.102012634277344
0.3333333333333333,-1.2234010696411133
1.3333333333333333,-5.459766864776611
-2.2222222222222223,-4.634157657623291
-6.444444444444445,-0.2900705635547638
2.4444444444444446,2.626330614089966
-5.555555555555555,-2.9611458778381348
-8.444444444444445,-1.3868629932403564
15.0,2.220496892929077
2.2222222222222223,7.461395263671875
2.6666666666666665,-1.8807141780853271
-2.7777777777777777,-1.9685263633728027
-5.222222222222222,-3.9030203819274902
-8.555555555555555,-3.254981279373169
-3.0,-3.6994640827178955
-1.6666666666666667,-2.5939033031463623
-1.0,-2.0210134983062744
-0.4444444444444444,-0.8264205455780029
37.11111111111112,-0.1264743208885193
-4.444444444444445,-1.0190086364746094
0.5555555555555556,-2.7993288040161133
-16.0,-0.8569779396057129
-10.22222222222222,-5.014220237731934
-2.333333333333333,-4.289997577667236
-4.333333333333333,-1.77274751663208
-1.8888888888888888,-2.075857400894165
-4.777777777777778,-2.142435073852539
-8.666666666666666,-5.29226016998291
0.5555555555555556,-2.417351007461548
17.333333333333332,-1.8631832599639893
1.5555555555555556,-2.379338264465332
-4.222222222222222,-0.7099077105522156
-6.111111111111111,-3.451190710067749
6.222222222222222,-2.2167253494262695
-1.3333333333333333,-1.8963872194290161
6.333333333333333,-1.9075161218643188
9.444444444444445,-3.6720943450927734
-0.1111111111111111,-1.8376574516296387
-6.0,-1.9618598222732544
-4.666666666666667,-6.366980075836182
-6.666666666666667,-1.1035444736480713
12.77777777777778,20.49785041809082
0.2222222222222222,-0.7780618071556091
-14.555555555555555,-0.9884932637214661
-9.333333333333334,-6.827908039093018
2.6666666666666665,-3.3228471279144287
-1.3333333333333333,-3.980970621109009
-12.555555555555555,-0.038814350962638855
-8.777777777777779,0.40245282649993896
2.6666666666666665,-1.5359201431274414
-7.222222222222222,-12.285372734069824
2.6666666666666665,-2.78458571434021
-6.444444444444445,-8.389900207519531
-42.55555555555556,-2.3285791873931885
4.777777777777778,-0.9605595469474792
0.5555555555555556,-3.440476179122925
-9.666666666666666,-2.6629180908203125
9.77777777777778,8.624666213989258
9.444444444444445,-0.17160873115062714
-2.7777777777777777,-3.4869375228881836
2.0,-0.19926296174526215
-2.111111111111111,-3.510500431060791
-10.666666666666666,-1.9241816997528076
-3.888888888888889,-0.9880139827728271
-0.6666666666666666,1.8672024011611938
-6.111111111111111,-4.221796989440918
-2.555555555555556,-0.6417831778526306
-5.444444444444445,-0.9766993522644043
-3.6666666666666665,-3.7743616104125977
2.555555555555556,-1.0619004964828491
4.333333333333333,-1.5222896337509155
-5.555555555555555,2.044548511505127
-0.6666666666666666,-2.112663745880127
-1.6666666666666667,-2.517238140106201
1.5555555555555556,-1.9677684307098389
-8.0,-1.9976224899291992
1.2222222222222223,-0.5616945624351501
12.333333333333334,7.5059895515441895
0.4444444444444444,-1.8796299695968628
0.2222222222222222,2.082636594772339
0.4444444444444444,-0.28606826066970825
0.1111111111111111,-2.6862125396728516
0.3333333333333333,-2.15281343460083
1.2222222222222223,0.9073245525360107
-1.4444444444444444,-2.6587929725646973
2.888888888888889,-1.8728115558624268
14.88888888888889,9.89991283416748
0.1111111111111111,-4.607193470001221
-4.888888888888889,0.45646151900291443
19.55555555555556,24.780542373657227
-3.7777777777777777,-4.061188697814941
-2.7777777777777777,-1.1569064855575562
-4.0,-3.2192609310150146
-4.111111111111111,-3.134080648422241
-0.1111111111111111,-3.468595266342163
2.333333333333333,-2.384498119354248
0.6666666666666666,9.059809684753418
1.0,-2.3504676818847656
-5.111111111111111,0.09186094254255295
-1.2222222222222223,0.14515693485736847
-3.111111111111111,-1.6051769256591797
-16.333333333333332,-2.0322353839874268
-7.555555555555555,-4.410224437713623
-7.777777777777778,-3.1132824420928955
-1.5555555555555556,-5.133261680603027
-7.333333333333333,-3.8330016136169434
1.1111111111111112,-3.176166534423828
3.333333333333333,-3.399125099182129
-6.444444444444445,-3.5434815883636475
-6.0,-3.2002410888671875
-1.7777777777777777,-2.8217084407806396
3.2222222222222223,-1.5387916564941406
1.0,-1.1415438652038574
-8.0,-5.633001327514648
0.4444444444444444,-3.3721323013305664
1.8888888888888888,-2.950145721435547
0.8888888888888888,-3.477419137954712
-2.111111111111111,-6.606808185577393
21.55555555555556,28.08506965637207
4.444444444444445,-3.07222056388855
1.2222222222222223,-4.893054008483887
13.333333333333334,20.035844802856445
-17.22222222222222,-2.5717427730560303
13.11111111111111,12.109699249267578
3.555555555555556,-1.5743646621704102
-3.4444444444444446,-1.9216991662979126
11.22222222222222,1.717480182647705
-4.555555555555555,6.162306785583496
1.4444444444444444,-2.595781087875366
-5.0,-2.3447301387786865
15.22222222222222,9.13409423828125
4.444444444444445,4.100306510925293
-7.666666666666667,-1.852477788925171
-3.111111111111111,-4.650459289550781
-6.666666666666667,-0.536746084690094
0.4444444444444444,-2.1054089069366455
-4.111111111111111,-1.6066333055496216
-2.2222222222222223,-2.9586172103881836
16.88888888888889,8.388036727905273
-4.0,-1.7237262725830078
-11.333333333333334,-1.7086594104766846
0.5555555555555556,-2.146524429321289
8.777777777777779,11.216657638549805
1.0,-1.5637328624725342
-3.2222222222222223,-3.741539239883423
0.0,-0.38137394189834595
3.2222222222222223,-1.652058720588684
1.2222222222222223,0.17495101690292358
-4.111111111111111,-0.19778478145599365
-2.4444444444444446,3.734917163848877
2.0,-4.090098857879639
-4.444444444444445,-2.052152395248413
-8.666666666666666,-2.555295944213867
-1.7777777777777777,-0.217006653547287
-4.333333333333333,-2.9849562644958496
-5.333333333333333,-2.4597835540771484
2.0,-0.9772239923477173
-0.2222222222222222,-3.713350296020508
4.222222222222222,-2.0263407230377197
6.444444444444445,-1.488396167755127
-15.88888888888889,-1.909820318222046
21.0,13.834174156188965
9.444444444444445,8.580419540405273
1.2222222222222223,0.5662111639976501
-7.888888888888889,-3.7492101192474365
-2.4444444444444446,-2.920565128326416
4.111111111111111,-1.5302366018295288
3.888888888888889,-5.268483638763428
-4.111111111111111,1.1132725477218628
-5.333333333333333,-2.010277271270752
31.22222222222222,4.551762580871582
-4.888888888888889,-3.623553991317749
-5.777777777777778,-2.6485495567321777
-1.8888888888888888,-2.948556900024414
19.55555555555556,0.18575868010520935
-2.0,-3.0195577144622803
3.111111111111111,-1.0535300970077515
-1.1111111111111112,-1.7995580434799194
11.22222222222222,-0.5029202699661255
3.555555555555556,-0.34584566950798035
-0.8888888888888888,-3.1615524291992188
24.88888888888889,14.118505477905273
-4.111111111111111,1.089901328086853
13.88888888888889,11.772846221923828
-1.5555555555555556,-1.7510592937469482
-7.111111111111111,-4.614563465118408
-15.666666666666666,-2.82675838470459
-22.88888888888889,-7.403051376342773
9.666666666666666,-2.4057652950286865
2.2222222222222223,0.7103656530380249
-3.4444444444444446,-2.273777961730957
-6.555555555555555,-5.4592509269714355
-14.0,-4.568258762359619
2.2222222222222223,-6.065330505371094
1.2222222222222223,-2.9674272537231445
-5.333333333333333,-1.2704708576202393
-6.333333333333333,-0.8882293105125427
-4.0,4.5525383949279785
-3.2222222222222223,-2.3327829837799072
-1.8888888888888888,-3.238715887069702
0.3333333333333333,0.13162589073181152
7.777777777777778,0.5295054316520691
-1.0,-1.441318154335022
-1.6666666666666667,0.0027360916137695312
-17.22222222222222,-5.641726493835449
-2.333333333333333,-2.1079297065734863
11.666666666666666,9.729130744934082
-0.6666666666666666,-0.4280198812484741
1.2222222222222223,-3.1856532096862793
19.33333333333333,6.144707202911377
-3.888888888888889,-6.4676313400268555
9.333333333333334,-3.4066598415374756
-2.555555555555556,-0.4523925483226776
-7.555555555555555,-2.7195441722869873
-0.1111111111111111,1.1497527360916138
3.888888888888889,-0.8144771456718445
-7.888888888888889,-1.4994856119155884
-1.0,-3.010366678237915
-1.2222222222222223,-0.10928778350353241
-6.222222222222222,-5.35692834854126
-1.3333333333333333,-3.9577176570892334
-3.4444444444444446,-2.0646932125091553
0.7777777777777778,0.3367840051651001
-6.333333333333333,-3.1633384227752686
-8.666666666666666,-2.582186222076416
-0.3333333333333333,-0.6222758889198303
1.1111111111111112,4.490721225738525
3.7777777777777777,9.521851539611816
-4.888888888888889,-0.7221063375473022
7.666666666666667,-1.296160340309143
7.333333333333333,-0.06342929601669312
10.11111111111111,-3.3574612140655518
-2.7777777777777777,-1.0180233716964722
-3.555555555555556,-0.06350238621234894
-4.0,-9.22558879852295
-5.333333333333333,-1.0887877941131592
1.6666666666666667,0.005988761782646179
-2.555555555555556,-3.209836959838867
12.22222222222222,11.943031311035156
-2.888888888888889,-0.44064146280288696
-4.444444444444445,-0.3001675605773926
-3.6666666666666665,-3.934037446975708
-0.7777777777777778,-2.0053131580352783
6.333333333333333,-1.4945836067199707
-9.555555555555555,-3.919992208480835
-6.111111111111111,-1.4371223449707031
0.8888888888888888,-2.143186569213867
4.222222222222222,-0.4131271243095398
-26.0,-5.332664966583252
12.88888888888889,-0.3780931234359741
-4.444444444444445,-3.3441388607025146
-3.6666666666666665,-3.2848124504089355
2.0,-1.0599535703659058
-8.11111111111111,-2.438833475112915
-0.2222222222222222,-2.8309295177459717
4.888888888888889,-1.419316053390503
-4.888888888888889,-2.2940313816070557
-3.555555555555556,-2.487581491470337
6.888888888888889,-1.4393750429153442
13.333333333333334,5.6908159255981445
1.5555555555555556,-1.4628846645355225
-3.4444444444444446,0.49776697158813477
0.1111111111111111,-1.9770652055740356
3.2222222222222223,-3.354484796524048
-6.222222222222222,-4.103981018066406
-7.0,-1.162675142288208
4.333333333333333,0.8158465623855591
0.7777777777777778,-5.246372222900391
2.4444444444444446,-1.774871826171875
-0.2222222222222222,-3.4929981231689453
7.333333333333333,0.10916030406951904
0.3333333333333333,-1.9391002655029297
-2.6666666666666665,-0.5060589909553528
0.2222222222222222,-3.9682130813598633
-2.555555555555556,-6.038693428039551
-2.2222222222222223,-1.4084973335266113
-1.2222222222222223,-0.8447049856185913
8.777777777777779,-1.6448203325271606
-1.3333333333333333,-0.6217731237411499
5.222222222222222,-3.098543882369995
0.1111111111111111,-1.0323377847671509
-3.333333333333333,-2.19172739982605
2.6666666666666665,-2.59810733795166
-6.555555555555555,-3.005617618560791
-17.88888888888889,-1.1627906560897827
5.555555555555555,-3.1221702098846436
6.333333333333333,-1.5728212594985962
4.777777777777778,-0.9419839382171631
11.22222222222222,-2.632117986679077
1.6666666666666667,-0.8981949687004089
-11.22222222222222,-3.617032527923584
-4.555555555555555,-3.5385825634002686
-4.222222222222222,-5.865479469299316
0.5555555555555556,-2.459421396255493
-8.11111111111111,-2.3388285636901855
10.0,11.558369636535645
3.888888888888889,-1.6833186149597168
-2.555555555555556,-4.095448017120361
-3.333333333333333,-3.2445068359375
0.7777777777777778,-0.807328462600708
-4.0,-2.3390183448791504
-2.333333333333333,-3.3133156299591064
1.8888888888888888,-2.307583808898926
19.88888888888889,-4.897334098815918
-12.333333333333334,-10.710381507873535
-5.222222222222222,-2.5328562259674072
-7.777777777777778,-3.8508949279785156
0.6666666666666666,-1.4470239877700806
0.7777777777777778,-2.1789441108703613
4.444444444444445,-2.0603737831115723
-5.111111111111111,-2.882390022277832
-3.333333333333333,-0.8788592219352722
-14.77777777777778,-2.601757764816284
5.0,-0.8085463643074036
-2.0,-3.074591636657715
-1.6666666666666667,-1.2422021627426147
-1.5555555555555556,-1.2559523582458496
-2.4444444444444446,-5.367730140686035
7.777777777777778,9.667587280273438
1.2222222222222223,-0.13508057594299316
-9.11111111111111,-7.9015278816223145
-1.8888888888888888,-3.0429961681365967
-5.555555555555555,-2.3137619495391846
1.3333333333333333,2.837249755859375
-0.5555555555555556,-1.3430297374725342
-7.222222222222222,-3.9707491397857666
15.444444444444445,12.157492637634277
-13.22222222222222,-4.1524271965026855
-6.111111111111111,-3.4673101902008057
-0.7777777777777778,-1.9900050163269043
-13.0,-2.290483236312866
-7.111111111111111,-0.8575547933578491
-5.777777777777778,-1.7377172708511353
-2.111111111111111,-1.1344633102416992
-5.444444444444445,-2.7316017150878906
-3.333333333333333,-1.4435964822769165
0.0,-0.9539672136306763
3.0,0.957777738571167
26.444444444444443,24.14886474609375
2.6666666666666665,-0.23400896787643433
-6.555555555555555,0.957777738571167
-4.777777777777778,-0.2797148823738098
5.222222222222222,-2.4563989639282227
-16.666666666666668,-0.9516327381134033
5.888888888888889,-2.783050537109375
-5.0,-0.2725878357887268
-4.555555555555555,-3.505634307861328
-4.555555555555555,-2.6579179763793945
2.2222222222222223,-2.642343759536743
1.5555555555555556,-4.331092834472656
-0.8888888888888888,-4.0605244636535645
-8.444444444444445,-5.083414554595947
-2.7777777777777777,-1.562509536743164
4.0,-0.572335958480835
-0.1111111111111111,-2.0230278968811035
7.555555555555555,-0.7153494954109192
-2.333333333333333,-4.186562538146973
-4.333333333333333,-2.272268533706665
0.3333333333333333,-3.002847194671631
-3.0,-3.419509172439575
3.333333333333333,-3.6520450115203857
-4.555555555555555,-1.415195107460022
1.3333333333333333,0.14341473579406738
1.6666666666666667,-2.31418514251709
-4.555555555555555,-3.1263394355773926
15.22222222222222,-1.0750491619110107
-3.7777777777777777,-2.7999866008758545
-0.3333333333333333,-3.49149489402771
-2.111111111111111,-1.9688835144042969
-1.7777777777777777,-3.375502347946167
-0.7777777777777778,-2.094114303588867
-4.888888888888889,-2.185250759124756
-3.111111111111111,-0.8706964254379272
-1.4444444444444444,-7.4392523765563965
-5.777777777777778,-3.980153799057007
16.88888888888889,11.384292602539062
0.1111111111111111,-3.981440305709839
-4.888888888888889,0.4502624273300171
3.4444444444444446,-2.6463143825531006
-2.555555555555556,-3.497447967529297
0.0,-1.8037621974945068
0.8888888888888888,1.8944847583770752
-20.0,-1.1261907815933228
3.333333333333333,-1.5226261615753174
-2.4444444444444446,-2.0346028804779053
-8.777777777777779,-4.755295753479004
-6.666666666666667,-4.511666297912598
-2.888888888888889,-2.5839343070983887
-5.444444444444445,-4.0189433097839355
-8.555555555555555,-0.6041029691696167
-0.4444444444444444,-1.5838741064071655
-2.111111111111111,-0.7505051493644714
3.4444444444444446,-0.4669610261917114
-7.333333333333333,-2.128533124923706
-1.4444444444444444,-5.856544494628906
-11.88888888888889,-1.8497816324234009
-5.555555555555555,-1.9342501163482666
-6.333333333333333,-1.3544996976852417
-1.0,-2.6410980224609375
0.4444444444444444,-2.1156232357025146
-11.444444444444445,-3.25376296043396
7.222222222222222,-1.8536913394927979
-2.333333333333333,-2.9266483783721924
-8.222222222222221,-4.242083549499512
1.7777777777777777,-1.0853105783462524
-11.333333333333334,-0.6066194176673889
-4.333333333333333,-0.5225434303283691
-9.555555555555555,-3.091517210006714
0.4444444444444444,3.896817684173584
-8.777777777777779,-2.96475887298584
-8.333333333333334,-3.5249013900756836
-2.333333333333333,-3.5173654556274414
19.55555555555556,-2.0695579051971436
-7.222222222222222,-6.491394519805908
-2.888888888888889,-1.3591551780700684
-19.77777777777778,-3.330618381500244
7.111111111111111,-2.103367567062378
-4.0,-3.6492526531219482
-8.444444444444445,-3.6734795570373535
6.444444444444445,-2.2667787075042725
13.11111111111111,-3.2613604068756104
-1.6666666666666667,-1.044932246208191
1.7777777777777777,0.9026175737380981
-3.6666666666666665,-2.4641242027282715
15.444444444444445,20.062183380126953
-0.3333333333333333,2.7756831645965576
37.0,6.050049304962158
-4.666666666666667,-0.25658512115478516
-6.0,-2.3152260780334473
34.55555555555556,36.37390899658203
-1.7777777777777777,-0.7287991046905518
-3.888888888888889,-3.44521427154541
20.77777777777778,8.296295166015625
-4.777777777777778,-6.033071517944336
-4.555555555555555,1.014639139175415
-10.88888888888889,-2.64921236038208
-19.88888888888889,-3.134282112121582
0.3333333333333333,-1.5981448888778687
-0.6666666666666666,-1.5307726860046387
-11.444444444444445,-7.316162586212158
-6.666666666666667,-0.8976302742958069
23.666666666666668,2.3458547592163086
2.0,-0.720281183719635
-4.222222222222222,-3.5804319381713867
-3.2222222222222223,-3.424652338027954
-2.555555555555556,-2.4244930744171143
-0.6666666666666666,-0.6444347500801086
-6.222222222222222,-8.114821434020996
2.888888888888889,-1.4386937618255615
-0.8888888888888888,-0.2592298984527588
0.1111111111111111,-3.9211528301239014
0.6666666666666666,-0.8762905597686768
-23.88888888888889,-1.2050299644470215
-2.555555555555556,-1.9896535873413086
0.5555555555555556,12.162012100219727
-3.0,-3.981999158859253
-10.555555555555555,-1.8358674049377441
3.333333333333333,4.59373140335083
3.111111111111111,5.648680210113525
0.2222222222222222,-0.4151288866996765
-2.7777777777777777,-2.13545298576355
-1.3333333333333333,-3.1385762691497803
-2.6666666666666665,-2.2863900661468506
-10.555555555555555,-0.6358489990234375
-2.0,-3.384355068206787
-1.7777777777777777,-1.9365297555923462
-1.4444444444444444,-3.9109020233154297
-12.88888888888889,-1.957298755645752
-5.666666666666667,2.7097790241241455
23.0,18.01917839050293
0.2222222222222222,-1.4686400890350342
14.666666666666666,-0.5968676209449768
5.0,0.9611364603042603
-4.222222222222222,-1.521893858909607
-8.0,-2.5190179347991943
1.5555555555555556,-0.1917443871498108
0.1111111111111111,-6.210410118103027
2.333333333333333,-1.329854965209961
-3.7777777777777777,-3.2433922290802
-0.2222222222222222,-2.3862242698669434
2.555555555555556,-1.7956364154815674
-10.333333333333334,-3.1291158199310303
0.3333333333333333,-3.45467472076416
-7.0,-4.190400123596191
-9.88888888888889,-4.891218662261963
4.666666666666667,-3.4890122413635254
-1.8888888888888888,-2.0708792209625244
-3.888888888888889,-2.113013744354248
-13.0,-1.997910499572754
4.333333333333333,-1.710881233215332
-2.7777777777777777,-1.6516135931015015
-2.4444444444444446,-4.164430141448975
9.444444444444445,5.893442630767822
14.666666666666666,-0.7276244759559631
-5.555555555555555,-2.4330811500549316
-3.4444444444444446,-0.47058165073394775
-9.333333333333334,-7.475604057312012
-1.8888888888888888,1.2426729202270508
-2.333333333333333,-3.2832682132720947
5.555555555555555,2.2625067234039307
-3.111111111111111,-2.5549464225769043
11.88888888888889,7.600119590759277
-10.22222222222222,-6.410772323608398
2.888888888888889,-1.9151113033294678
9.555555555555555,-1.9746230840682983
-0.4444444444444444,-0.7789785861968994
-7.333333333333333,0.42878228425979614
-8.666666666666666,-5.036973476409912
-5.777777777777778,-4.535436630249023
6.777777777777778,-4.247117042541504
-7.444444444444445,-1.7484291791915894
-0.5555555555555556,1.0311039686203003
-2.7777777777777777,-4.930102348327637
-4.222222222222222,-4.537103176116943
-3.555555555555556,-4.589980602264404
0.4444444444444444,-0.26484930515289307
2.6666666666666665,6.62537145614624
15.444444444444445,22.787874221801758
0.8888888888888888,-0.7687325477600098
-3.0,-1.536686658859253
-3.888888888888889,-1.3630458116531372
-2.888888888888889,-2.131192445755005
-8.333333333333334,0.0034102201461791992
-5.333333333333333,-3.610968589782715
-2.0,-2.712738513946533
-5.111111111111111,-2.8929460048675537
-1.6666666666666667,-2.9404635429382324
1.8888888888888888,-0.5985077023506165
-6.0,-2.40390682220459
3.6666666666666665,-3.499314308166504
4.444444444444445,-1.9613007307052612
-6.333333333333333,-2.744198799133301
-5.0,-2.062875747680664
-4.222222222222222,-1.507569432258606
-4.111111111111111,-3.2197213172912598
-0.7777777777777778,-1.3950051069259644
0.3333333333333333,-1.5312657356262207
-2.888888888888889,-2.87176775932312
-2.7777777777777777,-1.6826682090759277
5.666666666666667,-0.9874656200408936
-2.7777777777777777,-2.92203950881958
0.3333333333333333,-1.200730323791504
0.6666666666666666,-2.120144844055176
-10.666666666666666,3.5298662185668945
-8.88888888888889,0.8001054525375366
2.4444444444444446,-3.0211970806121826
-13.555555555555555,-6.049195289611816
2.4444444444444446,4.59637451171875
-1.6666666666666667,-1.6787760257720947
18.444444444444443,-2.509275436401367
-3.333333333333333,-0.11866414546966553
-2.888888888888889,-3.7379727363586426
-4.222222222222222,-4.078330993652344
-1.1111111111111112,2.4577627182006836
-3.7777777777777777,-1.5960320234298706
31.11111111111111,0.9179346561431885
-2.2222222222222223,-1.065873384475708
-3.555555555555556,-1.7831089496612549
-3.888888888888889,1.6392240524291992
-6.666666666666667,-3.1750431060791016
-1.5555555555555556,-1.8681633472442627
0.5555555555555556,1.9647510051727295
-4.222222222222222,-3.5530219078063965
-18.22222222222222,-2.4475290775299072
-2.333333333333333,-3.6054818630218506
0.2222222222222222,-6.083420753479004
3.2222222222222223,1.0200117826461792
3.4444444444444446,-2.0618577003479004
-2.333333333333333,-1.7522172927856445
2.7777777777777777,-1.5379599332809448
1.3333333333333333,-1.9592479467391968
-4.777777777777778,-3.6504623889923096
-8.11111111111111,-3.547232151031494
-0.7777777777777778,-5.749056816101074
-7.444444444444445,-2.9785654544830322
1.3333333333333333,1.5264832973480225
-3.111111111111111,-2.717430830001831
13.444444444444445,9.768373489379883
13.77777777777778,8.499216079711914
-2.888888888888889,-2.3905506134033203
-3.111111111111111,-2.2964630126953125
-4.333333333333333,-3.0984625816345215
3.2222222222222223,16.784151077270508
-0.1111111111111111,-2.785731315612793
0.3333333333333333,-4.0394158363342285
0.0,-1.9851959943771362
7.111111111111111,-2.508882522583008
24.22222222222222,25.108959197998047
-6.0,-1.9815839529037476
-11.0,-2.3677291870117188
-2.111111111111111,-0.3469083905220032
-2.4444444444444446,-3.573678970336914
-2.2222222222222223,-0.028548479080200195
4.222222222222222,-0.3506234586238861
-9.22222222222222,-3.2940330505371094
10.333333333333334,-0.592494547367096
-3.555555555555556,-0.9573860168457031
17.555555555555557,18.035533905029297
1.8888888888888888,-2.5192055702209473
1.8888888888888888,-0.5472754240036011
-5.666666666666667,-3.2618701457977295
14.88888888888889,5.34647798538208
0.6666666666666666,-1.5411806106567383
1.1111111111111112,-1.8639060258865356
-3.333333333333333,-2.1902737617492676
3.4444444444444446,-0.46202778816223145
-6.555555555555555,-4.005941867828369
-6.888888888888889,-1.8428535461425781
-2.888888888888889,-1.4811559915542603
-2.2222222222222223,-2.1607115268707275
2.333333333333333,-0.5478118658065796
-4.666666666666667,-1.9333287477493286
-2.888888888888889,1.6064395904541016
-0.7777777777777778,-1.4172323942184448
-9.77777777777778,-3.131798028945923
-4.111111111111111,-3.5569324493408203
-7.777777777777778,-2.8853182792663574
-4.111111111111111,-5.0476202964782715
0.8888888888888888,-0.7434653639793396
-7.666666666666667,-2.352219343185425
-4.333333333333333,-2.2602152824401855
-11.666666666666666,-4.38892936706543
0.2222222222222222,-1.7916245460510254
-3.0,1.2832149267196655
-3.0,-3.6524393558502197
8.444444444444445,12.788816452026367
-6.333333333333333,-3.481361150741577
-8.333333333333334,-1.465763807296753
-0.3333333333333333,-4.553246021270752
-7.222222222222222,-2.211294412612915
-0.3333333333333333,-2.0520098209381104
4.222222222222222,-1.2711535692214966
-2.555555555555556,-1.956316590309143
-8.444444444444445,-1.859986662864685
-4.111111111111111,1.428850769996643
-0.1111111111111111,-0.8793964385986328
-2.555555555555556,-2.5836658477783203
-2.4444444444444446,-1.546743392944336
-2.888888888888889,-2.429826498031616
10.11111111111111,-2.5251271724700928
-2.4444444444444446,-2.2568209171295166
7.0,-1.8949501514434814
-4.222222222222222,-2.4349093437194824
-2.4444444444444446,-0.16152441501617432
-12.11111111111111,-4.2838592529296875
0.3333333333333333,0.9339057803153992
6.111111111111111,-1.1336618661880493
-16.666666666666668,-2.8382680416107178
1.8888888888888888,-0.07031726837158203
3.6666666666666665,0.09862446784973145
0.8888888888888888,-1.81553316116333
-6.777777777777778,3.79748797416687
-9.333333333333334,-2.34220027923584
-13.0,-4.157992839813232
1.3333333333333333,-3.8772897720336914
2.333333333333333,9.05517578125
-2.888888888888889,-2.420832872390747
-8.0,-1.265170931816101
1.3333333333333333,-2.8502748012542725
-1.0,-0.12609992921352386
1.6666666666666667,-3.5339853763580322
8.333333333333334,2.5540287494659424
3.6666666666666665,2.299433469772339
-3.111111111111111,-3.3832666873931885
-7.444444444444445,-3.1880338191986084
2.6666666666666665,-1.866246223449707
11.22222222222222,12.558627128601074
-2.0,-2.7673776149749756
-2.555555555555556,-3.6529557704925537
-6.111111111111111,-1.128294587135315
-5.111111111111111,-4.146395206451416
-8.777777777777779,-1.192768931388855
-10.11111111111111,-0.8167843818664551
-0.5555555555555556,-0.5825065970420837
1.8888888888888888,-3.2279415130615234
-0.2222222222222222,-2.760329484939575
-13.666666666666666,-3.5871665477752686
1.6666666666666667,0.5677714347839355
6.444444444444445,-0.366365522146225
-5.111111111111111,-0.3824973702430725
-1.0,0.6586889028549194
2.6666666666666665,-3.828871726989746
-4.111111111111111,0.9515010118484497
-2.2222222222222223,-4.475255012512207
-0.3333333333333333,-6.335662841796875
-4.888888888888889,-0.3144342303276062
25.11111111111111,14.410638809204102
-10.88888888888889,0.28514522314071655
2.555555555555556,2.143517017364502
-0.4444444444444444,-0.7979333400726318
-19.55555555555556,-2.2965891361236572
-0.8888888888888888,-3.5256290435791016
-6.555555555555555,-5.883470058441162
-4.222222222222222,-4.171422481536865
-5.0,-1.5189701318740845
-4.444444444444445,-3.0345633029937744
-2.333333333333333,-6.864904403686523
-3.888888888888889,-1.8998854160308838
-2.111111111111111,-1.3763073682785034
-6.111111111111111,-1.9502559900283813
2.2222222222222223,-1.9642198085784912
-8.88888888888889,-3.4083592891693115
1.8888888888888888,-3.7325356006622314
24.77777777777778,28.87229347229004
0.3333333333333333,-0.8565199971199036
-2.2222222222222223,-1.5816460847854614
8.555555555555555,-2.2129416465759277
-2.7777777777777777,-2.4202957153320312
3.4444444444444446,4.136743068695068
-2.555555555555556,-3.248187780380249
2.555555555555556,-2.79348087310791
28.88888888888889,22.44978141784668
-18.11111111111111,-2.9072558879852295
-5.666666666666667,8.116192817687988
-1.0,-3.001495122909546
0.3333333333333333,-1.1911370754241943
0.3333333333333333,-2.9533910751342773
-1.3333333333333333,-2.6424431800842285
-4.888888888888889,-1.319651484489441
-7.555555555555555,-4.938841342926025
-6.888888888888889,-3.235236167907715
-4.0,-3.3599460124969482
1.6666666666666667,-0.8200091123580933
8.666666666666666,-0.17110514640808105
1.7777777777777777,-1.0907930135726929
0.1111111111111111,-1.1026148796081543
13.88888888888889,-0.5144701600074768
-0.3333333333333333,-2.239666223526001
8.444444444444445,0.7008053064346313
-0.2222222222222222,-4.083283424377441
-6.555555555555555,-1.9793879985809326
2.6666666666666665,3.2999563217163086
-4.555555555555555,-1.5175845623016357
-0.5555555555555556,-6.830146312713623
-1.0,-2.3342809677124023
14.666666666666666,-1.8416543006896973
-2.4444444444444446,-4.140436172485352
-1.0,-2.919292688369751
-12.0,-2.2143023014068604
-0.5555555555555556,-0.44864681363105774
-0.8888888888888888,-1.856990933418274
-6.888888888888889,-2.0454790592193604
-4.555555555555555,-5.721305847167969
0.1111111111111111,-2.3329050540924072
-5.333333333333333,-2.4124364852905273
-6.777777777777778,-2.479030132293701
27.88888888888889,20.371870040893555
-7.888888888888889,-3.9727108478546143
-0.2222222222222222,-2.9725022315979004
6.222222222222222,0.8117774724960327
-14.444444444444445,-1.5746873617172241
-5.555555555555555,-1.8352097272872925
-13.555555555555555,-4.513418197631836
-9.88888888888889,-4.647512435913086
-7.333333333333333,-3.2432849407196045
0.0,-2.9670827388763428
0.1111111111111111,-1.7676280736923218
-5.555555555555555,3.5901808738708496
-8.666666666666666,-2.4654407501220703
-4.666666666666667,-3.02095365524292
0.4444444444444444,-1.164569616317749
0.0,-1.616533637046814
-5.444444444444445,-2.3682963848114014
0.2222222222222222,-1.2108209133148193
-16.555555555555557,-1.120228886604309
5.222222222222222,-0.27531570196151733
-4.333333333333333,-2.649242401123047
-2.555555555555556,-3.008195638656616
15.11111111111111,-1.7395168542861938
-0.6666666666666666,-5.995763301849365
-0.4444444444444444,-2.3213913440704346
-4.333333333333333,-1.6048885583877563
-3.7777777777777777,-1.2234705686569214
-2.333333333333333,-0.8218625783920288
2.555555555555556,-1.9441691637039185
15.88888888888889,-1.4387903213500977
-21.88888888888889,-2.6014161109924316
21.444444444444443,11.084156036376953
4.333333333333333,-0.6980502009391785
-1.2222222222222223,-2.5173823833465576
1.2222222222222223,-2.175961494445801
-3.6666666666666665,-3.6330018043518066
3.0,-1.096502423286438
-2.333333333333333,-2.5728511810302734
-3.888888888888889,-2.758718252182007
14.444444444444445,-3.436802387237549
-4.666666666666667,-0.47769787907600403
-4.0,-2.546485185623169
3.0,-0.8512888550758362
-6.555555555555555,-1.97593092918396
-4.333333333333333,9.077522277832031
6.888888888888889,-4.426467418670654
0.4444444444444444,-3.689603805541992
-3.6666666666666665,-0.7447919845581055
28.444444444444443,-0.5039235353469849
3.0,-2.7314352989196777
-24.11111111111111,-12.731941223144531
14.22222222222222,10.782336235046387
10.666666666666666,-2.2335262298583984
3.4444444444444446,-0.13175344467163086
-6.888888888888889,-0.5765382647514343
0.0,-4.300388336181641
9.11111111111111,12.976253509521484
-2.888888888888889,-2.40602970123291
-11.0,-1.8404295444488525
-4.111111111111111,-2.266080617904663
-4.777777777777778,-0.49844610691070557
22.11111111111111,0.2306973934173584
8.222222222222221,-1.2906825542449951
-4.777777777777778,-2.2940516471862793
-5.444444444444445,-2.081326723098755
1.5555555555555556,-0.9722432494163513
-3.4444444444444446,-1.7261061668395996
-2.555555555555556,1.070951223373413
-5.111111111111111,-2.3203980922698975
-11.333333333333334,-0.47293993830680847
-5.777777777777778,-1.4295923709869385
-10.555555555555555,-3.7273287773132324
-13.666666666666666,-0.9051711559295654
-4.888888888888889,-0.45356693863868713
1.2222222222222223,-2.724423408508301
-5.888888888888889,-3.0912392139434814
-2.555555555555556,-1.5658490657806396
-9.333333333333334,-1.6680504083633423
-9.22222222222222,-0.7873534560203552
-8.333333333333334,-0.4150661826133728
-2.0,-0.5872355699539185
-5.333333333333333,-3.749100923538208
-0.2222222222222222,-2.7864789962768555
0.4444444444444444,-2.2554969787597656
-3.333333333333333,-1.66433846950531
1.5555555555555556,-0.3459472954273224
-2.2222222222222223,-6.9381422996521
-3.888888888888889,-2.675812244415283
11.444444444444445,14.018834114074707
12.666666666666666,14.36738109588623
1.3333333333333333,-2.581242322921753
-5.555555555555555,-1.078672170639038
-2.0,-3.192378044128418
-2.0,-2.9288272857666016
-5.222222222222222,-2.68170166015625
-0.5555555555555556,-0.37652650475502014
9.333333333333334,7.202856540679932
5.333333333333333,-4.910122394561768
-6.0,-3.4096741676330566
-4.777777777777778,-3.475006341934204
-5.555555555555555,-2.967247247695923
-7.333333333333333,-3.0759530067443848
9.444444444444445,5.010015964508057
2.555555555555556,-6.066805839538574
-1.2222222222222223,-4.6756205558776855
-1.1111111111111112,-1.150481104850769
-10.0,-2.593141555786133
0.4444444444444444,-2.514422655105591
-4.444444444444445,0.7980711460113525
-9.666666666666666,-3.8058371543884277
1.3333333333333333,-1.074228048324585
-0.8888888888888888,1.7649565935134888
-1.7777777777777777,-3.749354362487793
2.2222222222222223,-2.2373828887939453
-2.2222222222222223,-2.3780035972595215
0.5555555555555556,-2.3688552379608154
-9.88888888888889,-8.062724113464355
4.444444444444445,8.400163650512695
-1.0,-2.7505414485931396
-2.888888888888889,-2.481879472732544
-6.0,-1.1945551633834839
-0.2222222222222222,-4.902925968170166
-5.222222222222222,-0.5216224193572998
-3.0,-1.9248203039169312
0.5555555555555556,-1.6780507564544678
-5.0,-3.0230906009674072
-2.6666666666666665,-3.3150596618652344
-10.444444444444445,-3.2446069717407227
-0.7777777777777778,-1.6141448020935059
7.111111111111111,-1.8692368268966675
-4.222222222222222,-1.1539947986602783
2.111111111111111,-0.656346321105957
-0.1111111111111111,0.15969789028167725
42.55555555555556,10.887436866760254
-8.11111111111111,-1.8023169040679932
-3.6666666666666665,-2.464015007019043
-4.777777777777778,-3.3813297748565674
1.7777777777777777,-0.32205820083618164
7.222222222222222,-0.9451608061790466
-2.111111111111111,-6.216217041015625
-9.0,-1.0606513023376465
1.3333333333333333,2.969860076904297
-1.4444444444444444,-3.080944061279297
32.44444444444444,18.515409469604492
10.0,1.8611606359481812
-5.666666666666667,-2.3928210735321045
4.111111111111111,-0.7631676197052002
-9.0,-3.365466594696045
21.22222222222222,19.849016189575195
-6.666666666666667,-2.4836723804473877
3.0,-2.9387738704681396
-1.4444444444444444,-3.3343162536621094
-0.2222222222222222,-0.6759917140007019
-1.1111111111111112,-2.3212435245513916
-8.555555555555555,-2.177431106567383
0.7777777777777778,-4.529971122741699
4.555555555555555,-2.0023646354675293
4.222222222222222,-2.4890904426574707
-41.333333333333336,-2.753054141998291
-4.888888888888889,-6.106860637664795
4.555555555555555,4.5029683113098145
2.2222222222222223,-1.362576961517334
-1.5555555555555556,-0.7859688401222229
-0.4444444444444444,1.929268479347229
-0.8888888888888888,-3.685328960418701
10.0,10.431411743164062
-8.222222222222221,-2.733872175216675
18.444444444444443,-2.4805455207824707
-4.888888888888889,-2.8783488273620605
0.1111111111111111,-3.7556867599487305
-5.555555555555555,-0.8025678396224976
-2.4444444444444446,-1.545676589012146
-5.222222222222222,-1.6286042928695679
29.666666666666668,19.3818416595459
0.0,-5.042013168334961
2.2222222222222223,-1.7076359987258911
20.88888888888889,0.61615389585495
-2.333333333333333,-0.5476826429367065
-4.111111111111111,-3.3587427139282227
-10.444444444444445,-3.2582435607910156
-10.77777777777778,-4.889420509338379
-4.666666666666667,-1.196068286895752
8.777777777777779,-2.265770435333252
-3.2222222222222223,1.3523283004760742
-1.4444444444444444,-1.6136986017227173
-1.1111111111111112,0.9547764658927917
6.888888888888889,-0.18764907121658325
-5.444444444444445,-6.5371904373168945
2.4444444444444446,-2.3401236534118652
-12.555555555555555,-3.7015151977539062
17.444444444444443,19.5519962310791
0.1111111111111111,-2.565419912338257
9.666666666666666,0.29653218388557434
-3.0,-0.6630877256393433
3.0,-3.073075771331787
-0.1111111111111111,-0.9828798174858093
-10.333333333333334,-3.1283302307128906
1.3333333333333333,-1.833947777748108
-10.77777777777778,-2.7648141384124756
0.3333333333333333,5.45963716506958
2.2222222222222223,2.4750759601593018
-4.777777777777778,-3.2144064903259277
-2.4444444444444446,-2.5787129402160645
1.6666666666666667,10.781733512878418
-2.7777777777777777,-2.9118576049804688
0.2222222222222222,-1.7663394212722778
-2.555555555555556,-0.9251620769500732
2.333333333333333,-4.102419376373291
1.6666666666666667,-1.4828548431396484
-1.6666666666666667,-2.3858859539031982
-1.8888888888888888,-2.0038836002349854
-5.888888888888889,-4.901045799255371
-0.6666666666666666,-4.067740440368652
-0.8888888888888888,-2.5107123851776123
1.5555555555555556,8.770201683044434
-4.222222222222222,-2.8902575969696045
1.7777777777777777,-0.6112657189369202
-6.111111111111111,-3.130072832107544
-2.4444444444444446,-1.3464734554290771
-0.7777777777777778,0.01157410442829132
8.0,0.18897795677185059
1.3333333333333333,-2.6452643871307373
20.33333333333333,20.124425888061523
1.3333333333333333,-0.3113109767436981
-4.222222222222222,-2.8462281227111816
-8.777777777777779,-3.3747544288635254
-4.333333333333333,-0.33190488815307617
-2.7777777777777777,0.3693469762802124
6.0,0.3318188190460205
0.1111111111111111,-0.4441070258617401
-2.888888888888889,-1.9858185052871704
-0.1111111111111111,0.35560691356658936
-2.7777777777777777,6.957210063934326
-10.11111111111111,-2.456878423690796
-10.0,-3.3914313316345215
-2.555555555555556,-0.34765928983688354
3.4444444444444446,-1.5959709882736206
3.4444444444444446,0.6125027537345886
-1.6666666666666667,-0.9121659994125366
-1.6666666666666667,-2.2183127403259277
1.5555555555555556,-2.1526131629943848
5.666666666666667,-3.017590045928955
5.777777777777778,-0.42440566420555115
6.666666666666667,-3.504371166229248
5.333333333333333,-2.2123286724090576
7.222222222222222,-0.829153299331665
-10.333333333333334,-1.0582040548324585
0.4444444444444444,-0.49564674496650696
8.666666666666666,17.19367790222168
-6.555555555555555,-3.56064510345459
1.7777777777777777,2.7809464931488037
-6.777777777777778,-2.0435407161712646
7.111111111111111,-3.355278253555298
-1.6666666666666667,1.8324891328811646
-0.6666666666666666,-0.5946946144104004
8.777777777777779,-3.2750566005706787
-0.6666666666666666,0.029202818870544434
-7.777777777777778,-3.5416934490203857
5.888888888888889,-1.6307162046432495
-4.111111111111111,-2.6084749698638916
-4.111111111111111,0.7952380776405334
0.6666666666666666,-6.35492467880249
-7.0,-2.0992555618286133
-1.0,-2.2049598693847656
-0.6666666666666666,-2.4636192321777344
6.777777777777778,-0.7931705713272095
0.5555555555555556,-2.004404306411743
-1.3333333333333333,-2.116748332977295
-2.111111111111111,-1.602771520614624
-8.11111111111111,-3.1351687908172607
3.4444444444444446,1.4983519315719604
-5.444444444444445,-2.7779200077056885
-1.5555555555555556,-1.3518962860107422
-3.2222222222222223,-3.865739107131958
4.444444444444445,3.0308611392974854
-1.3333333333333333,-3.6884541511535645
-8.333333333333334,-0.8662596940994263
-5.0,-0.40505459904670715
1.0,6.515763759613037
0.8888888888888888,-4.657580852508545
-8.444444444444445,-0.3071115016937256
-5.222222222222222,-0.30518484115600586
-4.888888888888889,-1.3795514106750488
8.333333333333334,1.0397274494171143
7.333333333333333,-0.7597643136978149
1.2222222222222223,-2.1608195304870605
-8.88888888888889,-1.8901705741882324
4.333333333333333,-3.0103635787963867
-0.6666666666666666,6.016942977905273
3.111111111111111,-3.037628650665283
3.555555555555556,4.824580669403076
-3.111111111111111,-2.209456205368042
-1.8888888888888888,-1.7500059604644775
1.6666666666666667,-2.0656187534332275
-7.666666666666667,-2.270454168319702
-4.111111111111111,-0.10623276233673096
3.4444444444444446,-0.7653666138648987
-9.333333333333334,1.3228273391723633
1.5555555555555556,-2.2102601528167725
7.333333333333333,-0.2852494418621063
-7.111111111111111,-1.4844019412994385
-0.2222222222222222,-0.5994202494621277
7.333333333333333,-0.9298584461212158
0.6666666666666666,-2.2318050861358643
-2.0,2.0221400260925293
-5.888888888888889,3.7072393894195557
-5.666666666666667,0.016595155000686646
1.7777777777777777,-0.05956059694290161
-14.666666666666666,-6.198175430297852
-15.333333333333334,-2.6317341327667236
-7.777777777777778,-5.569570541381836
3.6666666666666665,-2.1086573600769043
-6.444444444444445,1.0551533699035645
-1.3333333333333333,1.706209421157837
-11.333333333333334,-3.8341987133026123
-15.88888888888889,-2.88748836517334
0.3333333333333333,0.45386454463005066
5.888888888888889,-0.8047181963920593
-5.555555555555555,-0.840245246887207
-4.222222222222222,-3.0306732654571533
-1.3333333333333333,-3.707420825958252
-3.2222222222222223,0.19669364392757416
-0.1111111111111111,-0.09023003280162811
-6.666666666666667,-0.4452325105667114
-7.333333333333333,-3.6198699474334717
-5.111111111111111,-3.0079925060272217
5.222222222222222,9.260014533996582
-7.444444444444445,-5.0522236824035645
17.444444444444443,20.43022346496582
-3.4444444444444446,-2.475076198577881
-5.333333333333333,-0.6101832389831543
3.6666666666666665,-0.5748974680900574
-2.4444444444444446,-1.0444804430007935
-21.0,-1.8163530826568604
-8.333333333333334,-0.31151649355888367
-3.333333333333333,0.21819089353084564
1.5555555555555556,-1.1703053712844849
-3.0,-0.3760949373245239
-14.333333333333334,-2.9232192039489746
-2.2222222222222223,-0.5698040127754211
5.0,4.784496307373047
0.4444444444444444,0.3878040313720703
-8.222222222222221,-0.12769140303134918
2.7777777777777777,-2.4763290882110596
-12.444444444444445,-2.020723819732666
5.555555555555555,-3.275768756866455
-2.111111111111111,-3.588148355484009
-1.6666666666666667,-5.6574578285217285
-9.88888888888889,-0.6504004001617432
-7.333333333333333,-3.0884015560150146
-10.88888888888889,-4.907069206237793
-4.777777777777778,-4.791007995605469
-5.111111111111111,-0.10827136039733887
0.8888888888888888,-0.3192044496536255
2.333333333333333,-1.469797968864441
1.3333333333333333,6.817574501037598
-3.333333333333333,-2.0614333152770996
5.555555555555555,-1.3962626457214355
-2.6666666666666665,-0.08855864405632019
-4.555555555555555,-2.0197086334228516
4.0,-3.9046435356140137
-1.0,-0.40978968143463135
1.3333333333333333,2.729109048843384
-21.0,-3.771763801574707
-1.6666666666666667,-2.2274038791656494
2.111111111111111,-1.0297532081604004
-7.888888888888889,-1.1961077451705933
-0.3333333333333333,-3.516627788543701
2.0,-0.41832825541496277
26.11111111111111,26.183984756469727
-0.1111111111111111,-0.5833888053894043
-0.7777777777777778,0.2147960662841797
-11.0,-4.503597736358643
4.222222222222222,-0.46372783184051514
-1.7777777777777777,-2.113248825073242
-9.0,-3.92480206489563
-4.555555555555555,-1.2660530805587769
-5.0,-0.3311563730239868
0.7777777777777778,-0.26539507508277893
-3.333333333333333,-3.5826427936553955
-3.111111111111111,-2.722003221511841
5.0,-1.94632887840271
-1.2222222222222223,-0.34353721141815186
-7.555555555555555,-8.179437637329102
-3.4444444444444446,-3.1976735591888428
-7.555555555555555,-5.724807262420654
-8.444444444444445,-3.933375120162964
-2.555555555555556,-1.4959295988082886
-2.2222222222222223,-0.06863953173160553
-3.4444444444444446,-1.5684884786605835
4.888888888888889,2.6879122257232666
4.111111111111111,-2.563352584838867
-11.22222222222222,-11.157355308532715
-5.0,-1.9279874563217163
0.8888888888888888,-2.2927112579345703
-0.7777777777777778,-3.82348895072937
-5.444444444444445,-2.9779021739959717
-9.11111111111111,-0.3261057734489441
-0.8888888888888888,4.265255928039551
-2.0,-0.5335180163383484
-2.6666666666666665,-2.9682483673095703
21.55555555555556,17.54095458984375
11.77777777777778,-2.2043182849884033
14.88888888888889,7.4779462814331055
-0.8888888888888888,5.227023601531982
1.4444444444444444,-1.6184476613998413
-2.7777777777777777,-1.9636441469192505
-2.7777777777777777,-3.927130937576294
-8.777777777777779,-0.6263291835784912
-3.555555555555556,-2.361558198928833
-9.444444444444445,-2.7811760902404785
2.0,-3.1901602745056152
-7.0,-0.6102365851402283
0.1111111111111111,-0.4675106108188629
-5.888888888888889,-2.570465326309204
-11.444444444444445,-6.723790168762207
-5.777777777777778,-1.440326452255249
-0.4444444444444444,-2.4987597465515137
-1.7777777777777777,-6.558166027069092
-1.4444444444444444,0.8048328161239624
-4.333333333333333,-0.5587190985679626
-8.555555555555555,-2.3321781158447266
-8.222222222222221,-7.088213920593262
0.4444444444444444,-0.5247431993484497
-4.555555555555555,-1.1227866411209106
-6.0,-0.6083475947380066
-1.0,-1.4727919101715088
-4.333333333333333,-1.3991236686706543
-4.111111111111111,-1.1396417617797852
16.0,5.1412811279296875
-3.4444444444444446,-2.6282401084899902
-3.111111111111111,-0.4414082169532776
10.77777777777778,21.79662322998047
8.222222222222221,-1.715354084968567
0.3333333333333333,-0.4008568525314331
0.2222222222222222,-3.1580495834350586
-14.88888888888889,-0.9234877824783325
3.333333333333333,9.881078720092773
1.0,-2.0438995361328125
0.6666666666666666,1.4747812747955322
-4.333333333333333,-2.3822925090789795
0.3333333333333333,-1.653075098991394
-4.444444444444445,-2.3439583778381348
0.2222222222222222,3.975139617919922
5.222222222222222,-2.414306163787842
-2.7777777777777777,0.8975623250007629
-2.0,-0.2756979465484619
28.444444444444443,23.442785263061523
-6.0,-3.273442029953003
-6.666666666666667,-2.984398603439331
-3.888888888888889,-3.3600399494171143
-10.11111111111111,-3.6859002113342285
-4.777777777777778,-1.011847734451294
1.4444444444444444,-1.4807595014572144
-5.0,-3.9353854656219482
0.1111111111111111,-3.6634135246276855
-6.444444444444445,-5.648552417755127
-2.333333333333333,-2.9056191444396973
-1.6666666666666667,-2.974302053451538
-4.111111111111111,-0.5062010884284973
-10.0,-3.3294060230255127
2.7777777777777777,0.21884816884994507
-1.5555555555555556,-1.8969711065292358
-4.666666666666667,-3.6506893634796143
-5.444444444444445,-0.3718605935573578
2.0,6.1349968910217285
-6.222222222222222,2.155512809753418
-10.11111111111111,-3.366520643234253
9.555555555555555,-1.3040921688079834
-10.0,-3.7969489097595215
-6.444444444444445,-1.7521811723709106
0.8888888888888888,-2.526873826980591
-0.5555555555555556,-1.0544805526733398
-1.8888888888888888,-2.3074610233306885
3.888888888888889,-2.151183843612671
3.333333333333333,-4.070438385009766
17.0,-0.7330220341682434
-0.7777777777777778,-3.95442795753479
-3.2222222222222223,-3.4202940464019775
-4.777777777777778,-2.757087469100952
-3.2222222222222223,-2.552870512008667
-4.222222222222222,-3.976599931716919
-9.11111111111111,-2.2995102405548096
-6.333333333333333,-1.941643476486206
-4.666666666666667,-2.8965628147125244
9.444444444444445,-2.1537628173828125
1.6666666666666667,-2.800583600997925
-3.0,-2.668950080871582
-5.444444444444445,-1.4000942707061768
2.111111111111111,-2.467942476272583
-5.888888888888889,-5.0937700271606445
-1.8888888888888888,-2.184002637863159
-4.777777777777778,-3.9137423038482666
2.111111111111111,-3.718205690383911
0.5555555555555556,-2.63899564743042
-3.111111111111111,-4.204103946685791
-11.88888888888889,-3.043882131576538
-0.6666666666666666,-2.1245217323303223
12.11111111111111,-0.14284563064575195
-0.5555555555555556,-0.06942296028137207
0.6666666666666666,9.775079727172852
-4.888888888888889,-1.4826164245605469
-3.111111111111111,-2.379814386367798
-2.2222222222222223,-2.992305278778076
-3.2222222222222223,-3.072105884552002
-6.888888888888889,-2.9041073322296143
3.4444444444444446,-1.816707968711853
24.11111111111111,12.655925750732422
-0.8888888888888888,0.4950679540634155
0.8888888888888888,-0.19014793634414673
-6.555555555555555,1.0086684226989746
-1.3333333333333333,-3.0087475776672363
-4.111111111111111,-6.762948513031006
9.666666666666666,-1.437575340270996
5.111111111111111,-3.4940996170043945
4.333333333333333,-3.450941324234009
0.4444444444444444,-0.6583513021469116
-15.444444444444445,-14.297821044921875
-7.0,-8.137993812561035
1.7777777777777777,-2.891618490219116
6.777777777777778,-1.6014686822891235
8.0,-0.013695846311748028
4.777777777777778,6.235307693481445
19.55555555555556,12.427903175354004
-6.777777777777778,-0.007975012063980103
-7.222222222222222,-3.683446168899536
0.1111111111111111,-1.2237130403518677
-0.4444444444444444,-3.307500123977661
-3.555555555555556,-4.294416904449463
10.444444444444445,0.9925193786621094
3.4444444444444446,11.04304313659668
-0.1111111111111111,0.38266170024871826
-7.666666666666667,-3.839293956756592
0.1111111111111111,-0.945537805557251
-3.333333333333333,-2.664487361907959
-4.222222222222222,-0.438377320766449
-0.7777777777777778,10.158843994140625
-11.666666666666666,-4.207736968994141
-2.333333333333333,-2.1892249584198
-0.3333333333333333,-3.3539719581604004
17.88888888888889,3.8893158435821533
32.55555555555556,29.930747985839844
-11.0,3.388113021850586
-4.0,-2.0036733150482178
-6.777777777777778,-7.654063701629639
-15.333333333333334,-2.7280774116516113
-7.666666666666667,-2.007232666015625
-3.555555555555556,-2.8366379737854004
-2.7777777777777777,-0.4654497504234314
0.1111111111111111,-1.6093215942382812
38.11111111111112,17.46312141418457
-8.0,-5.372924327850342
-4.222222222222222,-2.8193233013153076
0.0,1.5753954648971558
23.55555555555556,22.986642837524414
1.7777777777777777,-3.6648647785186768
-2.7777777777777777,-4.226881980895996
-5.777777777777778,-0.9513320326805115
7.333333333333333,4.574278831481934
-6.555555555555555,-2.052760124206543
-9.333333333333334,-0.5091114044189453
5.111111111111111,-0.28573983907699585
-5.444444444444445,-0.14612933993339539
3.6666666666666665,-2.075676441192627
-6.555555555555555,-3.2762503623962402
19.444444444444443,18.900291442871094
-4.777777777777778,-1.9067422151565552
4.888888888888889,-1.3707629442214966
-3.2222222222222223,-6.344247341156006
-1.6666666666666667,0.002493619918823242
-7.555555555555555,-0.5813798904418945
-3.4444444444444446,-3.477663040161133
1.5555555555555556,-5.682215690612793
-7.555555555555555,-1.8854918479919434
-13.333333333333334,-2.8874690532684326
-5.0,-3.3035004138946533
-3.111111111111111,2.022143840789795
-8.777777777777779,-2.067988395690918
-1.1111111111111112,-1.3375463485717773
1.8888888888888888,-1.9104125499725342
-6.222222222222222,-3.072941541671753
-0.1111111111111111,-2.280622959136963
4.0,-0.8600018620491028
-18.22222222222222,-5.849155902862549
-1.7777777777777777,-3.44101881980896
-13.333333333333334,-2.57625675201416
-7.666666666666667,-2.4740216732025146
-1.6666666666666667,0.8839880228042603
-4.444444444444445,1.5890216827392578
-11.444444444444445,-1.247649908065796
2.888888888888889,-1.2051395177841187
27.0,27.754436492919922
1.8888888888888888,-2.9301018714904785
-8.88888888888889,-1.2548809051513672
-4.888888888888889,-2.01515531539917
-5.888888888888889,-4.554952144622803
-3.6666666666666665,-4.347587585449219
9.555555555555555,13.921262741088867
-1.6666666666666667,4.134917736053467
0.8888888888888888,-2.008174180984497
-13.666666666666666,-2.284571647644043
-3.555555555555556,-1.9077470302581787
-1.6666666666666667,-2.0953614711761475
8.88888888888889,10.571352005004883
-4.888888888888889,-2.7764105796813965
-3.888888888888889,-1.5266250371932983
-9.88888888888889,-3.7209484577178955
-1.5555555555555556,-0.2735140323638916
7.666666666666667,5.45551061630249
3.7777777777777777,-3.576486349105835
12.666666666666666,-3.5780398845672607
-4.555555555555555,-1.9716081619262695
13.555555555555555,8.198390007019043
6.777777777777778,-2.8641605377197266
-9.11111111111111,-3.461761236190796
-2.555555555555556,-1.8667598962783813
-1.4444444444444444,-7.376035690307617
-6.222222222222222,-10.012876510620117
-7.555555555555555,-3.313424825668335
1.0,0.4526808261871338
-1.4444444444444444,-0.3227752149105072
-9.88888888888889,-2.9442172050476074
1.2222222222222223,-2.438983917236328
2.2222222222222223,-2.8527865409851074
1.2222222222222223,-0.29539012908935547
8.444444444444445,-2.037471055984497
0.8888888888888888,-3.454326868057251
-10.444444444444445,-1.0024745464324951
4.444444444444445,-2.09043025970459
-1.6666666666666667,-1.4524918794631958
-3.888888888888889,-0.7907930612564087
3.2222222222222223,-2.1243762969970703
-5.666666666666667,0.9604651927947998
-9.0,-2.789649486541748
8.777777777777779,-0.2640090882778168
1.5555555555555556,-3.058218479156494
-2.555555555555556,-0.2172459363937378
4.777777777777778,1.458707571029663
-16.11111111111111,-4.119208335876465
-5.555555555555555,-3.0230824947357178
-1.8888888888888888,-2.911468029022217
25.11111111111111,20.99059295654297
-2.555555555555556,-1.535330891609192
-12.0,-9.752876281738281
-10.333333333333334,-1.8013558387756348
-7.333333333333333,-1.3462611436843872
0.0,1.9369592666625977
1.8888888888888888,-3.2041783332824707
1.4444444444444444,-2.4515562057495117
19.55555555555556,8.517184257507324
-5.222222222222222,-1.6167501211166382
0.3333333333333333,0.6066229939460754
1.1111111111111112,-3.390415906906128
25.666666666666668,25.076711654663086
-3.0,-0.7080324292182922
3.555555555555556,-0.7323070764541626
4.222222222222222,-0.46640563011169434
1.7777777777777777,-2.6086208820343018
31.444444444444443,-1.330022931098938
19.33333333333333,13.684396743774414
-1.6666666666666667,-3.3883845806121826
1.5555555555555556,1.9570672512054443
7.222222222222222,-0.14184057712554932
-3.7777777777777777,-3.789964199066162
-1.6666666666666667,-1.3128951787948608
0.2222222222222222,-2.2872118949890137
3.7777777777777777,3.421828269958496
-2.0,-5.90040397644043
1.6666666666666667,-0.5715199708938599
1.3333333333333333,-0.4523043930530548
0.1111111111111111,-0.486297607421875
-1.0,-2.4688637256622314
7.0,1.006812334060669
-3.111111111111111,-0.03903603553771973
9.11111111111111,-1.6953401565551758
3.6666666666666665,-2.9816155433654785
-4.888888888888889,-3.264310121536255
-1.6666666666666667,-1.3837709426879883
-3.555555555555556,-3.2276864051818848
-1.4444444444444444,-2.3743512630462646
-15.0,-1.5807089805603027
1.0,-2.63151216506958
5.333333333333333,-0.3283960223197937
5.444444444444445,-1.1087725162506104
-3.0,-3.699415683746338
-2.333333333333333,-0.39534083008766174
-5.111111111111111,-3.866590738296509
-3.6666666666666665,-1.67247474193573
2.7777777777777777,0.501603901386261
-8.777777777777779,-3.610177516937256
2.333333333333333,-1.1464167833328247
3.4444444444444446,1.8290750980377197
12.333333333333334,7.019014835357666
-1.0,-0.21728575229644775
1.6666666666666667,-1.6440472602844238
-1.1111111111111112,-1.9291307926177979
-5.0,-3.660827875137329
-5.222222222222222,-3.6702799797058105
-4.777777777777778,-6.32023811340332
0.5555555555555556,-0.526210367679596
6.0,6.400407314300537
13.77777777777778,6.965808868408203
6.666666666666667,-0.3007481098175049
-1.0,-2.9727606773376465
-3.7777777777777777,-0.020096302032470703
-5.777777777777778,-2.1370456218719482
-3.555555555555556,1.6856800317764282
0.2222222222222222,0.8128187656402588
-3.888888888888889,0.8155649304389954
-3.0,-6.203769207000732
-5.888888888888889,-4.12143087387085
5.0,4.98458194732666
-10.666666666666666,-2.4859440326690674
-3.333333333333333,-3.698045253753662
-9.666666666666666,-1.8540961742401123
2.7777777777777777,-1.9485504627227783
-7.333333333333333,-5.066244125366211
19.22222222222222,21.784271240234375
-12.333333333333334,-1.7232519388198853
-5.0,-5.735323429107666
-3.555555555555556,-1.6781173944473267
-13.666666666666666,-6.970139026641846
6.777777777777778,11.300469398498535
1.3333333333333333,-0.14120715856552124
48.22222222222222,5.068408489227295
3.2222222222222223,-1.3255761861801147
-4.0,0.2459927350282669
10.77777777777778,5.3618879318237305
-4.555555555555555,-3.2546985149383545
10.333333333333334,-0.7784332036972046
0.8888888888888888,-1.7210564613342285
-5.111111111111111,1.632014274597168
5.0,3.3554880619049072
-25.77777777777778,-5.8051533699035645
-6.777777777777778,-1.683923602104187
6.111111111111111,-1.0089517831802368
-9.22222222222222,-2.1597061157226562
-5.111111111111111,-1.477136254310608
1.7777777777777777,-5.616837501525879
4.777777777777778,-2.071955680847168
16.11111111111111,-0.8250998258590698
-0.8888888888888888,-1.0149263143539429
-2.888888888888889,-4.558438301086426
4.666666666666667,-2.631513833999634
-3.2222222222222223,0.5977640151977539
11.0,-0.4388717710971832
6.777777777777778,7.7850117683410645
-3.2222222222222223,-2.2904934883117676
5.111111111111111,-3.0344724655151367
-10.22222222222222,-1.0428417921066284
2.333333333333333,-3.6249372959136963
2.2222222222222223,-3.5872743129730225
-14.77777777777778,-2.496556520462036
0.8888888888888888,-3.1577606201171875
-8.777777777777779,-2.2904934883117676
2.888888888888889,-2.345367670059204
-5.333333333333333,-2.1743338108062744
-2.0,-3.6488020420074463
0.1111111111111111,-1.8206381797790527
-1.0,-1.8109793663024902
1.2222222222222223,-1.9140316247940063
11.444444444444445,4.181244850158691
-2.0,-2.7340846061706543
-1.4444444444444444,-1.2546980381011963
-5.333333333333333,-2.7437760829925537
-4.777777777777778,-1.4723438024520874
-2.7777777777777777,-2.702223777770996
4.333333333333333,-2.7979249954223633
-0.8888888888888888,-1.7242343425750732
7.222222222222222,-0.8164560198783875
-6.777777777777778,-3.1457626819610596
28.22222222222222,8.434066772460938
6.555555555555555,-2.5262961387634277
0.8888888888888888,11.298121452331543
-6.555555555555555,-0.8302846550941467
1.3333333333333333,-1.3410440683364868
-1.5555555555555556,0.1330198049545288
0.7777777777777778,-2.911410093307495
-1.2222222222222223,-0.2466019093990326
-7.333333333333333,-0.6485496163368225
-4.333333333333333,-0.8948426246643066
-0.6666666666666666,-1.177054762840271
-3.2222222222222223,0.6251465082168579
-8.11111111111111,-1.1828325986862183
6.666666666666667,-2.8019440174102783
-4.777777777777778,-2.299623966217041
-7.222222222222222,-3.2943501472473145
-4.222222222222222,-5.104973793029785
3.888888888888889,3.8613853454589844
1.7777777777777777,-2.3562793731689453
-2.7777777777777777,2.06133770942688
0.4444444444444444,-2.8543198108673096
-7.666666666666667,-4.39119291305542
10.0,-2.198967695236206
2.0,-1.5842468738555908
1.4444444444444444,-1.5088047981262207
3.2222222222222223,-1.9254450798034668
-6.111111111111111,-3.3265395164489746
-2.0,-0.5239980220794678
-6.888888888888889,-2.13346004486084
6.222222222222222,-0.639556884765625
-5.111111111111111,-2.7868802547454834
-3.4444444444444446,-0.46126678586006165
-3.333333333333333,-3.1651742458343506
0.5555555555555556,-2.2154762744903564
-7.222222222222222,-4.169947624206543
2.111111111111111,-2.046276330947876
-1.6666666666666667,-3.2937686443328857
19.88888888888889,24.241844177246094
-5.666666666666667,-1.9710932970046997
0.1111111111111111,-0.43902552127838135
0.0,-1.6841033697128296
-1.4444444444444444,-4.457311153411865
-1.4444444444444444,-0.7455418705940247
1.1111111111111112,-0.9288168549537659
-1.4444444444444444,-0.4645960330963135
-4.777777777777778,-3.0937371253967285
-16.88888888888889,-2.0189833641052246
-3.2222222222222223,-4.33617639541626
3.6666666666666665,-2.580195903778076
-5.555555555555555,-1.944693922996521
0.7777777777777778,-3.045957088470459
0.4444444444444444,0.2691057026386261
-1.3333333333333333,-1.820858359336853
-1.5555555555555556,-0.4290426969528198
-3.2222222222222223,-1.3562815189361572
14.88888888888889,-0.18134021759033203
-1.4444444444444444,-3.3563666343688965
-0.6666666666666666,-3.524279832839966
-1.8888888888888888,-3.301633834838867
0.4444444444444444,-3.9390475749969482
-6.0,-3.111171245574951
-47.22222222222222,-2.862818717956543
40.55555555555556,24.856903076171875
-7.666666666666667,1.0596973896026611
2.6666666666666665,-4.754772186279297
-3.0,-3.3283355236053467
-1.5555555555555556,-3.461320161819458
2.7777777777777777,-1.0454648733139038
-3.7777777777777777,-1.1205846071243286
-8.555555555555555,-3.5286896228790283
-3.7777777777777777,-0.6959761381149292
-1.7777777777777777,-2.114159107208252
3.0,1.103237509727478
16.22222222222222,2.130190134048462
-7.0,-1.8313415050506592
-4.666666666666667,-2.2761588096618652
4.111111111111111,-5.083695411682129
-1.4444444444444444,-3.1460628509521484
0.0,-2.2449045181274414
-3.111111111111111,-3.148336410522461
1.5555555555555556,-3.8721911907196045
-1.7777777777777777,-1.303031086921692
-6.222222222222222,0.036151885986328125
-5.666666666666667,-2.6910994052886963
-1.2222222222222223,-1.3461062908172607
-3.555555555555556,-1.3158838748931885
-12.77777777777778,0.24933001399040222
-3.0,-3.8409528732299805
-1.2222222222222223,2.2458314895629883
-10.22222222222222,-2.2311902046203613
12.444444444444445,-0.7572318315505981
9.22222222222222,4.0145134925842285
-5.777777777777778,-3.3513529300689697
-5.888888888888889,-3.534168004989624
0.3333333333333333,-1.269033670425415
3.6666666666666665,-4.3158650398254395
-3.0,-2.5609383583068848
-19.88888888888889,-5.8981451988220215
-6.333333333333333,-1.9795461893081665
-0.2222222222222222,-3.287371873855591
-4.777777777777778,-0.22945620119571686
-3.888888888888889,-1.3669357299804688
1.4444444444444444,-2.7925031185150146
-2.888888888888889,-1.3990936279296875
1.5555555555555556,-2.524778127670288
-1.7777777777777777,-0.17920184135437012
-12.333333333333334,-1.1814935207366943
16.11111111111111,6.632061004638672
-3.888888888888889,-1.5043587684631348
-2.555555555555556,-2.476489782333374
2.888888888888889,0.14950229227542877
-3.2222222222222223,-3.31770396232605
-0.6666666666666666,-5.483412742614746
13.666666666666666,17.621471405029297
11.333333333333334,10.644783973693848
-7.666666666666667,-2.7230300903320312
-15.555555555555555,-0.9149001836776733
-3.555555555555556,-2.083102226257324
-1.4444444444444444,-3.0710723400115967
-1.6666666666666667,-4.080571174621582
-9.0,-2.0560946464538574
11.666666666666666,11.430705070495605
-20.88888888888889,-0.35015296936035156
-5.777777777777778,-3.488835573196411
3.333333333333333,-1.6470880508422852
1.4444444444444444,-0.41350069642066956
-3.111111111111111,-1.8910741806030273
1.2222222222222223,-1.5607351064682007
3.555555555555556,0.5449244976043701
-9.444444444444445,-3.1547911167144775
-3.0,-3.602247953414917
-8.444444444444445,-2.2102527618408203
-0.6666666666666666,-0.711689829826355
-4.555555555555555,-1.8984622955322266
-2.2222222222222223,-1.4794946908950806
-0.5555555555555556,-3.735114812850952
-4.333333333333333,-2.553209066390991
-2.4444444444444446,-5.541825294494629
-8.222222222222221,-0.49816012382507324
-0.7777777777777778,-2.1514530181884766
-17.555555555555557,-2.6396281719207764
1.1111111111111112,-2.550466775894165
-0.1111111111111111,-1.2856332063674927
-3.888888888888889,-3.2589383125305176
-5.666666666666667,-4.516144752502441
0.4444444444444444,0.04875895380973816
-11.444444444444445,-2.7230300903320312
-5.777777777777778,-4.086874485015869
-2.4444444444444446,-2.298367500305176
-1.3333333333333333,-2.2606918811798096
-2.888888888888889,-3.6052024364471436
-0.2222222222222222,-4.255098819732666
3.4444444444444446,7.3843207359313965
-15.77777777777778,-4.037944316864014
-1.8888888888888888,-2.759004592895508
2.111111111111111,5.718862056732178
2.888888888888889,-3.2728326320648193
4.333333333333333,3.4843902587890625
-4.444444444444445,-1.0300028324127197
16.555555555555557,24.531917572021484
0.8888888888888888,-1.174984335899353
-0.4444444444444444,3.263489007949829
-17.0,0.2177695482969284
-1.7777777777777777,-2.012739658355713
-5.888888888888889,-0.8929829597473145
5.111111111111111,5.736543655395508
-1.2222222222222223,-4.336765766143799
3.7777777777777777,-0.3763958811759949
22.77777777777778,21.863388061523438
0.5555555555555556,7.423048496246338
4.111111111111111,-5.878045558929443
4.0,-0.5471804141998291
-3.2222222222222223,0.2658780813217163
21.33333333333333,7.107141017913818
5.333333333333333,-3.0981857776641846
11.11111111111111,-0.6033796072006226
-3.2222222222222223,-0.8349573612213135
0.2222222222222222,-1.3831815719604492
-2.2222222222222223,-3.384920597076416
-24.33333333333333,-3.0633931159973145
-3.333333333333333,-3.3400371074676514
5.555555555555555,-2.207893133163452
2.2222222222222223,4.185728073120117
-0.3333333333333333,-1.7947696447372437
-0.3333333333333333,-3.5665624141693115
-0.1111111111111111,-0.43192511796951294
-3.4444444444444446,-2.190031051635742
-1.1111111111111112,0.017554640769958496
-9.88888888888889,-1.0864635705947876
1.4444444444444444,-0.42782530188560486
-5.555555555555555,-1.9438354969024658
-12.444444444444445,-3.6112747192382812
3.333333333333333,0.1166369840502739
8.222222222222221,-3.9384584426879883
-9.555555555555555,-2.5448050498962402
-0.8888888888888888,-0.623504638671875
-2.333333333333333,-3.1397347450256348
-0.6666666666666666,-4.994358062744141
-1.7777777777777777,-3.8344063758850098
17.88888888888889,0.08093799650669098
-5.888888888888889,-2.6877801418304443
-0.7777777777777778,-2.793154716491699
-3.0,-2.2050578594207764
-1.2222222222222223,-1.3609682321548462
-6.555555555555555,-0.4695080816745758
-5.888888888888889,8.010265350341797
1.7777777777777777,-0.22974631190299988
-8.444444444444445,-3.0270581245422363
1.4444444444444444,0.051872819662094116
-0.4444444444444444,-2.6988651752471924
0.1111111111111111,-1.0885014533996582
-5.111111111111111,-1.876089334487915
-12.0,-3.683152675628662
-3.333333333333333,-1.193229079246521
-3.333333333333333,-3.8829689025878906
5.0,0.07031723111867905
-0.6666666666666666,-0.48160141706466675
3.6666666666666665,-0.026278287172317505
-6.444444444444445,-2.8997673988342285
6.111111111111111,-0.9589698910713196
-6.222222222222222,-2.012526512145996
-3.0,-1.1001441478729248
-0.3333333333333333,-2.363231897354126
-3.555555555555556,-1.128000259399414
-7.333333333333333,-4.133089542388916
27.55555555555556,8.680684089660645
-8.444444444444445,-1.6698168516159058
-0.1111111111111111,-2.968635082244873
2.888888888888889,0.8621463775634766
-0.5555555555555556,-3.866173505783081
4.777777777777778,4.860446929931641
-2.6666666666666665,-3.2525954246520996
-37.888888888888886,-2.536494255065918
-0.4444444444444444,-3.812263011932373
-6.888888888888889,5.782033920288086
-6.0,-2.82472562789917
-2.888888888888889,-0.8443201780319214
4.0,-2.9082090854644775
-1.4444444444444444,-1.8000611066818237
-2.555555555555556,4.083169460296631
-3.0,-2.344813346862793
1.4444444444444444,-0.03202807903289795
0.3333333333333333,2.4071669578552246
-1.5555555555555556,-2.7675676345825195
-2.888888888888889,-4.003136157989502
-5.888888888888889,-5.9463276863098145
1.7777777777777777,-2.2019293308258057
-6.444444444444445,-2.7691054344177246
12.333333333333334,17.66222381591797
1.1111111111111112,-0.8968729376792908
-2.555555555555556,-2.3481557369232178
-3.111111111111111,-3.5677738189697266
-1.4444444444444444,-3.226405143737793
-12.333333333333334,-1.2060744762420654
12.555555555555555,8.776205062866211
-6.777777777777778,-3.2903385162353516
-0.8888888888888888,-1.4897639751434326
5.222222222222222,-2.007225513458252
-2.111111111111111,-16.477020263671875
0.0,-0.2641359567642212
-0.8888888888888888,-2.4620330333709717
1.4444444444444444,-0.1530447006225586
0.4444444444444444,-3.1980912685394287
1.3333333333333333,-3.148268938064575
-6.777777777777778,-2.978140354156494
-7.777777777777778,0.006724603474140167
7.555555555555555,0.4354039132595062
-24.55555555555556,-1.0914603471755981
32.22222222222222,32.833499908447266
9.333333333333334,-1.8238084316253662
8.777777777777779,-0.09010863304138184
-4.777777777777778,-3.3964993953704834
-6.333333333333333,-5.080751419067383
