Score,Pred Score
-0.6666666666666666,-1.1438441276550293
7.333333333333333,0.6026830673217773
-0.4444444444444444,-2.815521478652954
-4.111111111111111,-3.4755043983459473
-7.333333333333333,-6.24685001373291
1.3333333333333333,1.8523447513580322
-8.444444444444445,-7.609689712524414
1.6666666666666667,-8.881603240966797
3.333333333333333,-2.827065944671631
2.111111111111111,9.9427490234375
0.1111111111111111,-4.2031450271606445
11.22222222222222,2.642665386199951
-3.111111111111111,-4.561640739440918
-3.888888888888889,-1.182030200958252
14.11111111111111,0.8480465412139893
-4.444444444444445,3.639179229736328
6.0,-2.7351315021514893
12.555555555555555,10.989540100097656
-0.8888888888888888,-6.371816158294678
-4.0,-2.9026222229003906
-1.1111111111111112,-3.3557257652282715
-3.555555555555556,-2.2564537525177
-10.666666666666666,-2.3349270820617676
9.11111111111111,-0.4098093509674072
-1.7777777777777777,-4.541135311126709
-3.4444444444444446,-7.349194526672363
23.22222222222222,10.79738998413086
0.8888888888888888,-3.9194674491882324
0.3333333333333333,-2.5227620601654053
-3.7777777777777777,-14.951327323913574
2.111111111111111,-5.414578914642334
-2.2222222222222223,-4.0121660232543945
-2.2222222222222223,-1.4329510927200317
3.111111111111111,-0.2964223623275757
0.1111111111111111,0.8683407306671143
-2.555555555555556,-0.4861643314361572
-0.2222222222222222,-4.6374640464782715
3.111111111111111,4.654017925262451
-4.444444444444445,-5.3339056968688965
-5.222222222222222,-1.1118383407592773
4.0,13.922322273254395
-4.777777777777778,-2.100257396697998
1.0,-3.8431766033172607
-4.111111111111111,0.6066837310791016
-4.777777777777778,-1.7708786725997925
14.11111111111111,-0.7438945770263672
2.2222222222222223,-0.24643349647521973
-4.888888888888889,-5.115122318267822
-6.888888888888889,-3.669999361038208
-9.444444444444445,9.480342864990234
13.666666666666666,1.476963996887207
3.4444444444444446,1.425551176071167
-8.222222222222221,-3.0332095623016357
5.777777777777778,-0.4929168224334717
0.0,-0.13860678672790527
13.666666666666666,13.39816665649414
-1.0,0.13697725534439087
7.333333333333333,-4.219241142272949
-2.888888888888889,-1.3906633853912354
-7.111111111111111,-3.5231127738952637
-1.2222222222222223,-4.241161346435547
0.0,0.9133225679397583
-7.666666666666667,-5.7755632400512695
-1.5555555555555556,2.633584499359131
11.88888888888889,10.310245513916016
-4.666666666666667,-2.9003336429595947
-10.333333333333334,-2.3195536136627197
-9.555555555555555,-9.234528541564941
-2.6666666666666665,-3.3453729152679443
-3.333333333333333,-3.322500705718994
1.8888888888888888,-4.0652313232421875
-5.666666666666667,-2.8941993713378906
-3.888888888888889,2.264741897583008
-1.5555555555555556,1.1966692209243774
-1.8888888888888888,-5.276134490966797
-7.888888888888889,1.2431156635284424
0.4444444444444444,1.0335757732391357
3.555555555555556,5.466125011444092
-0.8888888888888888,-0.930991530418396
-5.777777777777778,-1.9193100929260254
-2.888888888888889,-0.5398796796798706
-2.111111111111111,0.3505769968032837
46.333333333333336,0.6714219450950623
0.8888888888888888,-0.11321401596069336
1.1111111111111112,-3.1700973510742188
0.0,-5.092110633850098
10.0,1.9051263332366943
-1.1111111111111112,2.5002737045288086
8.555555555555555,-1.168386459350586
-4.777777777777778,0.8953979015350342
0.2222222222222222,-1.3362960815429688
8.222222222222221,0.635082483291626
10.11111111111111,13.005171775817871
-2.555555555555556,-2.190027952194214
-4.888888888888889,-3.33152437210083
20.88888888888889,7.772200584411621
19.33333333333333,7.445467472076416
-1.3333333333333333,5.703155994415283
-4.111111111111111,-0.7005789279937744
-2.7777777777777777,-1.0956906080245972
9.0,3.497403383255005
-6.111111111111111,5.645369529724121
-3.7777777777777777,-4.705845832824707
-5.0,-2.1579887866973877
-3.0,-2.389979124069214
-6.222222222222222,-5.579915523529053
-6.333333333333333,-2.6327133178710938
-1.8888888888888888,-9.308910369873047
3.111111111111111,2.1694459915161133
-4.888888888888889,-5.280854225158691
6.777777777777778,0.45795369148254395
-4.444444444444445,-4.885201930999756
7.666666666666667,2.04939866065979
0.5555555555555556,-5.248335838317871
-7.0,-4.488266468048096
-10.0,6.186671733856201
-0.5555555555555556,-0.28959327936172485
0.1111111111111111,1.0657947063446045
-3.4444444444444446,0.8991754055023193
6.777777777777778,1.482020616531372
-6.0,-0.813089907169342
-3.333333333333333,-0.21388089656829834
8.777777777777779,9.030831336975098
-6.333333333333333,-1.594961404800415
-7.444444444444445,-8.538239479064941
0.1111111111111111,-1.672541856765747
-4.0,-5.044215202331543
6.222222222222222,0.49950075149536133
-3.4444444444444446,1.5502219200134277
4.777777777777778,-2.2303102016448975
-2.111111111111111,-6.717748641967773
-4.111111111111111,4.886624336242676
11.88888888888889,0.596097469329834
-0.5555555555555556,-1.5721220970153809
4.444444444444445,-8.902019500732422
-0.3333333333333333,-5.300088405609131
-4.555555555555555,-2.457062244415283
-0.7777777777777778,-1.9094605445861816
-2.2222222222222223,-3.4444775581359863
-5.222222222222222,-8.238144874572754
10.444444444444445,11.72983455657959
-3.4444444444444446,4.807883262634277
-3.7777777777777777,4.3559489250183105
0.2222222222222222,-1.342057704925537
-4.0,-2.338515520095825
-22.444444444444443,-2.8132221698760986
-5.777777777777778,-6.840787887573242
-4.222222222222222,5.555305480957031
-2.333333333333333,-2.161626100540161
5.555555555555555,3.19675874710083
23.0,-2.352501392364502
4.777777777777778,-0.3004838228225708
-18.88888888888889,-5.385961055755615
-10.22222222222222,0.5765190124511719
5.222222222222222,-2.687854528427124
-5.0,5.727355003356934
7.444444444444445,0.24216246604919434
6.333333333333333,-0.5680563449859619
1.4444444444444444,-4.069157123565674
-0.8888888888888888,-2.1381521224975586
3.111111111111111,-4.9108076095581055
0.5555555555555556,-1.0401595830917358
-1.8888888888888888,-3.1478559970855713
-11.77777777777778,-1.0401595830917358
-5.555555555555555,-1.6466071605682373
-1.3333333333333333,-0.6782445311546326
-1.8888888888888888,-0.8481173515319824
0.0,8.559660911560059
0.8888888888888888,-3.0868804454803467
5.0,-4.324464321136475
2.4444444444444446,-0.1794590950012207
-0.1111111111111111,4.288103103637695
2.111111111111111,-0.08764827251434326
-0.2222222222222222,5.10037088394165
19.444444444444443,11.05793571472168
3.7777777777777777,6.025371074676514
-3.111111111111111,-3.7215707302093506
7.555555555555555,2.6534483432769775
1.5555555555555556,0.6225855350494385
-1.1111111111111112,-3.448545217514038
-1.6666666666666667,-2.5770835876464844
3.111111111111111,-0.151147723197937
-1.6666666666666667,8.493075370788574
1.3333333333333333,-0.7709091901779175
-10.555555555555555,-2.7503082752227783
-5.333333333333333,-3.836437225341797
-0.8888888888888888,-0.931330680847168
-6.111111111111111,-1.0872132778167725
-12.333333333333334,-0.3885345458984375
-6.111111111111111,-0.7871062755584717
-6.111111111111111,2.632749557495117
-10.22222222222222,7.431154251098633
4.444444444444445,0.8733634948730469
-2.555555555555556,0.6091175079345703
-8.777777777777779,-0.04827380180358887
-14.555555555555555,-4.750985145568848
-15.0,10.526485443115234
31.33333333333333,13.82921314239502
-20.11111111111111,3.5235395431518555
-3.4444444444444446,-1.415751576423645
-0.1111111111111111,-3.6486268043518066
-1.3333333333333333,5.956554412841797
1.6666666666666667,-1.1462208032608032
-4.888888888888889,-2.026353597640991
2.333333333333333,-2.9032022953033447
-13.333333333333334,-10.957086563110352
0.5555555555555556,0.8754310607910156
1.2222222222222223,10.456087112426758
-8.777777777777779,-0.7269176840782166
-0.2222222222222222,1.4622117280960083
3.2222222222222223,-2.354257822036743
-2.7777777777777777,-5.2374773025512695
-3.333333333333333,-3.9647722244262695
-5.0,-1.8753877878189087
-3.333333333333333,-2.233048439025879
-6.777777777777778,-0.7102465033531189
1.0,-1.440502405166626
-4.444444444444445,-1.8404279947280884
-2.111111111111111,-2.56774640083313
-20.55555555555556,-8.370536804199219
3.333333333333333,-0.6161642074584961
-4.777777777777778,-0.5676584243774414
-1.4444444444444444,1.3845031261444092
-9.11111111111111,-4.638144493103027
-12.666666666666666,-3.023698091506958
-21.11111111111111,7.854987144470215
3.555555555555556,6.102374076843262
-4.777777777777778,0.10908234119415283
-5.888888888888889,-0.9158494472503662
-7.555555555555555,-1.7193753719329834
-3.555555555555556,-1.2699475288391113
3.0,2.3803443908691406
4.0,0.41361379623413086
-5.333333333333333,-0.7104098796844482
17.444444444444443,11.285979270935059
-11.77777777777778,-5.098471641540527
-4.888888888888889,-0.6997339725494385
6.444444444444445,0.03497934341430664
4.0,3.48467755317688
-9.88888888888889,1.0736608505249023
15.77777777777778,3.7804887294769287
0.6666666666666666,-1.920668363571167
-9.444444444444445,-3.5879554748535156
-1.7777777777777777,-1.322573184967041
2.333333333333333,12.824252128601074
-4.222222222222222,-1.998080849647522
-8.11111111111111,-3.8580002784729004
1.8888888888888888,-4.480900287628174
-12.555555555555555,-4.577995300292969
5.444444444444445,-1.991127610206604
-3.111111111111111,-2.4613685607910156
-2.555555555555556,-0.9233064651489258
5.666666666666667,-0.22729921340942383
1.4444444444444444,-1.3278794288635254
-3.0,-0.3712735176086426
-0.1111111111111111,5.064314365386963
1.1111111111111112,-3.657040596008301
-0.8888888888888888,2.116133451461792
-7.333333333333333,-3.924194574356079
-13.77777777777778,-7.34434700012207
0.7777777777777778,-3.668100357055664
-2.6666666666666665,-1.9285609722137451
-19.55555555555556,-12.114704132080078
5.0,-3.0086615085601807
-2.2222222222222223,10.681596755981445
1.0,1.447220802307129
-3.0,0.7542798519134521
-3.888888888888889,-3.613349199295044
-3.4444444444444446,-9.190206527709961
5.0,-0.43186497688293457
19.22222222222222,14.993515014648438
-2.4444444444444446,0.4521462917327881
6.222222222222222,-5.703333854675293
-5.333333333333333,-5.176578521728516
-10.77777777777778,-6.103132247924805
0.0,-4.805880546569824
1.8888888888888888,-2.286928176879883
21.55555555555556,14.395899772644043
-7.777777777777778,-6.135947227478027
-7.222222222222222,-4.826479911804199
-1.7777777777777777,-1.3188263177871704
5.444444444444445,1.4698286056518555
-3.888888888888889,-2.4276840686798096
-8.222222222222221,-6.70503044128418
6.111111111111111,-1.5905306339263916
2.7777777777777777,-0.648780107498169
-6.333333333333333,-6.389409065246582
0.2222222222222222,-3.706514358520508
-7.777777777777778,1.538722038269043
1.2222222222222223,-7.152891159057617
3.4444444444444446,-4.715824127197266
-2.888888888888889,-5.720005035400391
14.88888888888889,4.447465896606445
-1.7777777777777777,-1.251773715019226
-3.888888888888889,-6.686618804931641
-5.777777777777778,-0.7448588013648987
27.11111111111111,8.473916053771973
1.7777777777777777,-0.1043623685836792
0.3333333333333333,-3.9142003059387207
-12.77777777777778,-8.905559539794922
27.88888888888889,13.488247871398926
-4.222222222222222,-1.7488821744918823
-1.2222222222222223,5.913969039916992
-3.0,-2.4699056148529053
3.6666666666666665,5.912599563598633
-1.5555555555555556,-0.3605663776397705
-4.222222222222222,-3.0405595302581787
-0.7777777777777778,5.281632423400879
6.777777777777778,12.07979679107666
-0.7777777777777778,-0.6374244689941406
-8.777777777777779,-1.1798728704452515
0.2222222222222222,3.2764534950256348
-0.2222222222222222,-0.6846745014190674
-8.0,-1.5639923810958862
-4.333333333333333,-2.7097957134246826
-3.0,3.409510850906372
-7.666666666666667,-3.691167116165161
1.1111111111111112,-3.377122402191162
-0.5555555555555556,-3.5222487449645996
-2.111111111111111,-0.40756702423095703
-7.555555555555555,-2.545511245727539
17.666666666666668,1.9832227230072021
-8.11111111111111,-2.5229904651641846
19.55555555555556,5.623317718505859
-6.555555555555555,1.5289287567138672
10.555555555555555,5.977138042449951
-14.444444444444445,-12.489736557006836
6.666666666666667,-3.0351176261901855
-3.888888888888889,-0.597808837890625
-6.333333333333333,0.5552949905395508
-6.666666666666667,-3.199467897415161
-4.444444444444445,2.280775308609009
-2.111111111111111,5.293737411499023
-10.333333333333334,-4.781778812408447
-6.111111111111111,-2.5954084396362305
20.666666666666668,10.04382610321045
-5.444444444444445,0.7368042469024658
7.555555555555555,-4.627532958984375
-1.4444444444444444,0.2065798044204712
-7.222222222222222,-2.7517311573028564
-3.111111111111111,-5.661157608032227
-3.555555555555556,-5.092463970184326
-2.4444444444444446,-0.304502010345459
-1.1111111111111112,-2.7616593837738037
-7.555555555555555,-1.473938226699829
10.11111111111111,-0.4806783199310303
-1.4444444444444444,-1.1527793407440186
-2.333333333333333,-2.6494393348693848
-1.6666666666666667,-3.457395315170288
8.88888888888889,2.539281129837036
-3.888888888888889,-0.7771637439727783
-6.222222222222222,-3.8473262786865234
-11.88888888888889,-7.473481178283691
-1.5555555555555556,-3.4308018684387207
7.111111111111111,0.7994546890258789
4.666666666666667,-2.577958345413208
2.4444444444444446,-6.238295078277588
1.5555555555555556,1.029390811920166
3.333333333333333,-1.498319387435913
-10.11111111111111,-2.7596492767333984
-8.444444444444445,-2.1834323406219482
-2.555555555555556,-8.107959747314453
2.4444444444444446,-4.137588977813721
2.888888888888889,-5.09867000579834
-4.111111111111111,-5.665201187133789
-10.444444444444445,-4.215776443481445
17.666666666666668,10.48194408416748
27.77777777777778,7.3063554763793945
-1.7777777777777777,2.623804807662964
11.88888888888889,-0.22700047492980957
0.5555555555555556,-3.6650450229644775
6.444444444444445,5.271758556365967
-4.0,-3.2795393466949463
-7.444444444444445,-4.175811290740967
-4.555555555555555,-2.1012773513793945
12.333333333333334,10.340559959411621
6.0,-1.2328675985336304
-2.0,-2.7826120853424072
1.6666666666666667,0.5867272615432739
17.333333333333332,14.215920448303223
10.11111111111111,1.5810723304748535
-1.2222222222222223,-4.89653205871582
5.666666666666667,9.555354118347168
-3.0,-7.175136566162109
-0.2222222222222222,2.2760417461395264
6.888888888888889,1.293304443359375
1.4444444444444444,-3.5891056060791016
-1.2222222222222223,-7.609816074371338
-2.333333333333333,2.6376700401306152
-7.888888888888889,-2.9295003414154053
20.22222222222222,14.12214183807373
-6.111111111111111,-5.1728997230529785
-12.444444444444445,1.6522111892700195
-7.888888888888889,-0.13617146015167236
1.2222222222222223,-7.828587532043457
-2.888888888888889,-2.037893772125244
-17.333333333333332,-0.17424452304840088
0.0,-8.508414268493652
5.222222222222222,2.0889837741851807
5.111111111111111,-3.6648707389831543
-5.444444444444445,-2.3145501613616943
10.22222222222222,-1.762270450592041
-1.6666666666666667,-0.6178683042526245
-4.444444444444445,-1.9400053024291992
18.11111111111111,6.651767730712891
-4.777777777777778,-3.694451093673706
5.333333333333333,2.427590847015381
-2.555555555555556,-2.454528331756592
5.888888888888889,13.422026634216309
8.11111111111111,5.214361190795898
-0.4444444444444444,0.28457289934158325
-5.444444444444445,-2.2557976245880127
-0.6666666666666666,4.247133255004883
-5.444444444444445,-9.325526237487793
-17.0,-2.9996557235717773
-1.0,2.211721897125244
2.333333333333333,0.5653300285339355
0.2222222222222222,-5.157262325286865
-2.7777777777777777,-3.4749655723571777
-6.777777777777778,1.231398105621338
0.4444444444444444,-2.0999999046325684
0.6666666666666666,-6.524999618530273
-0.7777777777777778,-2.0198378562927246
-7.555555555555555,-0.5483131408691406
-7.333333333333333,-2.9940409660339355
-12.77777777777778,0.6568441390991211
0.2222222222222222,-2.3846282958984375
9.77777777777778,6.698586940765381
-6.222222222222222,-4.793468952178955
-4.888888888888889,-3.2727789878845215
-10.11111111111111,9.082681655883789
-8.777777777777779,-2.9342918395996094
-2.111111111111111,-0.8522063493728638
1.6666666666666667,-8.149715423583984
-0.7777777777777778,2.0110182762145996
-0.1111111111111111,-3.1766293048858643
-0.5555555555555556,-0.03522133827209473
-6.666666666666667,-1.762270450592041
-9.88888888888889,-5.368575096130371
-8.666666666666666,-7.473462104797363
0.6666666666666666,-0.24310362339019775
-0.7777777777777778,5.949092388153076
0.3333333333333333,-2.698079824447632
1.3333333333333333,-1.5255553722381592
-2.2222222222222223,-2.715819835662842
-6.444444444444445,-6.615656852722168
2.4444444444444446,-0.30972790718078613
-5.555555555555555,-10.353074073791504
-8.444444444444445,-4.514294147491455
15.0,1.229898452758789
2.2222222222222223,5.566029071807861
2.6666666666666665,9.039945602416992
-2.7777777777777777,-9.982311248779297
-5.222222222222222,0.9024105072021484
-8.555555555555555,-0.9840011596679688
-3.0,-0.05160212516784668
-1.6666666666666667,1.338268756866455
-1.0,-2.230794906616211
-0.4444444444444444,2.8893380165100098
37.11111111111112,3.212538242340088
-4.444444444444445,-3.634828567504883
0.5555555555555556,-5.262836933135986
-16.0,-8.27578067779541
-10.22222222222222,-7.502636909484863
-2.333333333333333,-3.638779640197754
-4.333333333333333,2.009484052658081
-1.8888888888888888,-3.236624002456665
-4.777777777777778,8.568599700927734
-8.666666666666666,-1.0466463565826416
0.5555555555555556,0.932694673538208
17.333333333333332,1.5606939792633057
1.5555555555555556,-5.508585453033447
-4.222222222222222,-2.0833771228790283
-6.111111111111111,-4.769622325897217
6.222222222222222,-3.3789024353027344
-1.3333333333333333,-4.898139476776123
6.333333333333333,2.966139316558838
9.444444444444445,2.205948829650879
-0.1111111111111111,-8.69719123840332
-6.0,-1.9946842193603516
-4.666666666666667,-2.0039968490600586
-6.666666666666667,-0.02765488624572754
12.77777777777778,15.734490394592285
0.2222222222222222,-4.516108989715576
-14.555555555555555,-2.6925392150878906
-9.333333333333334,1.1176320314407349
2.6666666666666665,-2.681307315826416
-1.3333333333333333,-3.974886655807495
-12.555555555555555,2.1403372287750244
-8.777777777777779,-1.1334532499313354
2.6666666666666665,-1.9110578298568726
-7.222222222222222,-5.249650955200195
2.6666666666666665,-9.808792114257812
-6.444444444444445,-8.047847747802734
-42.55555555555556,-13.79589557647705
4.777777777777778,6.625612735748291
0.5555555555555556,-0.8509979248046875
-9.666666666666666,-8.688823699951172
9.77777777777778,14.864141464233398
9.444444444444445,4.212958812713623
-2.7777777777777777,-5.829350471496582
2.0,1.7461268901824951
-2.111111111111111,-3.348397970199585
-10.666666666666666,5.336636543273926
-3.888888888888889,-6.824265480041504
-0.6666666666666666,-1.6163792610168457
-6.111111111111111,-4.506891250610352
-2.555555555555556,-6.5822038650512695
-5.444444444444445,0.6404380798339844
-3.6666666666666665,-2.8612074851989746
2.555555555555556,0.6926407814025879
4.333333333333333,-1.670389175415039
-5.555555555555555,-1.703271508216858
-0.6666666666666666,-2.8058862686157227
-1.6666666666666667,2.837350845336914
1.5555555555555556,-4.020082950592041
-8.0,-2.6521337032318115
1.2222222222222223,-0.9427810907363892
12.333333333333334,14.811302185058594
0.4444444444444444,0.5478761196136475
0.2222222222222222,-0.8191604614257812
0.4444444444444444,2.530550003051758
0.1111111111111111,-1.4459161758422852
0.3333333333333333,-5.060534477233887
1.2222222222222223,2.9540390968322754
-1.4444444444444444,0.28552818298339844
2.888888888888889,0.21727561950683594
14.88888888888889,17.80099105834961
0.1111111111111111,-1.8265669345855713
-4.888888888888889,4.035541534423828
19.55555555555556,12.100602149963379
-3.7777777777777777,-3.4077043533325195
-2.7777777777777777,-5.075979232788086
-4.0,3.448105812072754
-4.111111111111111,-2.3480007648468018
-0.1111111111111111,-12.210921287536621
2.333333333333333,-0.034232139587402344
0.6666666666666666,9.693305015563965
1.0,0.7463853359222412
-5.111111111111111,1.5385780334472656
-1.2222222222222223,-2.75718092918396
-3.111111111111111,-4.8706183433532715
-16.333333333333332,-0.808834433555603
-7.555555555555555,-0.9916032552719116
-7.777777777777778,-1.7131891250610352
-1.5555555555555556,-0.26914358139038086
-7.333333333333333,-4.850971698760986
1.1111111111111112,-0.3263324499130249
3.333333333333333,-0.5144252777099609
-6.444444444444445,-2.0609679222106934
-6.0,-3.459310531616211
-1.7777777777777777,-0.6252123117446899
3.2222222222222223,3.493953227996826
1.0,0.11020517349243164
-8.0,-11.972970962524414
0.4444444444444444,7.325944423675537
1.8888888888888888,0.7711018323898315
8.88888888888889,-2.5323853492736816
-0.5555555555555556,-3.907470226287842
-8.444444444444445,-5.078667640686035
0.4444444444444444,0.037045955657958984
-2.7777777777777777,7.980458736419678
-3.6666666666666665,-1.8827645778656006
-5.222222222222222,-4.21580696105957
-10.555555555555555,0.8455228805541992
0.6666666666666666,-4.6337690353393555
8.0,4.281343936920166
0.2222222222222222,9.58847427368164
-2.6666666666666665,-3.4242491722106934
-5.111111111111111,-3.4773776531219482
-9.333333333333334,-7.4739861488342285
-0.3333333333333333,-0.8326550126075745
2.6666666666666665,-0.1168980598449707
-8.88888888888889,-12.007869720458984
-5.555555555555555,-3.2433431148529053
1.5555555555555556,3.1664927005767822
-4.444444444444445,-0.24974274635314941
-8.0,-3.29945707321167
5.222222222222222,-1.9065496921539307
-1.8888888888888888,-1.4124692678451538
-7.555555555555555,-1.2891772985458374
4.0,1.0608103275299072
0.1111111111111111,1.5883021354675293
1.4444444444444444,-1.1974602937698364
-2.0,-2.720428705215454
-2.7777777777777777,-3.946660280227661
-6.555555555555555,-0.2705882787704468
-8.666666666666666,-4.625086307525635
-5.0,-2.2968125343322754
-3.7777777777777777,-1.5863871574401855
9.555555555555555,0.37969958782196045
-10.22222222222222,-0.5812932252883911
9.0,7.444991111755371
-2.7777777777777777,0.5814962387084961
-1.5555555555555556,0.6523075103759766
-1.8888888888888888,1.4814608097076416
2.4444444444444446,0.5376574993133545
-5.222222222222222,-3.8325324058532715
-1.6666666666666667,0.05756092071533203
5.888888888888889,-4.620669364929199
-6.666666666666667,-3.7131459712982178
-0.2222222222222222,-2.2694485187530518
-6.666666666666667,-2.7906076908111572
-5.111111111111111,-1.43913996219635
0.3333333333333333,1.8695273399353027
-0.4444444444444444,-3.3237175941467285
-4.444444444444445,-3.421003818511963
3.4444444444444446,-4.447881698608398
-0.7777777777777778,-2.368861198425293
-9.555555555555555,-2.1343958377838135
-5.333333333333333,-1.8815281391143799
5.222222222222222,0.7380435466766357
6.444444444444445,5.570827960968018
5.111111111111111,-1.4106377363204956
4.888888888888889,-2.5562500953674316
-6.0,5.130894184112549
-5.666666666666667,-1.9370331764221191
37.77777777777778,8.165782928466797
-7.111111111111111,-2.7963082790374756
-1.4444444444444444,1.8185091018676758
6.777777777777778,1.710496187210083
-9.444444444444445,-0.8250463008880615
-6.333333333333333,-2.9726648330688477
-0.4444444444444444,-2.8373641967773438
5.111111111111111,0.700943112373352
9.11111111111111,-4.344416618347168
-1.7777777777777777,7.386475086212158
-7.888888888888889,-1.5554200410842896
-3.6666666666666665,-1.1550334692001343
-2.888888888888889,4.018992900848389
-8.0,-4.3944478034973145
-2.4444444444444446,-2.6439990997314453
7.888888888888889,5.95829963684082
-0.2222222222222222,0.07100248336791992
-0.5555555555555556,-0.18741929531097412
-2.7777777777777777,-2.297992467880249
-3.555555555555556,-2.1528518199920654
-0.5555555555555556,-1.761534333229065
-2.111111111111111,2.113476276397705
-1.5555555555555556,-2.2975475788116455
2.4444444444444446,-0.12555599212646484
-8.11111111111111,-6.19602632522583
-0.6666666666666666,-0.5090599060058594
3.0,-1.9336731433868408
-1.4444444444444444,-1.210831880569458
9.666666666666666,-4.235809803009033
3.111111111111111,-0.08482599258422852
-12.555555555555555,-0.22365403175354004
4.666666666666667,3.4646337032318115
-12.0,-5.741443157196045
-10.88888888888889,-6.0770111083984375
17.11111111111111,1.200075626373291
9.22222222222222,-4.33474063873291
-1.3333333333333333,-3.725640296936035
5.666666666666667,-1.3214943408966064
-5.666666666666667,-5.946772575378418
-3.888888888888889,-11.901049613952637
-8.11111111111111,-3.151360511779785
-9.444444444444445,-0.9872028231620789
-2.7777777777777777,-3.4247725009918213
-5.888888888888889,8.113743782043457
8.555555555555555,-4.72232723236084
-3.555555555555556,-2.5366523265838623
2.555555555555556,0.21794843673706055
-25.22222222222222,-4.319738388061523
5.888888888888889,0.23871910572052002
-2.7777777777777777,0.3102022409439087
-6.444444444444445,-4.818975925445557
-17.444444444444443,-1.4808369874954224
-0.1111111111111111,3.204228401184082
-4.666666666666667,-12.429021835327148
-1.7777777777777777,-3.10239315032959
-0.2222222222222222,-0.8373944163322449
6.111111111111111,-1.3486688137054443
-5.444444444444445,-3.5211596488952637
-4.222222222222222,-0.5042662620544434
-3.6666666666666665,-2.3533194065093994
-2.4444444444444446,1.353562593460083
-10.0,-9.161355018615723
8.333333333333334,-0.5149897336959839
25.55555555555556,14.912452697753906
-2.555555555555556,-2.9533305168151855
-4.555555555555555,2.45300555229187
-1.3333333333333333,-1.677760362625122
22.666666666666668,10.681238174438477
3.2222222222222223,10.081302642822266
-3.2222222222222223,-0.20723319053649902
-1.2222222222222223,-3.212948799133301
-1.1111111111111112,-5.177286148071289
-6.111111111111111,-2.783282518386841
-12.555555555555555,-4.891665935516357
13.11111111111111,2.9690206050872803
8.88888888888889,-4.593513011932373
-2.2222222222222223,-2.0296664237976074
-8.666666666666666,-3.5057151317596436
-11.555555555555555,-0.7308037281036377
-3.2222222222222223,6.576418876647949
-2.0,-1.1651039123535156
-1.5555555555555556,-4.647761344909668
-6.111111111111111,-7.034274101257324
2.0,-2.479536533355713
-8.333333333333334,-4.283641815185547
-2.4444444444444446,-6.97816276550293
4.222222222222222,-2.4422733783721924
26.22222222222222,-2.65923810005188
-5.0,-1.5904912948608398
-2.2222222222222223,-4.819848537445068
1.1111111111111112,1.0763685703277588
-10.0,-1.9870178699493408
4.555555555555555,-2.3581323623657227
3.6666666666666665,-4.254786968231201
-11.666666666666666,-4.8430328369140625
12.22222222222222,-1.5779582262039185
-0.3333333333333333,-5.349681377410889
-9.11111111111111,-3.4329843521118164
-1.4444444444444444,0.5227335691452026
-3.4444444444444446,-7.201846122741699
-10.11111111111111,1.0187485218048096
-2.111111111111111,1.4254646301269531
15.666666666666666,8.655970573425293
-3.888888888888889,-4.775872230529785
-3.2222222222222223,0.26287150382995605
2.0,4.719492435455322
-4.666666666666667,-3.989372491836548
1.7777777777777777,-5.35719633102417
1.0,6.428009510040283
-1.3333333333333333,-1.8315058946609497
-5.222222222222222,-6.169899940490723
-0.2222222222222222,-3.8961524963378906
-3.0,5.688770771026611
-6.555555555555555,-4.90839147567749
-1.3333333333333333,1.9088258743286133
-2.111111111111111,-1.195020318031311
9.555555555555555,-2.2898409366607666
0.7777777777777778,-1.8668737411499023
38.11111111111112,11.32765007019043
0.0,-3.2784390449523926
-4.222222222222222,-1.72535240650177
1.3333333333333333,-2.5396299362182617
8.555555555555555,-2.1897428035736084
-3.555555555555556,-3.8397955894470215
33.0,13.302776336669922
-4.777777777777778,-2.6164958477020264
29.0,6.436184406280518
-12.555555555555555,2.0448029041290283
2.111111111111111,-1.2874785661697388
-3.2222222222222223,-5.133744239807129
-7.111111111111111,-6.707278728485107
-4.222222222222222,-5.257648468017578
-7.444444444444445,-1.2009227275848389
-10.0,-3.579296350479126
7.888888888888889,2.2771248817443848
1.6666666666666667,-6.569064140319824
-4.0,-4.285911560058594
-2.888888888888889,-4.286046981811523
0.5555555555555556,4.802923202514648
-14.333333333333334,-1.9333479404449463
-9.0,-1.644104242324829
-4.888888888888889,-0.7011235952377319
-4.111111111111111,-0.725037693977356
-0.5555555555555556,2.951368570327759
-1.6666666666666667,-2.6326780319213867
-1.3333333333333333,-2.539416790008545
-5.666666666666667,5.148427963256836
-6.111111111111111,-4.793331623077393
0.8888888888888888,2.6500425338745117
-5.0,1.4444527626037598
-14.77777777777778,-4.122076988220215
0.8888888888888888,2.834406852722168
2.2222222222222223,10.36300277709961
2.7777777777777777,2.269379138946533
7.666666666666667,0.6383671760559082
-2.555555555555556,0.6860921382904053
-5.111111111111111,-1.5756700038909912
-1.1111111111111112,-5.089825630187988
8.222222222222221,11.03984260559082
9.333333333333334,-2.1501405239105225
7.888888888888889,10.274861335754395
0.3333333333333333,0.09277200698852539
-8.0,-5.169552803039551
-7.555555555555555,4.816239356994629
-4.777777777777778,-2.787797689437866
-0.3333333333333333,3.8840410709381104
-5.333333333333333,-2.4055047035217285
4.333333333333333,-0.80646812915802
-1.4444444444444444,3.5821609497070312
-2.888888888888889,-2.4139089584350586
3.111111111111111,-4.794387340545654
17.333333333333332,4.209116458892822
2.0,0.48606812953948975
-13.88888888888889,-5.465020656585693
-4.444444444444445,-1.0012233257293701
-11.666666666666666,-6.753965854644775
-4.444444444444445,-3.104616641998291
-4.222222222222222,-3.742455244064331
-7.333333333333333,-1.3864641189575195
-3.2222222222222223,9.429347038269043
-3.4444444444444446,3.7101731300354004
-3.111111111111111,-0.11934876441955566
-5.333333333333333,-1.5689589977264404
7.888888888888889,-0.41658908128738403
19.88888888888889,15.989421844482422
-0.1111111111111111,0.8243396282196045
-2.555555555555556,2.193957805633545
-6.888888888888889,-2.7469160556793213
-6.111111111111111,9.340805053710938
-1.5555555555555556,-4.343809604644775
-4.333333333333333,-8.814985275268555
0.6666666666666666,-0.42984211444854736
-24.0,-3.5389492511749268
-4.222222222222222,-4.8782548904418945
-1.0,0.7083717584609985
1.3333333333333333,2.091505527496338
-12.666666666666666,-6.627658367156982
-7.0,-3.2155847549438477
-1.3333333333333333,-6.547699928283691
-7.0,-5.1467366218566895
5.888888888888889,-1.1234052181243896
-8.11111111111111,-1.276137351989746
-5.777777777777778,-4.011849880218506
-2.888888888888889,-0.4066072702407837
-12.77777777777778,-5.01837682723999
-6.444444444444445,-4.811984062194824
-2.4444444444444446,-2.8096766471862793
6.0,5.822549819946289
-8.666666666666666,5.621094226837158
-2.111111111111111,4.06553840637207
11.11111111111111,1.8555223941802979
5.333333333333333,0.6744915246963501
2.4444444444444446,1.1370830535888672
-3.7777777777777777,-4.436938762664795
-1.8888888888888888,-1.314849853515625
-0.7777777777777778,-7.4942193031311035
-5.111111111111111,-5.814713001251221
0.6666666666666666,-1.3610272407531738
-1.3333333333333333,5.6744890213012695
18.77777777777778,14.102579116821289
7.0,0.8619904518127441
-22.55555555555556,-0.9388272762298584
-5.333333333333333,-2.5966920852661133
-0.7777777777777778,-0.7060911655426025
10.444444444444445,-5.278850078582764
-1.4444444444444444,5.409424781799316
-0.8888888888888888,-6.060612678527832
10.0,-0.9918192625045776
23.0,9.863795280456543
0.1111111111111111,0.07758069038391113
-1.6666666666666667,-0.9266026020050049
-8.88888888888889,-1.5579928159713745
-10.444444444444445,-6.115850448608398
-1.0,-3.3497533798217773
0.6666666666666666,0.5579763650894165
-4.111111111111111,-0.6715707778930664
18.11111111111111,-1.5201951265335083
-1.3333333333333333,-2.490311861038208
-6.333333333333333,-8.079487800598145
-6.666666666666667,-1.1103061437606812
-4.111111111111111,4.414391040802002
-7.555555555555555,-5.209958553314209
-10.555555555555555,-4.551239013671875
0.5555555555555556,-5.107088088989258
5.555555555555555,-2.1727254390716553
-0.1111111111111111,4.814626216888428
-2.888888888888889,-5.497580051422119
2.4444444444444446,0.605094313621521
-2.888888888888889,-3.2391088008880615
18.666666666666668,10.634121894836426
1.2222222222222223,-2.660085678100586
-2.2222222222222223,-1.8459088802337646
-1.0,0.3514270782470703
5.222222222222222,2.0813772678375244
4.222222222222222,2.6776936054229736
-0.2222222222222222,-0.7885879278182983
16.444444444444443,-3.149182081222534
-8.0,-5.067756652832031
-11.666666666666666,-9.249536514282227
0.1111111111111111,8.02622127532959
2.2222222222222223,-3.120706796646118
-5.333333333333333,-6.465160846710205
-2.333333333333333,-4.176199436187744
-3.555555555555556,-4.09365177154541
-3.111111111111111,1.3163810968399048
-9.22222222222222,0.7004134654998779
-9.666666666666666,2.9124157428741455
-6.333333333333333,-2.4490044116973877
-8.333333333333334,-6.014125347137451
-11.555555555555555,-3.785785675048828
-8.333333333333334,-7.793857574462891
25.0,1.6564686298370361
-5.222222222222222,-8.159928321838379
3.555555555555556,-6.6423492431640625
-2.333333333333333,-5.877636909484863
-13.666666666666666,-2.8992388248443604
-2.333333333333333,-5.937684535980225
-6.444444444444445,-6.461441993713379
10.22222222222222,0.6946699619293213
-4.888888888888889,-3.636445999145508
6.444444444444445,8.729840278625488
2.0,-0.7773069143295288
15.0,6.259012699127197
-10.0,-5.913936138153076
-5.666666666666667,-2.999195098876953
-3.7777777777777777,-6.016239643096924
1.2222222222222223,-0.14998877048492432
-1.4444444444444444,-4.926002502441406
-4.222222222222222,-3.4908223152160645
2.4444444444444446,-0.5169292688369751
2.333333333333333,0.04411435127258301
-7.666666666666667,-1.4821826219558716
-0.2222222222222222,-0.2966954708099365
0.2222222222222222,1.5496864318847656
1.2222222222222223,-1.5956456661224365
-4.888888888888889,-6.436614036560059
-1.2222222222222223,-1.0102564096450806
0.7777777777777778,-2.1961216926574707
-1.5555555555555556,-2.8979289531707764
-4.444444444444445,-4.244720458984375
-1.1111111111111112,-4.633321762084961
-3.111111111111111,-1.4366496801376343
-0.2222222222222222,-1.6677207946777344
3.0,1.7246779203414917
30.0,11.78580379486084
12.88888888888889,14.638445854187012
-0.3333333333333333,2.85158371925354
41.55555555555556,-2.6075809001922607
-13.333333333333334,-2.590833902359009
-10.555555555555555,-14.639015197753906
0.7777777777777778,-5.528643608093262
0.3333333333333333,-2.230834722518921
-3.555555555555556,-3.619877338409424
7.222222222222222,3.5208141803741455
4.666666666666667,6.264577388763428
-9.88888888888889,-4.75631046295166
-6.111111111111111,-0.6435168981552124
-3.4444444444444446,-3.065829277038574
7.888888888888889,8.656946182250977
0.2222222222222222,-7.369298458099365
-0.3333333333333333,-3.3095991611480713
2.4444444444444446,8.799050331115723
0.3333333333333333,-0.16873306035995483
-4.777777777777778,-3.4321303367614746
-2.111111111111111,-2.8526556491851807
-6.111111111111111,-3.415478229522705
3.333333333333333,0.9942636489868164
0.8888888888888888,-7.8983683586120605
-4.777777777777778,2.1185479164123535
-3.888888888888889,-6.436882495880127
-10.0,-3.7698636054992676
-21.33333333333333,-4.663597583770752
-4.444444444444445,-0.7190864086151123
2.0,-0.631382942199707
-5.222222222222222,-5.277586460113525
1.2222222222222223,-2.4666261672973633
-9.666666666666666,-4.513251781463623
-7.222222222222222,-0.37074750661849976
-6.555555555555555,-2.8719942569732666
-8.777777777777779,-4.122556686401367
-8.11111111111111,-2.1579813957214355
0.3333333333333333,-2.7758543491363525
0.4444444444444444,0.1701960563659668
0.1111111111111111,-5.624433994293213
13.22222222222222,4.141446590423584
-3.888888888888889,-3.8447725772857666
-0.8888888888888888,-1.7027616500854492
-4.777777777777778,-7.077991962432861
-9.22222222222222,-1.2058253288269043
3.111111111111111,-0.9857428669929504
2.2222222222222223,1.2186863422393799
-10.555555555555555,-1.7393368482589722
-1.0,-2.6978447437286377
-11.0,-1.2191016674041748
-4.666666666666667,-1.1914247274398804
-4.0,2.007528066635132
3.6666666666666665,2.1449239253997803
-1.0,-2.420372724533081
3.0,1.2850728034973145
-9.444444444444445,-3.1002492904663086
3.333333333333333,2.609081506729126
-4.111111111111111,-0.8892409801483154
6.555555555555555,0.6584197282791138
3.333333333333333,7.391964912414551
-7.222222222222222,-3.6913137435913086
0.4444444444444444,1.457404613494873
-2.7777777777777777,-3.1192526817321777
-2.2222222222222223,-2.1103515625
-2.6666666666666665,-2.307466506958008
-1.7777777777777777,-4.229854106903076
13.22222222222222,11.850641250610352
-3.2222222222222223,-3.017244577407837
-6.888888888888889,-6.497179985046387
-8.666666666666666,-4.1561760902404785
2.0,1.7826623916625977
0.0,-0.7109689712524414
-2.888888888888889,2.144296646118164
-5.888888888888889,5.063259124755859
5.555555555555555,-0.08672869205474854
-4.0,-0.6011765003204346
6.444444444444445,4.94161319732666
-3.555555555555556,-0.3177397847175598
-1.3333333333333333,1.500687837600708
2.0,1.0530421733856201
-6.0,-5.6788530349731445
-18.88888888888889,-3.630690097808838
-13.555555555555555,-5.307827472686768
-2.888888888888889,-2.287719249725342
6.444444444444445,0.365156352519989
-4.111111111111111,-1.4758858680725098
-6.555555555555555,-5.833485126495361
-3.111111111111111,-6.101067543029785
-1.5555555555555556,-3.4910712242126465
-1.7777777777777777,-2.0375332832336426
5.555555555555555,0.751624584197998
-1.5555555555555556,2.144296646118164
12.77777777777778,1.4697291851043701
-7.777777777777778,-3.058875322341919
1.3333333333333333,-0.5453774333000183
-2.555555555555556,-0.8276651501655579
19.22222222222222,11.850641250610352
4.666666666666667,-0.6011765003204346
-5.888888888888889,-2.839644193649292
-7.888888888888889,-2.0203614234924316
10.77777777777778,1.0810229778289795
32.111111111111114,14.757353782653809
-5.666666666666667,-2.7454888820648193
9.11111111111111,-3.8087968826293945
8.777777777777779,0.2997903823852539
-9.11111111111111,-4.689289569854736
4.555555555555555,0.9476413726806641
3.4444444444444446,3.1730666160583496
-11.555555555555555,-5.826138019561768
-3.0,-3.0039548873901367
-5.222222222222222,-3.668161153793335
1.1111111111111112,-5.786093711853027
-9.555555555555555,-4.8509697914123535
-3.888888888888889,-0.7015157341957092
-0.3333333333333333,-4.7765374183654785
1.6666666666666667,-2.232909917831421
-8.555555555555555,-2.141632318496704
11.333333333333334,-0.3845058083534241
8.88888888888889,-1.9099540710449219
-4.222222222222222,-0.1599712371826172
-0.6666666666666666,-3.3793222904205322
-8.333333333333334,-1.1492739915847778
-2.888888888888889,-1.2466905117034912
-9.77777777777778,-5.955363750457764
-2.4444444444444446,-2.2926886081695557
7.222222222222222,-2.8942039012908936
-11.11111111111111,-2.521946668624878
-3.2222222222222223,-0.22875308990478516
3.555555555555556,-0.09747838973999023
-1.2222222222222223,-3.423353910446167
-15.11111111111111,-0.10476720333099365
-8.222222222222221,-1.9488979578018188
1.5555555555555556,-3.357081890106201
-6.222222222222222,-4.297408580780029
-2.888888888888889,1.0836939811706543
-1.3333333333333333,1.7155239582061768
4.0,-2.449449300765991
5.666666666666667,9.977144241333008
6.777777777777778,5.715678691864014
-3.6666666666666665,-4.5021185874938965
-5.222222222222222,-1.5096113681793213
-6.0,-2.8917527198791504
0.4444444444444444,-0.11886262893676758
-4.444444444444445,1.6148511171340942
-6.888888888888889,0.3370964527130127
-0.1111111111111111,-2.8113248348236084
-5.555555555555555,-2.221935272216797
-8.666666666666666,2.7818410396575928
3.4444444444444446,-7.160735130310059
-0.8888888888888888,0.34720587730407715
-2.6666666666666665,-3.3122618198394775
-1.3333333333333333,-7.515414237976074
2.4444444444444446,-0.575993537902832
-9.22222222222222,-10.152969360351562
-12.333333333333334,1.04811692237854
25.666666666666668,2.0753207206726074
2.4444444444444446,-1.2184739112854004
2.2222222222222223,1.0737636089324951
-1.2222222222222223,1.2918384075164795
-2.6666666666666665,-5.471860408782959
-5.333333333333333,0.2003154754638672
0.0,-1.2307060956954956
-1.4444444444444444,-0.5193310976028442
-3.555555555555556,-4.233482837677002
-0.5555555555555556,-3.3460817337036133
-5.222222222222222,-1.992940902709961
-2.0,1.0619089603424072
3.555555555555556,-1.152719259262085
3.555555555555556,5.4493913650512695
-1.0,-0.9106292724609375
5.222222222222222,-3.7968056201934814
-11.11111111111111,-2.1493778228759766
-6.222222222222222,-1.8081097602844238
-8.11111111111111,-1.7105417251586914
5.333333333333333,-6.018424034118652
-1.8888888888888888,-4.22308874130249
1.7777777777777777,2.533552646636963
-1.4444444444444444,-1.8876705169677734
-2.0,-3.0803821086883545
-10.22222222222222,-1.066213846206665
2.2222222222222223,-3.5233724117279053
7.111111111111111,0.5332663059234619
-5.0,-5.95308780670166
23.33333333333333,4.239022731781006
2.888888888888889,-2.548955202102661
-0.3333333333333333,-4.866231918334961
-2.7777777777777777,-2.647381067276001
20.11111111111111,1.0112193822860718
-6.555555555555555,-3.634958505630493
-5.888888888888889,-1.145898699760437
-13.0,-2.336387872695923
-2.6666666666666665,-2.7105557918548584
-4.666666666666667,5.233909606933594
0.8888888888888888,-0.27235496044158936
-2.111111111111111,-0.04213380813598633
21.55555555555556,10.308548927307129
4.444444444444445,-0.7261539697647095
1.2222222222222223,-3.4244003295898438
13.333333333333334,9.539444923400879
-17.22222222222222,-1.919724464416504
13.11111111111111,1.783229947090149
3.555555555555556,2.7765843868255615
-3.4444444444444446,-3.778195381164551
11.22222222222222,-1.6731407642364502
-4.555555555555555,-0.9235860109329224
1.4444444444444444,-1.509297251701355
-5.0,-6.269687652587891
15.22222222222222,10.104706764221191
4.444444444444445,3.80233097076416
-7.666666666666667,-5.223801136016846
-3.111111111111111,-3.1557562351226807
-6.666666666666667,1.2986407279968262
0.4444444444444444,-3.7839956283569336
-4.111111111111111,-2.745306968688965
-2.2222222222222223,-0.917107343673706
16.88888888888889,8.858481407165527
-4.0,-2.5407397747039795
-11.333333333333334,-3.5250654220581055
0.5555555555555556,-4.677335262298584
8.777777777777779,7.765339374542236
1.0,-4.55186128616333
-3.2222222222222223,-1.9122601747512817
0.0,0.2643510103225708
3.2222222222222223,3.103335380554199
1.2222222222222223,10.096184730529785
-4.111111111111111,-0.5122197866439819
-2.4444444444444446,-4.523033142089844
2.0,5.651411533355713
-4.444444444444445,-4.5491180419921875
-8.666666666666666,-3.1417243480682373
-1.7777777777777777,0.21832942962646484
-4.333333333333333,2.1744883060455322
-5.333333333333333,2.01212739944458
2.0,8.833486557006836
-0.2222222222222222,-2.10756778717041
4.222222222222222,-0.08408606052398682
6.444444444444445,-1.1076509952545166
-15.88888888888889,-4.490480899810791
21.0,10.447423934936523
9.444444444444445,8.950305938720703
1.2222222222222223,2.657827854156494
-7.888888888888889,-5.761300563812256
-2.4444444444444446,-4.351759910583496
4.111111111111111,-4.695730686187744
3.888888888888889,-1.3861684799194336
-4.111111111111111,-4.84562349319458
-5.333333333333333,-0.4204373359680176
31.22222222222222,-1.9254690408706665
-4.888888888888889,-1.3569753170013428
-5.777777777777778,-4.183032035827637
-1.8888888888888888,1.5023624897003174
19.55555555555556,2.931763172149658
-2.0,-4.820339202880859
3.111111111111111,0.6705302000045776
-1.1111111111111112,-2.2755050659179688
11.22222222222222,0.96101975440979
3.555555555555556,4.463764190673828
-0.8888888888888888,-0.6304976940155029
24.88888888888889,16.902156829833984
-4.111111111111111,1.8967444896697998
13.88888888888889,13.007190704345703
-1.5555555555555556,-4.93945837020874
-7.111111111111111,-4.668797016143799
-15.666666666666666,-3.447659969329834
-22.88888888888889,-3.3010919094085693
9.666666666666666,1.6582515239715576
2.2222222222222223,10.191014289855957
-3.4444444444444446,-1.1469000577926636
-6.555555555555555,-1.005152702331543
-14.0,-1.442140817642212
2.2222222222222223,6.036755561828613
1.2222222222222223,-1.2494746446609497
-5.333333333333333,2.0929970741271973
-6.333333333333333,-0.9360063076019287
-4.0,-3.4664182662963867
-3.2222222222222223,-6.876933574676514
-1.8888888888888888,-3.1723153591156006
0.3333333333333333,2.7335026264190674
7.777777777777778,0.6010499000549316
-1.0,-8.812586784362793
-1.6666666666666667,2.6081485748291016
-17.22222222222222,-0.9171936511993408
-2.333333333333333,-5.3452630043029785
11.666666666666666,10.079806327819824
-0.6666666666666666,1.1427342891693115
1.2222222222222223,-1.389634609222412
19.33333333333333,-0.03129696846008301
-3.888888888888889,-4.938735008239746
9.333333333333334,-3.6677792072296143
-2.555555555555556,-4.4237589836120605
-7.555555555555555,-2.120147943496704
-0.1111111111111111,-3.6518499851226807
3.888888888888889,-3.3409154415130615
-7.888888888888889,-3.9030215740203857
-1.0,0.7453670501708984
-1.2222222222222223,0.4713478088378906
-6.222222222222222,-1.1579099893569946
-1.3333333333333333,-3.4039840698242188
-3.4444444444444446,-1.4018588066101074
0.7777777777777778,2.463728427886963
-6.333333333333333,-2.890049695968628
-8.666666666666666,-3.206294536590576
-0.3333333333333333,-0.9354680776596069
1.1111111111111112,-1.1865966320037842
3.7777777777777777,8.914514541625977
-4.888888888888889,-0.0376049280166626
7.666666666666667,1.6608585119247437
7.333333333333333,3.9116837978363037
10.11111111111111,-2.5098514556884766
-2.7777777777777777,-3.1748132705688477
-3.555555555555556,1.0811870098114014
-4.0,-1.1510318517684937
-5.333333333333333,3.985154151916504
1.6666666666666667,0.7599377632141113
-2.555555555555556,2.499271869659424
12.22222222222222,7.7624406814575195
-2.888888888888889,-4.457180976867676
-4.444444444444445,-1.2721277475357056
-3.6666666666666665,-6.349528789520264
-0.7777777777777778,-3.705366849899292
6.333333333333333,-4.078886985778809
-9.555555555555555,2.9654393196105957
-6.111111111111111,-1.2542614936828613
0.8888888888888888,2.9669058322906494
4.222222222222222,-0.7961884140968323
-26.0,-3.0998494625091553
12.88888888888889,1.8770074844360352
-4.444444444444445,-3.019531726837158
-3.6666666666666665,-0.9526363611221313
2.0,-1.2436832189559937
-8.11111111111111,-5.187434673309326
-0.2222222222222222,-4.09336519241333
4.888888888888889,-0.35553061962127686
-4.888888888888889,-12.506278038024902
-3.555555555555556,0.6046856641769409
6.888888888888889,-0.23106718063354492
13.333333333333334,4.218447685241699
1.5555555555555556,-1.6909598112106323
-3.4444444444444446,1.362541675567627
0.1111111111111111,2.1334617137908936
3.2222222222222223,-9.259860038757324
-6.222222222222222,-2.147648572921753
-7.0,-3.95853590965271
4.333333333333333,1.1053540706634521
0.7777777777777778,-3.8200182914733887
2.4444444444444446,-2.6700260639190674
-0.2222222222222222,2.086704730987549
7.333333333333333,3.2142372131347656
0.3333333333333333,-0.43320828676223755
-2.6666666666666665,-1.9327257871627808
0.2222222222222222,-7.758641242980957
-2.555555555555556,-3.477705240249634
-2.2222222222222223,-3.748908519744873
-1.2222222222222223,4.1011199951171875
8.777777777777779,-3.459223747253418
-1.3333333333333333,0.6772043108940125
5.222222222222222,-3.190558433532715
0.1111111111111111,2.7344276905059814
-3.333333333333333,-4.614587306976318
2.6666666666666665,0.20358538627624512
-6.555555555555555,-1.0282626152038574
-17.88888888888889,-0.5712933540344238
5.555555555555555,1.5704214572906494
6.333333333333333,-0.42349720001220703
4.777777777777778,0.584367036819458
11.22222222222222,-0.6129015684127808
1.6666666666666667,4.68211555480957
-11.22222222222222,-3.6712088584899902
-4.555555555555555,-1.036002278327942
-4.222222222222222,-3.3640213012695312
0.5555555555555556,-0.13852214813232422
-8.11111111111111,-5.841553211212158
10.0,12.044169425964355
3.888888888888889,5.213223934173584
-2.555555555555556,-2.0079944133758545
-3.333333333333333,-3.213916540145874
0.7777777777777778,0.47379326820373535
-4.0,-0.08663985133171082
-2.333333333333333,-1.3042148351669312
1.8888888888888888,0.7233765125274658
19.88888888888889,-0.7211710214614868
-12.333333333333334,-1.8079333305358887
-5.222222222222222,0.2468477487564087
-7.777777777777778,-5.8569746017456055
0.6666666666666666,2.163059711456299
0.7777777777777778,-6.059475421905518
4.444444444444445,-1.3118269443511963
-5.111111111111111,2.995574474334717
-3.333333333333333,-1.5248925685882568
-14.77777777777778,-3.518904209136963
5.0,3.9246153831481934
-2.0,-2.9251537322998047
-1.6666666666666667,-4.995691299438477
-1.5555555555555556,-1.6160547733306885
-2.4444444444444446,-3.9245975017547607
7.777777777777778,4.87905216217041
1.2222222222222223,-0.15175318717956543
-9.11111111111111,-2.451019525527954
-1.8888888888888888,-2.000272035598755
-5.555555555555555,-1.3649015426635742
1.3333333333333333,6.6960296630859375
-0.5555555555555556,7.742578983306885
-7.222222222222222,3.3087525367736816
15.444444444444445,9.633951187133789
-13.22222222222222,-0.4265627861022949
-6.111111111111111,-2.909452438354492
-0.7777777777777778,-1.5777215957641602
-13.0,-3.668522357940674
-7.111111111111111,-6.002871513366699
-5.777777777777778,-3.304582357406616
-2.111111111111111,-1.3753687143325806
-5.444444444444445,-2.406818389892578
-3.333333333333333,-1.2119313478469849
0.0,-1.1261793375015259
3.0,3.5400824546813965
26.444444444444443,11.164202690124512
2.6666666666666665,-0.7129158973693848
-6.555555555555555,3.5400824546813965
-4.777777777777778,2.5354840755462646
5.222222222222222,4.814108371734619
-16.666666666666668,-6.039246559143066
5.888888888888889,-2.1345348358154297
-5.0,-1.9643464088439941
-4.555555555555555,-1.3727277517318726
-4.555555555555555,-5.337904930114746
2.2222222222222223,-2.108811140060425
1.5555555555555556,-0.41838598251342773
-0.8888888888888888,-2.45516300201416
-8.444444444444445,-3.165105104446411
-2.7777777777777777,1.2590110301971436
4.0,0.7255806922912598
-0.1111111111111111,-1.4120086431503296
7.555555555555555,1.5863292217254639
-2.333333333333333,-0.908259391784668
-4.333333333333333,-3.378830909729004
0.3333333333333333,-4.733425617218018
-3.0,-2.0721726417541504
3.333333333333333,-9.972686767578125
-4.555555555555555,-3.726961851119995
1.3333333333333333,-4.799854278564453
1.6666666666666667,0.0735018253326416
-4.555555555555555,-4.946536064147949
15.22222222222222,8.493523597717285
-3.7777777777777777,-5.172815799713135
-0.3333333333333333,-4.4480366706848145
-2.111111111111111,-5.8866095542907715
-1.7777777777777777,0.14247095584869385
-0.7777777777777778,-2.4281864166259766
-4.888888888888889,-2.3384318351745605
-3.111111111111111,-8.22967529296875
-1.4444444444444444,-3.5450031757354736
-5.777777777777778,1.4659621715545654
16.88888888888889,10.396326065063477
0.1111111111111111,-2.5152978897094727
-4.888888888888889,-3.1241791248321533
3.4444444444444446,-4.176636219024658
-2.555555555555556,-4.182612895965576
0.0,-5.201964855194092
0.8888888888888888,-0.5706545114517212
-20.0,-4.012503623962402
3.333333333333333,-6.385383605957031
-2.4444444444444446,-10.733194351196289
-8.777777777777779,-1.4976686239242554
-6.666666666666667,-1.6507352590560913
-2.888888888888889,1.7527161836624146
-5.444444444444445,-3.3668911457061768
-8.555555555555555,5.789335250854492
-0.4444444444444444,-3.3261523246765137
-2.111111111111111,-2.172156810760498
3.4444444444444446,0.3101080656051636
-7.333333333333333,-2.605556011199951
-1.4444444444444444,-3.052671194076538
-11.88888888888889,-4.274207592010498
-5.555555555555555,2.8327014446258545
-6.333333333333333,2.4819228649139404
-1.0,-0.7714812755584717
0.4444444444444444,-5.52457332611084
-11.444444444444445,-3.430720806121826
7.222222222222222,2.046288251876831
-2.333333333333333,-3.006312370300293
-8.222222222222221,-0.9712671041488647
1.7777777777777777,3.6450002193450928
-11.333333333333334,-1.601051688194275
-4.333333333333333,-8.284173011779785
-9.555555555555555,-1.025821566581726
0.4444444444444444,10.111714363098145
-8.777777777777779,-0.12258052825927734
-8.333333333333334,-2.043548822402954
-2.333333333333333,-3.658435583114624
19.55555555555556,-0.08664131164550781
-7.222222222222222,-2.9259755611419678
-2.888888888888889,-1.0996149778366089
-19.77777777777778,-9.281359672546387
7.111111111111111,2.8897910118103027
-4.0,-5.743125915527344
-8.444444444444445,-1.6688867807388306
6.444444444444445,1.5813546180725098
13.11111111111111,6.669834136962891
-1.6666666666666667,-1.8276410102844238
1.7777777777777777,1.8037121295928955
-3.6666666666666665,-1.1177427768707275
15.444444444444445,15.993669509887695
-0.3333333333333333,4.015676021575928
37.0,8.642916679382324
-4.666666666666667,0.2577120065689087
-6.0,-12.197120666503906
34.55555555555556,14.639076232910156
-1.7777777777777777,1.0620226860046387
-3.888888888888889,-0.26335275173187256
20.77777777777778,11.007967948913574
-4.777777777777778,0.08450472354888916
-4.555555555555555,-1.4185895919799805
-10.88888888888889,-0.20941686630249023
-19.88888888888889,-6.679439544677734
0.3333333333333333,-3.210460901260376
-0.6666666666666666,-6.1955695152282715
-11.444444444444445,-2.217913866043091
-6.666666666666667,-6.767090797424316
23.666666666666668,3.8113977909088135
2.0,9.736618995666504
-4.222222222222222,-3.285975933074951
-3.2222222222222223,-0.2586911916732788
-2.555555555555556,-0.7922095656394958
-0.6666666666666666,-4.441843032836914
-6.222222222222222,-1.4596771001815796
2.888888888888889,-1.2836449146270752
-0.8888888888888888,2.2941670417785645
0.1111111111111111,1.8036255836486816
0.6666666666666666,-3.07375168800354
-23.88888888888889,-2.2753326892852783
-2.555555555555556,2.234062433242798
0.5555555555555556,10.158604621887207
-3.0,-3.783294677734375
-10.555555555555555,-3.2527613639831543
3.333333333333333,-0.17584538459777832
3.111111111111111,10.12680435180664
0.2222222222222222,-2.6160826683044434
-2.7777777777777777,-4.271821022033691
-1.3333333333333333,-2.333751916885376
-2.6666666666666665,-1.5792533159255981
-10.555555555555555,-4.129500389099121
-2.0,-7.072352409362793
-1.7777777777777777,-3.2696311473846436
-1.4444444444444444,0.2509506940841675
-12.88888888888889,-1.880025863647461
-5.666666666666667,8.696337699890137
23.0,15.11709976196289
0.2222222222222222,-7.853264808654785
14.666666666666666,2.342224359512329
5.0,-0.26243042945861816
-4.222222222222222,-2.075768232345581
-8.0,-4.493566036224365
1.5555555555555556,9.89096736907959
0.1111111111111111,2.2369279861450195
2.333333333333333,4.337315559387207
-3.7777777777777777,0.5392462015151978
-0.2222222222222222,0.2879648208618164
2.555555555555556,4.143357753753662
-10.333333333333334,-8.001675605773926
0.3333333333333333,-3.219413995742798
-7.0,-1.7418084144592285
-9.88888888888889,-3.308215618133545
4.666666666666667,9.769416809082031
-1.8888888888888888,3.0006558895111084
-3.888888888888889,0.7365825176239014
-13.0,7.630253314971924
4.333333333333333,2.706258773803711
-2.7777777777777777,3.1125404834747314
-2.4444444444444446,-1.2902822494506836
9.444444444444445,11.1668701171875
14.666666666666666,4.849871635437012
-5.555555555555555,0.2522416114807129
-3.4444444444444446,-2.2561874389648438
-9.333333333333334,-3.2079174518585205
-1.8888888888888888,-2.3026669025421143
-2.333333333333333,-3.747575521469116
5.555555555555555,6.218564987182617
-3.111111111111111,-1.3694074153900146
11.88888888888889,4.716742515563965
-10.22222222222222,-2.748521327972412
2.888888888888889,3.9250543117523193
9.555555555555555,-0.06117981672286987
-0.4444444444444444,1.3801722526550293
-7.333333333333333,-0.5137722492218018
-8.666666666666666,-1.6875603199005127
-5.777777777777778,-2.5778989791870117
6.777777777777778,-3.566159725189209
-7.444444444444445,-16.016849517822266
-0.5555555555555556,1.3446993827819824
-2.7777777777777777,-2.956831455230713
-4.222222222222222,-5.154239654541016
-3.555555555555556,1.1635050773620605
0.4444444444444444,5.247138500213623
2.6666666666666665,10.89699649810791
15.444444444444445,11.573752403259277
0.8888888888888888,4.585373401641846
-3.0,-3.103224992752075
-3.888888888888889,-1.0065572261810303
-2.888888888888889,-2.355376958847046
-8.333333333333334,-1.43484365940094
-5.333333333333333,-4.7315168380737305
-2.0,-4.89221715927124
-5.111111111111111,-0.9458649158477783
-1.6666666666666667,-0.3753167986869812
1.8888888888888888,-0.541708767414093
-6.0,0.8803980350494385
3.6666666666666665,2.3960561752319336
4.444444444444445,2.689044952392578
-6.333333333333333,-3.475397825241089
-5.0,-1.8798282146453857
-4.222222222222222,0.23493516445159912
-4.111111111111111,-3.4890549182891846
-0.7777777777777778,-3.0512704849243164
0.3333333333333333,0.982568621635437
-2.888888888888889,3.0235581398010254
-2.7777777777777777,0.10540628433227539
5.666666666666667,-6.58803653717041
-2.7777777777777777,-1.9502036571502686
0.3333333333333333,-3.5456457138061523
0.6666666666666666,3.550081253051758
-10.666666666666666,-1.0631980895996094
-8.88888888888889,-3.97196888923645
2.4444444444444446,-3.0332210063934326
-13.555555555555555,-6.963295936584473
2.4444444444444446,13.745243072509766
-1.6666666666666667,0.8147308826446533
18.444444444444443,0.9595017433166504
-3.333333333333333,-3.032611846923828
-2.888888888888889,-2.2702572345733643
-4.222222222222222,-5.126367568969727
-1.1111111111111112,6.335723876953125
-3.7777777777777777,3.8340907096862793
31.11111111111111,4.407057285308838
-2.2222222222222223,-2.2179651260375977
-3.555555555555556,-3.051645278930664
-3.888888888888889,-1.9091469049453735
-6.666666666666667,0.8724188804626465
-1.5555555555555556,-4.240965843200684
0.5555555555555556,-1.3171061277389526
-4.222222222222222,-2.3805794715881348
-18.22222222222222,-6.4838409423828125
-2.333333333333333,-6.576939105987549
0.2222222222222222,2.657829761505127
3.2222222222222223,-1.9816343784332275
3.4444444444444446,1.3112237453460693
-2.333333333333333,3.9203948974609375
2.7777777777777777,-1.9754446744918823
1.3333333333333333,0.16365665197372437
-4.777777777777778,-4.648338794708252
-8.11111111111111,-6.08027982711792
-0.7777777777777778,-0.18495404720306396
-7.444444444444445,-3.352771759033203
1.3333333333333333,7.133150100708008
-3.111111111111111,-5.166624069213867
13.444444444444445,11.403377532958984
13.77777777777778,8.620306015014648
-2.888888888888889,6.394948959350586
-3.111111111111111,1.9161298274993896
-4.333333333333333,-8.653175354003906
3.2222222222222223,3.48795223236084
-0.1111111111111111,-5.391838073730469
0.3333333333333333,-2.1109180450439453
0.0,2.3554611206054688
7.111111111111111,0.7416496276855469
24.22222222222222,14.527422904968262
-6.0,-6.4833526611328125
-11.0,-3.100658416748047
-2.111111111111111,-4.8717041015625
-2.4444444444444446,-5.87856388092041
-2.2222222222222223,0.9187085628509521
4.222222222222222,-2.6466727256774902
-9.22222222222222,-5.010196208953857
10.333333333333334,1.9833495616912842
-3.555555555555556,2.2251110076904297
17.555555555555557,10.801984786987305
1.8888888888888888,-4.920883655548096
1.8888888888888888,2.018014430999756
-5.666666666666667,-4.236813068389893
14.88888888888889,9.508456230163574
0.6666666666666666,-0.7810897827148438
1.1111111111111112,3.6991384029388428
-3.333333333333333,3.383686065673828
3.4444444444444446,-2.306870698928833
-6.555555555555555,-5.6367950439453125
-6.888888888888889,-3.944667339324951
-2.888888888888889,-1.618146300315857
-2.2222222222222223,-3.011082172393799
2.333333333333333,2.5228893756866455
-4.666666666666667,1.0540940761566162
-2.888888888888889,-3.550440549850464
-0.7777777777777778,-2.8575053215026855
-9.77777777777778,-3.942782163619995
-4.111111111111111,-6.013570308685303
-7.777777777777778,-5.649933815002441
-4.111111111111111,-1.2782973051071167
0.8888888888888888,-1.2790769338607788
-7.666666666666667,-3.1674857139587402
-4.333333333333333,2.377284288406372
-11.666666666666666,-2.103755235671997
0.2222222222222222,3.2151832580566406
-3.0,5.743015766143799
-3.0,-1.865570306777954
8.444444444444445,10.123858451843262
-6.333333333333333,6.377752304077148
-8.333333333333334,-5.265267848968506
-0.3333333333333333,0.45160388946533203
-7.222222222222222,4.2185750007629395
-0.3333333333333333,0.24964404106140137
4.222222222222222,-2.717456817626953
-2.555555555555556,-2.7871320247650146
-8.444444444444445,-3.8906331062316895
-4.111111111111111,-2.098848342895508
-0.1111111111111111,-0.5779839754104614
-2.555555555555556,6.302376747131348
-2.4444444444444446,-4.628727436065674
-2.888888888888889,-1.5943876504898071
10.11111111111111,4.0912628173828125
-2.4444444444444446,7.6699981689453125
7.0,4.116225719451904
-4.222222222222222,-1.6404244899749756
-2.4444444444444446,0.07560348510742188
-12.11111111111111,2.839897871017456
0.3333333333333333,-2.1923742294311523
6.111111111111111,3.637599468231201
-16.666666666666668,-9.05018424987793
1.8888888888888888,13.594483375549316
3.6666666666666665,-0.3380012512207031
0.8888888888888888,-3.7397632598876953
-6.777777777777778,8.824542045593262
-9.333333333333334,0.574979305267334
-13.0,-7.379820346832275
1.3333333333333333,0.27061474323272705
2.333333333333333,8.259758949279785
-2.888888888888889,-2.1492042541503906
-8.0,2.4447619915008545
1.3333333333333333,0.41231298446655273
-1.0,3.5050876140594482
1.6666666666666667,0.14358669519424438
8.333333333333334,-0.7251280546188354
3.6666666666666665,7.541062355041504
-3.111111111111111,-1.2840474843978882
-7.444444444444445,-2.708651065826416
2.6666666666666665,-4.34787130355835
11.22222222222222,11.876179695129395
-2.0,-1.1867263317108154
-2.555555555555556,4.387996673583984
-6.111111111111111,-2.835439682006836
-5.111111111111111,-4.262388706207275
-8.777777777777779,-6.182903289794922
-10.11111111111111,-5.013804912567139
-4.666666666666667,-1.7810348272323608
9.444444444444445,-0.7691532373428345
1.6666666666666667,-3.931162118911743
-3.0,1.8069195747375488
-5.444444444444445,-6.4297003746032715
2.111111111111111,0.46905505657196045
-5.888888888888889,-4.83524227142334
-1.8888888888888888,-3.5345938205718994
-4.777777777777778,-5.286979675292969
2.111111111111111,-3.7974400520324707
0.5555555555555556,-2.4538681507110596
-3.111111111111111,-3.730652332305908
-11.88888888888889,-7.758669376373291
-0.6666666666666666,-0.9190552234649658
12.11111111111111,0.13891494274139404
-0.5555555555555556,-3.255429267883301
0.6666666666666666,8.031267166137695
-4.888888888888889,-3.2604236602783203
-3.111111111111111,-5.921102523803711
-2.2222222222222223,-0.9297142028808594
-3.2222222222222223,-2.7562153339385986
-6.888888888888889,-6.756016731262207
3.4444444444444446,-3.3719851970672607
24.11111111111111,10.772107124328613
-0.8888888888888888,-2.853553295135498
0.8888888888888888,-5.017237186431885
-6.555555555555555,-1.0622023344039917
-1.3333333333333333,-1.862508773803711
-4.111111111111111,0.863194465637207
9.666666666666666,0.8354078531265259
5.111111111111111,-8.947715759277344
4.333333333333333,-8.180306434631348
0.4444444444444444,-2.558093786239624
-15.444444444444445,-5.090595245361328
-7.0,1.1338990926742554
1.7777777777777777,0.5311447381973267
6.777777777777778,-2.8908374309539795
8.0,-0.35659122467041016
4.777777777777778,8.535362243652344
19.55555555555556,5.869743347167969
-6.777777777777778,-5.619348049163818
-7.222222222222222,-4.359151363372803
0.1111111111111111,-3.8658297061920166
-0.4444444444444444,-3.784158945083618
-3.555555555555556,-0.11486160755157471
10.444444444444445,0.012624740600585938
3.4444444444444446,5.136354923248291
-0.1111111111111111,1.2216486930847168
-7.666666666666667,2.8004751205444336
0.1111111111111111,-5.7593865394592285
-3.333333333333333,-1.5381784439086914
-4.222222222222222,-4.800928115844727
-0.7777777777777778,-0.6609598398208618
-11.666666666666666,-11.252270698547363
-2.333333333333333,-2.9923055171966553
-0.3333333333333333,-1.4645020961761475
17.88888888888889,9.335339546203613
32.55555555555556,18.66543197631836
-11.0,5.221914291381836
-4.0,0.05746054649353027
-6.777777777777778,-2.7103374004364014
-15.333333333333334,0.3186318874359131
-7.666666666666667,5.453423500061035
-3.555555555555556,-2.2689361572265625
-2.7777777777777777,-5.837225437164307
0.1111111111111111,3.2899999618530273
38.11111111111112,17.636884689331055
-8.0,-5.6609930992126465
-4.222222222222222,-2.3991284370422363
0.0,-1.4726667404174805
23.55555555555556,12.256569862365723
1.7777777777777777,-4.379814624786377
-2.7777777777777777,1.3830170631408691
-5.777777777777778,0.28565168380737305
7.333333333333333,10.885502815246582
-6.555555555555555,-5.334397792816162
-9.333333333333334,-3.645603656768799
5.111111111111111,6.544470310211182
-5.444444444444445,4.198328495025635
3.6666666666666665,-10.641018867492676
-6.555555555555555,-2.7379255294799805
19.444444444444443,11.635488510131836
-4.777777777777778,0.3845405578613281
4.888888888888889,1.7237908840179443
-3.2222222222222223,0.44181275367736816
-1.6666666666666667,2.4278059005737305
-7.555555555555555,-1.953619122505188
-3.4444444444444446,-4.286116600036621
1.5555555555555556,-5.493954658508301
-7.555555555555555,-1.77606201171875
-13.333333333333334,-0.33233845233917236
-5.0,-2.6955935955047607
-3.111111111111111,3.8385438919067383
-8.777777777777779,8.533132553100586
-1.1111111111111112,-0.5189692974090576
1.8888888888888888,-1.7233495712280273
-6.222222222222222,-2.694732904434204
-0.1111111111111111,-1.687982439994812
4.0,3.3146843910217285
-18.22222222222222,-6.684419631958008
-1.7777777777777777,-2.4603464603424072
-13.333333333333334,-6.604532718658447
-7.666666666666667,0.07527804374694824
-1.6666666666666667,-1.7785494327545166
-4.444444444444445,9.616584777832031
-11.444444444444445,-0.528387725353241
2.888888888888889,-2.176373243331909
27.0,16.414793014526367
1.8888888888888888,3.768649101257324
-8.88888888888889,-3.8841640949249268
-4.888888888888889,-15.687406539916992
-5.888888888888889,-2.939474582672119
-3.6666666666666665,-1.0110939741134644
9.555555555555555,18.165571212768555
-1.6666666666666667,0.34505391120910645
0.8888888888888888,5.062691688537598
-13.666666666666666,-5.610886096954346
-3.555555555555556,1.446955680847168
-1.6666666666666667,-3.450101613998413
8.88888888888889,16.70825958251953
-4.888888888888889,-5.099085330963135
-3.888888888888889,-3.73915958404541
-9.88888888888889,-0.38052597641944885
-1.5555555555555556,-7.069899082183838
7.666666666666667,2.9440276622772217
3.7777777777777777,-7.644371032714844
12.666666666666666,-8.318541526794434
-4.555555555555555,-6.227421760559082
13.555555555555555,18.17291831970215
6.777777777777778,-7.955695152282715
-9.11111111111111,-3.3666422367095947
-2.555555555555556,-3.276437282562256
-1.4444444444444444,-4.892426013946533
-6.222222222222222,0.10013294219970703
-7.555555555555555,-3.766162872314453
1.0,2.2967183589935303
-1.4444444444444444,4.934833526611328
-9.88888888888889,-0.36806774139404297
1.2222222222222223,3.2321600914001465
2.2222222222222223,-3.8776586055755615
1.2222222222222223,-7.870783805847168
8.444444444444445,16.07200813293457
0.8888888888888888,-9.90243148803711
-10.444444444444445,-7.108302116394043
4.444444444444445,-0.5745852589607239
-1.6666666666666667,2.9882771968841553
-3.888888888888889,-6.452470302581787
3.2222222222222223,-1.4792710542678833
-5.666666666666667,4.961932182312012
-9.0,-0.9330664873123169
8.777777777777779,4.32993221282959
1.5555555555555556,-6.398622035980225
-2.555555555555556,-2.6685311794281006
4.777777777777778,-2.3025808334350586
-16.11111111111111,-10.364501953125
-5.555555555555555,-6.199212074279785
-1.8888888888888888,-1.231651782989502
25.11111111111111,11.006394386291504
-2.555555555555556,-3.157203197479248
-12.0,-4.082169055938721
-10.333333333333334,-2.744492530822754
-7.333333333333333,-3.5530850887298584
0.0,-4.322506427764893
1.8888888888888888,-2.618128538131714
1.4444444444444444,4.711209774017334
19.55555555555556,-5.075562477111816
-5.222222222222222,-10.446874618530273
0.3333333333333333,9.904633522033691
1.1111111111111112,-6.5325927734375
25.666666666666668,17.230152130126953
-3.0,-6.588905334472656
3.555555555555556,-3.572909116744995
4.222222222222222,-2.650146484375
1.7777777777777777,-10.72498607635498
31.444444444444443,-0.4348931312561035
19.33333333333333,15.158055305480957
-1.6666666666666667,1.858306884765625
1.5555555555555556,2.0131890773773193
7.222222222222222,-4.163168907165527
-3.7777777777777777,-10.06946086883545
-1.6666666666666667,-4.927270889282227
0.2222222222222222,4.092743873596191
3.7777777777777777,2.2328896522521973
-2.0,-2.0429747104644775
1.6666666666666667,4.955016136169434
1.3333333333333333,1.0280115604400635
0.1111111111111111,2.8384017944335938
-1.0,0.16263234615325928
7.0,0.7207307815551758
-3.111111111111111,0.5490630865097046
9.11111111111111,2.401611566543579
3.6666666666666665,0.15022236108779907
-4.888888888888889,1.3182904720306396
-1.6666666666666667,-1.4554917812347412
-3.555555555555556,-7.804713726043701
-1.4444444444444444,-4.259289741516113
-15.0,-3.2036311626434326
1.0,-1.5156296491622925
5.333333333333333,1.5520110130310059
5.444444444444445,0.05208921432495117
-3.0,-0.19212675094604492
-2.333333333333333,2.540431499481201
-5.111111111111111,-2.60371732711792
-3.6666666666666665,-4.799769401550293
2.7777777777777777,-13.285758018493652
-8.777777777777779,-2.217359781265259
2.333333333333333,-0.9859520196914673
3.4444444444444446,4.5497283935546875
12.333333333333334,7.840228080749512
-1.0,-1.4892034530639648
1.6666666666666667,-4.199308395385742
-1.1111111111111112,4.325628280639648
-5.0,-3.0042507648468018
-5.222222222222222,-2.3046982288360596
-4.777777777777778,-2.633416175842285
0.5555555555555556,2.577576160430908
6.0,8.655123710632324
13.77777777777778,7.5771164894104
6.666666666666667,1.665971279144287
-1.0,-1.393462061882019
-3.7777777777777777,-0.7944254875183105
-5.777777777777778,-5.258100509643555
-3.555555555555556,-0.0903787612915039
0.2222222222222222,2.3168118000030518
-3.888888888888889,5.389348030090332
-3.0,-6.807144641876221
-5.888888888888889,-2.86588978767395
5.0,7.954673767089844
-10.666666666666666,-3.972776412963867
-3.333333333333333,-0.3244304656982422
-9.666666666666666,-2.8754799365997314
2.7777777777777777,2.3208653926849365
-7.333333333333333,-5.372915744781494
19.22222222222222,15.800926208496094
-12.333333333333334,-2.3655924797058105
-5.0,-3.438339948654175
-3.555555555555556,-5.168373107910156
-13.666666666666666,-1.7259033918380737
6.777777777777778,8.599967002868652
1.3333333333333333,9.462376594543457
48.22222222222222,7.010684013366699
3.2222222222222223,3.052931308746338
-4.0,2.5045080184936523
10.77777777777778,2.5508813858032227
-4.555555555555555,2.3628597259521484
10.333333333333334,0.3435431718826294
0.8888888888888888,1.1749005317687988
-5.111111111111111,-1.2477325201034546
5.0,5.1961798667907715
-25.77777777777778,-2.6457338333129883
-6.777777777777778,-4.041918754577637
6.111111111111111,3.4434425830841064
-9.22222222222222,3.151543617248535
-5.111111111111111,-1.7037956714630127
1.7777777777777777,-2.7122414112091064
4.777777777777778,1.9443986415863037
16.11111111111111,9.153735160827637
-0.8888888888888888,-1.7700910568237305
-2.888888888888889,-4.531363010406494
4.666666666666667,2.950277805328369
-3.2222222222222223,0.3905177116394043
11.0,4.71572208404541
6.777777777777778,5.12948751449585
-3.2222222222222223,-1.7659235000610352
5.111111111111111,3.09975004196167
-10.22222222222222,-0.6259452104568481
2.333333333333333,-4.098242282867432
2.2222222222222223,-3.0307936668395996
-14.77777777777778,-3.5939829349517822
0.8888888888888888,-13.186098098754883
-8.777777777777779,-1.7659235000610352
2.888888888888889,1.452019214630127
-5.333333333333333,2.1987712383270264
-2.0,-9.887910842895508
0.1111111111111111,-5.589559078216553
-1.0,-2.5656704902648926
1.2222222222222223,5.020237445831299
11.444444444444445,4.176908016204834
-2.0,-6.839271068572998
-1.4444444444444444,2.6184942722320557
-5.333333333333333,-2.871893882751465
-4.777777777777778,-4.228253364562988
-2.7777777777777777,-2.384758949279785
4.333333333333333,0.037871360778808594
-0.8888888888888888,-7.746032238006592
7.222222222222222,-0.36915576457977295
-6.777777777777778,-1.4394481182098389
28.22222222222222,12.491066932678223
6.555555555555555,-15.725676536560059
0.8888888888888888,-1.797018051147461
-6.555555555555555,-10.962003707885742
1.3333333333333333,-10.834561347961426
-1.5555555555555556,4.183988571166992
0.7777777777777778,-2.156928777694702
-1.2222222222222223,5.180447578430176
-7.333333333333333,-2.947977304458618
-4.333333333333333,-4.64454460144043
-0.6666666666666666,-2.480020046234131
-3.2222222222222223,-0.25088030099868774
-8.11111111111111,0.07061553001403809
6.666666666666667,-3.7626800537109375
-4.777777777777778,-1.90373957157135
-7.222222222222222,-3.3212671279907227
-4.222222222222222,-2.0772173404693604
3.888888888888889,-4.842568397521973
1.7777777777777777,4.4278950691223145
-2.7777777777777777,1.1486310958862305
0.4444444444444444,5.2860612869262695
-7.666666666666667,-2.9058053493499756
10.0,3.299248456954956
2.0,-1.8449170589447021
1.4444444444444444,-4.9079670906066895
3.2222222222222223,2.572829008102417
-6.111111111111111,-3.604142189025879
-2.0,5.012244701385498
-6.888888888888889,-5.198688507080078
6.222222222222222,-1.015470027923584
-5.111111111111111,10.741501808166504
-3.4444444444444446,2.729395866394043
-3.333333333333333,-1.595315933227539
0.5555555555555556,3.726238250732422
-7.222222222222222,-2.739365339279175
2.111111111111111,6.237125396728516
-1.6666666666666667,-1.311536431312561
19.88888888888889,17.97479248046875
-5.666666666666667,-4.026822566986084
0.1111111111111111,-4.685871601104736
0.0,-2.2028348445892334
-1.4444444444444444,-0.39083361625671387
-1.4444444444444444,-0.6025373935699463
1.1111111111111112,0.0632556676864624
-1.4444444444444444,5.0276288986206055
-4.777777777777778,-4.431582450866699
-16.88888888888889,-2.1754250526428223
-3.2222222222222223,-2.4902148246765137
3.6666666666666665,-2.8825442790985107
-5.555555555555555,1.5511384010314941
0.7777777777777778,-2.4771342277526855
0.4444444444444444,-1.8313562870025635
-1.3333333333333333,-6.638659477233887
-1.5555555555555556,6.12956428527832
-3.2222222222222223,-1.2440749406814575
14.88888888888889,4.204819202423096
-1.4444444444444444,-2.546586751937866
-0.6666666666666666,0.6620283126831055
-1.8888888888888888,2.9198830127716064
0.4444444444444444,2.3179550170898438
-6.0,-5.398088455200195
-47.22222222222222,-5.532553195953369
40.55555555555556,24.8862361907959
-7.666666666666667,-1.6958286762237549
2.6666666666666665,8.101845741271973
-3.0,-16.028934478759766
-1.5555555555555556,2.57022762298584
2.7777777777777777,0.591362714767456
-3.7777777777777777,-1.7202683687210083
-8.555555555555555,-7.565735816955566
-3.7777777777777777,3.1567630767822266
-1.7777777777777777,-2.2871036529541016
3.0,-2.2424092292785645
16.22222222222222,4.851320266723633
-7.0,-2.7148075103759766
-4.666666666666667,-7.035301685333252
4.111111111111111,1.7411034107208252
-1.4444444444444444,1.4760209321975708
0.0,-1.286808967590332
-3.111111111111111,-4.703811168670654
1.5555555555555556,0.4898902177810669
-1.7777777777777777,3.0326662063598633
-6.222222222222222,1.640169382095337
-5.666666666666667,-2.2429842948913574
-1.2222222222222223,13.76210880279541
-3.555555555555556,-4.505791187286377
-12.77777777777778,4.258144378662109
-3.0,-1.8839125633239746
-1.2222222222222223,0.006398200988769531
-10.22222222222222,-2.319877862930298
12.444444444444445,-1.47431480884552
9.22222222222222,10.604893684387207
-5.777777777777778,-3.4743988513946533
-5.888888888888889,-5.117175579071045
0.3333333333333333,-4.536171913146973
3.6666666666666665,-0.4578373432159424
-3.0,1.6241559982299805
-19.88888888888889,-7.444403648376465
-6.333333333333333,-4.3605194091796875
-0.2222222222222222,-1.039750576019287
-4.777777777777778,-1.318615436553955
-3.888888888888889,-1.2980117797851562
1.4444444444444444,-5.136614799499512
-2.888888888888889,-6.713646411895752
1.5555555555555556,-0.5216352939605713
-1.7777777777777777,-1.5196694135665894
-12.333333333333334,-5.173137187957764
16.11111111111111,8.226019859313965
-3.888888888888889,5.171204090118408
-2.555555555555556,-2.5644397735595703
2.888888888888889,-0.7013542652130127
-3.2222222222222223,-3.011549711227417
-0.6666666666666666,2.523642063140869
13.666666666666666,11.133666038513184
11.333333333333334,-0.12555861473083496
-7.666666666666667,-6.976190090179443
-15.555555555555555,-7.396957874298096
-3.555555555555556,-5.010612964630127
-1.4444444444444444,-3.791287899017334
-1.6666666666666667,1.5925121307373047
-9.0,-4.62372350692749
11.666666666666666,16.853546142578125
-20.88888888888889,-0.11749815940856934
-5.777777777777778,-3.481377363204956
3.333333333333333,-2.0764050483703613
1.4444444444444444,-3.0189318656921387
-3.111111111111111,-3.953101396560669
1.2222222222222223,0.33800506591796875
3.555555555555556,0.8505480289459229
-9.444444444444445,-4.4433064460754395
-3.0,-2.0559544563293457
-8.444444444444445,18.208599090576172
-0.6666666666666666,4.6243767738342285
-4.555555555555555,0.43356430530548096
-2.2222222222222223,-5.093111515045166
-0.5555555555555556,-3.9685683250427246
-4.333333333333333,-7.393250942230225
-2.4444444444444446,3.614250898361206
-8.222222222222221,-0.7273430824279785
-0.7777777777777778,-5.1148762702941895
-17.555555555555557,-5.126795291900635
1.1111111111111112,-6.523451328277588
-0.1111111111111111,-1.2057771682739258
-3.888888888888889,-1.7167041301727295
-5.666666666666667,-5.126515865325928
0.4444444444444444,-1.0679503679275513
-11.444444444444445,-6.976190090179443
-5.777777777777778,-2.3443005084991455
-2.4444444444444446,4.55682373046875
-1.3333333333333333,-4.663971424102783
-2.888888888888889,-5.005776882171631
-0.2222222222222222,-4.612048149108887
3.4444444444444446,1.3758867979049683
-15.77777777777778,-7.337924480438232
-1.8888888888888888,-5.370113372802734
2.111111111111111,-1.7190579175949097
2.888888888888889,-0.34501516819000244
4.333333333333333,5.416342258453369
-4.444444444444445,-4.886302471160889
16.555555555555557,15.481250762939453
0.8888888888888888,-4.780008316040039
-0.4444444444444444,3.3044652938842773
-17.0,-0.885043740272522
-1.7777777777777777,0.3827017545700073
-5.888888888888889,1.6002612113952637
5.111111111111111,9.963973045349121
-1.2222222222222223,-9.27186393737793
3.7777777777777777,2.938479423522949
22.77777777777778,10.296514511108398
0.5555555555555556,9.957428932189941
4.111111111111111,-1.95091712474823
4.0,5.694507122039795
-3.2222222222222223,-3.3599696159362793
21.33333333333333,9.257575035095215
5.333333333333333,-0.8449724316596985
11.11111111111111,-0.18856555223464966
-3.2222222222222223,-3.94711971282959
0.2222222222222222,1.946395993232727
-2.2222222222222223,-5.27217435836792
-24.33333333333333,-6.6178812980651855
-3.333333333333333,-3.4132485389709473
5.555555555555555,-1.9582700729370117
2.2222222222222223,1.0766640901565552
-0.3333333333333333,-0.43737196922302246
-0.3333333333333333,1.9471443891525269
-0.1111111111111111,4.3857550621032715
-3.4444444444444446,-2.8615963459014893
-1.1111111111111112,-0.03975105285644531
-9.88888888888889,1.088057279586792
1.4444444444444444,-5.068120002746582
-5.555555555555555,-2.024085521697998
-12.444444444444445,-9.076156616210938
3.333333333333333,-5.044563293457031
8.222222222222221,-4.517958164215088
-9.555555555555555,-3.365189790725708
-0.8888888888888888,1.7689008712768555
-2.333333333333333,-1.9926995038986206
-0.6666666666666666,-3.4332022666931152
-1.7777777777777777,-5.07088565826416
17.88888888888889,0.38177490234375
-5.888888888888889,-3.614180564880371
-0.7777777777777778,-5.795783042907715
-3.0,-0.8433413505554199
-1.2222222222222223,-5.405169486999512
-6.555555555555555,-5.350418567657471
-5.888888888888889,11.646208763122559
1.7777777777777777,-1.4951999187469482
-8.444444444444445,-3.5048022270202637
1.4444444444444444,-6.912487983703613
-0.4444444444444444,-2.8901278972625732
0.1111111111111111,-2.0449514389038086
-5.111111111111111,2.4133176803588867
-12.0,-4.359370231628418
-3.333333333333333,-5.181528091430664
-3.333333333333333,-2.431016206741333
5.0,3.651090621948242
-0.6666666666666666,1.1757841110229492
3.6666666666666665,2.910804271697998
-6.444444444444445,-5.583205223083496
6.111111111111111,-1.2514251470565796
-6.222222222222222,-3.4253435134887695
-3.0,-7.911512851715088
-0.3333333333333333,-5.491335868835449
-3.555555555555556,1.5095691680908203
-7.333333333333333,-4.5319366455078125
27.55555555555556,9.881382942199707
-8.444444444444445,-11.745991706848145
-0.1111111111111111,-7.837888717651367
2.888888888888889,-0.5645627975463867
-0.5555555555555556,-4.8700127601623535
4.777777777777778,9.177663803100586
-2.6666666666666665,-0.752418041229248
-37.888888888888886,-11.813200950622559
-0.4444444444444444,-3.2056379318237305
-6.888888888888889,2.2583982944488525
-6.0,-3.3154213428497314
-2.888888888888889,-1.8800767660140991
4.0,-3.602198362350464
-1.4444444444444444,-4.377198219299316
-2.555555555555556,5.091540813446045
-3.0,-1.66756010055542
1.4444444444444444,-1.5698586702346802
0.3333333333333333,5.023886203765869
-1.5555555555555556,-6.1526923179626465
-2.888888888888889,-4.401714324951172
-5.888888888888889,-5.878210544586182
1.7777777777777777,-0.03356689214706421
-6.444444444444445,-4.645254611968994
12.333333333333334,14.65023422241211
1.1111111111111112,2.826414108276367
-2.555555555555556,1.8166213035583496
-3.111111111111111,-4.513073444366455
-1.4444444444444444,-2.7556045055389404
-12.333333333333334,-4.705528259277344
12.555555555555555,6.389583587646484
-6.777777777777778,-0.2623403072357178
-0.8888888888888888,2.536336898803711
5.222222222222222,0.47375524044036865
-2.111111111111111,0.5727009773254395
0.0,0.724780797958374
-0.8888888888888888,-5.099816799163818
1.4444444444444444,0.0202178955078125
0.4444444444444444,-4.480936527252197
1.3333333333333333,-3.213332176208496
-6.777777777777778,-12.086255073547363
-7.777777777777778,-4.228480339050293
7.555555555555555,1.5281615257263184
-24.55555555555556,-6.265030860900879
32.22222222222222,13.070503234863281
9.333333333333334,-0.6529068350791931
8.777777777777779,0.39315104484558105
-4.777777777777778,-1.116020679473877
-6.333333333333333,-8.144235610961914
