Score,Pred Score
-0.6666666666666666,-3.669752836227417
7.333333333333333,-1.4838783740997314
-0.4444444444444444,-1.8530877828598022
-4.111111111111111,-3.0129716396331787
-7.333333333333333,-6.838420391082764
1.3333333333333333,-0.022212505340576172
-8.444444444444445,2.64186954498291
1.6666666666666667,0.8271341323852539
3.333333333333333,3.435061454772949
2.111111111111111,8.574501991271973
0.1111111111111111,-3.5399327278137207
11.22222222222222,2.5113558769226074
-3.111111111111111,-4.916937351226807
-3.888888888888889,-2.9637198448181152
14.11111111111111,-0.4215407371520996
-4.444444444444445,-0.6462115049362183
6.0,-4.240055084228516
12.555555555555555,11.060174942016602
-0.8888888888888888,-5.072269439697266
-4.0,-4.162416458129883
-1.1111111111111112,-3.2829275131225586
-3.555555555555556,-2.7811508178710938
-10.666666666666666,-5.457452774047852
9.11111111111111,-0.7698180675506592
-1.7777777777777777,-6.894094467163086
-3.4444444444444446,-7.5513153076171875
23.22222222222222,10.877556800842285
0.8888888888888888,-5.447558403015137
0.3333333333333333,-3.6887481212615967
-3.7777777777777777,5.441821098327637
2.111111111111111,-5.9461350440979
-2.2222222222222223,-5.230831146240234
-2.2222222222222223,-1.9714001417160034
3.111111111111111,-1.5023279190063477
0.1111111111111111,-2.0452091693878174
-2.555555555555556,-1.4055612087249756
-0.2222222222222222,-5.519683361053467
3.111111111111111,4.011617660522461
-4.444444444444445,4.883044719696045
-5.222222222222222,-0.7157874703407288
4.0,13.541383743286133
-4.777777777777778,-2.259436845779419
1.0,-8.827160835266113
-4.111111111111111,4.34450101852417
-4.777777777777778,-3.1089518070220947
14.11111111111111,-1.3478310108184814
2.2222222222222223,-1.2539982795715332
-4.888888888888889,-5.677061557769775
-6.888888888888889,-5.235556602478027
-9.444444444444445,9.480966567993164
13.666666666666666,0.44535017013549805
3.4444444444444446,-0.3112649917602539
-8.222222222222221,-4.232732772827148
5.777777777777778,-2.870025873184204
0.0,-0.45712876319885254
13.666666666666666,12.773253440856934
-1.0,1.197160005569458
7.333333333333333,-7.289318084716797
-2.888888888888889,-0.8596377372741699
-7.111111111111111,-2.4078450202941895
-1.2222222222222223,-3.717384099960327
0.0,-1.3200163841247559
-7.666666666666667,1.1051669120788574
-1.5555555555555556,1.4789843559265137
11.88888888888889,12.209492683410645
-4.666666666666667,-2.358978509902954
-10.333333333333334,-7.073031902313232
-9.555555555555555,-5.809333801269531
-2.6666666666666665,-2.7652852535247803
-3.333333333333333,-1.9428949356079102
1.8888888888888888,-3.395785093307495
-5.666666666666667,-2.0279812812805176
-3.888888888888889,1.7529635429382324
-1.5555555555555556,0.9927511215209961
-1.8888888888888888,-6.147209644317627
-7.888888888888889,1.236328125
0.4444444444444444,0.07035231590270996
3.555555555555556,4.657752513885498
-0.8888888888888888,-1.081421971321106
-5.777777777777778,-1.1030356884002686
-2.888888888888889,-1.162323236465454
-2.111111111111111,0.48381757736206055
46.333333333333336,0.940400242805481
0.8888888888888888,0.0196378231048584
1.1111111111111112,-3.5701904296875
0.0,-4.685121536254883
10.0,1.9387547969818115
-1.1111111111111112,3.8896141052246094
8.555555555555555,-0.6469554901123047
-4.777777777777778,-0.1578817367553711
0.2222222222222222,-1.8513319492340088
8.222222222222221,1.1716535091400146
10.11111111111111,13.479228019714355
-2.555555555555556,-1.132664680480957
-4.888888888888889,-4.154517650604248
20.88888888888889,10.415264129638672
19.33333333333333,9.543792724609375
-1.3333333333333333,4.994579792022705
-4.111111111111111,-0.5931613445281982
-2.7777777777777777,-1.3932363986968994
9.0,2.963118553161621
-6.111111111111111,6.176328659057617
-3.7777777777777777,-5.346215724945068
-5.0,-3.0086750984191895
-3.0,-2.4205586910247803
-6.222222222222222,-6.87910795211792
-6.333333333333333,-2.7727956771850586
-1.8888888888888888,-2.9276123046875
3.111111111111111,2.0531187057495117
-4.888888888888889,-6.049249172210693
6.777777777777778,0.4186129570007324
-4.444444444444445,-5.4876275062561035
7.666666666666667,1.7446558475494385
0.5555555555555556,-3.354471445083618
-7.0,-3.2855913639068604
-10.0,5.188583850860596
-0.5555555555555556,-0.9335904121398926
0.1111111111111111,0.9680542945861816
-3.4444444444444446,-0.6499652862548828
6.777777777777778,2.2157914638519287
-6.0,-1.2623603343963623
-3.333333333333333,-1.1089913845062256
8.777777777777779,9.003520011901855
-6.333333333333333,-1.5486454963684082
-7.444444444444445,-9.62455940246582
0.1111111111111111,0.062131524085998535
-4.0,-1.445516586303711
6.222222222222222,1.3635852336883545
-3.4444444444444446,2.459641933441162
4.777777777777778,-2.8826169967651367
-2.111111111111111,-4.904879570007324
-4.111111111111111,-2.6361093521118164
11.88888888888889,-0.04515695571899414
-0.5555555555555556,-0.8374795913696289
4.444444444444445,-2.648296356201172
-0.3333333333333333,-6.2800798416137695
-4.555555555555555,-2.866276979446411
-0.7777777777777778,0.5997097492218018
-2.2222222222222223,-5.6017327308654785
-5.222222222222222,-9.177788734436035
10.444444444444445,13.67471694946289
-3.4444444444444446,2.6015565395355225
-3.7777777777777777,3.1708602905273438
0.2222222222222222,-0.7690656185150146
-4.0,-3.140021562576294
-22.444444444444443,-3.064042568206787
-5.777777777777778,-4.063588619232178
-4.222222222222222,-7.640041351318359
-2.333333333333333,-1.844811201095581
5.555555555555555,2.922250270843506
23.0,-1.64854097366333
4.777777777777778,1.45820951461792
-18.88888888888889,-5.26094388961792
-10.22222222222222,1.1081018447875977
5.222222222222222,-3.451963424682617
-5.0,1.8129453659057617
7.444444444444445,0.3023202419281006
6.333333333333333,0.8655102252960205
1.4444444444444444,-4.988029956817627
-0.8888888888888888,-0.6386849880218506
3.111111111111111,-4.36459493637085
0.5555555555555556,0.38217830657958984
-1.8888888888888888,-2.9489197731018066
-11.77777777777778,0.38217830657958984
-5.555555555555555,-2.19494366645813
-1.3333333333333333,-1.1390657424926758
-1.8888888888888888,-0.19136309623718262
0.0,9.321549415588379
0.8888888888888888,-5.906731605529785
5.0,-4.5445990562438965
2.4444444444444446,-3.038853883743286
-0.1111111111111111,-0.43801164627075195
2.111111111111111,1.3077311515808105
-0.2222222222222222,4.778857231140137
19.444444444444443,13.294191360473633
3.7777777777777777,4.46577787399292
-3.111111111111111,-4.3255157470703125
7.555555555555555,2.8149795532226562
1.5555555555555556,-0.9336898326873779
-1.1111111111111112,-3.804248571395874
-1.6666666666666667,-2.095755100250244
3.111111111111111,-0.5635421276092529
-1.6666666666666667,3.2540714740753174
1.3333333333333333,-2.2384514808654785
-10.555555555555555,-2.6335020065307617
-5.333333333333333,-10.906770706176758
-0.8888888888888888,-3.056812047958374
-6.111111111111111,-0.7640624046325684
-12.333333333333334,-0.9371870756149292
-6.111111111111111,-0.5424854755401611
-6.111111111111111,1.8422460556030273
-10.22222222222222,-9.573417663574219
4.444444444444445,1.067028522491455
-2.555555555555556,1.957146167755127
-8.777777777777779,-3.5569074153900146
-14.555555555555555,-3.871396541595459
-15.0,9.129806518554688
31.33333333333333,12.418256759643555
-20.11111111111111,2.054184675216675
-3.4444444444444446,-0.5588896870613098
-0.1111111111111111,-2.4056894779205322
-1.3333333333333333,5.311616897583008
1.6666666666666667,-2.2140588760375977
-4.888888888888889,-4.951896667480469
2.333333333333333,-4.2940568923950195
-13.333333333333334,-13.427733421325684
0.5555555555555556,-2.3592491149902344
1.2222222222222223,10.083744049072266
-8.777777777777779,-0.5585766434669495
-0.2222222222222222,2.5473389625549316
3.2222222222222223,-3.128145456314087
-2.7777777777777777,-3.6726512908935547
-3.333333333333333,-4.8489670753479
-5.0,-2.1920011043548584
-3.333333333333333,-1.5868334770202637
-6.777777777777778,-3.176344633102417
1.0,-3.6903278827667236
-4.444444444444445,-2.3241026401519775
-2.111111111111111,-3.7203526496887207
-20.55555555555556,-10.333035469055176
3.333333333333333,-1.6651160717010498
-4.777777777777778,-0.8071146011352539
-1.4444444444444444,0.7570488452911377
-9.11111111111111,-2.9543840885162354
-12.666666666666666,-4.891401767730713
-21.11111111111111,6.937448024749756
3.555555555555556,3.489985466003418
-4.777777777777778,0.09733998775482178
-5.888888888888889,-1.0967704057693481
-7.555555555555555,-0.6605107188224792
-3.555555555555556,-0.8691366910934448
3.0,2.5355775356292725
4.0,-1.2748405933380127
-5.333333333333333,-2.6901872158050537
17.444444444444443,12.599002838134766
-11.77777777777778,-5.745857238769531
-4.888888888888889,-3.2947545051574707
6.444444444444445,-2.7142059803009033
4.0,2.92097544670105
-9.88888888888889,1.119344711303711
15.77777777777778,2.172093629837036
0.6666666666666666,-2.6532068252563477
-9.444444444444445,-2.800543785095215
-1.7777777777777777,-2.902287721633911
2.333333333333333,11.346660614013672
-4.222222222222222,-3.8065600395202637
-8.11111111111111,-3.63896107673645
1.8888888888888888,-5.048740863800049
-12.555555555555555,-6.046730041503906
5.444444444444445,-2.878239393234253
-3.111111111111111,-2.3952221870422363
-2.555555555555556,0.8228161334991455
5.666666666666667,5.2147979736328125
1.4444444444444444,-0.347652792930603
-3.0,-2.0932092666625977
-0.1111111111111111,3.2837436199188232
1.1111111111111112,-1.7591958045959473
-0.8888888888888888,3.537177085876465
-7.333333333333333,-3.4948158264160156
-13.77777777777778,-7.158656597137451
0.7777777777777778,-3.5519728660583496
-2.6666666666666665,-3.5834522247314453
-19.55555555555556,-13.738167762756348
5.0,-1.7011770009994507
-2.2222222222222223,10.797286033630371
1.0,0.9100677967071533
-3.0,1.602339744567871
-3.888888888888889,-1.2607265710830688
-3.4444444444444446,-6.5172271728515625
5.0,-0.0005011558532714844
19.22222222222222,15.453734397888184
-2.4444444444444446,-1.2385492324829102
6.222222222222222,-5.4221978187561035
-5.333333333333333,-5.663459300994873
-10.77777777777778,-5.058721542358398
0.0,-4.017247200012207
1.8888888888888888,-1.8005714416503906
21.55555555555556,14.646916389465332
-7.777777777777778,-4.718349456787109
-7.222222222222222,-3.7535288333892822
-1.7777777777777777,-1.450203776359558
5.444444444444445,0.7029256820678711
-3.888888888888889,-1.7435417175292969
-8.222222222222221,-8.952735900878906
6.111111111111111,-1.8719778060913086
2.7777777777777777,-0.5272440910339355
-6.333333333333333,-6.330204486846924
0.2222222222222222,-1.9125168323516846
-7.777777777777778,0.5506739616394043
1.2222222222222223,-6.5008864402771
3.4444444444444446,-3.1437058448791504
-2.888888888888889,-5.6316094398498535
14.88888888888889,4.729491710662842
-1.7777777777777777,-1.1728639602661133
-3.888888888888889,-6.359794616699219
-5.777777777777778,-0.5742073059082031
27.11111111111111,8.43787670135498
1.7777777777777777,-0.7643123865127563
0.3333333333333333,-1.5340770483016968
-12.77777777777778,-8.536932945251465
27.88888888888889,14.924323081970215
-4.222222222222222,-2.271491289138794
-1.2222222222222223,6.676751613616943
-3.0,-1.1047523021697998
3.6666666666666665,5.916121959686279
-1.5555555555555556,-0.5462636947631836
-4.222222222222222,-2.112683057785034
-0.7777777777777778,4.282045841217041
6.777777777777778,13.49413776397705
-0.7777777777777778,3.2743749618530273
-8.777777777777779,-1.3845140933990479
0.2222222222222222,3.799309730529785
-0.2222222222222222,0.04030966758728027
-8.0,-1.3818353414535522
-4.333333333333333,-2.0064773559570312
-3.0,4.19805908203125
-7.666666666666667,-4.500884056091309
1.1111111111111112,-5.08619499206543
-0.5555555555555556,-3.314124345779419
-2.111111111111111,-2.423753499984741
-7.555555555555555,-2.7786762714385986
17.666666666666668,1.5172748565673828
-8.11111111111111,-3.3391799926757812
19.55555555555556,6.276678562164307
-6.555555555555555,1.8045029640197754
10.555555555555555,7.365976810455322
-14.444444444444445,-11.44347858428955
6.666666666666667,-2.347167491912842
-3.888888888888889,-0.46044325828552246
-6.333333333333333,0.44937729835510254
-6.666666666666667,-2.717283248901367
-4.444444444444445,2.102696180343628
-2.111111111111111,-0.7819505929946899
-10.333333333333334,-6.906144618988037
-6.111111111111111,-1.3848423957824707
20.666666666666668,11.051627159118652
-5.444444444444445,1.0257413387298584
7.555555555555555,-2.9270365238189697
-1.4444444444444444,0.8898731470108032
-7.222222222222222,-3.077397108078003
-3.111111111111111,-3.5427916049957275
-3.555555555555556,-2.8717291355133057
-2.4444444444444446,-2.595409870147705
-1.1111111111111112,-1.3078548908233643
-7.555555555555555,-4.503355503082275
10.11111111111111,-0.2214651107788086
-1.4444444444444444,-0.7865040898323059
-2.333333333333333,-2.5125770568847656
-1.6666666666666667,-3.542546272277832
8.88888888888889,2.573258399963379
-3.888888888888889,0.19874078035354614
-6.222222222222222,-4.142866134643555
-11.88888888888889,-10.55636215209961
-1.5555555555555556,-5.373268127441406
7.111111111111111,1.3148589134216309
4.666666666666667,-3.392688035964966
2.4444444444444446,-5.866997718811035
1.5555555555555556,-0.20144867897033691
3.333333333333333,-2.6914288997650146
-10.11111111111111,-3.0976600646972656
-8.444444444444445,-1.7340290546417236
-2.555555555555556,-7.560390472412109
2.4444444444444446,-4.0036492347717285
2.888888888888889,-5.573757648468018
-4.111111111111111,-7.334903240203857
-10.444444444444445,-3.565603256225586
17.666666666666668,11.039320945739746
27.77777777777778,8.181411743164062
-1.7777777777777777,-0.018489718437194824
11.88888888888889,-0.010342836380004883
0.5555555555555556,-3.64105224609375
6.444444444444445,5.694313049316406
-4.0,-2.0916779041290283
-7.444444444444445,-4.576112747192383
-4.555555555555555,-2.0850930213928223
12.333333333333334,11.511284828186035
6.0,-0.6848766803741455
-2.0,-2.8346364498138428
1.6666666666666667,-1.9941831827163696
17.333333333333332,14.14109992980957
10.11111111111111,1.3723375797271729
-1.2222222222222223,-5.235260963439941
5.666666666666667,9.443503379821777
-3.0,-6.685420989990234
-0.2222222222222222,1.0797367095947266
6.888888888888889,0.6404018402099609
1.4444444444444444,-2.6769771575927734
-1.2222222222222223,-6.227782249450684
-2.333333333333333,0.9811685085296631
-7.888888888888889,-2.2617690563201904
20.22222222222222,13.403888702392578
-6.111111111111111,-4.704104423522949
-12.444444444444445,0.2051091194152832
-7.888888888888889,-2.7890872955322266
1.2222222222222223,-3.3159618377685547
-2.888888888888889,-3.3499081134796143
-17.333333333333332,-1.7045419216156006
0.0,-5.769448280334473
5.222222222222222,0.53104567527771
5.111111111111111,-3.049483060836792
-5.444444444444445,-3.2136802673339844
10.22222222222222,-1.9953786134719849
-1.6666666666666667,-4.364469528198242
-4.444444444444445,0.5110510587692261
18.11111111111111,5.886958599090576
-4.777777777777778,-4.52777624130249
5.333333333333333,1.767674446105957
-2.555555555555556,-3.2999680042266846
5.888888888888889,12.00346851348877
8.11111111111111,1.4585695266723633
-0.4444444444444444,1.6354063749313354
-5.444444444444445,-1.4751564264297485
-0.6666666666666666,0.6099269390106201
-5.444444444444445,-9.361451148986816
-17.0,-5.190211296081543
-1.0,2.738691568374634
2.333333333333333,1.8162730932235718
0.2222222222222222,-6.199400424957275
-2.7777777777777777,2.8355846405029297
-6.777777777777778,0.03280448913574219
0.4444444444444444,-1.926985263824463
0.6666666666666666,-7.821065902709961
-0.7777777777777778,-1.500458002090454
-7.555555555555555,2.969648838043213
-7.333333333333333,-3.0224106311798096
-12.77777777777778,-0.9445642232894897
0.2222222222222222,-1.122713565826416
9.77777777777778,5.715090751647949
-6.222222222222222,-5.177100658416748
-4.888888888888889,-3.3027231693267822
-10.11111111111111,9.161686897277832
-8.777777777777779,-3.932799816131592
-2.111111111111111,0.3711080551147461
1.6666666666666667,-5.5988616943359375
-0.7777777777777778,0.9262673854827881
-0.1111111111111111,-2.398679494857788
-0.5555555555555556,-0.5557913780212402
-6.666666666666667,-1.9953786134719849
-9.88888888888889,-0.8546552658081055
-8.666666666666666,-7.240538597106934
0.6666666666666666,-0.9063397645950317
-0.7777777777777778,4.579807758331299
0.3333333333333333,-2.7780232429504395
1.3333333333333333,-0.37527573108673096
-2.2222222222222223,1.9898338317871094
-6.444444444444445,-3.2261104583740234
2.4444444444444446,-0.6952216625213623
-5.555555555555555,-7.521805763244629
-8.444444444444445,-3.3793671131134033
15.0,0.99562668800354
2.2222222222222223,4.2481303215026855
2.6666666666666665,-1.7045273780822754
-2.7777777777777777,-12.01499080657959
-5.222222222222222,1.2370450496673584
-8.555555555555555,-10.540102005004883
-3.0,0.4350128173828125
-1.6666666666666667,1.737241506576538
-1.0,-2.344287872314453
-0.4444444444444444,3.0978188514709473
37.11111111111112,3.4659252166748047
-4.444444444444445,-3.4002788066864014
0.5555555555555556,-3.767164468765259
-16.0,-5.830741882324219
-10.22222222222222,-7.127549648284912
-2.333333333333333,-3.101297616958618
-4.333333333333333,1.7469582557678223
-1.8888888888888888,-3.1294710636138916
-4.777777777777778,6.904407501220703
-8.666666666666666,-1.0846986770629883
0.5555555555555556,0.3863239288330078
17.333333333333332,1.8599684238433838
1.5555555555555556,-4.67722749710083
-4.222222222222222,-2.6073856353759766
-6.111111111111111,-4.684671878814697
6.222222222222222,-1.5722177028656006
-1.3333333333333333,-3.5102508068084717
6.333333333333333,3.6531927585601807
9.444444444444445,0.1883072853088379
-0.1111111111111111,-10.797629356384277
-6.0,-2.208435297012329
-4.666666666666667,-4.011937618255615
-6.666666666666667,-0.4407421350479126
12.77777777777778,14.609105110168457
0.2222222222222222,-3.4146604537963867
-14.555555555555555,-2.436141014099121
-9.333333333333334,0.6895439624786377
2.6666666666666665,-1.174912929534912
-1.3333333333333333,-3.513523578643799
-12.555555555555555,1.3288249969482422
-8.777777777777779,-1.2560646533966064
2.6666666666666665,-2.0492260456085205
-7.222222222222222,-6.771974563598633
2.6666666666666665,-7.662161350250244
-6.444444444444445,-5.906235218048096
-42.55555555555556,-13.793166160583496
4.777777777777778,6.0486226081848145
0.5555555555555556,-5.754524230957031
-9.666666666666666,-6.924962043762207
9.77777777777778,15.500204086303711
9.444444444444445,5.406583309173584
-2.7777777777777777,-4.9545135498046875
2.0,1.9447813034057617
-2.111111111111111,-1.3318676948547363
-10.666666666666666,4.226021766662598
-3.888888888888889,-7.028870105743408
-0.6666666666666666,-1.8013637065887451
-6.111111111111111,-4.896491527557373
-2.555555555555556,-4.706815242767334
-5.444444444444445,0.5930118560791016
-3.6666666666666665,-2.818382740020752
2.555555555555556,0.38236045837402344
4.333333333333333,-3.816528797149658
-5.555555555555555,-1.6289091110229492
-0.6666666666666666,11.97665023803711
-1.6666666666666667,2.736990213394165
1.5555555555555556,-3.259014368057251
-8.0,-5.34943151473999
1.2222222222222223,-1.9414931535720825
12.333333333333334,13.035083770751953
0.4444444444444444,-1.1267248392105103
0.2222222222222222,0.4521775245666504
0.4444444444444444,0.6984925270080566
0.1111111111111111,-0.2869206666946411
0.3333333333333333,-3.832782745361328
1.2222222222222223,1.3939204216003418
-1.4444444444444444,-0.5572109222412109
2.888888888888889,0.29494476318359375
14.88888888888889,17.995559692382812
0.1111111111111111,-2.590548038482666
-4.888888888888889,1.6108198165893555
19.55555555555556,13.320679664611816
-3.7777777777777777,-3.583822727203369
-2.7777777777777777,-5.587128639221191
-4.0,-2.215709686279297
-4.111111111111111,-2.7567646503448486
-0.1111111111111111,-10.048368453979492
2.333333333333333,-1.2341054677963257
0.6666666666666666,10.672560691833496
1.0,-1.110358715057373
-5.111111111111111,1.2226977348327637
-1.2222222222222223,-0.8312267065048218
-3.111111111111111,-4.4506754875183105
-16.333333333333332,-2.5001583099365234
-7.555555555555555,-2.814124584197998
-7.777777777777778,-1.5603864192962646
-1.5555555555555556,5.439662933349609
-7.333333333333333,-4.294677257537842
1.1111111111111112,-2.512737989425659
3.333333333333333,-1.1017842292785645
-6.444444444444445,-4.204927444458008
-6.0,2.657658576965332
-1.7777777777777777,-0.1797504425048828
3.2222222222222223,2.6664719581604004
1.0,-0.8328253030776978
-8.0,-5.759212493896484
0.4444444444444444,0.715723991394043
1.8888888888888888,-2.011115312576294
8.88888888888889,-0.4042015075683594
-0.5555555555555556,-3.973857879638672
-8.444444444444445,-2.805349349975586
0.4444444444444444,0.7442851066589355
-2.7777777777777777,7.903825283050537
-3.6666666666666665,-2.0724234580993652
-5.222222222222222,-4.481782913208008
-10.555555555555555,1.6803758144378662
0.6666666666666666,-4.893233776092529
8.0,6.874032020568848
0.2222222222222222,8.6004056930542
-2.6666666666666665,-2.661114454269409
-5.111111111111111,-2.7919890880584717
-9.333333333333334,-8.35745620727539
-0.3333333333333333,-2.404778242111206
2.6666666666666665,0.09720134735107422
-8.88888888888889,-11.575368881225586
-5.555555555555555,-4.12930154800415
1.5555555555555556,3.10578989982605
-4.444444444444445,-0.7505092620849609
-8.0,-2.8712785243988037
5.222222222222222,-1.071401596069336
-1.8888888888888888,-1.4119102954864502
-7.555555555555555,-2.681652784347534
4.0,1.0234160423278809
0.1111111111111111,1.093986988067627
1.4444444444444444,-1.3474459648132324
-2.0,-2.592343330383301
-2.7777777777777777,-2.911869764328003
-6.555555555555555,-1.2975046634674072
-8.666666666666666,-4.310786724090576
-5.0,-2.81240177154541
-3.7777777777777777,-2.824587106704712
9.555555555555555,-0.07814908027648926
-10.22222222222222,1.531378149986267
9.0,8.052225112915039
-2.7777777777777777,-0.25047969818115234
-1.5555555555555556,0.17102694511413574
-1.8888888888888888,0.7001583576202393
2.4444444444444446,-0.08538126945495605
-5.222222222222222,-3.2969307899475098
-1.6666666666666667,-0.5871872901916504
5.888888888888889,-4.3701629638671875
-6.666666666666667,-4.70911979675293
-0.2222222222222222,-1.9034053087234497
-6.666666666666667,-3.7256217002868652
-5.111111111111111,-2.6680567264556885
0.3333333333333333,1.8080687522888184
-0.4444444444444444,-2.4804043769836426
-4.444444444444445,-2.203129768371582
3.4444444444444446,-4.211007118225098
-0.7777777777777778,-5.236493110656738
-9.555555555555555,-3.6859116554260254
-5.333333333333333,-2.3301284313201904
5.222222222222222,0.9275286197662354
6.444444444444445,6.201598167419434
5.111111111111111,-1.2420003414154053
4.888888888888889,-1.816145658493042
-6.0,5.495936393737793
-5.666666666666667,-2.147312641143799
37.77777777777778,9.929027557373047
-7.111111111111111,-5.09821081161499
-1.4444444444444444,1.8057994842529297
6.777777777777778,3.202208995819092
-9.444444444444445,-4.027824401855469
-6.333333333333333,-2.1470277309417725
-0.4444444444444444,-2.9663217067718506
5.111111111111111,-0.13374018669128418
9.11111111111111,-4.051860809326172
-1.7777777777777777,4.078883647918701
-7.888888888888889,-1.958556056022644
-3.6666666666666665,-0.938579797744751
-2.888888888888889,3.278738260269165
-8.0,-3.6135828495025635
-2.4444444444444446,-2.99021577835083
7.888888888888889,6.532988548278809
-0.2222222222222222,-1.2607922554016113
-0.5555555555555556,-1.7964670658111572
-2.7777777777777777,-2.204956531524658
-3.555555555555556,-1.8976234197616577
-0.5555555555555556,1.4277622699737549
-2.111111111111111,2.72920560836792
-1.5555555555555556,-0.4724597930908203
2.4444444444444446,0.8109807968139648
-8.11111111111111,-6.289031028747559
-0.6666666666666666,0.5173759460449219
3.0,-1.7461943626403809
-1.4444444444444444,-1.8786206245422363
9.666666666666666,-3.5691049098968506
3.111111111111111,0.6907508373260498
-12.555555555555555,-1.1375936269760132
4.666666666666667,3.7075958251953125
-12.0,-4.831181526184082
-10.88888888888889,-4.909397602081299
17.11111111111111,0.5210583209991455
9.22222222222222,-2.2722084522247314
-1.3333333333333333,-3.8029580116271973
5.666666666666667,-1.4741579294204712
-5.666666666666667,-1.0505332946777344
-3.888888888888889,-11.360700607299805
-8.11111111111111,-3.146013021469116
-9.444444444444445,-2.58884334564209
-2.7777777777777777,-3.536451816558838
-5.888888888888889,8.508152961730957
8.555555555555555,-2.354074001312256
-3.555555555555556,-3.4096484184265137
2.555555555555556,0.6443798542022705
-25.22222222222222,-5.342757701873779
5.888888888888889,1.4118504524230957
-2.7777777777777777,0.04601597785949707
-6.444444444444445,-3.767340898513794
-17.444444444444443,-1.6443872451782227
-0.1111111111111111,4.229285717010498
-4.666666666666667,3.694591522216797
-1.7777777777777777,0.80741286277771
-0.2222222222222222,-0.19602203369140625
6.111111111111111,-1.535256028175354
-5.444444444444445,-2.9690558910369873
-4.222222222222222,-0.2964355945587158
-3.6666666666666665,-0.9690417051315308
-2.4444444444444446,0.4698173999786377
-10.0,-8.855409622192383
8.333333333333334,-3.2846968173980713
25.55555555555556,14.59317398071289
-2.555555555555556,-2.5826408863067627
-4.555555555555555,3.8180975914001465
-1.3333333333333333,-2.195399522781372
22.666666666666668,11.575972557067871
3.2222222222222223,10.751044273376465
-3.2222222222222223,0.5787301063537598
-1.2222222222222223,-1.531899094581604
-1.1111111111111112,-5.7048211097717285
-6.111111111111111,-2.832010507583618
-12.555555555555555,-1.813448190689087
13.11111111111111,3.2841343879699707
8.88888888888889,-3.8052761554718018
-2.2222222222222223,-2.9047842025756836
-8.666666666666666,-4.536032676696777
-11.555555555555555,0.14618921279907227
-3.2222222222222223,7.591183185577393
-2.0,-0.9598820209503174
-1.5555555555555556,-4.559298515319824
-6.111111111111111,-0.3436317443847656
2.0,-0.6211645603179932
-8.333333333333334,-4.435756206512451
-2.4444444444444446,-7.857957363128662
4.222222222222222,-1.0860800743103027
26.22222222222222,-1.9024059772491455
-5.0,0.42987263202667236
-2.2222222222222223,-4.253244876861572
1.1111111111111112,2.4215173721313477
-10.0,-1.4041324853897095
4.555555555555555,-2.603212356567383
3.6666666666666665,-4.44404935836792
-11.666666666666666,-4.459010601043701
12.22222222222222,-1.1309572458267212
-0.3333333333333333,-5.304666042327881
-9.11111111111111,-3.623676061630249
-1.4444444444444444,1.706416368484497
-3.4444444444444446,-7.1326003074646
-10.11111111111111,3.065560817718506
-2.111111111111111,3.006561279296875
15.666666666666666,9.43932819366455
-3.888888888888889,-3.928715467453003
-3.2222222222222223,0.06404685974121094
2.0,7.618361473083496
-4.666666666666667,-1.9615083932876587
1.7777777777777777,-5.026795864105225
1.0,0.6951131820678711
-1.3333333333333333,-1.2131515741348267
-5.222222222222222,-5.119299411773682
-0.2222222222222222,-3.3312079906463623
-3.0,5.586277961730957
-6.555555555555555,-3.377033233642578
-1.3333333333333333,-1.8521819114685059
-2.111111111111111,-0.3322122097015381
9.555555555555555,-1.912371277809143
0.7777777777777778,-1.8406481742858887
38.11111111111112,13.46147346496582
0.0,-2.309926986694336
-4.222222222222222,-0.3518409729003906
1.3333333333333333,-5.431203842163086
8.555555555555555,-1.9162790775299072
-3.555555555555556,-3.202822208404541
33.0,15.100943565368652
-4.777777777777778,-1.333061933517456
29.0,8.308605194091797
-12.555555555555555,1.5950558185577393
2.111111111111111,-0.2764090299606323
-3.2222222222222223,-4.6234893798828125
-7.111111111111111,-4.708760738372803
-4.222222222222222,-5.585907459259033
-7.444444444444445,-0.09538137912750244
-10.0,-2.197543144226074
7.888888888888889,3.734628915786743
1.6666666666666667,-6.513765335083008
-4.0,-3.9094223976135254
-2.888888888888889,-3.637798309326172
0.5555555555555556,-0.644200325012207
-14.333333333333334,-2.6563103199005127
-9.0,0.04353988170623779
-4.888888888888889,0.9676110744476318
-4.111111111111111,1.2050306797027588
-0.5555555555555556,4.622958660125732
-1.6666666666666667,-3.2184243202209473
-1.3333333333333333,-6.689444541931152
-5.666666666666667,4.92913293838501
-6.111111111111111,-4.473263263702393
0.8888888888888888,3.5776052474975586
-5.0,1.666618824005127
-14.77777777777778,-3.7952184677124023
0.8888888888888888,5.914759635925293
2.2222222222222223,11.300976753234863
2.7777777777777777,1.7241888046264648
7.666666666666667,-0.7120320796966553
-2.555555555555556,1.075024127960205
-5.111111111111111,-1.646394968032837
-1.1111111111111112,-3.4133706092834473
8.222222222222221,10.514596939086914
9.333333333333334,-1.7920079231262207
7.888888888888889,11.701704025268555
0.3333333333333333,-0.19460725784301758
-8.0,-6.3844709396362305
-7.555555555555555,4.777310848236084
-4.777777777777778,0.12547802925109863
-0.3333333333333333,5.072916507720947
-5.333333333333333,-2.097989559173584
4.333333333333333,-0.868025541305542
-1.4444444444444444,5.1299848556518555
-2.888888888888889,-3.604628801345825
3.111111111111111,-1.451488733291626
17.333333333333332,4.04487943649292
2.0,1.7983059883117676
-13.88888888888889,-4.633760452270508
-4.444444444444445,-1.5326242446899414
-11.666666666666666,-6.996570110321045
-4.444444444444445,-4.001279830932617
-4.222222222222222,-3.030419111251831
-7.333333333333333,-1.3585593700408936
-3.2222222222222223,7.361474990844727
-3.4444444444444446,2.3714632987976074
-3.111111111111111,-0.7807507514953613
-5.333333333333333,-1.7726330757141113
7.888888888888889,-0.036688804626464844
19.88888888888889,15.82999324798584
-0.1111111111111111,0.5532610416412354
-2.555555555555556,1.964278221130371
-6.888888888888889,-1.9374388456344604
-6.111111111111111,10.784464836120605
-1.5555555555555556,-3.3533577919006348
-4.333333333333333,-10.033767700195312
0.6666666666666666,-1.5017040967941284
-24.0,-3.5496678352355957
-4.222222222222222,-5.370660305023193
-1.0,1.1190239191055298
1.3333333333333333,-1.342691421508789
-12.666666666666666,-6.654628753662109
-7.0,-2.9322316646575928
-1.3333333333333333,0.8223638534545898
-7.0,-4.056789875030518
5.888888888888889,2.9287500381469727
-8.11111111111111,-2.558131694793701
-5.777777777777778,-4.201503276824951
-2.888888888888889,-1.386757493019104
-12.77777777777778,-4.998953819274902
-6.444444444444445,-5.7945356369018555
-2.4444444444444446,-1.0717984437942505
6.0,4.684010982513428
-8.666666666666666,4.8294854164123535
-2.111111111111111,1.4948267936706543
11.11111111111111,1.287170648574829
5.333333333333333,0.47929978370666504
2.4444444444444446,0.9089419841766357
-3.7777777777777777,-4.571617603302002
-1.8888888888888888,6.140419006347656
-0.7777777777777778,-6.505525588989258
-5.111111111111111,-4.512940883636475
0.6666666666666666,-3.761868953704834
-1.3333333333333333,-0.24508190155029297
18.77777777777778,15.454388618469238
7.0,1.439392328262329
-22.55555555555556,0.8381855487823486
-5.333333333333333,-2.1418583393096924
-0.7777777777777778,1.627760648727417
10.444444444444445,-4.883158206939697
-1.4444444444444444,-15.087333679199219
-0.8888888888888888,-5.890989780426025
10.0,0.8938212394714355
23.0,9.576580047607422
0.1111111111111111,0.7748403549194336
-1.6666666666666667,0.35689496994018555
-8.88888888888889,-2.736109972000122
-10.444444444444445,-4.661585807800293
-1.0,-2.6358444690704346
0.6666666666666666,-0.10427618026733398
-4.111111111111111,-0.2565484046936035
18.11111111111111,-1.6109099388122559
-1.3333333333333333,-1.7440747022628784
-6.333333333333333,-6.748531818389893
-6.666666666666667,-0.36354517936706543
-4.111111111111111,3.7496423721313477
-7.555555555555555,-4.386579513549805
-10.555555555555555,-2.7197935581207275
0.5555555555555556,-5.156918048858643
5.555555555555555,0.32764577865600586
-0.1111111111111111,-10.260475158691406
-2.888888888888889,-4.852223873138428
2.4444444444444446,2.8616702556610107
-2.888888888888889,-2.3409647941589355
18.666666666666668,12.51681137084961
1.2222222222222223,-2.0819685459136963
-2.2222222222222223,-0.6332669258117676
-1.0,1.5163094997406006
5.222222222222222,2.6879491806030273
4.222222222222222,2.257225751876831
-0.2222222222222222,0.6006386280059814
16.444444444444443,-2.2605535984039307
-8.0,-4.2520060539245605
-11.666666666666666,-8.588665008544922
0.1111111111111111,3.210526466369629
2.2222222222222223,-2.183701753616333
-5.333333333333333,-5.688016891479492
-2.333333333333333,-2.1240572929382324
-3.555555555555556,-4.35984468460083
-3.111111111111111,1.4899826049804688
-9.22222222222222,1.3341383934020996
-9.666666666666666,-5.898592948913574
-6.333333333333333,-1.9166576862335205
-8.333333333333334,-4.701415061950684
-11.555555555555555,-1.11859130859375
-8.333333333333334,-8.437695503234863
25.0,3.0544207096099854
-5.222222222222222,-7.711327075958252
3.555555555555556,-5.863305568695068
-2.333333333333333,-5.249251365661621
-13.666666666666666,-1.9142045974731445
-2.333333333333333,-4.432694911956787
-6.444444444444445,-5.6421685218811035
10.22222222222222,2.6446316242218018
-4.888888888888889,-4.710759162902832
6.444444444444445,9.767077445983887
2.0,-1.8999953269958496
15.0,5.542562961578369
-10.0,-6.364789009094238
-5.666666666666667,-3.8383262157440186
-3.7777777777777777,-6.521210193634033
1.2222222222222223,-2.4977877140045166
-1.4444444444444444,2.2020621299743652
-4.222222222222222,-4.440499305725098
2.4444444444444446,-1.5876953601837158
2.333333333333333,-2.058694362640381
-7.666666666666667,-1.4389879703521729
-0.2222222222222222,-0.5331915616989136
0.2222222222222222,0.15976905822753906
1.2222222222222223,-1.5174751281738281
-4.888888888888889,-7.11991024017334
-1.2222222222222223,-0.517241358757019
0.7777777777777778,-2.8003904819488525
-1.5555555555555556,-5.349868297576904
-4.444444444444445,-4.139399528503418
-1.1111111111111112,-6.774843692779541
-3.111111111111111,-2.159386157989502
-0.2222222222222222,-3.7573230266571045
3.0,1.847569465637207
30.0,13.339040756225586
12.88888888888889,14.32274341583252
-0.3333333333333333,3.838141441345215
41.55555555555556,-3.592529296875
-13.333333333333334,-3.6572744846343994
-10.555555555555555,-8.14350700378418
0.7777777777777778,-4.717130661010742
0.3333333333333333,-4.500105857849121
-3.555555555555556,-4.244980812072754
7.222222222222222,3.625067710876465
4.666666666666667,5.717053413391113
-9.88888888888889,-5.7656378746032715
-6.111111111111111,-1.312516450881958
-3.4444444444444446,-3.6561262607574463
7.888888888888889,8.658353805541992
0.2222222222222222,-7.894944190979004
-0.3333333333333333,-2.353604555130005
2.4444444444444446,10.138566970825195
0.3333333333333333,-0.15952420234680176
-4.777777777777778,-4.320782661437988
-2.111111111111111,-4.23684024810791
-6.111111111111111,-3.344611883163452
3.333333333333333,-0.6200261116027832
0.8888888888888888,-8.474967002868652
-4.777777777777778,2.4431252479553223
-3.888888888888889,-6.669678211212158
-10.0,-4.5165205001831055
-21.33333333333333,-4.083199501037598
-4.444444444444445,-0.9521052837371826
2.0,-0.1255037784576416
-5.222222222222222,-6.932749271392822
1.2222222222222223,-2.99686598777771
-9.666666666666666,-4.5190606117248535
-7.222222222222222,2.3878445625305176
-6.555555555555555,-3.1825711727142334
-8.777777777777779,-4.370521545410156
-8.11111111111111,-2.4940552711486816
0.3333333333333333,-4.328698635101318
0.4444444444444444,-0.5899922847747803
0.1111111111111111,-4.913445472717285
13.22222222222222,3.8079030513763428
-3.888888888888889,-1.7057881355285645
-0.8888888888888888,-4.518731117248535
-4.777777777777778,-7.934668064117432
-9.22222222222222,-1.3312616348266602
3.111111111111111,-1.995080828666687
2.2222222222222223,2.088305950164795
-10.555555555555555,-2.807880401611328
-1.0,-3.111072540283203
-11.0,-0.7454328536987305
-4.666666666666667,-2.328911304473877
-4.0,1.8787765502929688
3.6666666666666665,0.9552939534187317
-1.0,-3.0004053115844727
3.0,1.3606743812561035
-9.444444444444445,-3.546567678451538
3.333333333333333,0.31446945667266846
-4.111111111111111,-1.82222318649292
6.555555555555555,0.9724118709564209
3.333333333333333,7.820184230804443
-7.222222222222222,-8.05361557006836
0.4444444444444444,0.9562211036682129
-2.7777777777777777,-3.325822353363037
-2.2222222222222223,-2.6717612743377686
-2.6666666666666665,-3.6479976177215576
-1.7777777777777777,-1.7953447103500366
13.22222222222222,12.314013481140137
-3.2222222222222223,-1.814307689666748
-6.888888888888889,-6.858148574829102
-8.666666666666666,-4.393820762634277
2.0,1.9141430854797363
0.0,-0.5036333203315735
-2.888888888888889,1.4326567649841309
-5.888888888888889,2.5504376888275146
5.555555555555555,-0.6833114624023438
-4.0,-1.4432798624038696
6.444444444444445,5.8986663818359375
-3.555555555555556,-0.4818592071533203
-1.3333333333333333,1.659872055053711
2.0,0.3220090866088867
-6.0,-5.052165985107422
-18.88888888888889,-3.9412059783935547
-13.555555555555555,-5.2736616134643555
-2.888888888888889,-2.1486763954162598
6.444444444444445,-0.3424707055091858
-4.111111111111111,-0.20504474639892578
-6.555555555555555,-5.473577976226807
-3.111111111111111,-6.65792989730835
-1.5555555555555556,-3.201272487640381
-1.7777777777777777,-3.293292284011841
5.555555555555555,0.8544430732727051
-1.5555555555555556,1.4326567649841309
12.77777777777778,0.933478832244873
-7.777777777777778,-3.3404805660247803
1.3333333333333333,-0.25656330585479736
-2.555555555555556,-1.2074881792068481
19.22222222222222,12.314013481140137
4.666666666666667,-1.4432798624038696
-5.888888888888889,-2.7571959495544434
-7.888888888888889,-1.7160861492156982
10.77777777777778,1.668541431427002
32.111111111111114,15.632071495056152
-5.666666666666667,-3.0954830646514893
9.11111111111111,-1.4810547828674316
8.777777777777779,-0.1245720386505127
-9.11111111111111,-5.614377021789551
4.555555555555555,4.539940357208252
3.4444444444444446,4.179269313812256
-11.555555555555555,-6.703930377960205
-3.0,-3.003150224685669
-5.222222222222222,-2.581676483154297
1.1111111111111112,-6.14640998840332
-9.555555555555555,-4.486093044281006
-3.888888888888889,-2.4669888019561768
-0.3333333333333333,-3.458378791809082
1.6666666666666667,-2.6300048828125
-8.555555555555555,-2.0388472080230713
11.333333333333334,1.2522599697113037
8.88888888888889,-1.4818452596664429
-4.222222222222222,-8.099815368652344
-0.6666666666666666,-2.3977301120758057
-8.333333333333334,0.24901247024536133
-2.888888888888889,-0.8761582374572754
-9.77777777777778,-5.280436992645264
-2.4444444444444446,-2.4317588806152344
7.222222222222222,-1.0812699794769287
-11.11111111111111,-2.045990467071533
-3.2222222222222223,-0.0915536880493164
3.555555555555556,1.0450551509857178
-1.2222222222222223,-2.387620210647583
-15.11111111111111,0.734774112701416
-8.222222222222221,-3.138732671737671
1.5555555555555556,-2.721116542816162
-6.222222222222222,-6.680654525756836
-2.888888888888889,2.3817262649536133
-1.3333333333333333,3.117189884185791
4.0,-0.9681916236877441
5.666666666666667,10.585860252380371
6.777777777777778,6.5572614669799805
-3.6666666666666665,-5.080644607543945
-5.222222222222222,-7.083061695098877
-6.0,-4.07792854309082
0.4444444444444444,0.9628052711486816
-4.444444444444445,1.3847181797027588
-6.888888888888889,1.0850319862365723
-0.1111111111111111,-3.8607048988342285
-5.555555555555555,-1.8293828964233398
-8.666666666666666,2.733703136444092
3.4444444444444446,-2.143132209777832
-0.8888888888888888,1.8810794353485107
-2.6666666666666665,-2.3917980194091797
-1.3333333333333333,-8.894186019897461
2.4444444444444446,1.302196979522705
-9.22222222222222,-9.526082038879395
-12.333333333333334,0.44503676891326904
25.666666666666668,2.9901211261749268
2.4444444444444446,0.6450457572937012
2.2222222222222223,2.381344795227051
-1.2222222222222223,1.7610387802124023
-2.6666666666666665,-5.618081569671631
-5.333333333333333,-9.158365249633789
0.0,-2.687603712081909
-1.4444444444444444,-4.593467712402344
-3.555555555555556,-2.530461072921753
-0.5555555555555556,-2.8625411987304688
-5.222222222222222,-3.2661335468292236
-2.0,1.171684741973877
3.555555555555556,4.38043737411499
3.555555555555556,0.8615937232971191
-1.0,5.050261497497559
5.222222222222222,-5.089353561401367
-11.11111111111111,-5.99091100692749
-6.222222222222222,-5.0007500648498535
-8.11111111111111,-4.9027605056762695
5.333333333333333,-9.919390678405762
-1.8888888888888888,-5.642277240753174
1.7777777777777777,2.035090446472168
-1.4444444444444444,-4.950639247894287
-2.0,-1.3290789127349854
-10.22222222222222,-3.294316053390503
2.2222222222222223,-4.899694919586182
7.111111111111111,1.920396327972412
-5.0,2.131772994995117
23.33333333333333,2.3614680767059326
2.888888888888889,-3.089768409729004
-0.3333333333333333,-6.882086753845215
-2.7777777777777777,-4.613829135894775
20.11111111111111,-0.9822977781295776
-6.555555555555555,-4.270379066467285
-5.888888888888889,-3.1543831825256348
-13.0,-3.7366440296173096
-2.6666666666666665,-5.988778591156006
-4.666666666666667,4.336633205413818
0.8888888888888888,-2.633782386779785
-2.111111111111111,-6.244228839874268
21.55555555555556,8.569587707519531
4.444444444444445,-2.27184796333313
1.2222222222222223,-7.154150009155273
13.333333333333334,10.101448059082031
-17.22222222222222,-5.053762912750244
13.11111111111111,1.59205961227417
3.555555555555556,-1.7330055236816406
-3.4444444444444446,-7.3615570068359375
11.22222222222222,-2.4027929306030273
-4.555555555555555,-4.461616516113281
1.4444444444444444,-0.9148951768875122
-5.0,-5.572688102722168
15.22222222222222,10.332883834838867
4.444444444444445,2.244114637374878
-7.666666666666667,-7.15826416015625
-3.111111111111111,-7.4246745109558105
-6.666666666666667,-3.342228412628174
0.4444444444444444,-1.8174084424972534
-4.111111111111111,-6.582857131958008
-2.2222222222222223,-0.8013796806335449
16.88888888888889,9.234445571899414
-4.0,-6.414682388305664
-11.333333333333334,-6.68333101272583
0.5555555555555556,4.57224702835083
8.777777777777779,8.590365409851074
1.0,-6.717535495758057
-3.2222222222222223,-3.6867361068725586
0.0,-4.516067981719971
3.2222222222222223,8.179769515991211
1.2222222222222223,5.279243469238281
-4.111111111111111,-2.1157212257385254
-2.4444444444444446,-2.867716073989868
2.0,2.471658706665039
-4.444444444444445,-4.447268486022949
-8.666666666666666,-2.600952625274658
-1.7777777777777777,-2.870964765548706
-4.333333333333333,1.4810272455215454
-5.333333333333333,-5.9272565841674805
2.0,0.10760068893432617
-0.2222222222222222,-2.5283608436584473
4.222222222222222,1.0260138511657715
6.444444444444445,-1.3457982540130615
-15.88888888888889,-4.489235877990723
21.0,11.854218482971191
9.444444444444445,10.32374382019043
1.2222222222222223,1.9247145652770996
-7.888888888888889,-4.950488567352295
-2.4444444444444446,-3.870833396911621
4.111111111111111,-3.5352823734283447
3.888888888888889,-1.7795380353927612
-4.111111111111111,-5.569631099700928
-5.333333333333333,0.4949479103088379
31.22222222222222,-1.9281294345855713
-4.888888888888889,-2.849364757537842
-5.777777777777778,-3.1007349491119385
-1.8888888888888888,1.0420033931732178
19.55555555555556,3.740218162536621
-2.0,-4.325870513916016
3.111111111111111,1.907472848892212
-1.1111111111111112,-2.4021923542022705
11.22222222222222,1.5414113998413086
3.555555555555556,2.9397153854370117
-0.8888888888888888,-0.8831651210784912
24.88888888888889,17.448863983154297
-4.111111111111111,0.9699485301971436
13.88888888888889,14.7642240524292
-1.5555555555555556,-4.573373317718506
-7.111111111111111,-5.084566116333008
-15.666666666666666,-2.4831321239471436
-22.88888888888889,-3.595088005065918
9.666666666666666,1.5847907066345215
2.2222222222222223,11.38603687286377
-3.4444444444444446,-0.6223900318145752
-6.555555555555555,-1.480287790298462
-14.0,-0.9698233604431152
2.2222222222222223,5.474105358123779
1.2222222222222223,-1.759050965309143
-5.333333333333333,3.444660186767578
-6.333333333333333,-0.060898780822753906
-4.0,-1.1627390384674072
-3.2222222222222223,-6.343100547790527
-1.8888888888888888,-2.197110891342163
0.3333333333333333,1.796189785003662
7.777777777777778,1.4782841205596924
-1.0,-6.461422920227051
-1.6666666666666667,2.323472499847412
-17.22222222222222,-1.9433006048202515
-2.333333333333333,-6.096516132354736
11.666666666666666,10.308061599731445
-0.6666666666666666,2.2008838653564453
1.2222222222222223,-1.8510019779205322
19.33333333333333,-0.8304851055145264
-3.888888888888889,-5.275595188140869
9.333333333333334,-2.756939172744751
-2.555555555555556,-3.832430601119995
-7.555555555555555,-2.8604748249053955
-0.1111111111111111,-4.534848690032959
3.888888888888889,-2.9020285606384277
-7.888888888888889,-1.1389955282211304
-1.0,-2.6405906677246094
-1.2222222222222223,2.79655122756958
-6.222222222222222,-2.4676311016082764
-1.3333333333333333,-4.23943567276001
-3.4444444444444446,-2.122875213623047
0.7777777777777778,2.740912914276123
-6.333333333333333,-3.172346353530884
-8.666666666666666,-3.9744396209716797
-0.3333333333333333,-0.6604429483413696
1.1111111111111112,-2.5132904052734375
3.7777777777777777,9.857158660888672
-4.888888888888889,-1.908587098121643
7.666666666666667,2.2266058921813965
7.333333333333333,2.6226933002471924
10.11111111111111,-3.444469690322876
-2.7777777777777777,-0.48505187034606934
-3.555555555555556,-0.6088632345199585
-4.0,-0.6654553413391113
-5.333333333333333,2.741584300994873
1.6666666666666667,0.42625975608825684
-2.555555555555556,0.9223461151123047
12.22222222222222,8.695354461669922
-2.888888888888889,-5.828309535980225
-4.444444444444445,-1.2317190170288086
-3.6666666666666665,-9.099194526672363
-0.7777777777777778,-4.610822677612305
6.333333333333333,-3.38112735748291
-9.555555555555555,1.9398183822631836
-6.111111111111111,-1.1977574825286865
0.8888888888888888,3.2916293144226074
4.222222222222222,-0.7616187930107117
-26.0,-3.031285285949707
12.88888888888889,1.0400686264038086
-4.444444444444445,-3.095576286315918
-3.6666666666666665,-0.1971421241760254
2.0,-2.451045513153076
-8.11111111111111,-7.284271717071533
-0.2222222222222222,-4.918375015258789
4.888888888888889,-1.4246920347213745
-4.888888888888889,-3.567821502685547
-3.555555555555556,0.8898231387138367
6.888888888888889,6.9524245262146
13.333333333333334,3.9665279388427734
1.5555555555555556,-2.16267728805542
-3.4444444444444446,-1.6348694562911987
0.1111111111111111,1.2703063488006592
3.2222222222222223,-10.448921203613281
-6.222222222222222,-2.7149057388305664
-7.0,-3.4359383583068848
4.333333333333333,1.146486520767212
0.7777777777777778,-4.2493109703063965
2.4444444444444446,-2.560441493988037
-0.2222222222222222,-0.03355836868286133
7.333333333333333,1.7285609245300293
0.3333333333333333,0.8038291931152344
-2.6666666666666665,-1.7033393383026123
0.2222222222222222,-2.3836331367492676
-2.555555555555556,-4.232019901275635
-2.2222222222222223,-3.1799635887145996
-1.2222222222222223,4.1208295822143555
8.777777777777779,-3.6654434204101562
-1.3333333333333333,-1.254077434539795
5.222222222222222,-2.797208070755005
0.1111111111111111,2.7579193115234375
-3.333333333333333,-6.14251184463501
2.6666666666666665,2.13330078125
-6.555555555555555,-0.8149703741073608
-17.88888888888889,0.5683422088623047
5.555555555555555,3.2717390060424805
6.333333333333333,0.4570934772491455
4.777777777777778,4.2046732902526855
11.22222222222222,0.027774810791015625
1.6666666666666667,7.506617546081543
-11.22222222222222,-3.522143602371216
-4.555555555555555,2.490372896194458
-4.222222222222222,-3.5146567821502686
0.5555555555555556,1.6910185813903809
-8.11111111111111,-5.470969200134277
10.0,12.587719917297363
3.888888888888889,-2.3675284385681152
-2.555555555555556,-2.2942605018615723
-3.333333333333333,-3.0106348991394043
0.7777777777777778,1.9717392921447754
-4.0,-0.001993536949157715
-2.333333333333333,-1.9318089485168457
1.8888888888888888,-3.19295597076416
19.88888888888889,-1.0633728504180908
-12.333333333333334,-2.743621826171875
-5.222222222222222,-0.8782769441604614
-7.777777777777778,-5.483538627624512
0.6666666666666666,4.487421989440918
0.7777777777777778,-5.116485118865967
4.444444444444445,-0.25921428203582764
-5.111111111111111,4.844335556030273
-3.333333333333333,-1.3808926343917847
-14.77777777777778,-3.6896302700042725
5.0,-3.3406333923339844
-2.0,-1.6330935955047607
-1.6666666666666667,-9.159042358398438
-1.5555555555555556,-1.0573123693466187
-2.4444444444444446,-2.743734121322632
7.777777777777778,4.178882598876953
1.2222222222222223,1.9100348949432373
-9.11111111111111,-2.7350964546203613
-1.8888888888888888,-1.2319878339767456
-5.555555555555555,-0.8407155275344849
1.3333333333333333,7.143191814422607
-0.5555555555555556,3.1673851013183594
-7.222222222222222,-0.2635369300842285
15.444444444444445,11.293697357177734
-13.22222222222222,-0.4865834712982178
-6.111111111111111,-3.166718006134033
-0.7777777777777778,-0.605257511138916
-13.0,-5.811227321624756
-7.111111111111111,-5.275500774383545
-5.777777777777778,-1.6179572343826294
-2.111111111111111,-1.2363884449005127
-5.444444444444445,-2.43051815032959
-3.333333333333333,-0.5762321949005127
0.0,-1.7569115161895752
3.0,2.2317569255828857
26.444444444444443,11.993589401245117
2.6666666666666665,0.26978015899658203
-6.555555555555555,2.2317569255828857
-4.777777777777778,3.8172316551208496
5.222222222222222,3.7165238857269287
-16.666666666666668,-5.151386737823486
5.888888888888889,-0.6445068717002869
-5.0,-1.1630477905273438
-4.555555555555555,-0.34583234786987305
-4.555555555555555,-5.192098140716553
2.2222222222222223,-2.886348247528076
1.5555555555555556,-1.866705298423767
-0.8888888888888888,-3.797506332397461
-8.444444444444445,-4.128303050994873
-2.7777777777777777,1.3596217632293701
4.0,3.0070853233337402
-0.1111111111111111,-2.4127132892608643
7.555555555555555,1.8762898445129395
-2.333333333333333,-2.386566162109375
-4.333333333333333,-3.264129400253296
0.3333333333333333,-6.383176803588867
-3.0,9.1297607421875
3.333333333333333,-2.1089725494384766
-4.555555555555555,-2.8890321254730225
1.3333333333333333,-4.912343978881836
1.6666666666666667,-2.3735427856445312
-4.555555555555555,-4.883421421051025
15.22222222222222,6.388975620269775
-3.7777777777777777,-5.5642900466918945
-0.3333333333333333,-0.5787677764892578
-2.111111111111111,-3.0487265586853027
-1.7777777777777777,0.32167911529541016
-0.7777777777777778,-3.1476123332977295
-4.888888888888889,-2.1333818435668945
-3.111111111111111,1.6540155410766602
-1.4444444444444444,-4.764560222625732
-5.777777777777778,0.6345131397247314
16.88888888888889,11.066139221191406
0.1111111111111111,-3.4944493770599365
-4.888888888888889,-2.7520949840545654
3.4444444444444446,-4.022365570068359
-2.555555555555556,-5.612085342407227
0.0,-5.437984943389893
0.8888888888888888,-1.5839698314666748
-20.0,-3.8728671073913574
3.333333333333333,-8.19945240020752
-2.4444444444444446,0.25171375274658203
-8.777777777777779,-4.1832451820373535
-6.666666666666667,-4.509984016418457
-2.888888888888889,0.46167874336242676
-5.444444444444445,-4.024189472198486
-8.555555555555555,5.7037553787231445
-0.4444444444444444,4.896133899688721
-2.111111111111111,-3.538731813430786
3.4444444444444446,-1.4180413484573364
-7.333333333333333,-4.443465232849121
-1.4444444444444444,-4.326630592346191
-11.88888888888889,2.5143473148345947
-5.555555555555555,2.8869504928588867
-6.333333333333333,1.9509999752044678
-1.0,-0.845526933670044
0.4444444444444444,-6.478046417236328
-11.444444444444445,-4.198541641235352
7.222222222222222,2.3917927742004395
-2.333333333333333,-4.152088642120361
-8.222222222222221,-3.4007060527801514
1.7777777777777777,4.303653717041016
-11.333333333333334,-0.9812097549438477
-4.333333333333333,1.578913688659668
-9.555555555555555,-0.3885892629623413
0.4444444444444444,9.543606758117676
-8.777777777777779,-1.8118494749069214
-8.333333333333334,-2.110450029373169
-2.333333333333333,-3.8983967304229736
19.55555555555556,0.24018073081970215
-7.222222222222222,-3.326219081878662
-2.888888888888889,-2.077575922012329
-19.77777777777778,-11.336368560791016
7.111111111111111,4.2200236320495605
-4.0,-7.713611125946045
-8.444444444444445,-2.469860553741455
6.444444444444445,1.4547100067138672
13.11111111111111,-1.2473258972167969
-1.6666666666666667,-1.55727219581604
1.7777777777777777,1.0110490322113037
-3.6666666666666665,-1.0496050119400024
15.444444444444445,16.17621612548828
-0.3333333333333333,3.51531720161438
37.0,10.099464416503906
-4.666666666666667,-0.5380829572677612
-6.0,-17.042766571044922
34.55555555555556,13.910676002502441
-1.7777777777777777,-4.882055282592773
-3.888888888888889,-0.0033483505249023438
20.77777777777778,10.399803161621094
-4.777777777777778,-2.138094902038574
-4.555555555555555,-2.1639645099639893
-10.88888888888889,-0.35702764987945557
-19.88888888888889,-9.862112045288086
0.3333333333333333,-3.6060569286346436
-0.6666666666666666,-4.491218566894531
-11.444444444444445,-2.3536014556884766
-6.666666666666667,-4.610823631286621
23.666666666666668,3.80551815032959
2.0,4.853537082672119
-4.222222222222222,-2.4575865268707275
-3.2222222222222223,-0.9607964754104614
-2.555555555555556,-0.42593705654144287
-0.6666666666666666,-4.6367363929748535
-6.222222222222222,-1.6475422382354736
2.888888888888889,-1.9486513137817383
-0.8888888888888888,1.9379496574401855
0.1111111111111111,1.6907827854156494
0.6666666666666666,-3.448502540588379
-23.88888888888889,-3.0404632091522217
-2.555555555555556,1.6688127517700195
0.5555555555555556,10.28513240814209
-3.0,-4.453437805175781
-10.555555555555555,-3.891278028488159
3.333333333333333,-1.319115400314331
3.111111111111111,10.685940742492676
0.2222222222222222,-2.4552645683288574
-2.7777777777777777,-5.2424635887146
-1.3333333333333333,-3.660520553588867
-2.6666666666666665,-1.7284504175186157
-10.555555555555555,-3.325347900390625
-2.0,-11.264999389648438
-1.7777777777777777,-4.393491268157959
-1.4444444444444444,0.06250500679016113
-12.88888888888889,-2.1386942863464355
-5.666666666666667,8.516092300415039
23.0,15.3139009475708
0.2222222222222222,-8.075003623962402
14.666666666666666,3.0057010650634766
5.0,-0.7724882364273071
-4.222222222222222,-0.39159631729125977
-8.0,-6.209986686706543
1.5555555555555556,8.017738342285156
0.1111111111111111,1.7548773288726807
2.333333333333333,3.8575210571289062
-3.7777777777777777,-0.5703138113021851
-0.2222222222222222,-2.0444061756134033
2.555555555555556,3.0818963050842285
-10.333333333333334,-11.163399696350098
0.3333333333333333,-3.7429676055908203
-7.0,-2.9149487018585205
-9.88888888888889,-6.165947437286377
4.666666666666667,5.085016250610352
-1.8888888888888888,2.3593015670776367
-3.888888888888889,-1.5016944408416748
-13.0,3.8160624504089355
4.333333333333333,5.95461368560791
-2.7777777777777777,1.423027515411377
-2.4444444444444446,-2.81121826171875
9.444444444444445,9.630261421203613
14.666666666666666,4.664401531219482
-5.555555555555555,-0.7133997678756714
-3.4444444444444446,-2.860929012298584
-9.333333333333334,-5.660821437835693
-1.8888888888888888,-3.8754172325134277
-2.333333333333333,-2.1830732822418213
5.555555555555555,5.464602947235107
-3.111111111111111,-1.3702925443649292
11.88888888888889,4.350700855255127
-10.22222222222222,-4.740270614624023
2.888888888888889,4.266534328460693
9.555555555555555,-0.9577323198318481
-0.4444444444444444,1.069593906402588
-7.333333333333333,-1.2633490562438965
-8.666666666666666,-3.214923143386841
-5.777777777777778,-3.3739383220672607
6.777777777777778,-3.5308151245117188
-7.444444444444445,-16.96798324584961
-0.5555555555555556,0.26062798500061035
-2.7777777777777777,-1.7712810039520264
-4.222222222222222,-7.003182411193848
-3.555555555555556,3.5150556564331055
0.4444444444444444,3.8357126712799072
2.6666666666666665,9.288642883300781
15.444444444444445,12.44340705871582
0.8888888888888888,2.7788243293762207
-3.0,-4.503896236419678
-3.888888888888889,-1.5911692380905151
-2.888888888888889,-5.100945472717285
-8.333333333333334,-2.826704978942871
-5.333333333333333,-8.060726165771484
-2.0,-6.35841703414917
-5.111111111111111,-3.1087634563446045
-1.6666666666666667,1.8749698400497437
1.8888888888888888,-0.3103303909301758
-6.0,-1.511749029159546
3.6666666666666665,1.7808260917663574
4.444444444444445,0.5808913707733154
-6.333333333333333,-3.8698387145996094
-5.0,-3.8490641117095947
-4.222222222222222,-1.1364598274230957
-4.111111111111111,-3.747196674346924
-0.7777777777777778,-4.77211856842041
0.3333333333333333,-1.3363717794418335
-2.888888888888889,6.976965427398682
-2.7777777777777777,0.7893280982971191
5.666666666666667,0.5926318168640137
-2.7777777777777777,-2.410630464553833
0.3333333333333333,-5.871347427368164
0.6666666666666666,-0.2273576259613037
-10.666666666666666,0.3145325183868408
-8.88888888888889,-1.081815481185913
2.4444444444444446,-2.669311285018921
-13.555555555555555,-8.236468315124512
2.4444444444444446,13.700626373291016
-1.6666666666666667,0.2058553695678711
18.444444444444443,-0.1069948673248291
-3.333333333333333,-3.451512336730957
-2.888888888888889,-3.2068867683410645
-4.222222222222222,-4.003658294677734
-1.1111111111111112,5.228750705718994
-3.7777777777777777,2.8779115676879883
31.11111111111111,4.398177623748779
-2.2222222222222223,-3.7873013019561768
-3.555555555555556,-0.6675014495849609
-3.888888888888889,-3.5353729724884033
-6.666666666666667,0.3272876739501953
-1.5555555555555556,-3.0927891731262207
0.5555555555555556,-0.13019227981567383
-4.222222222222222,-1.9364068508148193
-18.22222222222222,-5.259792327880859
-2.333333333333333,-7.293788433074951
0.2222222222222222,1.2672412395477295
3.2222222222222223,-3.350158214569092
3.4444444444444446,2.441732883453369
-2.333333333333333,0.46179747581481934
2.7777777777777777,-0.13313031196594238
1.3333333333333333,0.4715878963470459
-4.777777777777778,-5.165706157684326
-8.11111111111111,-7.261964321136475
-0.7777777777777778,1.1441411972045898
-7.444444444444445,-3.864839553833008
1.3333333333333333,5.303571701049805
-3.111111111111111,-5.088694095611572
13.444444444444445,11.45159912109375
13.77777777777778,7.994016170501709
-2.888888888888889,5.2266526222229
-3.111111111111111,1.4529311656951904
-4.333333333333333,-9.542899131774902
3.2222222222222223,2.7455265522003174
-0.1111111111111111,-5.050018310546875
0.3333333333333333,-3.657136917114258
0.0,2.1568214893341064
7.111111111111111,0.38628649711608887
24.22222222222222,11.468855857849121
-6.0,-7.101806640625
-11.0,-3.621962547302246
-2.111111111111111,-4.330902099609375
-2.4444444444444446,-7.6011857986450195
-2.2222222222222223,0.18263626098632812
4.222222222222222,-1.972237467765808
-9.22222222222222,-5.606019973754883
10.333333333333334,0.9573464393615723
-3.555555555555556,2.057436943054199
17.555555555555557,11.21246337890625
1.8888888888888888,-5.44631290435791
1.8888888888888888,2.388894557952881
-5.666666666666667,-2.2516539096832275
14.88888888888889,9.14449405670166
0.6666666666666666,0.07892417907714844
1.1111111111111112,3.3182458877563477
-3.333333333333333,3.57008695602417
3.4444444444444446,-2.689162492752075
-6.555555555555555,-7.474468231201172
-6.888888888888889,-2.646709680557251
-2.888888888888889,-2.155794858932495
-2.2222222222222223,-2.170872926712036
2.333333333333333,1.9647536277770996
-4.666666666666667,0.030548572540283203
-2.888888888888889,-5.633546829223633
-0.7777777777777778,-3.533923625946045
-9.77777777777778,-2.4401214122772217
-4.111111111111111,-7.284070014953613
-7.777777777777778,-4.546720027923584
-4.111111111111111,-2.028331756591797
0.8888888888888888,-1.2004761695861816
-7.666666666666667,-8.376269340515137
-4.333333333333333,1.2404212951660156
-11.666666666666666,-2.4492907524108887
0.2222222222222222,2.4150514602661133
-3.0,4.361663818359375
-3.0,-1.7966746091842651
8.444444444444445,10.924057006835938
-6.333333333333333,4.515241622924805
-8.333333333333334,-4.9836812019348145
-0.3333333333333333,-0.9984310865402222
-7.222222222222222,3.3133678436279297
-0.3333333333333333,-0.5897854566574097
4.222222222222222,-0.31237244606018066
-2.555555555555556,-2.4262919425964355
-8.444444444444445,-4.891801357269287
-4.111111111111111,-3.3180418014526367
-0.1111111111111111,-2.485553503036499
-2.555555555555556,5.641829490661621
-2.4444444444444446,-3.3998923301696777
-2.888888888888889,-2.5161550045013428
10.11111111111111,3.5479393005371094
-2.4444444444444446,6.95368766784668
7.0,4.177466869354248
-4.222222222222222,-2.7772271633148193
-2.4444444444444446,-0.7999517917633057
-12.11111111111111,1.3384449481964111
0.3333333333333333,-1.4269003868103027
6.111111111111111,2.5425944328308105
-16.666666666666668,-9.827169418334961
1.8888888888888888,13.674578666687012
3.6666666666666665,1.5546798706054688
0.8888888888888888,-2.258824110031128
-6.777777777777778,9.053604125976562
-9.333333333333334,-1.2881706953048706
-13.0,-7.717055320739746
1.3333333333333333,0.2125535011291504
2.333333333333333,5.7762861251831055
-2.888888888888889,-3.4992520809173584
-8.0,2.1034598350524902
1.3333333333333333,-1.2436376810073853
-1.0,2.001244068145752
1.6666666666666667,0.752037763595581
8.333333333333334,-2.3739936351776123
3.6666666666666665,7.667624473571777
-3.111111111111111,-2.8666446208953857
-7.444444444444445,-2.516653537750244
2.6666666666666665,-5.686161518096924
11.22222222222222,11.970235824584961
-2.0,-0.9571363925933838
-2.555555555555556,-1.7215065956115723
-6.111111111111111,-3.2121074199676514
-5.111111111111111,-5.189830303192139
-8.777777777777779,-5.567150115966797
-10.11111111111111,-6.030381679534912
-4.666666666666667,-0.820122241973877
9.444444444444445,-2.153982639312744
1.6666666666666667,-3.7940499782562256
-3.0,1.3439489603042603
-5.444444444444445,-5.886186599731445
2.111111111111111,3.0511574745178223
-5.888888888888889,-3.8859386444091797
-1.8888888888888888,-4.097997665405273
-4.777777777777778,-5.8520894050598145
2.111111111111111,-2.753356456756592
0.5555555555555556,-2.873511552810669
-3.111111111111111,-5.798684597015381
-11.88888888888889,-7.918779373168945
-0.6666666666666666,2.045814037322998
12.11111111111111,1.9764184951782227
-0.5555555555555556,-2.6097540855407715
0.6666666666666666,7.0302734375
-4.888888888888889,-3.3214380741119385
-3.111111111111111,-4.107419967651367
-2.2222222222222223,-1.779020071029663
-3.2222222222222223,-4.868062496185303
-6.888888888888889,-6.365084648132324
3.4444444444444446,-3.715601921081543
24.11111111111111,11.629581451416016
-0.8888888888888888,-2.442016363143921
0.8888888888888888,-3.5442612171173096
-6.555555555555555,-1.8912231922149658
-1.3333333333333333,-2.5954272747039795
-4.111111111111111,0.7862695455551147
9.666666666666666,0.4626021385192871
5.111111111111111,-8.425619125366211
4.333333333333333,-8.939916610717773
0.4444444444444444,-0.6287490129470825
-15.444444444444445,-7.179656505584717
-7.0,1.6795588731765747
1.7777777777777777,1.0966613292694092
6.777777777777778,-3.6696269512176514
8.0,2.0109963417053223
4.777777777777778,8.545952796936035
19.55555555555556,5.452628135681152
-6.777777777777778,-5.765764236450195
-7.222222222222222,-4.689879894256592
0.1111111111111111,-4.596484184265137
-0.4444444444444444,-3.160327434539795
-3.555555555555556,-1.0968799591064453
10.444444444444445,0.6897614002227783
3.4444444444444446,4.880808353424072
-0.1111111111111111,-1.6386003494262695
-7.666666666666667,-0.050417423248291016
0.1111111111111111,-6.504106521606445
-3.333333333333333,-2.618265390396118
-4.222222222222222,-5.761257171630859
-0.7777777777777778,-1.048866868019104
-11.666666666666666,-11.445384979248047
-2.333333333333333,-2.302619695663452
-0.3333333333333333,-1.134466528892517
17.88888888888889,9.611639022827148
32.55555555555556,17.48744773864746
-11.0,3.9889028072357178
-4.0,-0.3692817687988281
-6.777777777777778,-3.5427095890045166
-15.333333333333334,-2.291205406188965
-7.666666666666667,6.0960164070129395
-3.555555555555556,-1.7331453561782837
-2.7777777777777777,-4.723808288574219
0.1111111111111111,6.842335224151611
38.11111111111112,16.08135986328125
-8.0,-7.10019063949585
-4.222222222222222,-2.2582504749298096
0.0,-1.6052929162979126
23.55555555555556,12.911707878112793
1.7777777777777777,-5.705940246582031
-2.7777777777777777,0.5578165054321289
-5.777777777777778,-1.1713831424713135
7.333333333333333,10.287192344665527
-6.555555555555555,-7.137686729431152
-9.333333333333334,-3.687696695327759
5.111111111111111,5.880862712860107
-5.444444444444445,3.189387321472168
3.6666666666666665,-7.132401466369629
-6.555555555555555,-4.6399641036987305
19.444444444444443,12.664785385131836
-4.777777777777778,0.35404133796691895
4.888888888888889,2.339214563369751
-3.2222222222222223,-0.5326106548309326
-1.6666666666666667,2.2753024101257324
-7.555555555555555,-2.5643563270568848
-3.4444444444444446,-2.8322787284851074
1.5555555555555556,-6.788393974304199
-7.555555555555555,-3.055880069732666
-13.333333333333334,-1.7029515504837036
-5.0,-1.5243204832077026
-3.111111111111111,3.7835497856140137
-8.777777777777779,5.94209623336792
-1.1111111111111112,-3.5748791694641113
1.8888888888888888,-2.4830822944641113
-6.222222222222222,-4.384625434875488
-0.1111111111111111,-2.690228223800659
4.0,3.5352158546447754
-18.22222222222222,-4.842544078826904
-1.7777777777777777,-3.114682197570801
-13.333333333333334,-5.781887054443359
-7.666666666666667,-1.149065375328064
-1.6666666666666667,-1.7532984018325806
-4.444444444444445,4.358901023864746
-11.444444444444445,-1.6521793603897095
2.888888888888889,-1.5310624837875366
27.0,14.432400703430176
1.8888888888888888,0.5768790245056152
-8.88888888888889,-2.8223466873168945
-4.888888888888889,-9.082602500915527
-5.888888888888889,-1.220921277999878
-3.6666666666666665,0.2677733898162842
9.555555555555555,16.73809814453125
-1.6666666666666667,-0.6286630630493164
0.8888888888888888,5.866026401519775
-13.666666666666666,-7.183837413787842
-3.555555555555556,1.1678009033203125
-1.6666666666666667,-2.0151095390319824
8.88888888888889,15.285626411437988
-4.888888888888889,-4.100775241851807
-3.888888888888889,-8.42076301574707
-9.88888888888889,1.659066915512085
-1.5555555555555556,-3.811424493789673
7.666666666666667,3.340711832046509
3.7777777777777777,-4.653952121734619
12.666666666666666,-7.64253044128418
-4.555555555555555,-4.522828102111816
13.555555555555555,15.667641639709473
6.777777777777778,-3.162787437438965
-9.11111111111111,-3.1493916511535645
-2.555555555555556,-2.199662923812866
-1.4444444444444444,-5.301198959350586
-6.222222222222222,2.749762535095215
-7.555555555555555,-3.8859918117523193
1.0,2.2119526863098145
-1.4444444444444444,5.858034610748291
-9.88888888888889,-0.9274924993515015
1.2222222222222223,3.540647029876709
2.2222222222222223,-5.23366117477417
1.2222222222222223,-6.374457359313965
8.444444444444445,11.703340530395508
0.8888888888888888,-10.672056198120117
-10.444444444444445,-9.02457332611084
4.444444444444445,1.2324886322021484
-1.6666666666666667,4.05778169631958
-3.888888888888889,-5.633907318115234
3.2222222222222223,0.918910026550293
-5.666666666666667,4.549515724182129
-9.0,1.5112178325653076
8.777777777777779,4.714428424835205
1.5555555555555556,-6.44872522354126
-2.555555555555556,-1.0629053115844727
4.777777777777778,-1.3004748821258545
-16.11111111111111,-10.886618614196777
-5.555555555555555,-4.904288291931152
-1.8888888888888888,-1.9379844665527344
25.11111111111111,11.26614761352539
-2.555555555555556,-0.7174564003944397
-12.0,-4.406874179840088
-10.333333333333334,-4.463005542755127
-7.333333333333333,-2.599696397781372
0.0,-4.5747575759887695
1.8888888888888888,6.859583854675293
1.4444444444444444,3.520473003387451
19.55555555555556,-5.716668128967285
-5.222222222222222,-14.424894332885742
0.3333333333333333,8.668115615844727
1.1111111111111112,-6.8290581703186035
25.666666666666668,15.8757963180542
-3.0,-9.821981430053711
3.555555555555556,-4.657377243041992
4.222222222222222,-3.3584978580474854
1.7777777777777777,-8.608817100524902
31.444444444444443,-2.1004669666290283
19.33333333333333,14.0191068649292
-1.6666666666666667,-6.209560394287109
1.5555555555555556,2.151270627975464
7.222222222222222,-3.733577251434326
-3.7777777777777777,-14.72055435180664
-1.6666666666666667,-1.2914320230484009
0.2222222222222222,3.199983596801758
3.7777777777777777,1.6396801471710205
-2.0,0.05516648292541504
1.6666666666666667,2.8451786041259766
1.3333333333333333,0.9553494453430176
0.1111111111111111,1.9068231582641602
-1.0,-1.0909582376480103
7.0,0.9686951637268066
-3.111111111111111,-1.3856890201568604
9.11111111111111,3.582217216491699
3.6666666666666665,-0.2623433470726013
-4.888888888888889,0.19211387634277344
-1.6666666666666667,-0.8874989748001099
-3.555555555555556,-7.5667924880981445
-1.4444444444444444,-4.221821308135986
-15.0,-3.78472900390625
1.0,-2.4499943256378174
5.333333333333333,0.8507061004638672
5.444444444444445,2.1007964611053467
-3.0,-1.1192257404327393
-2.333333333333333,2.7319679260253906
-5.111111111111111,-2.631854772567749
-3.6666666666666665,-5.939877033233643
2.7777777777777777,-9.777667045593262
-8.777777777777779,-2.0687851905822754
2.333333333333333,-1.6318825483322144
3.4444444444444446,3.7355101108551025
12.333333333333334,8.337626457214355
-1.0,1.4766311645507812
1.6666666666666667,-4.174193859100342
-1.1111111111111112,3.1644344329833984
-5.0,-5.0756144523620605
-5.222222222222222,-3.8959150314331055
-4.777777777777778,-4.269556522369385
0.5555555555555556,2.5383219718933105
6.0,8.776259422302246
13.77777777777778,7.3329901695251465
6.666666666666667,1.110668420791626
-1.0,-0.43193352222442627
-3.7777777777777777,-1.3230091333389282
-5.777777777777778,-3.98169207572937
-3.555555555555556,-1.4769541025161743
0.2222222222222222,2.0972070693969727
-3.888888888888889,4.578647613525391
-3.0,-7.76194429397583
-5.888888888888889,-6.396003723144531
5.0,8.90916633605957
-10.666666666666666,-5.436305522918701
-3.333333333333333,-1.1365643739700317
-9.666666666666666,-2.4870212078094482
2.7777777777777777,3.1928505897521973
-7.333333333333333,-4.890295505523682
19.22222222222222,16.76117515563965
-12.333333333333334,-3.0971341133117676
-5.0,-3.5035793781280518
-3.555555555555556,-4.126962184906006
-13.666666666666666,-2.4985833168029785
6.777777777777778,9.740842819213867
1.3333333333333333,8.75345230102539
48.22222222222222,7.9453935623168945
3.2222222222222223,3.389052152633667
-4.0,1.8392138481140137
10.77777777777778,1.7098593711853027
-4.555555555555555,2.4278807640075684
10.333333333333334,0.40067529678344727
0.8888888888888888,-0.3213733434677124
-5.111111111111111,-2.1775479316711426
5.0,4.084616661071777
-25.77777777777778,-1.1449830532073975
-6.777777777777778,-2.134167194366455
6.111111111111111,4.062000274658203
-9.22222222222222,2.5455985069274902
-5.111111111111111,-1.2431362867355347
1.7777777777777777,-2.1437911987304688
4.777777777777778,1.8280606269836426
16.11111111111111,7.2141900062561035
-0.8888888888888888,-1.5658674240112305
-2.888888888888889,-7.6876444816589355
4.666666666666667,2.7027904987335205
-3.2222222222222223,0.5913028717041016
11.0,3.898653030395508
6.777777777777778,4.165589332580566
-3.2222222222222223,-2.6930387020111084
5.111111111111111,-0.8823966979980469
-10.22222222222222,-2.99191951751709
2.333333333333333,-4.780288219451904
2.2222222222222223,-2.7770235538482666
-14.77777777777778,-2.0028343200683594
0.8888888888888888,-0.5595054626464844
-8.777777777777779,-2.6930387020111084
2.888888888888889,0.5728623867034912
-5.333333333333333,1.6137630939483643
-2.0,-5.431066036224365
0.1111111111111111,-7.1315131187438965
-1.0,-1.776404619216919
1.2222222222222223,5.75697660446167
11.444444444444445,3.2634196281433105
-2.0,-6.372714042663574
-1.4444444444444444,1.0979738235473633
-5.333333333333333,-2.4246013164520264
-4.777777777777778,-5.6817545890808105
-2.7777777777777777,-2.416433572769165
4.333333333333333,-0.9181869029998779
-0.8888888888888888,-8.090045928955078
7.222222222222222,0.3869260549545288
-6.777777777777778,-4.531185150146484
28.22222222222222,12.085183143615723
6.555555555555555,-3.0827255249023438
0.8888888888888888,-2.872239828109741
-6.555555555555555,-1.2182464599609375
1.3333333333333333,2.5046463012695312
-1.5555555555555556,2.2121758460998535
0.7777777777777778,-3.5850915908813477
-1.2222222222222223,2.3588156700134277
-7.333333333333333,-3.622711181640625
-4.333333333333333,-5.14526891708374
-0.6666666666666666,-4.1450300216674805
-3.2222222222222223,-1.665972113609314
-8.11111111111111,-0.20373868942260742
6.666666666666667,3.4765701293945312
-4.777777777777778,-1.978664755821228
-7.222222222222222,-5.9036688804626465
-4.222222222222222,-2.4738166332244873
3.888888888888889,-4.141219139099121
1.7777777777777777,0.6155714988708496
-2.7777777777777777,0.8903288841247559
0.4444444444444444,2.750175952911377
-7.666666666666667,-3.290195941925049
10.0,2.546210527420044
2.0,-2.984037160873413
1.4444444444444444,-4.58679723739624
3.2222222222222223,2.559145450592041
-6.111111111111111,-4.235800266265869
-2.0,9.525404930114746
-6.888888888888889,-4.132505893707275
6.222222222222222,1.9869494438171387
-5.111111111111111,13.328951835632324
-3.4444444444444446,6.057172775268555
-3.333333333333333,-0.3533306121826172
0.5555555555555556,-9.617645263671875
-7.222222222222222,-3.2245423793792725
2.111111111111111,-3.033781051635742
-1.6666666666666667,0.21819281578063965
19.88888888888889,18.582759857177734
-5.666666666666667,-1.8406919240951538
0.1111111111111111,-2.7950658798217773
0.0,-3.5705463886260986
-1.4444444444444444,0.4637739658355713
-1.4444444444444444,1.9308550357818604
1.1111111111111112,-0.07493162155151367
-1.4444444444444444,7.380743980407715
-4.777777777777778,-6.033268451690674
-16.88888888888889,-0.7025144100189209
-3.2222222222222223,-3.2519192695617676
3.6666666666666665,2.1762232780456543
-5.555555555555555,2.5306339263916016
0.7777777777777778,-3.958526611328125
0.4444444444444444,0.13959455490112305
-1.3333333333333333,-4.632462501525879
-1.5555555555555556,5.539999008178711
-3.2222222222222223,-3.465139150619507
14.88888888888889,6.512341499328613
-1.4444444444444444,-2.8115243911743164
-0.6666666666666666,-0.942423939704895
-1.8888888888888888,2.8132431507110596
0.4444444444444444,1.2582039833068848
-6.0,-4.508548736572266
-47.22222222222222,-3.283268690109253
40.55555555555556,23.533945083618164
-7.666666666666667,-1.5179855823516846
2.6666666666666665,3.8490352630615234
-3.0,-7.328634262084961
-1.5555555555555556,3.706085205078125
2.7777777777777777,2.1945295333862305
-3.7777777777777777,0.014317989349365234
-8.555555555555555,-6.039733409881592
-3.7777777777777777,4.070840835571289
-1.7777777777777777,-0.8689312934875488
3.0,-2.7769277095794678
16.22222222222222,-0.8406152725219727
-7.0,-0.9827585220336914
-4.666666666666667,-4.345038414001465
4.111111111111111,0.21881341934204102
-1.4444444444444444,2.825681447982788
0.0,0.041831016540527344
-3.111111111111111,-3.73002552986145
1.5555555555555556,1.4111042022705078
-1.7777777777777777,3.4421305656433105
-6.222222222222222,2.7114362716674805
-5.666666666666667,-1.6827220916748047
-1.2222222222222223,5.678594589233398
-3.555555555555556,-2.7323708534240723
-12.77777777777778,3.6373629570007324
-3.0,-6.661637306213379
-1.2222222222222223,4.221426010131836
-10.22222222222222,-1.5078907012939453
12.444444444444445,-0.9235086441040039
9.22222222222222,9.795195579528809
-5.777777777777778,-2.4653241634368896
-5.888888888888889,-3.345728635787964
0.3333333333333333,-1.4183845520019531
3.6666666666666665,1.446587324142456
-3.0,7.989290237426758
-19.88888888888889,-7.712473392486572
-6.333333333333333,-3.4808406829833984
-0.2222222222222222,4.843000411987305
-4.777777777777778,1.445692539215088
-3.888888888888889,-2.139791488647461
1.4444444444444444,-3.221031665802002
-2.888888888888889,-5.0799384117126465
1.5555555555555556,0.7861592769622803
-1.7777777777777777,-0.3886404037475586
-12.333333333333334,-4.493027210235596
16.11111111111111,9.483546257019043
-3.888888888888889,4.3237481117248535
-2.555555555555556,-4.157661437988281
2.888888888888889,2.0388171672821045
-3.2222222222222223,-2.3855140209198
-0.6666666666666666,2.8271210193634033
13.666666666666666,12.804952621459961
11.333333333333334,0.8010854721069336
-7.666666666666667,-6.236420154571533
-15.555555555555555,-5.839717388153076
-3.555555555555556,-7.359950542449951
-1.4444444444444444,-2.2282989025115967
-1.6666666666666667,3.8294320106506348
-9.0,-4.7015380859375
11.666666666666666,16.53302764892578
-20.88888888888889,1.0577852725982666
-5.777777777777778,-3.5659210681915283
3.333333333333333,1.0693879127502441
1.4444444444444444,-1.6388660669326782
-3.111111111111111,-3.113111972808838
1.2222222222222223,6.169511318206787
3.555555555555556,2.5827395915985107
-9.444444444444445,-4.369641304016113
-3.0,-2.5318892002105713
-8.444444444444445,16.52457046508789
-0.6666666666666666,3.3412067890167236
-4.555555555555555,2.4008235931396484
-2.2222222222222223,-4.49528694152832
-0.5555555555555556,-6.032805919647217
-4.333333333333333,-6.681704998016357
-2.4444444444444446,-0.030465781688690186
-8.222222222222221,0.8665962219238281
-0.7777777777777778,-5.063931465148926
-17.555555555555557,-3.17203426361084
1.1111111111111112,-5.082467079162598
-0.1111111111111111,-0.786339282989502
-3.888888888888889,-3.180469036102295
-5.666666666666667,-4.357883453369141
0.4444444444444444,0.8386101722717285
-11.444444444444445,-6.236420154571533
-5.777777777777778,-1.3924564123153687
-2.4444444444444446,-1.9324493408203125
-1.3333333333333333,-3.143486976623535
-2.888888888888889,-4.561341762542725
-0.2222222222222222,-3.9908394813537598
3.4444444444444446,2.7712316513061523
-15.77777777777778,-5.580416679382324
-1.8888888888888888,-6.990100860595703
2.111111111111111,0.7346606254577637
2.888888888888889,2.2825005054473877
4.333333333333333,4.401010990142822
-4.444444444444445,-6.046196460723877
16.555555555555557,15.476076126098633
0.8888888888888888,-4.070891857147217
-0.4444444444444444,2.8241653442382812
-17.0,-1.0027339458465576
-1.7777777777777777,2.888514280319214
-5.888888888888889,2.3297014236450195
5.111111111111111,9.309961318969727
-1.2222222222222223,-1.1261882781982422
3.7777777777777777,3.4282379150390625
22.77777777777778,9.962846755981445
0.5555555555555556,9.625771522521973
4.111111111111111,-1.8997224569320679
4.0,5.180873870849609
-3.2222222222222223,-2.7065212726593018
21.33333333333333,9.345640182495117
5.333333333333333,-0.16540205478668213
11.11111111111111,1.58306884765625
-3.2222222222222223,-1.1015446186065674
0.2222222222222222,0.6222587823867798
-2.2222222222222223,-5.6754302978515625
-24.33333333333333,-8.645163536071777
-3.333333333333333,-3.1833951473236084
5.555555555555555,-1.6743687391281128
2.2222222222222223,5.011590003967285
-0.3333333333333333,-0.6546231508255005
-0.3333333333333333,2.171482801437378
-0.1111111111111111,4.274846076965332
-3.4444444444444446,-2.461552381515503
-1.1111111111111112,-0.36515551805496216
-9.88888888888889,1.102585792541504
1.4444444444444444,-5.0777764320373535
-5.555555555555555,-1.3212523460388184
-12.444444444444445,-7.4809112548828125
3.333333333333333,-4.883322715759277
8.222222222222221,-4.267829418182373
-9.555555555555555,-5.418935775756836
-0.8888888888888888,2.133455753326416
-2.333333333333333,-1.2145577669143677
-0.6666666666666666,-2.7728524208068848
-1.7777777777777777,-4.676612854003906
17.88888888888889,1.5053493976593018
-5.888888888888889,-2.1959521770477295
-0.7777777777777778,-8.181977272033691
-3.0,0.011531233787536621
-1.2222222222222223,-5.657528400421143
-6.555555555555555,-6.742705821990967
-5.888888888888889,11.083815574645996
1.7777777777777777,-0.21253836154937744
-8.444444444444445,-2.939626693725586
1.4444444444444444,-4.078522205352783
-0.4444444444444444,-3.5361175537109375
0.1111111111111111,-2.1055307388305664
-5.111111111111111,2.9146151542663574
-12.0,-4.319605827331543
-3.333333333333333,-5.760663032531738
-3.333333333333333,-0.9968998432159424
5.0,3.4830398559570312
-0.6666666666666666,1.7165184020996094
3.6666666666666665,3.4411773681640625
-6.444444444444445,-7.0833659172058105
6.111111111111111,-3.048318862915039
-6.222222222222222,-4.755131244659424
-3.0,-5.028617858886719
-0.3333333333333333,-4.261322498321533
-3.555555555555556,-0.850200891494751
-7.333333333333333,-3.0251944065093994
27.55555555555556,10.823724746704102
-8.444444444444445,-9.793741226196289
-0.1111111111111111,-5.71333122253418
2.888888888888889,-2.403007984161377
-0.5555555555555556,-4.074069976806641
4.777777777777778,10.272611618041992
-2.6666666666666665,1.358259677886963
-37.888888888888886,-8.651494026184082
-0.4444444444444444,-4.887311935424805
-6.888888888888889,2.990614414215088
-6.0,-4.342167854309082
-2.888888888888889,-1.9105896949768066
4.0,-0.3869044780731201
-1.4444444444444444,-1.7570431232452393
-2.555555555555556,4.355779647827148
-3.0,-3.317814826965332
1.4444444444444444,0.5138731002807617
0.3333333333333333,4.752575874328613
-1.5555555555555556,-2.198160171508789
-2.888888888888889,-4.1722211837768555
-5.888888888888889,-4.7886857986450195
1.7777777777777777,2.211334705352783
-6.444444444444445,-3.722017288208008
12.333333333333334,15.534658432006836
1.1111111111111112,4.884041786193848
-2.555555555555556,-4.579130172729492
-3.111111111111111,-6.11265754699707
-1.4444444444444444,-1.443054437637329
-12.333333333333334,-5.22888708114624
12.555555555555555,8.424605369567871
-6.777777777777778,1.3769512176513672
-0.8888888888888888,3.1028575897216797
5.222222222222222,2.672879219055176
-2.111111111111111,-2.274442195892334
0.0,2.9832913875579834
-0.8888888888888888,-2.848008632659912
1.4444444444444444,0.9022376537322998
0.4444444444444444,-3.222717523574829
1.3333333333333333,0.872791588306427
-6.777777777777778,-10.622418403625488
-7.777777777777778,-3.4441261291503906
7.555555555555555,3.159158706665039
-24.55555555555556,-6.5395941734313965
32.22222222222222,13.165290832519531
9.333333333333334,1.9214253425598145
8.777777777777779,1.8619160652160645
-4.777777777777778,-6.547817230224609
-6.333333333333333,-6.643126487731934
