Score,Pred Score
-5.73967918172164,-12.397688865661621
-23.3725501337939,-5.842397212982178
9.04709717330502,-13.042734146118164
-3.724573545179619,6.8349480628967285
4.4516036428765,-0.6544491052627563
-1.657597602265355,-6.392092227935791
5.586124430090477,0.04003429412841797
-26.6651088566214,-8.027027130126953
3.028467183462371,5.269576549530029
-40.7258600860177,-15.1895751953125
-26.912205886836706,-18.083152770996094
-3.9965921287470247,3.42940616607666
-4.739766082030863,-8.815956115722656
4.2006804390709,-2.1095428466796875
-22.3071231538392,-11.014223098754883
-18.5891767455387,-5.535105228424072
-5.960419628776203,-7.387679576873779
-18.9061714872788,-2.7448041439056396
-21.4141717786538,-9.501617431640625
-12.208208404490907,-11.399520874023438
-3.72583443525641,1.3143534660339355
-2.377061578670744,-23.036205291748047
6.075310726130807,3.019242763519287
2.12042655289975,-0.5000476837158203
3.181253849239128,-17.625381469726562
10.41580460128629,-0.9038095474243164
-23.8934551543691,-23.56492042541504
-0.8981307679622897,6.695701599121094
3.7078671714499096,-2.639356851577759
11.644495901203598,-3.231846809387207
-22.42608065327665,-12.365005493164062
-1.2036514942358316,-0.32391542196273804
-13.5091075877696,-7.999477386474609
-1.79502295092813,-0.40175414085388184
2.332279780348585,-0.92120361328125
3.11049964318654,1.3005449771881104
3.54836143321337,0.26552391052246094
3.77256113899207,-0.428189754486084
-2.35314836228574,-4.65626335144043
7.837521570550837,2.658154010772705
9.328533024448705,11.424840927124023
-37.9495035857927,-37.975860595703125
-4.144685584269085,2.122239589691162
8.91646092056966,2.7629289627075195
5.635020609606415,-1.1840972900390625
-15.1006814359747,5.105252742767334
-2.4599041427842496,1.087916612625122
2.42002639701588,-0.4974794387817383
-3.0331069492891496,0.7706599235534668
10.480393919522983,2.6860742568969727
4.452168509343501,12.055984497070312
-2.552277046947741,-10.5711669921875
-5.97419023328963,2.077625274658203
-0.5734820606807138,2.6463451385498047
3.7606671418030695,-4.6681342124938965
-31.4759298257721,-41.986419677734375
0.300408103033295,-0.86151123046875
-6.32558602127377,-0.6328363418579102
0.90894434552881,0.5316175222396851
5.954690473588823,-1.183964729309082
0.0804428699766095,-2.596884250640869
8.45389840526827,6.83397102355957
-2.8859593337581737,-9.983367919921875
-1.122073026503361,-2.1069178581237793
-75.56229656723696,-17.16254997253418
-6.291328737399075,-9.205093383789062
-10.1192188918475,-3.633096694946289
-56.3663437951974,-36.9454345703125
2.4288820651169605,17.494705200195312
5.05355462238675,0.8949985504150391
-13.1809903671301,6.382288932800293
-6.75960002722117,22.678756713867188
9.0758909366509,-1.4171829223632812
-1.4230966237807086,-9.568923950195312
5.59963570142504,-22.356067657470703
4.133325903305868,8.293285369873047
3.00680128293027,4.18763542175293
-27.8195558011628,-11.749141693115234
-29.9162730471743,-11.683320045471191
20.7191486697607,3.5725338459014893
3.455876052191651,10.417814254760742
2.595279020812243,-5.737215995788574
-4.0896099478500325,2.3898258209228516
5.3817717725564,-13.369926452636719
-1.9802660997523944,3.5842361450195312
0.4007388327427847,-6.485456466674805
10.11870938841209,-0.5703163146972656
-1.7174251595272625,-8.534063339233398
-13.2363849677504,3.219358444213867
-58.24412469223692,-30.389076232910156
-47.9875704511971,-21.309253692626953
-3.681083449701528,-12.058143615722656
0.1118559290339978,-25.407114028930664
-8.998840630677615,41.065216064453125
1.1941842843275,9.2048978805542
19.33685959748449,28.268146514892578
-3.09775596823669,18.420150756835938
1.2555345380058751,-5.085379600524902
-78.7451798053926,-30.252548217773438
8.35813394800668,3.3606863021850586
-19.6754058911438,-14.035233497619629
4.743603615290096,-20.941722869873047
1.3155747227446202,-10.297508239746094
11.316750179392892,5.38465690612793
11.779516260068313,5.361303329467773
-3.802611775309477,-1.288920283317566
-10.539071528779305,0.00270843505859375
4.49646859469848,-7.390350341796875
3.59102041590596,5.606142044067383
2.1560784090827942,-8.678121566772461
-17.309192174305,-10.369234085083008
-1.768261666543676,-15.454695701599121
-3.34531377329845,9.211669921875
-9.09730633851708,-9.305916786193848
-12.909180343140196,-1.1459977626800537
4.020569536845237,5.141179084777832
2.28163515100639,-1.05908203125
-1.6307504375632549,-11.978614807128906
7.809600001042748,0.7683968544006348
-83.9761260280997,-5.751697540283203
7.656482330373112,5.791458606719971
1.675245639565673,-19.016620635986328
-15.991582533821994,-1.875251054763794
8.681027307740193,23.32714080810547
11.10272802991041,12.226350784301758
3.42951329804928,-1.657339334487915
-1.4295761119406232,4.714260101318359
-11.9299972333177,-0.6464419364929199
11.923948375295712,6.84117317199707
5.960801203295765,-18.46017837524414
-0.4381862293696001,-13.221816062927246
-2.43808381047612,-29.247371673583984
5.72263802046558,-11.354459762573242
1.1496085756031087,1.4189224243164062
-6.72144892291601,0.59634929895401
18.1939100849816,-3.874720573425293
3.61441892535489,6.428623199462891
-0.8028238008287005,-18.362796783447266
0.7001962140772594,-8.146332740783691
2.125547882163602,-0.22941160202026367
-2.8472026300298463,-15.758166313171387
-4.534682244798708,-9.9876708984375
4.49418879319923,-5.066131591796875
-10.901275449743116,-9.805768966674805
-4.736229867816737,2.650470495223999
-0.0053525606393112,20.38568115234375
7.06923762363823,-5.860189437866211
-0.0084306638066775,-1.306157112121582
2.11900133622217,0.5655941367149353
8.106852576346123,14.571736335754395
-0.1428452494230792,-2.041637420654297
-1.0683487237199796,-6.793670654296875
0.0285872237409883,-15.85104751586914
2.75380173901167,-6.7263360023498535
-7.69948364751984,-5.329071998596191
-0.0556983764780604,-4.865424633026123
-1.32131943338233,10.246566772460938
-3.0345245902191325,-2.3100013732910156
-2.93911844531118,-13.776390075683594
9.94612085382829,-1.1038877964019775
-3.5546157663424616,-4.697629928588867
-11.221818720505304,-19.933134078979492
3.9797293996962297,1.1933684349060059
4.54734483862441,-0.2610148787498474
-45.634880019414,-18.742883682250977
-1.6020246929696491,-20.498289108276367
-4.12581810820042,-3.8648624420166016
-3.019531285218114,-13.141754150390625
5.42509465390903,-2.7706403732299805
-21.5871320482388,3.601335287094116
-1.2497809936708242,-7.152650356292725
-35.0272315856836,-44.5846061706543
3.37898618824583,-2.0054264068603516
-13.4460672849668,-15.034212112426758
10.982614675109394,2.5337648391723633
2.35164464781062,-5.068603515625
-20.9676231329802,-15.057609558105469
-1.6422791314174887,0.5228145122528076
-0.3136273830120112,-4.391994476318359
-16.967828162594074,-2.777331829071045
-2.8325461302865187,4.524310111999512
-2.6871577689602653,-12.780024528503418
7.570838092245207,-5.9334797859191895
-13.547300817594484,-24.536977767944336
8.99923705482913,-9.833913803100586
-0.003939288658445,2.7808547019958496
6.147225205740463,-9.879899978637695
-2.149900469098629,-13.076801300048828
-25.2381267145584,-14.835485458374023
-5.36204355968609,3.8852691650390625
4.43276114617859,3.0082435607910156
3.27144637329635,4.183863162994385
-1.626797120535592,-11.141216278076172
-9.859535687586003,-7.89792013168335
2.0008593011464906,-7.564700126647949
0.369316059642221,-0.8755807876586914
5.79128728304933,2.454099655151367
0.1235817830644999,1.336897850036621
-3.36903782007548,1.7335224151611328
7.06032809637297,4.334753513336182
13.71198107208239,0.37821197509765625
0.2886204877907422,-3.6371421813964844
16.4171583068458,13.51052188873291
-44.7886924625105,-33.458030700683594
-7.726553411266567,-3.534259796142578
4.065326821312747,7.6404876708984375
2.12749125232924,-17.708515167236328
9.06213659212517,0.19575190544128418
-4.51305804704249,-27.774551391601562
4.28301459624688,2.7945919036865234
-7.211196994815285,-11.615327835083008
-58.4491138315396,-22.067054748535156
-0.5413656534735456,-5.5934600830078125
3.24770439300306,1.5329926013946533
-0.6472060937938101,1.7533702850341797
-1.93656353174353,2.9890594482421875
-1.94666134980912,-7.959410190582275
-0.670930828719279,-16.903757095336914
17.1612744381531,3.4610910415649414
-8.044482691931467,-8.78783130645752
16.9968892380515,3.7197463512420654
3.62056380925444,-9.91751766204834
4.07090957771029,0.9460959434509277
-1.0680791130593923,-3.6369495391845703
4.69437535963172,-11.5401611328125
0.3837795244341289,-1.6092133522033691
0.6681105368389735,12.548599243164062
-8.08045020128908,-1.9284467697143555
-42.6579269422049,-22.979543685913086
-30.89708550466269,-15.760406494140625
-1.1617148968623687,-14.239408493041992
6.46185690649625,-2.5784006118774414
8.658679095048068,-0.26189422607421875
-0.1898191226144924,-6.944889068603516
6.457932781589695,0.16020190715789795
-33.7712071062874,-28.102935791015625
-4.786538605318405,-0.17291897535324097
-13.5632540546311,-12.141261100769043
-82.13826531723697,-13.943991661071777
-3.0453156276270903,4.1209716796875
6.430237727930085,-9.228111267089844
5.31082796058257,2.3336267471313477
-70.65073406723695,-36.76033401489258
4.71112087372323,-11.343974113464355
-10.78700495517378,-22.55185890197754
-6.055427015859325,-26.05718994140625
-16.475900892606802,19.692859649658203
-2.487076105276776,12.606033325195312
-48.3858044800915,-8.429272651672363
5.893700156574014,5.820716857910156
-47.9957157156951,-5.420711994171143
-1.511416195100045,-21.173786163330078
-7.071587649042333,1.317962646484375
-0.3550158381598589,1.468855381011963
-17.0078420331655,-13.690077781677246
10.3189652047012,-55.11289978027344
8.829561804598438,16.023021697998047
10.909208084253878,4.08065128326416
-2.25262466719878,2.426697015762329
0.7445982178878973,1.0238134860992432
-4.813871520282443,0.17714381217956543
2.85060083445348,9.125130653381348
-2.54595208771381,-10.761220932006836
-8.692928400841772,-31.99688720703125
16.618750626525,-3.390530824661255
7.37064384347005,1.279287338256836
-6.81516141534704,-4.905572891235352
-10.386374558578522,1.5305805206298828
3.73205068567752,-0.14166617393493652
-6.40442742836347,-0.5366535782814026
1.74273211890989,4.977853775024414
-7.920344649869953,-15.804981231689453
-9.28527551691871,2.841939926147461
1.51502173443586,1.8700529336929321
-90.3299705619704,-13.877336502075195
-6.512385872303066,-20.312511444091797
0.7982616963508231,-0.8900644779205322
15.8859560938761,0.9491854906082153
-23.227454082363305,-6.4667510986328125
5.4465900456679694,4.442085266113281
-13.2494383747796,-4.120790481567383
-2.3458288386735573,-4.401769638061523
-1.5403494549472296,-15.53219223022461
-2.941164138388841,-1.239258885383606
-14.6311710829416,-17.427343368530273
-4.81834176383161,-3.3180408477783203
-4.03806373695381,-4.058802604675293
0.4076170529080399,2.5045394897460938
-34.8552692363716,-4.915303707122803
-25.0659802428987,0.5785598754882812
-5.8684323426223,6.034230709075928
0.6771989561182002,-11.607580184936523
-14.6157572128631,-15.329350471496582
5.344594984386832,-6.755762100219727
-4.75101729862813,4.840823173522949
-89.5439156156453,-16.30775260925293
-1.207429910073891,-8.045303344726562
13.667582002208905,-0.7526538372039795
-82.4887013651952,-10.587173461914062
4.40921359309415,6.040775775909424
-19.923371510770203,-0.3017422556877136
-4.665207913971671,-6.3225016593933105
3.42106467876526,0.16226142644882202
-39.0956747424042,-8.929895401000977
-10.288292260688207,-12.213001251220703
2.3067635611900137,8.435657501220703
-4.92782811871599,-1.117967963218689
10.292368565007404,1.1778223514556885
-8.184373188662292,-21.379470825195312
-4.763634360062484,-16.74340057373047
-2.40000424902785,-13.724769592285156
5.009535132419683,14.96386432647705
-22.2455703021075,-15.652456283569336
3.987299411465438,-19.84749412536621
-38.4962238749225,-27.618667602539062
-44.9949251983702,-0.4521329402923584
-1.378759213278819,-8.158767700195312
8.07102955700163,1.6706318855285645
1.055995951979529,4.905115127563477
2.188685633501576,3.38857364654541
1.0880788430276551,-1.3719239234924316
-0.2898522089969393,-2.1639299392700195
-3.790702882666694,-2.6836462020874023
-7.940842049461227,3.9675750732421875
4.398742241377427,17.38206672668457
2.5565427438131976,-1.1021547317504883
4.123908949931413,10.364105224609375
-76.9668504799361,-26.126480102539062
-14.1325019191809,-8.837844848632812
7.960789166364423,6.518502235412598
0.4423212163888063,7.892092704772949
2.63206586722876,7.553122520446777
3.1988276731025875,-15.27955436706543
-1.6552655274048038,1.0816956758499146
8.077984978184695,-5.416099548339844
-13.790764753514,-7.133374214172363
2.13745295521649,0.14563298225402832
3.0897024917955025,-2.7783966064453125
-0.3530077955256401,-16.41195297241211
-7.639409008216227,-0.08059298992156982
2.765011277030255,17.44869613647461
3.557691046156,1.8432203531265259
4.00031385473591,-1.3109416961669922
-55.7541546140486,-16.468647003173828
9.550892694239591,2.71854829788208
1.775572054007981,66.22602844238281
-2.248378586620203,4.173679351806641
-56.2560888739038,-18.294586181640625
-2.5590885431480426,-1.9193288087844849
-40.5029244010595,-18.582748413085938
-30.8171784242839,-1.1431605815887451
2.679404112105611,1.0100582838058472
2.76740193393285,18.02627944946289
-11.341527235964405,3.353302001953125
-3.448025235667948,-15.486503601074219
-0.0780407432645869,-10.763702392578125
11.616605850275496,2.5844080448150635
9.179556151687803,-7.698009490966797
7.190050317883171,5.189040660858154
-39.4932668903457,-3.6372642517089844
-2.306526469902426,-19.99651336669922
0.5403453062071405,30.51799774169922
-23.6042929930625,-19.789379119873047
-4.172986764275874,-13.971905708312988
0.5394390329931549,1.9565826654434204
5.84905996845087,-4.125462532043457
-22.9515728231767,-7.890220642089844
-3.134999611446543,-4.001801013946533
-6.066411004621831,4.076440811157227
2.24572304437811,20.68017578125
-70.8116033690518,-14.844533920288086
0.3224388648416145,-3.0051212310791016
4.755697845162629,10.459833145141602
1.7336328627834918,-0.7165374755859375
3.939818822274421,-9.682493209838867
6.09033976794457,0.3450911045074463
6.4251548431743295,-3.8196516036987305
-6.47138721063866,2.2435684204101562
-0.0379657812584102,-7.762420654296875
4.4105627388370605,-3.2586441040039062
2.3065604778561424,5.072307586669922
7.588764503474316,-0.3541644811630249
-24.3954295810688,-5.678225994110107
7.380729755239978,-8.905413627624512
5.978124919049687,-2.2575531005859375
0.7860328468455551,-3.5931015014648438
-44.1817825469333,-29.861572265625
3.58036180553514,-0.6090774536132812
3.33951124606136,1.5433943271636963
-6.79658968512302,-2.0912787914276123
3.7347243087796,-14.534553527832031
4.76541245752904,1.4150302410125732
8.922207576391518,-1.7128500938415527
-11.864177458483407,-4.728946685791016
1.166748445159433,2.028411388397217
-25.781275563237,-22.919841766357422
4.179707781567577,2.05234432220459
-1.073248118887358,-0.14763259887695312
1.7249239205326918,-0.19206809997558594
-81.52648016021857,-23.825489044189453
13.015759276594096,6.949518203735352
5.35198813185094,-4.031271934509277
-12.53254789251529,-4.798191547393799
5.45103123545738,-1.4316051006317139
4.128157012788561,1.0743699073791504
-3.8590388668775,-8.815557479858398
7.36579899286375,-7.593292236328125
-11.03094492075089,-14.263445854187012
8.017093587799739,6.3982391357421875
15.384553292915324,-18.865827560424805
2.79124989437018,-7.935916900634766
2.81101468536903,-14.578778266906738
-1.7237618714553775,-0.259588360786438
-2.202886656443709,2.4918136596679688
2.369358494612781,-4.318251132965088
-11.30813578108209,-25.833572387695312
4.484288991501213,-16.827245712280273
-35.8165916579592,-18.718929290771484
-5.19085420781142,-5.451640605926514
2.86709961553106,-1.1758384704589844
-4.349210006555943,1.4066448211669922
5.029017096161708,0.30471348762512207
8.243548509216069,1.9138894081115723
-2.6184282494780104,-2.635451078414917
-5.527709296795018,-0.25368690490722656
-52.7336020518746,-21.92713165283203
6.07843040491799,-2.0277156829833984
-4.396710286499547,-9.080650329589844
6.6154810826822,4.200804233551025
9.772192422094813,-12.909843444824219
2.099307195887115,14.230639457702637
-12.414939844598162,-15.919782638549805
8.24149319055937,-4.826043128967285
-1.5178355576616795,-3.544182300567627
9.144089281431205,-4.076568126678467
1.418014053180695,9.714836120605469
-60.92137282626391,-37.60944366455078
5.61896917638109,20.59386444091797
-4.96580172718434,-18.591217041015625
-24.4432878855492,-11.065844535827637
1.675381804264854,-18.47412109375
-2.8447496930443927,-6.953277587890625
-1.059512617215007,1.169856071472168
1.41805545618482,0.49403512477874756
-7.06329362397977,-16.926231384277344
9.400493271217616,0.5590646266937256
3.1327986373042376,1.6038455963134766
4.097668935846943,6.332515716552734
-4.01456885639382,-24.64910888671875
-2.260381023139061,5.427313804626465
-8.237627320974727,-21.091388702392578
-2.23616712442702,1.3898756504058838
-26.79502671025515,-36.80426788330078
-10.594900847222812,-40.25086975097656
4.509456424718162,1.3151189088821411
-22.9219832537164,-17.161970138549805
-6.2026319104393295,-20.43191909790039
-4.662511414401839,-1.4640064239501953
-0.4503474699443348,-4.733267307281494
-21.5531296050118,-20.64936065673828
-39.7169735486916,-10.808304786682129
-6.13466459150186,-15.745323181152344
6.093529951556334,0.006397843360900879
-33.3004252633332,-23.804107666015625
-7.789052707582185,0.5092909336090088
-61.6890402284636,-51.97966384887695
-10.613183176373598,3.1453857421875
-12.6203596574975,-44.118343353271484
-15.2234416939723,-1.3867404460906982
3.42848617073407,-2.038053512573242
-50.4820483838523,-8.566774368286133
-71.7765711158932,-24.66817855834961
4.338369925074482,-8.733383178710938
-34.0729170807354,-20.696773529052734
-10.285920522724917,2.2234230041503906
2.71808902854303,-8.071368217468262
2.26767773086615,18.713253021240234
0.3189015990893598,-6.8062286376953125
-39.873530292237,-48.569480895996094
5.053393098685065,29.61444854736328
-5.77665564868809,-2.4785995483398438
-22.4462583852743,-27.527545928955078
-10.162041561092582,-24.930212020874023
8.70853787657841,-13.277536392211914
-3.73521146317182,-2.3761794567108154
-1.3326443092463092,-16.184478759765625
-5.830142578087577,-9.690526962280273
-7.815562497274902,1.1364943981170654
-20.7558388881914,-9.10372543334961
-1.03656181464744,0.6877059936523438
-3.930469946192945,-13.468045234680176
5.391699208755202,-7.048845291137695
7.2595381633228,5.522958755493164
9.30630078585379,1.6943365335464478
-3.77133000272187,12.094482421875
-42.936846127142296,-37.94055938720703
0.5211206139658471,18.44342803955078
0.7345204104922589,7.774020195007324
6.86106163750481,30.183013916015625
-21.61387508166409,-12.497034072875977
-24.577379709126298,-26.99231719970703
3.986867952152618,-0.052213698625564575
-63.2346715672369,-38.83184051513672
4.55602013063716,-3.4148876667022705
-20.3623076046531,-0.5325202941894531
8.678125432705007,2.828221321105957
-2.1147225087047508,-9.870784759521484
-1.14890133483728,1.3813564777374268
3.7921116228684086,2.608217716217041
-1.3811964732242277,-17.363506317138672
0.1752112379752922,-5.569544792175293
3.3452637215970498,3.9359798431396484
6.63109301847755,11.148652076721191
-8.72128086410909,-19.788719177246094
-0.1160299782726794,-9.241188049316406
0.1119561526876595,-0.9929513931274414
11.877856996640997,0.43618202209472656
-3.2142130797467816,-0.039945125579833984
-3.9552380984537248,1.1162481307983398
-1.593720937577549,-0.22710800170898438
3.3899996482015826,2.9519386291503906
7.66334596528203,-5.597223281860352
2.60625970962018,-0.17208480834960938
5.006519903780723,-18.228775024414062
-58.5527340809363,-5.4861884117126465
3.776985072333982,-4.936264991760254
2.4866177573815964,-7.794888496398926
-0.6920482116816997,-2.2928733825683594
2.1747311895065486,1.870070219039917
-13.14009076535719,-15.502809524536133
2.745769909533195,2.935166835784912
-10.626155896203898,2.919457197189331
0.0548896546292299,7.964858055114746
-69.1366966634013,-16.46375846862793
14.8508222506114,-2.0919721126556396
-28.3488859938485,-40.231414794921875
0.6884341878779402,4.668262481689453
12.566471603210276,7.046947479248047
-5.472376660417956,-13.535472869873047
-2.1691769605730515,-9.917306900024414
-0.3887710448227697,12.961929321289062
9.1356503291117,1.8100824356079102
4.93167956005568,-4.769294261932373
2.713132201978397,-6.284946441650391
9.090654061652296,-15.510607719421387
1.741670982094262,-1.0686323642730713
-5.89266438028177,-2.993452548980713
-1.130678948105339,-14.189537048339844
-46.587141393021525,-14.260418891906738
4.366245372711767,1.2894067764282227
2.858782897786812,-3.272475242614746
2.53362859007723,-0.349609375
-1.7943154401891548,3.013578414916992
-0.6435038581465955,9.939422607421875
5.99108205682079,-3.738542079925537
2.44728958086436,-6.55962610244751
1.5718362711845366,1.0117301940917969
-55.54568697318505,-18.69678497314453
-9.231606713935047,0.8495903015136719
3.547124544521316,-21.233306884765625
-73.5286754265322,-19.081480026245117
0.2047767843086013,-10.846043586730957
-10.398648228661925,-2.4592554569244385
-46.9980356488569,-10.35445785522461
-62.9031214125763,-43.84667205810547
-10.35739215730591,-3.720550537109375
1.83593808226401,5.312715530395508
7.827394642815597,6.221706390380859
-9.742168339465294,-8.81826400756836
-0.29408409265346,-12.489786148071289
-5.653435188749545,-0.3952927589416504
-14.57002364123529,-19.408126831054688
-18.1797235112709,-0.537521243095398
-5.45440876641342,-2.320687770843506
8.596988309863011,18.42213249206543
-5.493763326806099,-2.690584182739258
-8.393586343504198,-0.11338096857070923
-3.963646539183849,0.08638310432434082
9.625121597198186,-7.3912811279296875
-6.18357684414468,-3.3093910217285156
-3.41466344580097,-6.002397537231445
-4.03025121975644,-0.35645294189453125
-2.66483863280114,-16.389089584350586
-0.190891674386513,8.840553283691406
16.1850033157246,14.167141914367676
-7.910003358009165,-1.1099967956542969
-2.07861348348741,-8.209896087646484
12.331931266595111,4.706360816955566
0.8825935384285006,-1.9514737129211426
-2.1789667599796294,10.367652893066406
3.0307168501552093,-14.611316680908203
14.8229623836697,3.2510392665863037
6.795393661635613,-0.03655242919921875
5.16750826555368,-17.79418182373047
-57.144820014625296,-11.860235214233398
6.167862854629888,-7.851466178894043
-2.698758931910008,7.836006164550781
1.289294757415069,0.025943756103515625
13.9692836454661,5.995034217834473
-38.6438610292767,-32.70740509033203
-3.119647295186995,-7.750796318054199
-6.745372906074374,-13.478775024414062
-2.7468186065138984,0.8453280925750732
1.6198341998494314,-3.488327741622925
1.6646916021852596,-15.001246452331543
-7.87226820943855,-12.858344078063965
8.652061852316729,-2.8498992919921875
2.4933992323843923,17.800344467163086
2.35160533891099,-12.794185638427734
1.30779520720034,11.050281524658203
-11.9965988914421,-3.3904638290405273
4.780848076735348,-13.118232727050781
11.2728180991378,15.020120620727539
0.7651079053562314,-4.167379379272461
-10.6557437737239,0.34765326976776123
3.27100049685324,-8.872817993164062
-5.2815921348029296,5.903985977172852
-27.5445722402187,-37.85955047607422
-2.683955047842884,7.7564544677734375
-43.929359067237,-25.682239532470703
-4.639593570653838,-9.535256385803223
-14.7229944429405,-5.0533552169799805
-5.00028834575103,-1.4049453735351562
-1.2236747050651609,-5.234294891357422
-17.6830733389949,-13.956804275512695
-9.979741434164584,-18.51503562927246
-0.2823200449385875,-2.506031036376953
-36.50577458359941,-9.060722351074219
-4.853312003098937,-37.67255783081055
-27.4476544011683,-23.564483642578125
-49.5120706514507,-28.658336639404297
1.2287673509824204,-8.26351261138916
9.503977484174175,4.21743631362915
-5.5186956836840375,-28.267433166503906
-2.99361591491145,6.083288192749023
7.99575647038201,-3.490205764770508
11.7225687296843,5.094977378845215
6.987950206462267,-9.261089324951172
5.5273920092716775,-19.79346466064453
-7.19378137939456,-10.644756317138672
6.001532732018722,-1.5313440561294556
7.92708077877978,1.4443719387054443
4.316615136301563,2.917843818664551
0.1590569364430157,6.9806742668151855
2.8348518495029404,3.443315029144287
-46.6686841099013,-32.26315689086914
-0.8984319813221007,-7.926770210266113
4.30511943579503,-4.676454544067383
-3.36735139960915,-4.061746597290039
6.58117049992555,-0.030874013900756836
6.753311816554961,-6.7511396408081055
-1.1091988250418725,-12.061534881591797
5.26551760771767,6.639881610870361
-37.3999740396079,-14.029086112976074
-34.48768519828235,-11.208888053894043
-46.862925671502296,-15.390517234802246
-1.19024715514191,5.6743316650390625
-1.4920816076829602,0.9845085144042969
-5.775806690181939,-9.18181037902832
-14.2382866820043,-0.4097425937652588
1.3131129859732091,-3.5545530319213867
13.1991243046288,11.33841609954834
3.6035536346157695,-5.577437400817871
4.97603191479674,3.9199578762054443
2.9737175212081803,-0.6413934230804443
-35.1782981083837,-11.721656799316406
-10.480511156242285,-13.799915313720703
-0.3170472839931941,2.1515865325927734
3.59745169898486,3.6403415203094482
-5.139364658294922,-6.188377380371094
-29.2662792150344,-16.485671997070312
11.555346181601609,5.110396385192871
3.7092867134231,-17.950759887695312
-0.7280966227290082,-14.213371276855469
0.9480162028997956,12.917285919189453
-9.619042312244815,-19.676559448242188
-3.15562863494722,-21.911178588867188
7.285509446842615,-10.383544921875
2.71319811317338,-6.0751848220825195
1.026942322157092,0.8921743035316467
-4.65691689928222,-5.2718048095703125
-8.677497573270493,-12.44534683227539
14.3436638764016,11.458782196044922
-11.8973420493851,-1.8172187805175781
-6.61979034735207,-21.514509201049805
8.86280218600469,3.1092755794525146
-3.43040335892423,-4.338657379150391
0.4443344011282492,4.33629035949707
2.6678241356197647,3.0185203552246094
2.334382802629,-11.883208274841309
-13.8157551615103,-17.741125106811523
1.9007667723773176,-6.908142566680908
-17.190033530139498,0.07721400260925293
3.88810032819938,-5.971083641052246
1.2705701336207027,-7.169382095336914
3.887422638441485,-2.008195400238037
10.349523074958825,0.9298675060272217
9.62907409316032,-7.496337890625
0.7709161631446207,0.9830760955810547
2.3166834950764685,-12.769939422607422
2.76912169862866,2.8143205642700195
-46.2372447228831,-15.390551567077637
-37.0930621901092,-18.131242752075195
0.996650643215182,-6.069065093994141
-12.898019313824,-10.819491386413574
-0.71117494174041,-10.673555374145508
-0.5663484394051013,9.304473876953125
-12.4595255596924,-3.598069667816162
-0.6089836493556324,1.0622823238372803
6.92534745147092,1.577345848083496
3.320229681965675,20.487638473510742
-10.274169876330886,34.55511474609375
-49.062306315025,-19.898252487182617
-30.7261055182573,-14.284505844116211
22.7414116448382,-0.6147301197052002
-0.9529303605806088,0.3865926265716553
-10.739322929783883,-2.9799623489379883
-20.9507978903398,-12.989265441894531
-24.96156751119129,-19.08062171936035
14.9823899147147,-3.638040065765381
-14.564555056626377,8.526161193847656
1.907333647224608,-10.012825012207031
-1.178255647098801,1.8132286071777344
1.9806048133258944,-12.349308013916016
8.833837192566008,5.950292587280273
-18.5255095356289,-31.488529205322266
3.010752586641185,16.307418823242188
3.67041582610247,-2.639145851135254
-33.7845903951132,-25.30652618408203
-13.812973987503693,-0.3207973837852478
-13.861300672159,-0.22805023193359375
-26.24662901330595,-15.500529289245605
-1.61504571199055,-12.642644882202148
8.754663680824095,-5.464048385620117
3.22816419080692,-13.04237174987793
-2.0585753436264698,-11.614880561828613
-9.59094984812801,-14.144237518310547
6.02246857213521,5.770450592041016
-4.11149235653684,-9.287664413452148
-4.361976736345532,-7.522165298461914
-2.4097304318056905,-14.625716209411621
4.967381413305823,-1.212571144104004
-11.9154244975033,3.6769628524780273
-11.183106529127476,-4.236245155334473
-2.3538192484503564,0.1057291030883789
-2.204579993178592,-1.6959419250488281
-91.8886792382854,-11.521820068359375
3.2582764286422226,4.138160705566406
9.859104788483815,-11.757326126098633
-2.6304973605131474,0.5776112675666809
8.398744223780918,-6.865996837615967
1.4955767028094,-9.026070594787598
6.720388221210122,3.3257622718811035
6.99756701325662,-2.860877513885498
12.966325580978296,5.52707576751709
-22.8644313188967,-6.238332748413086
-14.4731176558811,0.91048264503479
-0.0918051514147744,-7.434700012207031
0.9434331950199416,-20.7564697265625
7.877641553655238,2.2877249717712402
-27.1636490162131,-11.606554985046387
3.42669038506664,5.917752265930176
0.31232235517322,-7.318249702453613
1.1848602197973823,-5.685831069946289
-5.822632503482525,-8.458312034606934
-2.989164004622407,-15.310155868530273
1.69213972357191,7.478595733642578
-0.89184437235696,-2.228153705596924
2.446050707651698,-11.026695251464844
5.07108724357905,-7.127532005310059
5.42147270471237,17.001691818237305
-2.20364176327536,-5.610584259033203
3.08443697315444,2.7214016914367676
-5.97248436581227,-13.37260627746582
-1.0190872666435924,-5.1273345947265625
-14.885807229381896,-1.5910453796386719
0.046018285265003,-16.224416732788086
6.00089213826483,-1.263963222503662
-1.4680391508473674,-12.209522247314453
-49.8653288018085,-36.82672119140625
-7.283890318199592,-8.584247589111328
3.6053774296538297,2.575741767883301
6.364261125349779,-10.120216369628906
-51.4043293278057,-22.02298927307129
-64.65676531723692,-24.87297821044922
-26.1965705632023,-3.0115160942077637
2.63157412115867,-7.709275245666504
16.694612728237402,-7.9000773429870605
-17.0314498829154,-11.494292259216309
-58.40351531723695,-30.726137161254883
-15.3173389528898,-6.679823875427246
-6.613686761665703,-16.000614166259766
-39.0646563811545,-20.38338279724121
0.809697096857583,-1.3446998596191406
0.4685622181175212,-12.127588272094727
-6.376202369524528,-6.02520751953125
-14.434457477598505,-2.1723098754882812
-26.0047332498617,-16.682199478149414
-17.5801214502402,-9.158538818359375
-2.60072537807549,5.6204423904418945
7.184930267876617,7.11822509765625
0.555665600488549,-10.040904998779297
8.747205755218493,5.631933689117432
-2.289513933263135,-14.750039100646973
3.8009101564042025,-0.5914615392684937
-1.67197513843126,-18.51092529296875
-15.746453943284,-17.606388092041016
