Score,Pred Score
-5.73967918172164,-16.719650268554688
-23.3725501337939,-6.867870807647705
9.04709717330502,-16.60441780090332
-3.724573545179619,7.391607284545898
4.4516036428765,-4.50795316696167
-1.657597602265355,-6.248019695281982
5.586124430090477,-0.6357383728027344
-26.6651088566214,-8.341658592224121
3.028467183462371,6.908404350280762
-40.7258600860177,-22.118915557861328
-26.912205886836706,-14.928512573242188
-3.9965921287470247,1.219254970550537
-4.739766082030863,-6.068564414978027
4.2006804390709,-11.550281524658203
-22.3071231538392,-9.090651512145996
-18.5891767455387,-5.342193603515625
-5.960419628776203,3.217803955078125
-18.9061714872788,-0.17288708686828613
-21.4141717786538,0.45989990234375
-12.208208404490907,-3.209646701812744
-3.72583443525641,-8.887859344482422
-2.377061578670744,-16.513168334960938
6.075310726130807,3.6738667488098145
2.12042655289975,5.113397598266602
3.181253849239128,12.873428344726562
10.41580460128629,-1.1920833587646484
-23.8934551543691,-14.026214599609375
-0.8981307679622897,0.5323829650878906
3.7078671714499096,-5.05708122253418
11.644495901203598,16.488113403320312
-22.42608065327665,-2.3613224029541016
-1.2036514942358316,-2.89917254447937
-13.5091075877696,-8.831012725830078
-1.79502295092813,0.09832096099853516
2.332279780348585,-21.5279541015625
3.11049964318654,1.3427486419677734
3.54836143321337,-1.9883537292480469
3.77256113899207,-0.0009541511535644531
-2.35314836228574,-1.92266845703125
7.837521570550837,1.421048641204834
9.328533024448705,17.61984634399414
-37.9495035857927,-40.575103759765625
-4.144685584269085,-0.7185760736465454
8.91646092056966,0.4708547592163086
5.635020609606415,2.4036073684692383
-15.1006814359747,4.049370765686035
-2.4599041427842496,1.0263967514038086
2.42002639701588,-5.8544840812683105
-3.0331069492891496,-0.5479044914245605
10.480393919522983,1.6291909217834473
4.452168509343501,10.467897415161133
-2.552277046947741,-10.895427703857422
-5.97419023328963,-4.68974494934082
-0.5734820606807138,-2.2142257690429688
3.7606671418030695,-7.03058385848999
-31.4759298257721,-24.88951873779297
0.300408103033295,8.25390625
-6.32558602127377,-10.769893646240234
0.90894434552881,1.1253960132598877
5.954690473588823,9.616174697875977
0.0804428699766095,-5.596640110015869
8.45389840526827,0.31292724609375
-2.8859593337581737,-9.943572998046875
-1.122073026503361,-3.925699234008789
-75.56229656723696,-10.764907836914062
-6.291328737399075,-11.12220287322998
-10.1192188918475,-0.26914024353027344
-56.3663437951974,-23.99476432800293
2.4288820651169605,12.832969665527344
5.05355462238675,-0.4915180206298828
-13.1809903671301,10.093206405639648
-6.75960002722117,1.917022705078125
9.0758909366509,3.62786865234375
-1.4230966237807086,24.248886108398438
5.59963570142504,-23.718875885009766
4.133325903305868,8.806507110595703
3.00680128293027,14.705923080444336
-27.8195558011628,-9.034192085266113
-29.9162730471743,-6.843687057495117
20.7191486697607,0.45165443420410156
3.455876052191651,3.288738250732422
2.595279020812243,-8.367938995361328
-4.0896099478500325,-0.23971545696258545
5.3817717725564,-7.59929084777832
-1.9802660997523944,5.340751647949219
0.4007388327427847,-29.810291290283203
10.11870938841209,-15.834003448486328
-1.7174251595272625,1.5024523735046387
-13.2363849677504,-4.817050933837891
-58.24412469223692,-25.59088897705078
-47.9875704511971,-13.336895942687988
-3.681083449701528,-10.05573844909668
0.1118559290339978,-27.32400131225586
-8.998840630677615,26.31524658203125
1.1941842843275,6.193523406982422
19.33685959748449,19.01804542541504
-3.09775596823669,-4.0185699462890625
1.2555345380058751,-4.1634416580200195
-78.7451798053926,-31.243846893310547
8.35813394800668,5.077927112579346
-19.6754058911438,-7.931002616882324
4.743603615290096,-23.357276916503906
1.3155747227446202,-10.013406753540039
11.316750179392892,6.900363445281982
11.779516260068313,9.6339750289917
-3.802611775309477,2.5079383850097656
-10.539071528779305,-2.4606056213378906
4.49646859469848,-3.996246337890625
3.59102041590596,3.696847915649414
2.1560784090827942,-11.494808197021484
-17.309192174305,-6.992283821105957
-1.768261666543676,-15.328268051147461
-3.34531377329845,6.9788818359375
-9.09730633851708,-10.479058265686035
-12.909180343140196,3.511765718460083
4.020569536845237,-1.7640248537063599
2.28163515100639,-4.360170364379883
-1.6307504375632549,-10.084291458129883
7.809600001042748,1.1403192281723022
-83.9761260280997,-3.9200732707977295
7.656482330373112,6.149972915649414
1.675245639565673,-24.124427795410156
-15.991582533821994,-2.5438950061798096
8.681027307740193,2.3862152099609375
11.10272802991041,6.424661159515381
3.42951329804928,-4.892948150634766
-1.4295761119406232,-1.3290996551513672
-11.9299972333177,6.8907060623168945
11.923948375295712,0.49549055099487305
5.960801203295765,-23.55067253112793
-0.4381862293696001,-12.414172172546387
-2.43808381047612,-28.495548248291016
5.72263802046558,-8.671976089477539
1.1496085756031087,0.15707945823669434
-6.72144892291601,-3.031764268875122
18.1939100849816,1.5656108856201172
3.61441892535489,4.888059616088867
-0.8028238008287005,-14.508833885192871
0.7001962140772594,-2.218748092651367
2.125547882163602,-2.2338075637817383
-2.8472026300298463,-12.997602462768555
-4.534682244798708,-15.267114639282227
4.49418879319923,1.2193832397460938
-10.901275449743116,-8.956932067871094
-4.736229867816737,6.513352394104004
-0.0053525606393112,-20.42449951171875
7.06923762363823,-2.560666084289551
-0.0084306638066775,-12.481022834777832
2.11900133622217,1.1581552028656006
8.106852576346123,11.766744613647461
-0.1428452494230792,4.512569427490234
-1.0683487237199796,-12.392913818359375
0.0285872237409883,-11.828262329101562
2.75380173901167,-7.2679972648620605
-7.69948364751984,-5.896119594573975
-0.0556983764780604,-6.139103889465332
-1.32131943338233,3.5886917114257812
-3.0345245902191325,-4.505342483520508
-2.93911844531118,-9.353537559509277
9.94612085382829,2.7175402641296387
-3.5546157663424616,-0.9048762321472168
-11.221818720505304,-20.984848022460938
3.9797293996962297,0.7238478660583496
4.54734483862441,1.0606657266616821
-45.634880019414,-12.915311813354492
-1.6020246929696491,-14.546525955200195
-4.12581810820042,-8.662334442138672
-3.019531285218114,8.244873046875
5.42509465390903,-0.47121620178222656
-21.5871320482388,2.2450742721557617
-1.2497809936708242,-9.274555206298828
-35.0272315856836,-36.27186965942383
3.37898618824583,15.395479202270508
-13.4460672849668,-12.769843101501465
10.982614675109394,0.3757985830307007
2.35164464781062,-13.100212097167969
-20.9676231329802,-24.958114624023438
-1.6422791314174887,0.3145385682582855
-0.3136273830120112,-11.138786315917969
-16.967828162594074,-5.71559476852417
-2.8325461302865187,5.5644731521606445
-2.6871577689602653,-13.612173080444336
7.570838092245207,-7.205408096313477
-13.547300817594484,-22.71991729736328
8.99923705482913,-5.232897758483887
-0.003939288658445,-0.9716591835021973
6.147225205740463,-10.172472953796387
-2.149900469098629,-15.025629043579102
-25.2381267145584,-12.891523361206055
-5.36204355968609,-0.4045982360839844
4.43276114617859,8.263530731201172
3.27144637329635,4.156418800354004
-1.626797120535592,-3.1728286743164062
-9.859535687586003,1.9014358520507812
2.0008593011464906,-9.253278732299805
0.369316059642221,0.5240631103515625
5.79128728304933,-2.4501953125
0.1235817830644999,-1.6598377227783203
-3.36903782007548,-14.501251220703125
7.06032809637297,0.4180741310119629
13.71198107208239,3.1318140029907227
0.2886204877907422,-4.844106674194336
16.4171583068458,7.63881778717041
-44.7886924625105,-36.12495803833008
-7.726553411266567,-4.532716751098633
4.065326821312747,4.237987518310547
2.12749125232924,-7.693870544433594
9.06213659212517,0.06671810150146484
-4.51305804704249,-10.325309753417969
4.28301459624688,0.7491722106933594
-7.211196994815285,-13.38226318359375
-58.4491138315396,-15.982877731323242
-0.5413656534735456,4.125244140625
3.24770439300306,-3.054579019546509
-0.6472060937938101,-4.269304275512695
-1.93656353174353,-1.4140050411224365
-1.94666134980912,-4.67437744140625
-0.670930828719279,-16.240514755249023
17.1612744381531,2.036921739578247
-8.044482691931467,-8.810640335083008
16.9968892380515,2.252692937850952
3.62056380925444,-17.845643997192383
4.07090957771029,5.309413909912109
-1.0680791130593923,-14.392635345458984
4.69437535963172,-12.529677391052246
0.3837795244341289,-4.574244499206543
0.6681105368389735,30.44168472290039
-8.08045020128908,23.477073669433594
-42.6579269422049,-20.510173797607422
-30.89708550466269,-10.988842010498047
-1.1617148968623687,-5.571298599243164
6.46185690649625,-5.041652679443359
8.658679095048068,-5.151886940002441
-0.1898191226144924,-5.157594680786133
6.457932781589695,-0.06138479709625244
-33.7712071062874,-14.712432861328125
-4.786538605318405,1.8619897365570068
-13.5632540546311,-3.9309680461883545
-82.13826531723697,-15.319877624511719
-3.0453156276270903,11.089569091796875
6.430237727930085,-10.010340690612793
5.31082796058257,-0.3376462459564209
-70.65073406723695,-22.22905921936035
4.71112087372323,-12.00624942779541
-10.78700495517378,-10.33664321899414
-6.055427015859325,14.234527587890625
-16.475900892606802,22.194316864013672
-2.487076105276776,39.689483642578125
-48.3858044800915,-6.574562072753906
5.893700156574014,8.579954147338867
-47.9957157156951,-5.8620219230651855
-1.511416195100045,-18.4471378326416
-7.071587649042333,-2.7396469116210938
-0.3550158381598589,0.9435751438140869
-17.0078420331655,-9.081459045410156
10.3189652047012,12.27685546875
8.829561804598438,4.92946720123291
10.909208084253878,0.9268677234649658
-2.25262466719878,-1.5302250385284424
0.7445982178878973,-4.3184494972229
-4.813871520282443,-1.9706707000732422
2.85060083445348,5.92889404296875
-2.54595208771381,-11.453505516052246
-8.692928400841772,54.506744384765625
16.618750626525,0.5504083633422852
7.37064384347005,-6.524030685424805
-6.81516141534704,-6.712558746337891
-10.386374558578522,5.595522880554199
3.73205068567752,15.585000991821289
-6.40442742836347,-2.9542667865753174
1.74273211890989,38.37492370605469
-7.920344649869953,-15.782252311706543
-9.28527551691871,1.8050932884216309
1.51502173443586,-1.1324775218963623
-90.3299705619704,-5.494539260864258
-6.512385872303066,-15.579586029052734
0.7982616963508231,-4.105802059173584
15.8859560938761,-1.8055698871612549
-23.227454082363305,-6.42989444732666
5.4465900456679694,2.749462366104126
-13.2494383747796,-4.594517707824707
-2.3458288386735573,-1.0269813537597656
-1.5403494549472296,-17.786304473876953
-2.941164138388841,-6.153514862060547
-14.6311710829416,-12.73912525177002
-4.81834176383161,1.0596466064453125
-4.03806373695381,-8.254487991333008
0.4076170529080399,-18.244815826416016
-34.8552692363716,-8.405816078186035
-25.0659802428987,12.621570587158203
-5.8684323426223,0.8797750473022461
0.6771989561182002,-15.652324676513672
-14.6157572128631,-11.719354629516602
5.344594984386832,-12.152754783630371
-4.75101729862813,-6.793030738830566
-89.5439156156453,-14.188730239868164
-1.207429910073891,0.3936500549316406
13.667582002208905,1.5685291290283203
-82.4887013651952,-3.9028544425964355
4.40921359309415,15.926182746887207
-19.923371510770203,0.6319370269775391
-4.665207913971671,-12.00759220123291
3.42106467876526,1.0179500579833984
-39.0956747424042,-11.320920944213867
-10.288292260688207,-14.021839141845703
2.3067635611900137,-1.199188232421875
-4.92782811871599,-1.945124626159668
10.292368565007404,-0.8535966873168945
-8.184373188662292,-13.75798225402832
-4.763634360062484,3.9906463623046875
-2.40000424902785,-11.377775192260742
5.009535132419683,16.011871337890625
-22.2455703021075,-10.807430267333984
3.987299411465438,-1.0061187744140625
-38.4962238749225,-27.081111907958984
-44.9949251983702,-3.610116958618164
-1.378759213278819,-3.4210987091064453
8.07102955700163,1.7258105278015137
1.055995951979529,2.386554718017578
2.188685633501576,1.5968133211135864
1.0880788430276551,1.718277931213379
-0.2898522089969393,-3.2640750408172607
-3.790702882666694,3.875950813293457
-7.940842049461227,-3.0081863403320312
4.398742241377427,24.000438690185547
2.5565427438131976,2.3220407962799072
4.123908949931413,4.426628112792969
-76.9668504799361,-26.81305694580078
-14.1325019191809,-3.9847002029418945
7.960789166364423,2.9878299236297607
0.4423212163888063,18.154001235961914
2.63206586722876,7.358946800231934
3.1988276731025875,-16.96234893798828
-1.6552655274048038,0.650101363658905
8.077984978184695,-10.114948272705078
-13.790764753514,-7.165582656860352
2.13745295521649,-1.682999849319458
3.0897024917955025,-5.372499465942383
-0.3530077955256401,-16.255146026611328
-7.639409008216227,4.238948822021484
2.765011277030255,5.608570098876953
3.557691046156,-5.651370525360107
4.00031385473591,-11.936229705810547
-55.7541546140486,-11.924839973449707
9.550892694239591,1.9017002582550049
1.775572054007981,16.354583740234375
-2.248378586620203,-1.8471050262451172
-56.2560888739038,-11.542269706726074
-2.5590885431480426,-5.028575897216797
-40.5029244010595,-13.675609588623047
-30.8171784242839,-3.9655582904815674
2.679404112105611,-2.373029947280884
2.76740193393285,26.59183692932129
-11.341527235964405,-29.006168365478516
-3.448025235667948,-9.89191722869873
-0.0780407432645869,12.508514404296875
11.616605850275496,4.001662731170654
9.179556151687803,-24.195287704467773
7.190050317883171,2.9830727577209473
-39.4932668903457,-30.3251953125
-2.306526469902426,-27.28087615966797
0.5403453062071405,-18.710098266601562
-23.6042929930625,-13.559226989746094
-4.172986764275874,-14.96255111694336
0.5394390329931549,-1.6601324081420898
5.84905996845087,-3.1853275299072266
-22.9515728231767,-27.255569458007812
-3.134999611446543,-5.148303985595703
-6.066411004621831,-0.7546974420547485
2.24572304437811,-15.363677978515625
-70.8116033690518,-14.438175201416016
0.3224388648416145,-3.584474563598633
4.755697845162629,5.49622106552124
1.7336328627834918,-4.640525817871094
3.939818822274421,-0.625640869140625
6.09033976794457,1.4350919723510742
6.4251548431743295,-4.0775275230407715
-6.47138721063866,-39.05702209472656
-0.0379657812584102,-3.5980911254882812
4.4105627388370605,0.05055427551269531
2.3065604778561424,4.693721294403076
7.588764503474316,0.02026212215423584
-24.3954295810688,-9.70093822479248
7.380729755239978,-8.83901596069336
5.978124919049687,-3.619974136352539
0.7860328468455551,-13.427207946777344
-44.1817825469333,-24.86304473876953
3.58036180553514,-2.954329252243042
3.33951124606136,3.317962884902954
-6.79658968512302,-7.702548027038574
3.7347243087796,-29.357009887695312
4.76541245752904,1.7104533910751343
8.922207576391518,-1.7866034507751465
-11.864177458483407,-0.5738334655761719
1.166748445159433,1.0133296251296997
-25.781275563237,-22.535654067993164
4.179707781567577,-8.237483978271484
-1.073248118887358,5.6587371826171875
1.7249239205326918,-0.04489421844482422
-81.52648016021857,-23.747581481933594
13.015759276594096,12.16504192352295
5.35198813185094,-9.595584869384766
-12.53254789251529,-7.433122634887695
5.45103123545738,-2.3261992931365967
4.128157012788561,1.0613619089126587
-3.8590388668775,-4.505922317504883
7.36579899286375,-9.36870002746582
-11.03094492075089,-9.567727088928223
8.017093587799739,15.77400016784668
15.384553292915324,-14.461989402770996
2.79124989437018,-4.518078327178955
2.81101468536903,-14.166352272033691
-1.7237618714553775,1.4886283874511719
-2.202886656443709,-13.658966064453125
2.369358494612781,4.443650722503662
-11.30813578108209,-54.773040771484375
4.484288991501213,-8.647285461425781
-35.8165916579592,-13.50450325012207
-5.19085420781142,-3.59287428855896
2.86709961553106,-5.671502113342285
-4.349210006555943,2.0080068111419678
5.029017096161708,0.23198437690734863
8.243548509216069,4.623439788818359
-2.6184282494780104,-5.877476692199707
-5.527709296795018,0.25768184661865234
-52.7336020518746,-18.517547607421875
6.07843040491799,-4.932290554046631
-4.396710286499547,-7.686230659484863
6.6154810826822,1.3695271015167236
9.772192422094813,-14.602603912353516
2.099307195887115,21.00782012939453
-12.414939844598162,-16.611787796020508
8.24149319055937,-3.560271739959717
-1.5178355576616795,-4.652994155883789
9.144089281431205,-6.301448822021484
1.418014053180695,-4.3551177978515625
-60.92137282626391,-24.766891479492188
5.61896917638109,20.30609130859375
-4.96580172718434,-16.796667098999023
-24.4432878855492,-15.86593246459961
1.675381804264854,-15.76562786102295
-2.8447496930443927,-11.395706176757812
-1.059512617215007,5.1752705574035645
1.41805545618482,0.47757279872894287
-7.06329362397977,-25.999000549316406
9.400493271217616,0.7557960152626038
3.1327986373042376,-2.350944757461548
4.097668935846943,7.976686477661133
-4.01456885639382,-23.114471435546875
-2.260381023139061,4.127382278442383
-8.237627320974727,-18.243009567260742
-2.23616712442702,4.360939025878906
-26.79502671025515,-44.422218322753906
-10.594900847222812,-30.408287048339844
4.509456424718162,-0.7709510326385498
-22.9219832537164,-14.838571548461914
-6.2026319104393295,-21.029064178466797
-4.662511414401839,-4.204954147338867
-0.4503474699443348,-9.01899528503418
-21.5531296050118,-15.138801574707031
-39.7169735486916,-17.974651336669922
-6.13466459150186,-27.0247745513916
6.093529951556334,0.2663741111755371
-33.3004252633332,-24.63170623779297
-7.789052707582185,3.05387806892395
-61.6890402284636,-45.26885223388672
-10.613183176373598,-40.05438232421875
-12.6203596574975,-46.375892639160156
-15.2234416939723,-3.61177659034729
3.42848617073407,-9.426502227783203
-50.4820483838523,-9.113558769226074
-71.7765711158932,-20.872760772705078
4.338369925074482,-10.49520492553711
-34.0729170807354,-14.515975952148438
-10.285920522724917,1.6827011108398438
2.71808902854303,-10.720907211303711
2.26767773086615,6.300477981567383
0.3189015990893598,-7.795239448547363
-39.873530292237,-36.19231033325195
5.053393098685065,14.05832290649414
-5.77665564868809,-7.894147872924805
-22.4462583852743,-28.535369873046875
-10.162041561092582,-18.071401596069336
8.70853787657841,-13.4525785446167
-3.73521146317182,-4.6701979637146
-1.3326443092463092,-13.809805870056152
-5.830142578087577,-11.15431022644043
-7.815562497274902,-1.4086095094680786
-20.7558388881914,-14.865009307861328
-1.03656181464744,-13.731773376464844
-3.930469946192945,-15.074878692626953
5.391699208755202,-7.365936279296875
7.2595381633228,1.9930323362350464
9.30630078585379,1.0766329765319824
-3.77133000272187,0.73724365234375
-42.936846127142296,-38.75970458984375
0.5211206139658471,13.243942260742188
0.7345204104922589,4.4605631828308105
6.86106163750481,19.900665283203125
-21.61387508166409,-7.566797256469727
-24.577379709126298,-22.352779388427734
3.986867952152618,-3.1608266830444336
-63.2346715672369,-11.062494277954102
4.55602013063716,-4.068419456481934
-20.3623076046531,-10.152915954589844
8.678125432705007,2.5946784019470215
-2.1147225087047508,-0.2220916748046875
-1.14890133483728,1.4878255128860474
3.7921116228684086,-0.6859602928161621
-1.3811964732242277,-22.424949645996094
0.1752112379752922,-11.95524787902832
3.3452637215970498,-1.1411705017089844
6.63109301847755,6.529661178588867
-8.72128086410909,-18.048908233642578
-0.1160299782726794,-18.242916107177734
0.1119561526876595,-2.008014440536499
11.877856996640997,-0.551842212677002
-3.2142130797467816,-0.0888979434967041
-3.9552380984537248,-6.135039329528809
-1.593720937577549,-5.333009719848633
3.3899996482015826,9.862220764160156
7.66334596528203,-6.124350547790527
2.60625970962018,-20.439849853515625
5.006519903780723,-20.92774200439453
-58.5527340809363,-12.047121047973633
3.776985072333982,-1.735799789428711
2.4866177573815964,-9.764525413513184
-0.6920482116816997,-7.1327104568481445
2.1747311895065486,2.4705023765563965
-13.14009076535719,-23.267292022705078
2.745769909533195,2.4091720581054688
-10.626155896203898,2.260493516921997
0.0548896546292299,16.728166580200195
-69.1366966634013,-11.178815841674805
14.8508222506114,-1.1139202117919922
-28.3488859938485,-33.58253479003906
0.6884341878779402,4.972936630249023
12.566471603210276,7.643974781036377
-5.472376660417956,-13.080633163452148
-2.1691769605730515,-8.809627532958984
-0.3887710448227697,9.574554443359375
9.1356503291117,1.0784361362457275
4.93167956005568,-9.134143829345703
2.713132201978397,-5.591793060302734
9.090654061652296,-13.561918258666992
1.741670982094262,-2.6166741847991943
-5.89266438028177,-2.6513404846191406
-1.130678948105339,-14.639857292175293
-46.587141393021525,-8.996782302856445
4.366245372711767,1.704314112663269
2.858782897786812,-3.6686325073242188
2.53362859007723,2.977479934692383
-1.7943154401891548,-6.14402961730957
-0.6435038581465955,6.399284362792969
5.99108205682079,-4.986454010009766
2.44728958086436,-7.6551079750061035
1.5718362711845366,0.4882049560546875
-55.54568697318505,-10.312079429626465
-9.231606713935047,0.4846738576889038
3.547124544521316,-12.322757720947266
-73.5286754265322,-22.036128997802734
0.2047767843086013,5.312164306640625
-10.398648228661925,-4.54547119140625
-46.9980356488569,-7.404613494873047
-62.9031214125763,-31.79256820678711
-10.35739215730591,-4.141727447509766
1.83593808226401,2.201392412185669
7.827394642815597,1.5212135314941406
-9.742168339465294,-15.901247024536133
-0.29408409265346,-13.633452415466309
-5.653435188749545,-4.373137474060059
-14.57002364123529,-11.053192138671875
-18.1797235112709,7.767728805541992
-5.45440876641342,-7.540814399719238
8.596988309863011,7.383299827575684
-5.493763326806099,1.9335618019104004
-8.393586343504198,0.19884327054023743
-3.963646539183849,3.304107189178467
9.625121597198186,2.7887420654296875
-6.18357684414468,-7.153622627258301
-3.41466344580097,-8.662209510803223
-4.03025121975644,3.7005615234375
-2.66483863280114,-17.643173217773438
-0.190891674386513,3.7257652282714844
16.1850033157246,9.542366027832031
-7.910003358009165,6.205366134643555
-2.07861348348741,-12.568258285522461
12.331931266595111,6.355712890625
0.8825935384285006,-4.301431179046631
-2.1789667599796294,-0.005817413330078125
3.0307168501552093,-15.780033111572266
14.8229623836697,2.120408058166504
6.795393661635613,15.978622436523438
5.16750826555368,-12.542284965515137
-57.144820014625296,-12.90865421295166
6.167862854629888,-7.075494766235352
-2.698758931910008,3.6364517211914062
1.289294757415069,-8.880908966064453
13.9692836454661,4.334231376647949
-38.6438610292767,-16.498214721679688
-3.119647295186995,-8.559545516967773
-6.745372906074374,-2.001678466796875
-2.7468186065138984,-1.9520087242126465
1.6198341998494314,-4.98493766784668
1.6646916021852596,-15.49135971069336
-7.87226820943855,-13.177347183227539
8.652061852316729,1.4156875610351562
2.4933992323843923,15.212234497070312
2.35160533891099,-5.978826522827148
1.30779520720034,9.146280288696289
-11.9965988914421,-4.792693138122559
4.780848076735348,-16.68144416809082
11.2728180991378,6.747860908508301
0.7651079053562314,-7.727049827575684
-10.6557437737239,3.714137077331543
3.27100049685324,-0.9753170013427734
-5.2815921348029296,6.121705055236816
-27.5445722402187,-30.600711822509766
-2.683955047842884,0.74444580078125
-43.929359067237,-17.627971649169922
-4.639593570653838,-10.790384292602539
-14.7229944429405,2.902237892150879
-5.00028834575103,-3.0276951789855957
-1.2236747050651609,-4.954433441162109
-17.6830733389949,-9.89354133605957
-9.979741434164584,-19.02736473083496
-0.2823200449385875,-13.810033798217773
-36.50577458359941,-11.708992004394531
-4.853312003098937,-31.85200309753418
-27.4476544011683,-18.336009979248047
-49.5120706514507,-23.536991119384766
1.2287673509824204,-9.139521598815918
9.503977484174175,0.5001206398010254
-5.5186956836840375,-38.810203552246094
-2.99361591491145,-1.1495609283447266
7.99575647038201,-4.927661418914795
11.7225687296843,2.8197855949401855
6.987950206462267,-10.102712631225586
5.5273920092716775,-15.933660507202148
-7.19378137939456,-12.813247680664062
6.001532732018722,-0.7565492391586304
7.92708077877978,5.307366371154785
4.316615136301563,3.5122122764587402
0.1590569364430157,2.2985525131225586
2.8348518495029404,-0.12198543548583984
-46.6686841099013,-20.502107620239258
-0.8984319813221007,-11.262304306030273
4.30511943579503,-0.04373741149902344
-3.36735139960915,-11.591917037963867
6.58117049992555,-1.4582610130310059
6.753311816554961,-9.080010414123535
-1.1091988250418725,-5.097759246826172
5.26551760771767,8.168994903564453
-37.3999740396079,-16.077980041503906
-34.48768519828235,-14.25721549987793
-46.862925671502296,-9.319726943969727
-1.19024715514191,-5.431012153625488
-1.4920816076829602,-2.919443130493164
-5.775806690181939,-8.229476928710938
-14.2382866820043,-0.8319840431213379
1.3131129859732091,-1.8357791900634766
13.1991243046288,4.669206619262695
3.6035536346157695,2.1472625732421875
4.97603191479674,2.5366616249084473
2.9737175212081803,-5.405951499938965
-35.1782981083837,-8.841622352600098
-10.480511156242285,-16.932147979736328
-0.3170472839931941,4.51789665222168
3.59745169898486,-0.14466190338134766
-5.139364658294922,-7.077365398406982
-29.2662792150344,-15.566861152648926
11.555346181601609,2.2791643142700195
3.7092867134231,-16.37306785583496
-0.7280966227290082,-9.90896224975586
0.9480162028997956,14.4014892578125
-9.619042312244815,-10.967021942138672
-3.15562863494722,-7.390899658203125
7.285509446842615,-8.51259708404541
2.71319811317338,-7.75276517868042
1.026942322157092,0.045108795166015625
-4.65691689928222,10.198558807373047
-8.677497573270493,-9.773768424987793
14.3436638764016,1.192183494567871
-11.8973420493851,11.001861572265625
-6.61979034735207,-25.616161346435547
8.86280218600469,1.0502485036849976
-3.43040335892423,-6.932346343994141
0.4443344011282492,6.971650123596191
2.6678241356197647,-2.046937942504883
2.334382802629,-10.60327434539795
-13.8157551615103,-11.188835144042969
1.9007667723773176,-8.649797439575195
-17.190033530139498,-0.12628841400146484
3.88810032819938,-9.840840339660645
1.2705701336207027,0.21428394317626953
3.887422638441485,-5.907228469848633
10.349523074958825,1.2636303901672363
9.62907409316032,11.791427612304688
0.7709161631446207,-3.4917664527893066
2.3166834950764685,-3.3472728729248047
2.76912169862866,4.4090776443481445
-46.2372447228831,-8.605615615844727
-37.0930621901092,-24.663068771362305
0.996650643215182,-11.539680480957031
-12.898019313824,-11.113546371459961
-0.71117494174041,-11.163534164428711
-0.5663484394051013,7.41681432723999
-12.4595255596924,-6.276219367980957
-0.6089836493556324,-0.8932207822799683
6.92534745147092,1.609710693359375
3.320229681965675,-6.761383056640625
-10.274169876330886,-41.17535400390625
-49.062306315025,-29.151660919189453
-30.7261055182573,-8.14578628540039
22.7414116448382,-1.5939075946807861
-0.9529303605806088,1.8052974939346313
-10.739322929783883,-1.2562222480773926
-20.9507978903398,-6.232429504394531
-24.96156751119129,-24.710559844970703
14.9823899147147,-6.214591979980469
-14.564555056626377,-5.32269287109375
1.907333647224608,-10.678821563720703
-1.178255647098801,-0.9748916625976562
1.9806048133258944,-14.11959171295166
8.833837192566008,6.150423526763916
-18.5255095356289,-25.04096031188965
3.010752586641185,4.001518249511719
3.67041582610247,-14.541891098022461
-33.7845903951132,-18.049846649169922
-13.812973987503693,-8.652172088623047
-13.861300672159,-0.11040210723876953
-26.24662901330595,-9.356986045837402
-1.61504571199055,-5.7890777587890625
8.754663680824095,-2.7245688438415527
3.22816419080692,-13.352193832397461
-2.0585753436264698,-12.879688262939453
-9.59094984812801,-10.931014060974121
6.02246857213521,-5.3048248291015625
-4.11149235653684,-11.550064086914062
-4.361976736345532,-9.057073593139648
-2.4097304318056905,-15.407831192016602
4.967381413305823,-10.087804794311523
-11.9154244975033,3.099970817565918
-11.183106529127476,-6.780220031738281
-2.3538192484503564,-6.911285400390625
-2.204579993178592,1.8274972438812256
-91.8886792382854,-13.770105361938477
3.2582764286422226,3.544605255126953
9.859104788483815,-10.967886924743652
-2.6304973605131474,0.8317089080810547
8.398744223780918,-6.989676475524902
1.4955767028094,-0.3050355911254883
6.720388221210122,4.393040657043457
6.99756701325662,-6.411069393157959
12.966325580978296,5.008711814880371
-22.8644313188967,-9.089136123657227
-14.4731176558811,2.376948595046997
-0.0918051514147744,-18.296518325805664
0.9434331950199416,7.990509033203125
7.877641553655238,-2.8652548789978027
-27.1636490162131,-9.708148956298828
3.42669038506664,-4.622142791748047
0.31232235517322,-7.433318138122559
1.1848602197973823,-0.36914634704589844
-5.822632503482525,-12.707422256469727
-2.989164004622407,-10.234989166259766
1.69213972357191,10.371994018554688
-0.89184437235696,-4.837421894073486
2.446050707651698,21.413311004638672
5.07108724357905,-9.187966346740723
5.42147270471237,11.544703483581543
-2.20364176327536,12.971445083618164
3.08443697315444,4.6140594482421875
-5.97248436581227,-13.203601837158203
-1.0190872666435924,-12.898605346679688
-14.885807229381896,-9.920036315917969
0.046018285265003,-15.762066841125488
6.00089213826483,-1.7128124237060547
-1.4680391508473674,-15.496909141540527
-49.8653288018085,-22.25189208984375
-7.283890318199592,-6.183932304382324
3.6053774296538297,-2.23443865776062
6.364261125349779,-8.638251304626465
-51.4043293278057,-15.54667854309082
-64.65676531723692,-15.506399154663086
-26.1965705632023,-0.5279178619384766
2.63157412115867,-8.68004322052002
16.694612728237402,-3.2215347290039062
-17.0314498829154,-8.182761192321777
-58.40351531723695,-21.232288360595703
-15.3173389528898,-13.694381713867188
-6.613686761665703,-15.208307266235352
-39.0646563811545,-16.702228546142578
0.809697096857583,-5.486327648162842
0.4685622181175212,-14.67686939239502
-6.376202369524528,-21.9075927734375
-14.434457477598505,-6.1865339279174805
-26.0047332498617,-12.620577812194824
-17.5801214502402,-15.876834869384766
-2.60072537807549,2.5085787773132324
7.184930267876617,3.330677032470703
0.555665600488549,-13.468700408935547
8.747205755218493,2.29422926902771
-2.289513933263135,-11.98697280883789
3.8009101564042025,-4.3904619216918945
-1.67197513843126,-10.761453628540039
-15.746453943284,-25.925121307373047
