Score,Pred Score
-5.73967918172164,-23.243507385253906
-23.3725501337939,-2.9734079837799072
9.04709717330502,-12.901115417480469
-3.724573545179619,3.793994426727295
4.4516036428765,-0.25849485397338867
-1.657597602265355,-5.486286163330078
5.586124430090477,0.1587127447128296
-26.6651088566214,-6.329346656799316
3.028467183462371,13.061325073242188
-40.7258600860177,-27.593862533569336
-26.912205886836706,-8.947757720947266
-3.9965921287470247,0.7098824977874756
-4.739766082030863,25.97984504699707
4.2006804390709,-20.412235260009766
-22.3071231538392,-10.14483642578125
-18.5891767455387,-16.711029052734375
-5.960419628776203,-0.5892162322998047
-18.9061714872788,-2.6746439933776855
-21.4141717786538,-24.587421417236328
-12.208208404490907,2.2000057697296143
-3.72583443525641,16.227996826171875
-2.377061578670744,-6.9094133377075195
6.075310726130807,5.46137809753418
2.12042655289975,3.3421401977539062
3.181253849239128,-69.7532958984375
10.41580460128629,-0.6840271949768066
-23.8934551543691,-24.10374641418457
-0.8981307679622897,-41.867156982421875
3.7078671714499096,-2.677794933319092
11.644495901203598,22.006542205810547
-22.42608065327665,-29.96676254272461
-1.2036514942358316,-2.0794129371643066
-13.5091075877696,-2.6722869873046875
-1.79502295092813,1.3228874206542969
2.332279780348585,32.46014404296875
3.11049964318654,3.824118137359619
3.54836143321337,-7.185856819152832
3.77256113899207,3.778841257095337
-2.35314836228574,-11.966114044189453
7.837521570550837,1.5862985849380493
9.328533024448705,25.003562927246094
-37.9495035857927,118.4141845703125
-4.144685584269085,-2.1347525119781494
8.91646092056966,-1.115072250366211
5.635020609606415,-2.1593570709228516
-15.1006814359747,7.382224082946777
-2.4599041427842496,1.7058454751968384
2.42002639701588,-15.084392547607422
-3.0331069492891496,-1.770251750946045
10.480393919522983,1.615655541419983
4.452168509343501,7.53248405456543
-2.552277046947741,-5.7242584228515625
-5.97419023328963,14.323345184326172
-0.5734820606807138,14.447093963623047
3.7606671418030695,-16.139209747314453
-31.4759298257721,-14.700706481933594
0.300408103033295,7.65472412109375
-6.32558602127377,-14.04521656036377
0.90894434552881,3.0681843757629395
5.954690473588823,10.018569946289062
0.0804428699766095,-1.9487289190292358
8.45389840526827,11.36142349243164
-2.8859593337581737,22.1807861328125
-1.122073026503361,-0.7887755632400513
-75.56229656723696,-4.144746780395508
-6.291328737399075,-2.310819625854492
-10.1192188918475,6.694221496582031
-56.3663437951974,-50.185638427734375
2.4288820651169605,27.754405975341797
5.05355462238675,-28.827905654907227
-13.1809903671301,8.5657320022583
-6.75960002722117,-96.19317626953125
9.0758909366509,8.99869155883789
-1.4230966237807086,-31.30072021484375
5.59963570142504,-16.456642150878906
4.133325903305868,21.392127990722656
3.00680128293027,21.688222885131836
-27.8195558011628,-3.844078540802002
-29.9162730471743,-12.313014030456543
20.7191486697607,1.4595136642456055
3.455876052191651,-6.444326400756836
2.595279020812243,-3.275033950805664
-4.0896099478500325,-2.40954327583313
5.3817717725564,-11.173625946044922
-1.9802660997523944,-27.493377685546875
0.4007388327427847,-13.24820327758789
10.11870938841209,1.8883342742919922
-1.7174251595272625,-29.770566940307617
-13.2363849677504,-0.46442222595214844
-58.24412469223692,-22.28119659423828
-47.9875704511971,-29.78565788269043
-3.681083449701528,-3.510150909423828
0.1118559290339978,-22.075817108154297
-8.998840630677615,-105.76898193359375
1.1941842843275,2.879329204559326
19.33685959748449,31.58553695678711
-3.09775596823669,9.115333557128906
1.2555345380058751,-5.087043762207031
-78.7451798053926,-23.57938575744629
8.35813394800668,6.2042388916015625
-19.6754058911438,-2.148643732070923
4.743603615290096,10.73736572265625
1.3155747227446202,-5.526456832885742
11.316750179392892,7.030797004699707
11.779516260068313,4.260457992553711
-3.802611775309477,0.9517498016357422
-10.539071528779305,3.277193069458008
4.49646859469848,84.00079345703125
3.59102041590596,-1.1554489135742188
2.1560784090827942,-28.106225967407227
-17.309192174305,-3.684447765350342
-1.768261666543676,-7.009532928466797
-3.34531377329845,90.5194091796875
-9.09730633851708,-6.367431163787842
-12.909180343140196,-5.443822860717773
4.020569536845237,0.8402152061462402
2.28163515100639,-23.124107360839844
-1.6307504375632549,19.706466674804688
7.809600001042748,3.161663055419922
-83.9761260280997,-5.869077205657959
7.656482330373112,5.127303123474121
1.675245639565673,-15.572986602783203
-15.991582533821994,-1.0699007511138916
8.681027307740193,21.667022705078125
11.10272802991041,6.446022987365723
3.42951329804928,-4.986393928527832
-1.4295761119406232,-22.126432418823242
-11.9299972333177,8.809833526611328
11.923948375295712,1.233081340789795
5.960801203295765,-23.727706909179688
-0.4381862293696001,-6.89691162109375
-2.43808381047612,-27.81514549255371
5.72263802046558,-17.904949188232422
1.1496085756031087,-5.555667877197266
-6.72144892291601,-0.19032573699951172
18.1939100849816,-0.3277091979980469
3.61441892535489,-9.21685791015625
-0.8028238008287005,-9.744989395141602
0.7001962140772594,6.607429504394531
2.125547882163602,-5.2298583984375
-2.8472026300298463,-9.594866752624512
-4.534682244798708,-15.920628547668457
4.49418879319923,40.55145263671875
-10.901275449743116,-4.803261756896973
-4.736229867816737,4.607744216918945
-0.0053525606393112,-61.8533935546875
7.06923762363823,11.797630310058594
-0.0084306638066775,-12.624897003173828
2.11900133622217,-0.08665645122528076
8.106852576346123,8.455480575561523
-0.1428452494230792,9.032073974609375
-1.0683487237199796,-85.69659423828125
0.0285872237409883,-16.78520965576172
2.75380173901167,-15.373446464538574
-7.69948364751984,-4.119112491607666
-0.0556983764780604,-2.33615779876709
-1.32131943338233,-1.3280029296875
-3.0345245902191325,-31.37364387512207
-2.93911844531118,-18.50436019897461
9.94612085382829,1.1401686668395996
-3.5546157663424616,-1.2169020175933838
-11.221818720505304,-5.55328369140625
3.9797293996962297,1.3126847743988037
4.54734483862441,2.751018524169922
-45.634880019414,-5.83766508102417
-1.6020246929696491,-10.19101619720459
-4.12581810820042,-4.6212615966796875
-3.019531285218114,52.33331298828125
5.42509465390903,-10.17280387878418
-21.5871320482388,6.477536201477051
-1.2497809936708242,-16.062612533569336
-35.0272315856836,-24.600404739379883
3.37898618824583,14.660685539245605
-13.4460672849668,-6.777868270874023
10.982614675109394,-1.4682252407073975
2.35164464781062,-21.231536865234375
-20.9676231329802,-26.292388916015625
-1.6422791314174887,0.8659471273422241
-0.3136273830120112,2.3524322509765625
-16.967828162594074,-4.4091033935546875
-2.8325461302865187,-1.1962251663208008
-2.6871577689602653,-9.790761947631836
7.570838092245207,-3.828153133392334
-13.547300817594484,-12.483325958251953
8.99923705482913,-3.0018692016601562
-0.003939288658445,4.257190704345703
6.147225205740463,-11.878885269165039
-2.149900469098629,-31.13707160949707
-25.2381267145584,-7.471710205078125
-5.36204355968609,3.3648757934570312
4.43276114617859,-10.811779022216797
3.27144637329635,2.991556167602539
-1.626797120535592,-10.478950500488281
-9.859535687586003,10.434112548828125
2.0008593011464906,-4.890023708343506
0.369316059642221,-28.697589874267578
5.79128728304933,0.5288772583007812
0.1235817830644999,-5.494261741638184
-3.36903782007548,1.083064079284668
7.06032809637297,-1.2719612121582031
13.71198107208239,3.014669895172119
0.2886204877907422,-1.1790475845336914
16.4171583068458,6.270428657531738
-44.7886924625105,-21.60240936279297
-7.726553411266567,-23.262208938598633
4.065326821312747,9.296279907226562
2.12749125232924,-4.302763938903809
9.06213659212517,-2.040900707244873
-4.51305804704249,-29.05013656616211
4.28301459624688,7.581805229187012
-7.211196994815285,-13.85940933227539
-58.4491138315396,-11.292875289916992
-0.5413656534735456,8.124099731445312
3.24770439300306,-0.15537214279174805
-0.6472060937938101,3.579051971435547
-1.93656353174353,-3.849433660507202
-1.94666134980912,-0.45441627502441406
-0.670930828719279,-9.487561225891113
17.1612744381531,0.38384079933166504
-8.044482691931467,-4.191858291625977
16.9968892380515,0.14129352569580078
3.62056380925444,-10.945039749145508
4.07090957771029,15.311248779296875
-1.0680791130593923,2.2836532592773438
4.69437535963172,-7.531081676483154
0.3837795244341289,-5.576219081878662
0.6681105368389735,42.96132278442383
-8.08045020128908,33.887901306152344
-42.6579269422049,-16.115190505981445
-30.89708550466269,-5.336644172668457
-1.1617148968623687,-7.393030166625977
6.46185690649625,-2.247443675994873
8.658679095048068,1.854227066040039
-0.1898191226144924,8.170162200927734
6.457932781589695,-0.21663355827331543
-33.7712071062874,31.190582275390625
-4.786538605318405,4.816580295562744
-13.5632540546311,0.6160249710083008
-82.13826531723697,-12.46348762512207
-3.0453156276270903,32.7889404296875
6.430237727930085,-7.893466949462891
5.31082796058257,-2.097658157348633
-70.65073406723695,-11.547466278076172
4.71112087372323,-7.2566914558410645
-10.78700495517378,-19.85816192626953
-6.055427015859325,16.71856689453125
-16.475900892606802,22.732223510742188
-2.487076105276776,115.2969970703125
-48.3858044800915,-9.744197845458984
5.893700156574014,2.6810240745544434
-47.9957157156951,-10.65701675415039
-1.511416195100045,-18.200695037841797
-7.071587649042333,-17.643402099609375
-0.3550158381598589,-0.7617040872573853
-17.0078420331655,-15.6038818359375
10.3189652047012,75.77810668945312
8.829561804598438,-2.117781162261963
10.909208084253878,-4.82369327545166
-2.25262466719878,-1.052736520767212
0.7445982178878973,-1.4552788734436035
-4.813871520282443,-1.105215072631836
2.85060083445348,2.991389751434326
-2.54595208771381,-9.948745727539062
-8.692928400841772,-105.774169921875
16.618750626525,-2.806973934173584
7.37064384347005,-6.2724199295043945
-6.81516141534704,-4.404359817504883
-10.386374558578522,3.7222862243652344
3.73205068567752,6.365677833557129
-6.40442742836347,-1.637587547302246
1.74273211890989,56.11096954345703
-7.920344649869953,-15.144623756408691
-9.28527551691871,2.4515151977539062
1.51502173443586,-0.895598292350769
-90.3299705619704,-0.26914119720458984
-6.512385872303066,-9.425202369689941
0.7982616963508231,-8.69565200805664
15.8859560938761,-5.596195220947266
-23.227454082363305,-10.537969589233398
5.4465900456679694,0.3541281223297119
-13.2494383747796,-9.607433319091797
-2.3458288386735573,-27.446136474609375
-1.5403494549472296,-15.094186782836914
-2.941164138388841,-3.477503538131714
-14.6311710829416,-7.612846374511719
-4.81834176383161,-29.459985733032227
-4.03806373695381,-11.981314659118652
0.4076170529080399,-36.32451629638672
-34.8552692363716,-9.809333801269531
-25.0659802428987,-4.15101432800293
-5.8684323426223,1.393937349319458
0.6771989561182002,-8.97755241394043
-14.6157572128631,-16.787988662719727
5.344594984386832,-6.439540863037109
-4.75101729862813,-7.933754920959473
-89.5439156156453,-12.509276390075684
-1.207429910073891,6.5410003662109375
13.667582002208905,0.7495577335357666
-82.4887013651952,-4.90793514251709
4.40921359309415,22.765888214111328
-19.923371510770203,0.19121885299682617
-4.665207913971671,-14.537711143493652
3.42106467876526,3.339714765548706
-39.0956747424042,1.5429401397705078
-10.288292260688207,6.5331573486328125
2.3067635611900137,-25.689136505126953
-4.92782811871599,-4.6420087814331055
10.292368565007404,-1.4738425016403198
-8.184373188662292,-11.031609535217285
-4.763634360062484,23.19910430908203
-2.40000424902785,-6.381390571594238
5.009535132419683,-11.199583053588867
-22.2455703021075,-16.204166412353516
3.987299411465438,-5.987663269042969
-38.4962238749225,0.4349822998046875
-44.9949251983702,2.201075792312622
-1.378759213278819,1.0268173217773438
8.07102955700163,6.21321964263916
1.055995951979529,0.6149226427078247
2.188685633501576,1.1138874292373657
1.0880788430276551,-3.293081760406494
-0.2898522089969393,-0.44245433807373047
-3.790702882666694,-7.439706802368164
-7.940842049461227,-28.16925621032715
4.398742241377427,-4.096107482910156
2.5565427438131976,-4.051538467407227
4.123908949931413,0.024745941162109375
-76.9668504799361,-28.704307556152344
-14.1325019191809,-6.4006242752075195
7.960789166364423,1.1686220169067383
0.4423212163888063,3.4968185424804688
2.63206586722876,6.475912094116211
3.1988276731025875,-27.640748977661133
-1.6552655274048038,0.8988590240478516
8.077984978184695,-21.322011947631836
-13.790764753514,-8.867959976196289
2.13745295521649,-1.7418546676635742
3.0897024917955025,-5.6284332275390625
-0.3530077955256401,-19.392330169677734
-7.639409008216227,5.548519134521484
2.765011277030255,-81.17342376708984
3.557691046156,-7.5667877197265625
4.00031385473591,-27.655733108520508
-55.7541546140486,-10.532083511352539
9.550892694239591,0.8078722953796387
1.775572054007981,-89.33526611328125
-2.248378586620203,-15.623550415039062
-56.2560888739038,-7.077946186065674
-2.5590885431480426,-3.339731454849243
-40.5029244010595,-10.404956817626953
-30.8171784242839,-2.23518705368042
2.679404112105611,-3.3862104415893555
2.76740193393285,9.65294075012207
-11.341527235964405,0.07936859130859375
-3.448025235667948,-9.98373794555664
-0.0780407432645869,11.740005493164062
11.616605850275496,6.812307834625244
9.179556151687803,55.9788818359375
7.190050317883171,-1.1505342721939087
-39.4932668903457,-5.875095367431641
-2.306526469902426,-25.693988800048828
0.5403453062071405,114.81944274902344
-23.6042929930625,-14.14731216430664
-4.172986764275874,-12.192462921142578
0.5394390329931549,1.331580638885498
5.84905996845087,-5.562780380249023
-22.9515728231767,91.76364135742188
-3.134999611446543,-10.334739685058594
-6.066411004621831,-4.156073093414307
2.24572304437811,76.11102294921875
-70.8116033690518,-12.462091445922852
0.3224388648416145,-14.926298141479492
4.755697845162629,1.4487507343292236
1.7336328627834918,-16.738849639892578
3.939818822274421,-2.889838218688965
6.09033976794457,3.075911045074463
6.4251548431743295,-7.573256969451904
-6.47138721063866,98.88142395019531
-0.0379657812584102,-8.477989196777344
4.4105627388370605,-1.5354690551757812
2.3065604778561424,3.0417227745056152
7.588764503474316,3.2517569065093994
-24.3954295810688,-9.530553817749023
7.380729755239978,-12.901790618896484
5.978124919049687,-6.525444030761719
0.7860328468455551,-1.4682388305664062
-44.1817825469333,-20.26626205444336
3.58036180553514,-8.865299224853516
3.33951124606136,2.384645462036133
-6.79658968512302,-8.37770938873291
3.7347243087796,-47.69622802734375
4.76541245752904,2.573085069656372
8.922207576391518,-10.284462928771973
-11.864177458483407,-25.69862174987793
1.166748445159433,1.2405548095703125
-25.781275563237,-20.68749237060547
4.179707781567577,20.856586456298828
-1.073248118887358,-2.2461013793945312
1.7249239205326918,-3.635533571243286
-81.52648016021857,-14.20504379272461
13.015759276594096,6.499611854553223
5.35198813185094,-12.033282279968262
-12.53254789251529,-8.363903045654297
5.45103123545738,-5.651884078979492
4.128157012788561,2.5400309562683105
-3.8590388668775,3.8616161346435547
7.36579899286375,-9.707319259643555
-11.03094492075089,-5.800827980041504
8.017093587799739,18.365772247314453
15.384553292915324,-12.36257266998291
2.79124989437018,4.8797831535339355
2.81101468536903,-18.039520263671875
-1.7237618714553775,4.441050052642822
-2.202886656443709,-70.62603759765625
2.369358494612781,2.9024581909179688
-11.30813578108209,-185.9678955078125
4.484288991501213,0.9418373107910156
-35.8165916579592,-19.405136108398438
-5.19085420781142,-22.677927017211914
2.86709961553106,-9.291954040527344
-4.349210006555943,1.9665627479553223
5.029017096161708,0.26124247908592224
8.243548509216069,3.4707236289978027
-2.6184282494780104,-4.787347793579102
-5.527709296795018,1.9708337783813477
-52.7336020518746,-13.671133995056152
6.07843040491799,-3.3295202255249023
-4.396710286499547,-2.887094497680664
6.6154810826822,1.0939081907272339
9.772192422094813,-5.33148193359375
2.099307195887115,5.033649444580078
-12.414939844598162,-15.50004768371582
8.24149319055937,-7.19207763671875
-1.5178355576616795,-4.024794101715088
9.144089281431205,-13.2228364944458
1.418014053180695,16.94586181640625
-60.92137282626391,17.93846893310547
5.61896917638109,-1.916778564453125
-4.96580172718434,-7.208308219909668
-24.4432878855492,-17.72385025024414
1.675381804264854,-11.860472679138184
-2.8447496930443927,12.425979614257812
-1.059512617215007,6.609889030456543
1.41805545618482,0.3380221128463745
-7.06329362397977,-42.896026611328125
9.400493271217616,0.5072671175003052
3.1327986373042376,-1.2176191806793213
4.097668935846943,7.623710632324219
-4.01456885639382,-45.74151611328125
-2.260381023139061,1.1755239963531494
-8.237627320974727,-10.67119312286377
-2.23616712442702,1.9101487398147583
-26.79502671025515,-74.92179870605469
-10.594900847222812,-40.015647888183594
4.509456424718162,-4.137855529785156
-22.9219832537164,-8.662823677062988
-6.2026319104393295,-39.83244323730469
-4.662511414401839,-19.620641708374023
-0.4503474699443348,-1.8301231861114502
-21.5531296050118,-12.353165626525879
-39.7169735486916,-23.530719757080078
-6.13466459150186,-47.42350387573242
6.093529951556334,0.2808133363723755
-33.3004252633332,-6.618234634399414
-7.789052707582185,3.0157179832458496
-61.6890402284636,-37.18613815307617
-10.613183176373598,-48.301025390625
-12.6203596574975,-72.87259674072266
-15.2234416939723,-1.3821539878845215
3.42848617073407,-34.976478576660156
-50.4820483838523,-12.278074264526367
-71.7765711158932,-13.767844200134277
4.338369925074482,-8.917573928833008
-34.0729170807354,-8.410991668701172
-10.285920522724917,-4.492678642272949
2.71808902854303,-10.029666900634766
2.26767773086615,-3.6167259216308594
0.3189015990893598,-4.221423149108887
-39.873530292237,-23.308719635009766
5.053393098685065,-8.090850830078125
-5.77665564868809,-6.461662769317627
-22.4462583852743,21.020263671875
-10.162041561092582,-11.492338180541992
8.70853787657841,-7.715188980102539
-3.73521146317182,-2.951310634613037
-1.3326443092463092,-10.357245445251465
-5.830142578087577,-18.28694725036621
-7.815562497274902,-2.452115535736084
-20.7558388881914,0.9809188842773438
-1.03656181464744,-39.784149169921875
-3.930469946192945,-13.759833335876465
5.391699208755202,-39.850799560546875
7.2595381633228,1.0775164365768433
9.30630078585379,1.5719165802001953
-3.77133000272187,169.7364501953125
-42.936846127142296,-19.814538955688477
0.5211206139658471,59.266876220703125
0.7345204104922589,-0.11139893531799316
6.86106163750481,66.31668090820312
-21.61387508166409,-3.1562318801879883
-24.577379709126298,-13.564096450805664
3.986867952152618,-6.560568332672119
-63.2346715672369,13.155097007751465
4.55602013063716,-8.241632461547852
-20.3623076046531,14.563560485839844
8.678125432705007,-5.611616611480713
-2.1147225087047508,17.01318359375
-1.14890133483728,2.365166187286377
3.7921116228684086,-1.144853949546814
-1.3811964732242277,8.26593017578125
0.1752112379752922,-8.478520393371582
3.3452637215970498,-17.131248474121094
6.63109301847755,-1.6187400817871094
-8.72128086410909,-20.232582092285156
-0.1160299782726794,-42.93781280517578
0.1119561526876595,-5.0715436935424805
11.877856996640997,-0.8602170944213867
-3.2142130797467816,-0.027656197547912598
-3.9552380984537248,-7.648200988769531
-1.593720937577549,-11.143857955932617
3.3899996482015826,9.806964874267578
7.66334596528203,-11.377350807189941
2.60625970962018,-28.624237060546875
5.006519903780723,-15.305927276611328
-58.5527340809363,-7.724292755126953
3.776985072333982,-12.26534652709961
2.4866177573815964,-5.810371398925781
-0.6920482116816997,-6.2207441329956055
2.1747311895065486,5.045547962188721
-13.14009076535719,-25.346176147460938
2.745769909533195,11.437445640563965
-10.626155896203898,0.4205300807952881
0.0548896546292299,33.00606918334961
-69.1366966634013,-6.011324882507324
14.8508222506114,-5.691083908081055
-28.3488859938485,-59.92192077636719
0.6884341878779402,-9.24612808227539
12.566471603210276,6.698167324066162
-5.472376660417956,-17.02456283569336
-2.1691769605730515,-5.298406600952148
-0.3887710448227697,-40.4659423828125
9.1356503291117,1.9435900449752808
4.93167956005568,-17.185382843017578
2.713132201978397,-33.41560363769531
9.090654061652296,-10.877872467041016
1.741670982094262,-1.7836596965789795
-5.89266438028177,-1.168025255203247
-1.130678948105339,-4.137032508850098
-46.587141393021525,-5.506312847137451
4.366245372711767,3.6526107788085938
2.858782897786812,19.053556442260742
2.53362859007723,-2.4790267944335938
-1.7943154401891548,-16.884798049926758
-0.6435038581465955,-0.45953369140625
5.99108205682079,-1.2956323623657227
2.44728958086436,-3.058324098587036
1.5718362711845366,-8.502981185913086
-55.54568697318505,-4.550173759460449
-9.231606713935047,0.9657528400421143
3.547124544521316,17.128902435302734
-73.5286754265322,-16.55579376220703
0.2047767843086013,8.490486145019531
-10.398648228661925,-1.9001502990722656
-46.9980356488569,-12.395265579223633
-62.9031214125763,-20.684228897094727
-10.35739215730591,-10.696403503417969
1.83593808226401,-0.350131094455719
7.827394642815597,6.93516731262207
-9.742168339465294,19.29018783569336
-0.29408409265346,-11.29611873626709
-5.653435188749545,-3.1742794513702393
-14.57002364123529,-6.758174896240234
-18.1797235112709,10.405293464660645
-5.45440876641342,-5.074705123901367
8.596988309863011,10.863076210021973
-5.493763326806099,-0.055047035217285156
-8.393586343504198,-0.25152838230133057
-3.963646539183849,0.14139080047607422
9.625121597198186,12.60278606414795
-6.18357684414468,-3.6848435401916504
-3.41466344580097,-6.4526686668396
-4.03025121975644,34.837432861328125
-2.66483863280114,-11.585582733154297
-0.190891674386513,-21.544010162353516
16.1850033157246,13.178759574890137
-7.910003358009165,11.534566879272461
-2.07861348348741,-16.340164184570312
12.331931266595111,11.26753044128418
0.8825935384285006,-9.844881057739258
-2.1789667599796294,-28.91244125366211
3.0307168501552093,-8.916471481323242
14.8229623836697,0.04014170169830322
6.795393661635613,-1.4381790161132812
5.16750826555368,-12.07236099243164
-57.144820014625296,-17.75188446044922
6.167862854629888,-3.3698387145996094
-2.698758931910008,-37.53565216064453
1.289294757415069,-10.092353820800781
13.9692836454661,1.0125036239624023
-38.6438610292767,-33.73790740966797
-3.119647295186995,-1.5398774147033691
-6.745372906074374,-71.17413330078125
-2.7468186065138984,-8.102471351623535
1.6198341998494314,-10.086270332336426
1.6646916021852596,-18.795644760131836
-7.87226820943855,-11.628463745117188
8.652061852316729,5.028450012207031
2.4933992323843923,12.976131439208984
2.35160533891099,-12.873382568359375
1.30779520720034,-0.6796135902404785
-11.9965988914421,-2.1659023761749268
4.780848076735348,-16.180017471313477
11.2728180991378,6.073488235473633
0.7651079053562314,-16.440265655517578
-10.6557437737239,4.1134934425354
3.27100049685324,-9.874853134155273
-5.2815921348029296,-14.570566177368164
-27.5445722402187,16.520111083984375
-2.683955047842884,3.8524322509765625
-43.929359067237,-12.744224548339844
-4.639593570653838,-9.358806610107422
-14.7229944429405,2.668055534362793
-5.00028834575103,-1.376426100730896
-1.2236747050651609,44.93650817871094
-17.6830733389949,15.66030502319336
-9.979741434164584,-5.600172996520996
-0.2823200449385875,-23.857196807861328
-36.50577458359941,3.3439254760742188
-4.853312003098937,-31.817291259765625
-27.4476544011683,-11.684392929077148
-49.5120706514507,-18.68947982788086
1.2287673509824204,-4.466169357299805
9.503977484174175,-1.244675636291504
-5.5186956836840375,-13.54736328125
-2.99361591491145,1.4371585845947266
7.99575647038201,-2.7612593173980713
11.7225687296843,-9.503620147705078
6.987950206462267,-16.922626495361328
5.5273920092716775,-12.042840957641602
-7.19378137939456,0.5111083984375
6.001532732018722,-1.9790992736816406
7.92708077877978,0.6415135860443115
4.316615136301563,3.3429195880889893
0.1590569364430157,-2.743542432785034
2.8348518495029404,-3.5089035034179688
-46.6686841099013,-14.995726585388184
-0.8984319813221007,-6.920969009399414
4.30511943579503,-2.7360706329345703
-3.36735139960915,-16.013076782226562
6.58117049992555,-8.087922096252441
6.753311816554961,-7.34650993347168
-1.1091988250418725,-5.446929931640625
5.26551760771767,-5.6821136474609375
-37.3999740396079,-16.425146102905273
-34.48768519828235,-13.704058647155762
-46.862925671502296,-7.24801778793335
-1.19024715514191,-29.46042251586914
-1.4920816076829602,-5.428689002990723
-5.775806690181939,-3.878720283508301
-14.2382866820043,-3.128533124923706
1.3131129859732091,5.660667419433594
13.1991243046288,11.864391326904297
3.6035536346157695,-5.1761322021484375
4.97603191479674,9.079134941101074
2.9737175212081803,-3.827650547027588
-35.1782981083837,-6.288931846618652
-10.480511156242285,-19.764339447021484
-0.3170472839931941,3.5997800827026367
3.59745169898486,-2.4216785430908203
-5.139364658294922,-3.1670689582824707
-29.2662792150344,-11.994160652160645
11.555346181601609,1.7724933624267578
3.7092867134231,-4.543659210205078
-0.7280966227290082,8.422332763671875
0.9480162028997956,9.939762115478516
-9.619042312244815,-9.528289794921875
-3.15562863494722,10.144989013671875
7.285509446842615,-15.965312004089355
2.71319811317338,-4.527578353881836
1.026942322157092,-0.5193449258804321
-4.65691689928222,11.657218933105469
-8.677497573270493,-8.198694229125977
14.3436638764016,-5.479102611541748
-11.8973420493851,-5.48980712890625
-6.61979034735207,-20.527633666992188
8.86280218600469,1.232227087020874
-3.43040335892423,-28.24639892578125
0.4443344011282492,-3.305917739868164
2.6678241356197647,-16.82619285583496
2.334382802629,-5.2391486167907715
-13.8157551615103,-21.127107620239258
1.9007667723773176,-6.842045783996582
-17.190033530139498,2.673868417739868
3.88810032819938,-8.848611831665039
1.2705701336207027,-8.205607414245605
3.887422638441485,-3.8517613410949707
10.349523074958825,-0.005593061447143555
9.62907409316032,-36.366180419921875
0.7709161631446207,-4.038589954376221
2.3166834950764685,9.754730224609375
2.76912169862866,3.3042094707489014
-46.2372447228831,-3.796605348587036
-37.0930621901092,-23.602079391479492
0.996650643215182,-23.763263702392578
-12.898019313824,-5.773935317993164
-0.71117494174041,-4.160198211669922
-0.5663484394051013,8.267932891845703
-12.4595255596924,-11.519769668579102
-0.6089836493556324,-1.7615829706192017
6.92534745147092,-0.9376487731933594
3.320229681965675,-5.4623565673828125
-10.274169876330886,93.45263671875
-49.062306315025,-33.02433776855469
-30.7261055182573,-12.85522747039795
22.7414116448382,-0.36366939544677734
-0.9529303605806088,3.403449058532715
-10.739322929783883,3.406863212585449
-20.9507978903398,-1.3114852905273438
-24.96156751119129,-29.348526000976562
14.9823899147147,-0.6781373023986816
-14.564555056626377,-25.80718994140625
1.907333647224608,-7.74928617477417
-1.178255647098801,-5.8544464111328125
1.9806048133258944,-18.400188446044922
8.833837192566008,6.073239326477051
-18.5255095356289,-20.255733489990234
3.010752586641185,-19.36406707763672
3.67041582610247,-15.83926010131836
-33.7845903951132,-11.077367782592773
-13.812973987503693,1.5534911155700684
-13.861300672159,-14.645936965942383
-26.24662901330595,-5.065262794494629
-1.61504571199055,-11.21391487121582
8.754663680824095,-3.7320175170898438
3.22816419080692,-9.869174003601074
-2.0585753436264698,-14.246800422668457
-9.59094984812801,-17.21169662475586
6.02246857213521,3.3568878173828125
-4.11149235653684,-13.851441383361816
-4.361976736345532,-19.616348266601562
-2.4097304318056905,-16.710927963256836
4.967381413305823,-1.5991744995117188
-11.9154244975033,3.0468063354492188
-11.183106529127476,-8.1192045211792
-2.3538192484503564,-2.370685577392578
-2.204579993178592,-4.256103515625
-91.8886792382854,-13.644112586975098
3.2582764286422226,32.99144744873047
9.859104788483815,-11.120471000671387
-2.6304973605131474,2.5647034645080566
8.398744223780918,-4.921233177185059
1.4955767028094,16.250200271606445
6.720388221210122,11.514364242553711
6.99756701325662,-6.018826484680176
12.966325580978296,13.476161003112793
-22.8644313188967,-8.31878662109375
-14.4731176558811,1.880116581916809
-0.0918051514147744,-1.0329170227050781
0.9434331950199416,-118.15899658203125
7.877641553655238,3.561741352081299
-27.1636490162131,-6.408836364746094
3.42669038506664,-11.161609649658203
0.31232235517322,-7.949029922485352
1.1848602197973823,-10.870317459106445
-5.822632503482525,-22.3126277923584
-2.989164004622407,-6.541560173034668
1.69213972357191,-32.09455108642578
-0.89184437235696,-2.8649721145629883
2.446050707651698,60.62089920043945
5.07108724357905,-16.715293884277344
5.42147270471237,4.983092308044434
-2.20364176327536,-58.85553741455078
3.08443697315444,5.1534881591796875
-5.97248436581227,-12.8104887008667
-1.0190872666435924,24.963043212890625
-14.885807229381896,5.5110015869140625
0.046018285265003,-20.315317153930664
6.00089213826483,-6.144547462463379
-1.4680391508473674,-17.28396224975586
-49.8653288018085,-6.661685943603516
-7.283890318199592,-3.9675190448760986
3.6053774296538297,-7.883291721343994
6.364261125349779,-16.720069885253906
-51.4043293278057,-11.98895263671875
-64.65676531723692,-12.96337890625
-26.1965705632023,20.33491325378418
2.63157412115867,-5.0916748046875
16.694612728237402,-0.7792806625366211
-17.0314498829154,-5.179714202880859
-58.40351531723695,-24.67913246154785
-15.3173389528898,-16.50054168701172
-6.613686761665703,-15.516178131103516
-39.0646563811545,-11.126912117004395
0.809697096857583,-10.577400207519531
0.4685622181175212,-12.323513984680176
-6.376202369524528,27.2958984375
-14.434457477598505,-3.5555992126464844
-26.0047332498617,-10.077775955200195
-17.5801214502402,-10.193615913391113
-2.60072537807549,-7.949233531951904
7.184930267876617,35.19643020629883
0.555665600488549,-11.959381103515625
8.747205755218493,2.0429954528808594
-2.289513933263135,-6.702169418334961
3.8009101564042025,-4.331326484680176
-1.67197513843126,-4.8199615478515625
-15.746453943284,-26.595806121826172
