Score,Pred Score
-5.73967918172164,-8.996615409851074
-23.3725501337939,-6.972507953643799
9.04709717330502,-16.301206588745117
-3.724573545179619,7.874938488006592
4.4516036428765,-3.6659364700317383
-1.657597602265355,-5.519918441772461
5.586124430090477,-0.34088826179504395
-26.6651088566214,-7.138897895812988
3.028467183462371,4.56645393371582
-40.7258600860177,-18.82305145263672
-26.912205886836706,-16.275876998901367
-3.9965921287470247,1.074995517730713
-4.739766082030863,-1.1107730865478516
4.2006804390709,-4.353253364562988
-22.3071231538392,-10.918203353881836
-18.5891767455387,-7.347830295562744
-5.960419628776203,3.1293840408325195
-18.9061714872788,-0.1627957820892334
-21.4141717786538,-0.27854156494140625
-12.208208404490907,-8.6504545211792
-3.72583443525641,-9.60501480102539
-2.377061578670744,-19.464679718017578
6.075310726130807,2.1745400428771973
2.12042655289975,3.919485092163086
3.181253849239128,12.59222412109375
10.41580460128629,-2.9413251876831055
-23.8934551543691,-2.959819793701172
-0.8981307679622897,3.042510986328125
3.7078671714499096,-4.526668071746826
11.644495901203598,14.713977813720703
-22.42608065327665,-1.7897586822509766
-1.2036514942358316,-4.380922317504883
-13.5091075877696,-3.986797332763672
-1.79502295092813,-1.6711578369140625
2.332279780348585,-5.454803466796875
3.11049964318654,-1.7950403690338135
3.54836143321337,-2.9861745834350586
3.77256113899207,-1.6907122135162354
-2.35314836228574,3.3398284912109375
7.837521570550837,2.158888339996338
9.328533024448705,16.172718048095703
-37.9495035857927,-35.6563720703125
-4.144685584269085,0.4325905442237854
8.91646092056966,3.6598153114318848
5.635020609606415,-1.4327154159545898
-15.1006814359747,4.9843268394470215
-2.4599041427842496,1.4805704355239868
2.42002639701588,-4.595678806304932
-3.0331069492891496,-0.43987441062927246
10.480393919522983,2.1573238372802734
4.452168509343501,15.889907836914062
-2.552277046947741,-11.86771011352539
-5.97419023328963,0.8944149017333984
-0.5734820606807138,3.5219688415527344
3.7606671418030695,-5.589906692504883
-31.4759298257721,-28.642913818359375
0.300408103033295,19.857635498046875
-6.32558602127377,-9.954042434692383
0.90894434552881,0.5171712636947632
5.954690473588823,3.0146751403808594
0.0804428699766095,-4.969618797302246
8.45389840526827,-0.20772171020507812
-2.8859593337581737,-17.030935287475586
-1.122073026503361,-3.8657941818237305
-75.56229656723696,-16.326824188232422
-6.291328737399075,-11.469441413879395
-10.1192188918475,-1.7551069259643555
-56.3663437951974,-38.7493782043457
2.4288820651169605,11.061943054199219
5.05355462238675,0.2763786315917969
-13.1809903671301,10.07436752319336
-6.75960002722117,-16.091476440429688
9.0758909366509,-0.8020820617675781
-1.4230966237807086,-4.3164520263671875
5.59963570142504,-24.788782119750977
4.133325903305868,5.271903991699219
3.00680128293027,16.093246459960938
-27.8195558011628,-10.984764099121094
-29.9162730471743,-8.789229393005371
20.7191486697607,0.9258773326873779
3.455876052191651,4.457233905792236
2.595279020812243,-8.579017639160156
-4.0896099478500325,0.990512490272522
5.3817717725564,-7.044181823730469
-1.9802660997523944,4.767255783081055
0.4007388327427847,-16.63854217529297
10.11870938841209,-9.870306015014648
-1.7174251595272625,-0.8628101348876953
-13.2363849677504,-5.8092193603515625
-58.24412469223692,-27.870912551879883
-47.9875704511971,-13.463390350341797
-3.681083449701528,-13.30815315246582
0.1118559290339978,-27.95157241821289
-8.998840630677615,-3.504913330078125
1.1941842843275,7.969966888427734
19.33685959748449,14.673334121704102
-3.09775596823669,-1.7107391357421875
1.2555345380058751,-3.461421489715576
-78.7451798053926,-35.03013610839844
8.35813394800668,4.476461410522461
-19.6754058911438,-10.457392692565918
4.743603615290096,-15.763229370117188
1.3155747227446202,-10.901004791259766
11.316750179392892,7.532998085021973
11.779516260068313,19.07320213317871
-3.802611775309477,0.474422812461853
-10.539071528779305,-2.6032896041870117
4.49646859469848,-30.5582275390625
3.59102041590596,6.898244857788086
2.1560784090827942,-11.513797760009766
-17.309192174305,-8.453024864196777
-1.768261666543676,-18.033754348754883
-3.34531377329845,-38.42578125
-9.09730633851708,-10.71302604675293
-12.909180343140196,1.2128171920776367
4.020569536845237,1.659203052520752
2.28163515100639,-4.746967315673828
-1.6307504375632549,-16.38739776611328
7.809600001042748,0.8401781320571899
-83.9761260280997,-5.266414165496826
7.656482330373112,7.394243240356445
1.675245639565673,-23.840566635131836
-15.991582533821994,-5.3012495040893555
8.681027307740193,2.876434326171875
11.10272802991041,9.245686531066895
3.42951329804928,-2.832482099533081
-1.4295761119406232,-0.3006706237792969
-11.9299972333177,6.139104843139648
11.923948375295712,2.4108285903930664
5.960801203295765,-21.633663177490234
-0.4381862293696001,-13.458181381225586
-2.43808381047612,-29.654434204101562
5.72263802046558,-2.653787612915039
1.1496085756031087,4.38350772857666
-6.72144892291601,-2.0831730365753174
18.1939100849816,-1.8026554584503174
3.61441892535489,4.466495513916016
-0.8028238008287005,-16.073776245117188
0.7001962140772594,-5.510296821594238
2.125547882163602,-3.8874573707580566
-2.8472026300298463,-14.3179931640625
-4.534682244798708,-12.898186683654785
4.49418879319923,-1.7982234954833984
-10.901275449743116,-9.930599212646484
-4.736229867816737,5.494915008544922
-0.0053525606393112,58.467742919921875
7.06923762363823,-2.654256820678711
-0.0084306638066775,-9.288076400756836
2.11900133622217,0.8525874018669128
8.106852576346123,14.278491973876953
-0.1428452494230792,5.931632995605469
-1.0683487237199796,7.814453125
0.0285872237409883,-1.04864501953125
2.75380173901167,-6.303756237030029
-7.69948364751984,-6.152294158935547
-0.0556983764780604,-6.913861274719238
-1.32131943338233,12.055191040039062
-3.0345245902191325,-3.641033172607422
-2.93911844531118,-11.338430404663086
9.94612085382829,0.5957648754119873
-3.5546157663424616,-1.799455165863037
-11.221818720505304,-18.769277572631836
3.9797293996962297,0.7230770587921143
4.54734483862441,0.05596184730529785
-45.634880019414,-15.367181777954102
-1.6020246929696491,-16.979629516601562
-4.12581810820042,-8.595064163208008
-3.019531285218114,-21.67779541015625
5.42509465390903,1.0314712524414062
-21.5871320482388,1.7468664646148682
-1.2497809936708242,-9.592656135559082
-35.0272315856836,-40.999263763427734
3.37898618824583,3.8039612770080566
-13.4460672849668,-15.064804077148438
10.982614675109394,0.6379114985466003
2.35164464781062,-21.105560302734375
-20.9676231329802,-33.294464111328125
-1.6422791314174887,0.4427368640899658
-0.3136273830120112,-6.722827911376953
-16.967828162594074,-4.871277809143066
-2.8325461302865187,5.829270362854004
-2.6871577689602653,-13.733842849731445
7.570838092245207,-7.590663909912109
-13.547300817594484,-24.559656143188477
8.99923705482913,-7.7203369140625
-0.003939288658445,-1.357530117034912
6.147225205740463,-8.143770217895508
-2.149900469098629,-19.09648323059082
-25.2381267145584,-13.690387725830078
-5.36204355968609,6.480690002441406
4.43276114617859,2.1006336212158203
3.27144637329635,5.11979341506958
-1.626797120535592,-1.327077865600586
-9.859535687586003,0.4594993591308594
2.0008593011464906,-9.530843734741211
0.369316059642221,-1.8869991302490234
5.79128728304933,0.31815242767333984
0.1235817830644999,-0.9556031227111816
-3.36903782007548,-11.290851593017578
7.06032809637297,-2.6143336296081543
13.71198107208239,2.1674208641052246
0.2886204877907422,-5.899394989013672
16.4171583068458,10.485100746154785
-44.7886924625105,-38.45833969116211
-7.726553411266567,-5.602865219116211
4.065326821312747,8.853706359863281
2.12749125232924,-11.805721282958984
9.06213659212517,-1.0122390985488892
-4.51305804704249,-23.615394592285156
4.28301459624688,2.9033164978027344
-7.211196994815285,-15.212141990661621
-58.4491138315396,-18.74025535583496
-0.5413656534735456,-9.57427978515625
3.24770439300306,-1.9899256229400635
-0.6472060937938101,-4.578879356384277
-1.93656353174353,0.9004880785942078
-1.94666134980912,-6.244831562042236
-0.670930828719279,-20.745529174804688
17.1612744381531,2.4031920433044434
-8.044482691931467,-8.923905372619629
16.9968892380515,2.5355000495910645
3.62056380925444,-16.79469871520996
4.07090957771029,5.21873664855957
-1.0680791130593923,-8.603276252746582
4.69437535963172,-13.346604347229004
0.3837795244341289,-3.5560266971588135
0.6681105368389735,25.205154418945312
-8.08045020128908,11.890249252319336
-42.6579269422049,-21.869281768798828
-30.89708550466269,-13.431327819824219
-1.1617148968623687,-7.0048370361328125
6.46185690649625,-4.359763145446777
8.658679095048068,-6.308750152587891
-0.1898191226144924,-6.770538330078125
6.457932781589695,0.11838096380233765
-33.7712071062874,-24.40169334411621
-4.786538605318405,0.9432583451271057
-13.5632540546311,-6.94760274887085
-82.13826531723697,-15.920019149780273
-3.0453156276270903,22.013473510742188
6.430237727930085,-10.098365783691406
5.31082796058257,0.25843653082847595
-70.65073406723695,-25.907318115234375
4.71112087372323,-12.380131721496582
-10.78700495517378,-15.245697021484375
-6.055427015859325,12.488525390625
-16.475900892606802,19.78946304321289
-2.487076105276776,29.734954833984375
-48.3858044800915,-8.707427978515625
5.893700156574014,9.390578269958496
-47.9957157156951,-6.2224931716918945
-1.511416195100045,-22.095399856567383
-7.071587649042333,-1.5617790222167969
-0.3550158381598589,1.1281712055206299
-17.0078420331655,-12.00282096862793
10.3189652047012,-3.941619873046875
8.829561804598438,8.58132266998291
10.909208084253878,0.9911363124847412
-2.25262466719878,-0.16617226600646973
0.7445982178878973,-3.431168794631958
-4.813871520282443,-2.2664036750793457
2.85060083445348,8.769369125366211
-2.54595208771381,-13.815021514892578
-8.692928400841772,17.86553955078125
16.618750626525,-2.404759645462036
7.37064384347005,-3.995220184326172
-6.81516141534704,-6.61529541015625
-10.386374558578522,3.2605972290039062
3.73205068567752,13.49002456665039
-6.40442742836347,-4.0040082931518555
1.74273211890989,21.689353942871094
-7.920344649869953,-19.46381187438965
-9.28527551691871,-1.7821102142333984
1.51502173443586,0.8421474099159241
-90.3299705619704,-10.855653762817383
-6.512385872303066,-18.35624885559082
0.7982616963508231,-3.22676682472229
15.8859560938761,-2.020724058151245
-23.227454082363305,-8.695723533630371
5.4465900456679694,3.1579341888427734
-13.2494383747796,-4.354643821716309
-2.3458288386735573,-2.9415369033813477
-1.5403494549472296,-18.286941528320312
-2.941164138388841,-4.285849094390869
-14.6311710829416,-14.92504596710205
-4.81834176383161,-2.4191932678222656
-4.03806373695381,-8.111499786376953
0.4076170529080399,-21.588008880615234
-34.8552692363716,-7.422303199768066
-25.0659802428987,8.863895416259766
-5.8684323426223,0.09785223007202148
0.6771989561182002,-16.44532012939453
-14.6157572128631,-13.200904846191406
5.344594984386832,-10.63024616241455
-4.75101729862813,-2.43493914604187
-89.5439156156453,-15.976131439208984
-1.207429910073891,-4.348529815673828
13.667582002208905,-0.9391940832138062
-82.4887013651952,-5.724021911621094
4.40921359309415,10.875673294067383
-19.923371510770203,-0.42725300788879395
-4.665207913971671,-10.693544387817383
3.42106467876526,0.33710533380508423
-39.0956747424042,-11.949551582336426
-10.288292260688207,-18.76671028137207
2.3067635611900137,-2.6665725708007812
-4.92782811871599,-1.8247624635696411
10.292368565007404,-2.940103054046631
-8.184373188662292,-20.392135620117188
-4.763634360062484,14.222808837890625
-2.40000424902785,-13.334331512451172
5.009535132419683,20.830825805664062
-22.2455703021075,-13.803018569946289
3.987299411465438,-22.407045364379883
-38.4962238749225,-23.569808959960938
-44.9949251983702,-2.1692771911621094
-1.378759213278819,-7.959095001220703
8.07102955700163,0.013841032981872559
1.055995951979529,3.802619457244873
2.188685633501576,2.309908866882324
1.0880788430276551,-2.723860740661621
-0.2898522089969393,-4.442588806152344
-3.790702882666694,2.214409828186035
-7.940842049461227,-4.679731369018555
4.398742241377427,18.90007781982422
2.5565427438131976,1.6975421905517578
4.123908949931413,5.588695526123047
-76.9668504799361,-31.091411590576172
-14.1325019191809,-7.171524524688721
7.960789166364423,4.434445858001709
0.4423212163888063,16.208803176879883
2.63206586722876,6.605488300323486
3.1988276731025875,-16.65582275390625
-1.6552655274048038,0.6375603079795837
8.077984978184695,-11.377845764160156
-13.790764753514,-9.091961860656738
2.13745295521649,-0.5712153911590576
3.0897024917955025,-4.873948097229004
-0.3530077955256401,-20.013763427734375
-7.639409008216227,3.5045974254608154
2.765011277030255,12.460636138916016
3.557691046156,-2.8829269409179688
4.00031385473591,-8.727160453796387
-55.7541546140486,-14.146698951721191
9.550892694239591,0.5360349416732788
1.775572054007981,5.4488983154296875
-2.248378586620203,-1.4045982360839844
-56.2560888739038,-14.527923583984375
-2.5590885431480426,-4.183444976806641
-40.5029244010595,-15.754195213317871
-30.8171784242839,-3.311147689819336
2.679404112105611,-0.8208954334259033
2.76740193393285,27.413084030151367
-11.341527235964405,-22.396007537841797
-3.448025235667948,-9.77587890625
-0.0780407432645869,0.8710479736328125
11.616605850275496,3.5932888984680176
9.179556151687803,-16.64151382446289
7.190050317883171,5.112939357757568
-39.4932668903457,-26.620365142822266
-2.306526469902426,-24.564847946166992
0.5403453062071405,-6.526031494140625
-23.6042929930625,-13.799827575683594
-4.172986764275874,-15.289020538330078
0.5394390329931549,-3.880495548248291
5.84905996845087,-6.107900619506836
-22.9515728231767,-18.003387451171875
-3.134999611446543,-5.2487030029296875
-6.066411004621831,1.4058241844177246
2.24572304437811,-4.099266052246094
-70.8116033690518,-15.496825218200684
0.3224388648416145,-1.8222503662109375
4.755697845162629,7.047143936157227
1.7336328627834918,-1.7936115264892578
3.939818822274421,-2.275489568710327
6.09033976794457,0.6608105301856995
6.4251548431743295,-5.5042219161987305
-6.47138721063866,-29.24371337890625
-0.0379657812584102,-5.90301513671875
4.4105627388370605,-1.338724136352539
2.3065604778561424,5.015513896942139
7.588764503474316,-0.4891396462917328
-24.3954295810688,-9.25666618347168
7.380729755239978,-9.72771167755127
5.978124919049687,-5.416479110717773
0.7860328468455551,-12.033550262451172
-44.1817825469333,-27.94272232055664
3.58036180553514,-1.7623801231384277
3.33951124606136,2.4846832752227783
-6.79658968512302,-4.696324348449707
3.7347243087796,-21.17664337158203
4.76541245752904,1.237158179283142
8.922207576391518,-1.1367864608764648
-11.864177458483407,-6.186363220214844
1.166748445159433,1.2099584341049194
-25.781275563237,-24.673320770263672
4.179707781567577,10.239889144897461
-1.073248118887358,7.97279167175293
1.7249239205326918,-0.23297882080078125
-81.52648016021857,-20.387487411499023
13.015759276594096,5.439494609832764
5.35198813185094,-8.674613952636719
-12.53254789251529,-6.492758750915527
5.45103123545738,-2.0094082355499268
4.128157012788561,1.0293794870376587
-3.8590388668775,-10.496282577514648
7.36579899286375,-8.743021965026855
-11.03094492075089,-11.932717323303223
8.017093587799739,14.520160675048828
15.384553292915324,-16.370634078979492
2.79124989437018,-6.700763702392578
2.81101468536903,-13.740640640258789
-1.7237618714553775,0.31678569316864014
-2.202886656443709,-8.570556640625
2.369358494612781,1.0946168899536133
-11.30813578108209,13.021820068359375
4.484288991501213,-10.289138793945312
-35.8165916579592,-17.217411041259766
-5.19085420781142,1.5526232719421387
2.86709961553106,-6.649895668029785
-4.349210006555943,2.1249775886535645
5.029017096161708,0.19127291440963745
8.243548509216069,3.583749771118164
-2.6184282494780104,-4.402206897735596
-5.527709296795018,3.049528121948242
-52.7336020518746,-20.213916778564453
6.07843040491799,-4.131931781768799
-4.396710286499547,-9.499021530151367
6.6154810826822,2.319856643676758
9.772192422094813,-15.43791675567627
2.099307195887115,21.317245483398438
-12.414939844598162,-17.704299926757812
8.24149319055937,-3.258284568786621
-1.5178355576616795,-4.645453453063965
9.144089281431205,-5.246856689453125
1.418014053180695,-3.8074722290039062
-60.92137282626391,-40.84213638305664
5.61896917638109,11.887016296386719
-4.96580172718434,-19.389015197753906
-24.4432878855492,-15.45404052734375
1.675381804264854,-18.303607940673828
-2.8447496930443927,-12.078857421875
-1.059512617215007,3.8421437740325928
1.41805545618482,0.37076306343078613
-7.06329362397977,-23.2265682220459
9.400493271217616,0.6483519673347473
3.1327986373042376,-1.1274808645248413
4.097668935846943,4.996854782104492
-4.01456885639382,-69.8236083984375
-2.260381023139061,4.586134910583496
-8.237627320974727,-22.40768814086914
-2.23616712442702,3.158102035522461
-26.79502671025515,-66.96730041503906
-10.594900847222812,-44.971256256103516
4.509456424718162,-0.9991401433944702
-22.9219832537164,-16.19316864013672
-6.2026319104393295,-26.381343841552734
-4.662511414401839,-1.2299270629882812
-0.4503474699443348,-9.096786499023438
-21.5531296050118,-17.48114013671875
-39.7169735486916,-17.732418060302734
-6.13466459150186,-41.28315353393555
6.093529951556334,0.11978524923324585
-33.3004252633332,-21.848403930664062
-7.789052707582185,1.961202621459961
-61.6890402284636,-57.06496047973633
-10.613183176373598,-102.3812255859375
-12.6203596574975,-67.84095764160156
-15.2234416939723,-3.285829544067383
3.42848617073407,-9.684768676757812
-50.4820483838523,-8.410881996154785
-71.7765711158932,-23.23537254333496
4.338369925074482,-10.232878684997559
-34.0729170807354,-17.4617862701416
-10.285920522724917,1.802001953125
2.71808902854303,-9.390863418579102
2.26767773086615,11.01955795288086
0.3189015990893598,-7.925563812255859
-39.873530292237,-47.60744094848633
5.053393098685065,21.509695053100586
-5.77665564868809,-0.3050057888031006
-22.4462583852743,-46.713165283203125
-10.162041561092582,-21.893522262573242
8.70853787657841,-13.466585159301758
-3.73521146317182,-2.5437002182006836
-1.3326443092463092,-14.972461700439453
-5.830142578087577,-12.370950698852539
-7.815562497274902,-0.9994304180145264
-20.7558388881914,-24.968734741210938
-1.03656181464744,-1.5292644500732422
-3.930469946192945,-15.637288093566895
5.391699208755202,-17.632244110107422
7.2595381633228,3.2637298107147217
9.30630078585379,-2.27416729927063
-3.77133000272187,-48.229217529296875
-42.936846127142296,-43.54695129394531
0.5211206139658471,-11.932144165039062
0.7345204104922589,5.377442359924316
6.86106163750481,-0.30487060546875
-21.61387508166409,-10.051763534545898
-24.577379709126298,-24.714244842529297
3.986867952152618,-0.9842296838760376
-63.2346715672369,-16.793109893798828
4.55602013063716,-3.6331703662872314
-20.3623076046531,-8.994804382324219
8.678125432705007,3.046111822128296
-2.1147225087047508,-5.428493499755859
-1.14890133483728,1.3422503471374512
3.7921116228684086,0.6280458569526672
-1.3811964732242277,-37.79844665527344
0.1752112379752922,-11.974954605102539
3.3452637215970498,9.255851745605469
6.63109301847755,5.322750091552734
-8.72128086410909,-16.352554321289062
-0.1160299782726794,-14.66131591796875
0.1119561526876595,-1.388148307800293
11.877856996640997,-0.7894883155822754
-3.2142130797467816,-0.13451433181762695
-3.9552380984537248,-5.779356956481934
-1.593720937577549,-3.9286537170410156
3.3899996482015826,6.284465789794922
7.66334596528203,-5.958572864532471
2.60625970962018,-12.62054443359375
5.006519903780723,-21.455368041992188
-58.5527340809363,-11.48110580444336
3.776985072333982,1.1474361419677734
2.4866177573815964,-10.885470390319824
-0.6920482116816997,-5.831840515136719
2.1747311895065486,2.1631417274475098
-13.14009076535719,-21.91576385498047
2.745769909533195,2.5013580322265625
-10.626155896203898,4.044863224029541
0.0548896546292299,17.749692916870117
-69.1366966634013,-13.642931938171387
14.8508222506114,-0.6010831594467163
-28.3488859938485,-40.69303894042969
0.6884341878779402,4.767642974853516
12.566471603210276,6.2010369300842285
-5.472376660417956,-13.495534896850586
-2.1691769605730515,-9.682755470275879
-0.3887710448227697,12.625564575195312
9.1356503291117,1.2231535911560059
4.93167956005568,-6.935685634613037
2.713132201978397,0.6781578063964844
9.090654061652296,-15.590426445007324
1.741670982094262,-1.648498296737671
-5.89266438028177,-4.122383117675781
-1.130678948105339,-16.075281143188477
-46.587141393021525,-11.736712455749512
4.366245372711767,1.5573015213012695
2.858782897786812,0.147735595703125
2.53362859007723,0.3945903778076172
-1.7943154401891548,-2.051300048828125
-0.6435038581465955,4.0377349853515625
5.99108205682079,-4.688537120819092
2.44728958086436,-8.593341827392578
1.5718362711845366,-1.8931617736816406
-55.54568697318505,-13.362504959106445
-9.231606713935047,0.6161282062530518
3.547124544521316,-9.600322723388672
-73.5286754265322,-22.267818450927734
0.2047767843086013,3.8716259002685547
-10.398648228661925,-5.37186861038208
-46.9980356488569,-8.643564224243164
-62.9031214125763,-33.20138168334961
-10.35739215730591,-8.249652862548828
1.83593808226401,3.660706043243408
7.827394642815597,5.336990833282471
-9.742168339465294,-11.864364624023438
-0.29408409265346,-14.053382873535156
-5.653435188749545,-2.3222079277038574
-14.57002364123529,-14.043394088745117
-18.1797235112709,6.153045177459717
-5.45440876641342,-5.985575199127197
8.596988309863011,11.990275382995605
-5.493763326806099,-3.320007801055908
-8.393586343504198,0.1471787989139557
-3.963646539183849,0.17994022369384766
9.625121597198186,1.3258180618286133
-6.18357684414468,-6.708864688873291
-3.41466344580097,-8.653736114501953
-4.03025121975644,2.5844879150390625
-2.66483863280114,-17.545894622802734
-0.190891674386513,0.8186683654785156
16.1850033157246,11.985250473022461
-7.910003358009165,4.2469329833984375
-2.07861348348741,-12.39299201965332
12.331931266595111,4.280800819396973
0.8825935384285006,-2.6215360164642334
-2.1789667599796294,8.986759185791016
3.0307168501552093,-16.073715209960938
14.8229623836697,2.434170722961426
6.795393661635613,17.632667541503906
5.16750826555368,-16.479063034057617
-57.144820014625296,-13.055261611938477
6.167862854629888,-8.583108901977539
-2.698758931910008,-2.1815185546875
1.289294757415069,-7.83986759185791
13.9692836454661,4.930385112762451
-38.6438610292767,-17.879150390625
-3.119647295186995,-9.236961364746094
-6.745372906074374,-5.120208740234375
-2.7468186065138984,-0.07428598403930664
1.6198341998494314,-4.245696067810059
1.6646916021852596,-17.423276901245117
-7.87226820943855,-13.331599235534668
8.652061852316729,3.5432472229003906
2.4933992323843923,8.884859085083008
2.35160533891099,-6.469568252563477
1.30779520720034,19.32965087890625
-11.9965988914421,-4.346074104309082
4.780848076735348,-15.449945449829102
11.2728180991378,10.810661315917969
0.7651079053562314,-7.559183120727539
-10.6557437737239,2.7407541275024414
3.27100049685324,-4.982295989990234
-5.2815921348029296,-3.449575424194336
-27.5445722402187,-33.39580535888672
-2.683955047842884,17.228206634521484
-43.929359067237,-20.842540740966797
-4.639593570653838,-10.385311126708984
-14.7229944429405,0.4086683988571167
-5.00028834575103,-0.6013057231903076
-1.2236747050651609,-2.31512451171875
-17.6830733389949,-10.397270202636719
-9.979741434164584,-18.29667091369629
-0.2823200449385875,-4.666675567626953
-36.50577458359941,-3.6081981658935547
-4.853312003098937,-35.26446533203125
-27.4476544011683,-20.369400024414062
-49.5120706514507,-23.712400436401367
1.2287673509824204,-10.35044002532959
9.503977484174175,1.106813907623291
-5.5186956836840375,-34.086936950683594
-2.99361591491145,11.312837600708008
7.99575647038201,-4.349611282348633
11.7225687296843,3.093759059906006
6.987950206462267,-9.817745208740234
5.5273920092716775,-17.824129104614258
-7.19378137939456,-14.294178009033203
6.001532732018722,-0.6552345752716064
7.92708077877978,4.32757043838501
4.316615136301563,2.972902297973633
0.1590569364430157,4.406088829040527
2.8348518495029404,3.720773220062256
-46.6686841099013,-22.630285263061523
-0.8984319813221007,-7.296313285827637
4.30511943579503,0.7643470764160156
-3.36735139960915,-9.578927993774414
6.58117049992555,0.42031383514404297
6.753311816554961,-7.737022399902344
-1.1091988250418725,-9.21573543548584
5.26551760771767,6.22607421875
-37.3999740396079,-17.255619049072266
-34.48768519828235,-13.62825870513916
-46.862925671502296,-12.022205352783203
-1.19024715514191,0.13087081909179688
-1.4920816076829602,-0.2308979034423828
-5.775806690181939,-10.468915939331055
-14.2382866820043,-0.3873617649078369
1.3131129859732091,-1.6703672409057617
13.1991243046288,11.281018257141113
3.6035536346157695,3.3099803924560547
4.97603191479674,2.459534168243408
2.9737175212081803,-4.648223400115967
-35.1782981083837,-9.659106254577637
-10.480511156242285,-16.78014373779297
-0.3170472839931941,0.7024774551391602
3.59745169898486,-1.8030776977539062
-5.139364658294922,-9.356728553771973
-29.2662792150344,-20.949440002441406
11.555346181601609,3.0564258098602295
3.7092867134231,-21.35880470275879
-0.7280966227290082,-7.828788757324219
0.9480162028997956,11.794227600097656
-9.619042312244815,-13.2969970703125
-3.15562863494722,-15.759033203125
7.285509446842615,-9.014841079711914
2.71319811317338,-8.296995162963867
1.026942322157092,0.13001561164855957
-4.65691689928222,0.0422821044921875
-8.677497573270493,-13.178380966186523
14.3436638764016,5.0139899253845215
-11.8973420493851,-10.432548522949219
-6.61979034735207,-25.34090232849121
8.86280218600469,0.7061176300048828
-3.43040335892423,-6.819469451904297
0.4443344011282492,0.41663551330566406
2.6678241356197647,-0.2595653533935547
2.334382802629,-12.314678192138672
-13.8157551615103,-11.236442565917969
1.9007667723773176,-7.325995445251465
-17.190033530139498,-0.9621262550354004
3.88810032819938,-9.120397567749023
1.2705701336207027,3.0730457305908203
3.887422638441485,-6.471164703369141
10.349523074958825,0.5609931945800781
9.62907409316032,11.385871887207031
0.7709161631446207,-1.57784104347229
2.3166834950764685,-6.24238395690918
2.76912169862866,2.3708181381225586
-46.2372447228831,-10.847444534301758
-37.0930621901092,-23.372024536132812
0.996650643215182,-11.070842742919922
-12.898019313824,-10.55891227722168
-0.71117494174041,-10.450027465820312
-0.5663484394051013,9.238348007202148
-12.4595255596924,-4.131916046142578
-0.6089836493556324,-0.16772791743278503
6.92534745147092,1.3417816162109375
3.320229681965675,2.6021957397460938
-10.274169876330886,26.410980224609375
-49.062306315025,-12.626571655273438
-30.7261055182573,-10.726137161254883
22.7414116448382,-4.398959636688232
-0.9529303605806088,0.809638261795044
-10.739322929783883,-2.706484317779541
-20.9507978903398,-8.722394943237305
-24.96156751119129,-12.012310028076172
14.9823899147147,-9.495335578918457
-14.564555056626377,13.185440063476562
1.907333647224608,-10.831647872924805
-1.178255647098801,-10.14791488647461
1.9806048133258944,-11.550724029541016
8.833837192566008,8.954727172851562
-18.5255095356289,-24.81414031982422
3.010752586641185,24.79122543334961
3.67041582610247,-11.839505195617676
-33.7845903951132,-21.71734619140625
-13.812973987503693,-7.7438459396362305
-13.861300672159,-0.91619873046875
-26.24662901330595,-11.823494911193848
-1.61504571199055,-10.176461219787598
8.754663680824095,-1.1422369480133057
3.22816419080692,-13.999746322631836
-2.0585753436264698,-9.99068832397461
-9.59094984812801,-12.489106178283691
6.02246857213521,-1.5203208923339844
-4.11149235653684,-10.583115577697754
-4.361976736345532,-2.8730649948120117
-2.4097304318056905,-16.179649353027344
4.967381413305823,-5.295412063598633
-11.9154244975033,4.107467174530029
-11.183106529127476,-7.279623508453369
-2.3538192484503564,-6.363307952880859
-2.204579993178592,1.1651222705841064
-91.8886792382854,-13.34920597076416
3.2582764286422226,5.986858367919922
9.859104788483815,-12.192684173583984
-2.6304973605131474,0.5704662799835205
8.398744223780918,-7.939420700073242
1.4955767028094,-1.7657928466796875
6.720388221210122,5.917928218841553
6.99756701325662,-6.452962398529053
12.966325580978296,5.148251056671143
-22.8644313188967,-8.639867782592773
-14.4731176558811,1.5972158908843994
-0.0918051514147744,-9.694610595703125
0.9434331950199416,-3.326995849609375
7.877641553655238,-0.9849382638931274
-27.1636490162131,-12.009991645812988
3.42669038506664,0.25298643112182617
0.31232235517322,-8.059768676757812
1.1848602197973823,-2.632946014404297
-5.822632503482525,-13.548476219177246
-2.989164004622407,-12.189981460571289
1.69213972357191,9.670318603515625
-0.89184437235696,-4.307975769042969
2.446050707651698,11.464103698730469
5.07108724357905,-7.855944633483887
5.42147270471237,15.603760719299316
-2.20364176327536,20.94206428527832
3.08443697315444,6.494872093200684
-5.97248436581227,-14.195987701416016
-1.0190872666435924,-7.4386444091796875
-14.885807229381896,-4.133232116699219
0.046018285265003,-18.019031524658203
6.00089213826483,-2.8110718727111816
-1.4680391508473674,-16.01734161376953
-49.8653288018085,-25.653541564941406
-7.283890318199592,-6.349087715148926
3.6053774296538297,0.5114696025848389
6.364261125349779,-8.492929458618164
-51.4043293278057,-18.816261291503906
-64.65676531723692,-19.122474670410156
-26.1965705632023,1.4312524795532227
2.63157412115867,-10.041255950927734
16.694612728237402,-6.435869216918945
-17.0314498829154,-8.477962493896484
-58.40351531723695,-24.631650924682617
-15.3173389528898,-11.229387283325195
-6.613686761665703,-14.21512222290039
-39.0646563811545,-18.06985092163086
0.809697096857583,-4.826563358306885
0.4685622181175212,-14.771141052246094
-6.376202369524528,-20.2840576171875
-14.434457477598505,-6.636706352233887
-26.0047332498617,-14.317712783813477
-17.5801214502402,-14.178217887878418
-2.60072537807549,3.5090627670288086
7.184930267876617,4.6114349365234375
0.555665600488549,-11.414453506469727
8.747205755218493,3.9457473754882812
-2.289513933263135,-12.641988754272461
3.8009101564042025,-4.850588321685791
-1.67197513843126,-14.24206256866455
-15.746453943284,-23.721412658691406
