Score,Pred Score
-5.73967918172164,-17.482824325561523
-23.3725501337939,-6.337661266326904
9.04709717330502,-14.021525382995605
-3.724573545179619,5.84052848815918
4.4516036428765,-5.20168399810791
-1.657597602265355,-4.795819282531738
5.586124430090477,-1.0411694049835205
-26.6651088566214,-9.058450698852539
3.028467183462371,9.189779281616211
-40.7258600860177,-18.2587890625
-26.912205886836706,-14.926700592041016
-3.9965921287470247,0.522212028503418
-4.739766082030863,4.211265563964844
4.2006804390709,-11.815576553344727
-22.3071231538392,-7.839715957641602
-18.5891767455387,-8.081011772155762
-5.960419628776203,-1.8758525848388672
-18.9061714872788,-0.358675479888916
-21.4141717786538,0.11846923828125
-12.208208404490907,-0.47139573097229004
-3.72583443525641,-13.493762969970703
-2.377061578670744,-19.45555877685547
6.075310726130807,1.5449390411376953
2.12042655289975,7.270881652832031
3.181253849239128,7.08984375
10.41580460128629,-2.008913040161133
-23.8934551543691,-16.00811004638672
-0.8981307679622897,-14.603805541992188
3.7078671714499096,-4.578944206237793
11.644495901203598,16.970836639404297
-22.42608065327665,-4.520694732666016
-1.2036514942358316,-2.6944005489349365
-13.5091075877696,-13.610771179199219
-1.79502295092813,1.958017349243164
2.332279780348585,-58.2442626953125
3.11049964318654,-0.8746054172515869
3.54836143321337,-3.503702163696289
3.77256113899207,2.3447771072387695
-2.35314836228574,-6.202136993408203
7.837521570550837,1.6529078483581543
9.328533024448705,9.797569274902344
-37.9495035857927,-34.956939697265625
-4.144685584269085,-1.8237743377685547
8.91646092056966,-0.7427678108215332
5.635020609606415,3.9794483184814453
-15.1006814359747,5.427858352661133
-2.4599041427842496,1.824084758758545
2.42002639701588,-8.598621368408203
-3.0331069492891496,2.2349393367767334
10.480393919522983,1.1689280271530151
4.452168509343501,13.18328857421875
-2.552277046947741,-9.371308326721191
-5.97419023328963,-6.936489105224609
-0.5734820606807138,-4.904352188110352
3.7606671418030695,-9.86656379699707
-31.4759298257721,-23.992244720458984
0.300408103033295,-7.49627685546875
-6.32558602127377,-16.307357788085938
0.90894434552881,1.6519358158111572
5.954690473588823,10.97970199584961
0.0804428699766095,-4.719412803649902
8.45389840526827,-3.738922119140625
-2.8859593337581737,-4.507795333862305
-1.122073026503361,-3.3100714683532715
-75.56229656723696,-6.478852272033691
-6.291328737399075,-7.298974990844727
-10.1192188918475,4.485500335693359
-56.3663437951974,-16.92217254638672
2.4288820651169605,2.049327850341797
5.05355462238675,-9.821501731872559
-13.1809903671301,9.761265754699707
-6.75960002722117,18.03790283203125
9.0758909366509,-1.4717521667480469
-1.4230966237807086,29.33202362060547
5.59963570142504,-20.119632720947266
4.133325903305868,9.033369064331055
3.00680128293027,10.090814590454102
-27.8195558011628,-7.124486446380615
-29.9162730471743,-8.379669189453125
20.7191486697607,-2.2978153228759766
3.455876052191651,0.4059572219848633
2.595279020812243,-7.0035400390625
-4.0896099478500325,-2.258908271789551
5.3817717725564,-10.519981384277344
-1.9802660997523944,-5.676427841186523
0.4007388327427847,-20.170154571533203
10.11870938841209,-25.529468536376953
-1.7174251595272625,-0.9876842498779297
-13.2363849677504,0.36049842834472656
-58.24412469223692,-20.740026473999023
-47.9875704511971,-17.347578048706055
-3.681083449701528,-5.986237525939941
0.1118559290339978,-23.1025390625
-8.998840630677615,42.81536865234375
1.1941842843275,4.810113906860352
19.33685959748449,11.620177268981934
-3.09775596823669,-4.4874267578125
1.2555345380058751,-5.544638633728027
-78.7451798053926,-28.007301330566406
8.35813394800668,6.296538352966309
-19.6754058911438,-5.921061992645264
4.743603615290096,-18.181800842285156
1.3155747227446202,-8.401147842407227
11.316750179392892,5.202732086181641
11.779516260068313,8.960454940795898
-3.802611775309477,1.6263973712921143
-10.539071528779305,-12.271445274353027
4.49646859469848,-14.8646240234375
3.59102041590596,3.3096275329589844
2.1560784090827942,-22.18305206298828
-17.309192174305,-7.009499549865723
-1.768261666543676,-11.854265213012695
-3.34531377329845,-84.905029296875
-9.09730633851708,-9.137983322143555
-12.909180343140196,1.4225749969482422
4.020569536845237,-5.328348159790039
2.28163515100639,-15.504610061645508
-1.6307504375632549,-14.21670913696289
7.809600001042748,1.7254095077514648
-83.9761260280997,-5.166105270385742
7.656482330373112,5.759035587310791
1.675245639565673,-21.202909469604492
-15.991582533821994,-2.396190643310547
8.681027307740193,2.2502593994140625
11.10272802991041,2.806302070617676
3.42951329804928,-6.136137962341309
-1.4295761119406232,-11.544563293457031
-11.9299972333177,8.289949417114258
11.923948375295712,1.3304955959320068
5.960801203295765,-21.107494354248047
-0.4381862293696001,-9.579919815063477
-2.43808381047612,-26.6054630279541
5.72263802046558,-12.515621185302734
1.1496085756031087,0.3813069462776184
-6.72144892291601,-3.2211053371429443
18.1939100849816,0.2513132095336914
3.61441892535489,5.547883033752441
-0.8028238008287005,-13.27255630493164
0.7001962140772594,0.6669731140136719
2.125547882163602,-3.483200788497925
-2.8472026300298463,-10.418335914611816
-4.534682244798708,-15.017585754394531
4.49418879319923,-17.851882934570312
-10.901275449743116,-6.980774402618408
-4.736229867816737,4.439698219299316
-0.0053525606393112,106.66339111328125
7.06923762363823,3.8892383575439453
-0.0084306638066775,-11.530904769897461
2.11900133622217,1.055922269821167
8.106852576346123,9.042502403259277
-0.1428452494230792,5.502174377441406
-1.0683487237199796,50.117919921875
0.0285872237409883,16.517127990722656
2.75380173901167,-4.5838727951049805
-7.69948364751984,-5.678125381469727
-0.0556983764780604,-3.7515671253204346
-1.32131943338233,2.7252197265625
-3.0345245902191325,-13.228736877441406
-2.93911844531118,-8.923135757446289
9.94612085382829,0.18860173225402832
-3.5546157663424616,-1.291109561920166
-11.221818720505304,-22.577987670898438
3.9797293996962297,1.0040305852890015
4.54734483862441,1.6945453882217407
-45.634880019414,-10.015068054199219
-1.6020246929696491,-14.03842544555664
-4.12581810820042,-8.66601848602295
-3.019531285218114,-27.12139892578125
5.42509465390903,-5.486626625061035
-21.5871320482388,1.7590742111206055
-1.2497809936708242,-9.214096069335938
-35.0272315856836,-38.439239501953125
3.37898618824583,9.43620491027832
-13.4460672849668,-12.406578063964844
10.982614675109394,0.23004353046417236
2.35164464781062,-9.988410949707031
-20.9676231329802,-11.350624084472656
-1.6422791314174887,0.1532023400068283
-0.3136273830120112,-15.482757568359375
-16.967828162594074,-6.33861780166626
-2.8325461302865187,3.630753755569458
-2.6871577689602653,-10.13412094116211
7.570838092245207,-7.8840227127075195
-13.547300817594484,-21.211606979370117
8.99923705482913,-7.635989189147949
-0.003939288658445,0.41493022441864014
6.147225205740463,-10.700621604919434
-2.149900469098629,-27.51491928100586
-25.2381267145584,-13.031529426574707
-5.36204355968609,-3.931640625
4.43276114617859,0.70977783203125
3.27144637329635,4.984662055969238
-1.626797120535592,-0.9037132263183594
-9.859535687586003,1.6787643432617188
2.0008593011464906,-8.272257804870605
0.369316059642221,-7.9395904541015625
5.79128728304933,-6.493404388427734
0.1235817830644999,-2.6726021766662598
-3.36903782007548,-6.776079177856445
7.06032809637297,-1.5239276885986328
13.71198107208239,3.9061665534973145
0.2886204877907422,-3.573735237121582
16.4171583068458,8.497855186462402
-44.7886924625105,-34.986793518066406
-7.726553411266567,-8.545351028442383
4.065326821312747,-2.4043426513671875
2.12749125232924,-5.7287421226501465
9.06213659212517,0.6386957168579102
-4.51305804704249,-8.272445678710938
4.28301459624688,-1.0206108093261719
-7.211196994815285,-11.621377944946289
-58.4491138315396,-15.056772232055664
-0.5413656534735456,-2.3831710815429688
3.24770439300306,-3.037907123565674
-0.6472060937938101,1.223541259765625
-1.93656353174353,-2.4479470252990723
-1.94666134980912,-2.9861741065979004
-0.670930828719279,-13.975550651550293
17.1612744381531,1.8245364427566528
-8.044482691931467,-9.901656150817871
16.9968892380515,2.0237581729888916
3.62056380925444,-15.16048812866211
4.07090957771029,1.4248046875
-1.0680791130593923,-16.461755752563477
4.69437535963172,-10.34359359741211
0.3837795244341289,-5.176549434661865
0.6681105368389735,31.504043579101562
-8.08045020128908,19.994916915893555
-42.6579269422049,-12.526144027709961
-30.89708550466269,-8.221187591552734
-1.1617148968623687,-8.683021545410156
6.46185690649625,-4.248079299926758
8.658679095048068,-0.9835233688354492
-0.1898191226144924,4.672264099121094
6.457932781589695,-0.039562731981277466
-33.7712071062874,-0.6737518310546875
-4.786538605318405,2.2544732093811035
-13.5632540546311,-3.406672477722168
-82.13826531723697,-16.298498153686523
-3.0453156276270903,12.16534423828125
6.430237727930085,-10.376896858215332
5.31082796058257,-0.5464003086090088
-70.65073406723695,-19.917036056518555
4.71112087372323,-9.522851943969727
-10.78700495517378,-14.729080200195312
-6.055427015859325,21.1214599609375
-16.475900892606802,21.831056594848633
-2.487076105276776,48.74420166015625
-48.3858044800915,-6.375624656677246
5.893700156574014,5.1217145919799805
-47.9957157156951,-7.419365882873535
-1.511416195100045,-15.346643447875977
-7.071587649042333,-6.763736724853516
-0.3550158381598589,1.0111103057861328
-17.0078420331655,-8.910356521606445
10.3189652047012,19.027389526367188
8.829561804598438,3.9208757877349854
10.909208084253878,-0.9764622449874878
-2.25262466719878,-0.8794171214103699
0.7445982178878973,-3.6279361248016357
-4.813871520282443,-0.48630452156066895
2.85060083445348,4.745750427246094
-2.54595208771381,-9.037729263305664
-8.692928400841772,42.158233642578125
16.618750626525,-0.1435530185699463
7.37064384347005,-7.7863850593566895
-6.81516141534704,-7.648519515991211
-10.386374558578522,7.941959381103516
3.73205068567752,14.881814002990723
-6.40442742836347,-3.3588449954986572
1.74273211890989,35.373382568359375
-7.920344649869953,-15.212425231933594
-9.28527551691871,1.2783782482147217
1.51502173443586,-0.9110523462295532
-90.3299705619704,-2.6617355346679688
-6.512385872303066,-12.642372131347656
0.7982616963508231,-5.150845527648926
15.8859560938761,-0.3460453748703003
-23.227454082363305,-8.484334945678711
5.4465900456679694,2.26667857170105
-13.2494383747796,-4.982507228851318
-2.3458288386735573,-0.7587699890136719
-1.5403494549472296,-18.138832092285156
-2.941164138388841,-6.215250492095947
-14.6311710829416,-10.237981796264648
-4.81834176383161,3.3113059997558594
-4.03806373695381,-8.789335250854492
0.4076170529080399,-18.53980255126953
-34.8552692363716,-7.91351318359375
-25.0659802428987,11.209635734558105
-5.8684323426223,2.421395778656006
0.6771989561182002,-15.074066162109375
-14.6157572128631,-10.452010154724121
5.344594984386832,-11.212782859802246
-4.75101729862813,-7.621947765350342
-89.5439156156453,-12.500109672546387
-1.207429910073891,7.257427215576172
13.667582002208905,0.7297298908233643
-82.4887013651952,-3.8521523475646973
4.40921359309415,16.226152420043945
-19.923371510770203,1.7478761672973633
-4.665207913971671,-14.642562866210938
3.42106467876526,1.5392632484436035
-39.0956747424042,-8.620781898498535
-10.288292260688207,-10.766355514526367
2.3067635611900137,-11.889263153076172
-4.92782811871599,-2.637167453765869
10.292368565007404,-0.6835881471633911
-8.184373188662292,-9.614949226379395
-4.763634360062484,33.76020812988281
-2.40000424902785,-12.973906517028809
5.009535132419683,11.688639640808105
-22.2455703021075,-9.638813018798828
3.987299411465438,0.2808084487915039
-38.4962238749225,-16.63747787475586
-44.9949251983702,-2.8653454780578613
-1.378759213278819,-10.765349388122559
8.07102955700163,3.511392831802368
1.055995951979529,2.6686105728149414
2.188685633501576,1.244813323020935
1.0880788430276551,-0.968132495880127
-0.2898522089969393,-1.0250136852264404
-3.790702882666694,7.201641082763672
-7.940842049461227,-8.716367721557617
4.398742241377427,36.886146545410156
2.5565427438131976,4.8069024085998535
4.123908949931413,2.4417953491210938
-76.9668504799361,-26.953723907470703
-14.1325019191809,-3.210028648376465
7.960789166364423,1.6012473106384277
0.4423212163888063,18.916030883789062
2.63206586722876,8.067312240600586
3.1988276731025875,-24.17209243774414
-1.6552655274048038,0.6179469227790833
8.077984978184695,-11.830796241760254
-13.790764753514,-6.635276794433594
2.13745295521649,-1.9767990112304688
3.0897024917955025,-6.078635215759277
-0.3530077955256401,-17.421161651611328
-7.639409008216227,4.924195289611816
2.765011277030255,-20.931602478027344
3.557691046156,-6.482079982757568
4.00031385473591,-17.462186813354492
-55.7541546140486,-8.757464408874512
9.550892694239591,2.505415439605713
1.775572054007981,-31.979324340820312
-2.248378586620203,-4.184967041015625
-56.2560888739038,-8.626913070678711
-2.5590885431480426,-4.3205461502075195
-40.5029244010595,-12.975400924682617
-30.8171784242839,-3.6379554271698
2.679404112105611,-3.2019498348236084
2.76740193393285,12.29183578491211
-11.341527235964405,-17.748472213745117
-3.448025235667948,-11.649118423461914
-0.0780407432645869,-65.31271362304688
11.616605850275496,4.904872894287109
9.179556151687803,-22.16162109375
7.190050317883171,0.10977184772491455
-39.4932668903457,-21.364721298217773
-2.306526469902426,-27.630355834960938
0.5403453062071405,-8.17333984375
-23.6042929930625,-14.33704662322998
-4.172986764275874,-15.583074569702148
0.5394390329931549,2.091890811920166
5.84905996845087,2.654688835144043
-22.9515728231767,-16.1363525390625
-3.134999611446543,-5.434117794036865
-6.066411004621831,-1.6128228902816772
2.24572304437811,-8.15765380859375
-70.8116033690518,-14.924856185913086
0.3224388648416145,-9.189920425415039
4.755697845162629,3.8323872089385986
1.7336328627834918,-8.729574203491211
3.939818822274421,2.4912161827087402
6.09033976794457,2.0749707221984863
6.4251548431743295,-4.120113372802734
-6.47138721063866,-25.342300415039062
-0.0379657812584102,-8.224769592285156
4.4105627388370605,2.3874244689941406
2.3065604778561424,3.786571502685547
7.588764503474316,0.606844425201416
-24.3954295810688,-10.48490047454834
7.380729755239978,-9.393852233886719
5.978124919049687,-9.295599937438965
0.7860328468455551,-6.036407470703125
-44.1817825469333,-23.647415161132812
3.58036180553514,-3.756965398788452
3.33951124606136,3.206664562225342
-6.79658968512302,-7.646415710449219
3.7347243087796,-19.205524444580078
4.76541245752904,1.4552688598632812
8.922207576391518,-3.7708961963653564
-11.864177458483407,-8.724010467529297
1.166748445159433,1.0216002464294434
-25.781275563237,-20.817241668701172
4.179707781567577,1.4437522888183594
-1.073248118887358,4.254642486572266
1.7249239205326918,-0.040259361267089844
-81.52648016021857,-16.248537063598633
13.015759276594096,11.18599796295166
5.35198813185094,-9.795263290405273
-12.53254789251529,-8.465394020080566
5.45103123545738,-2.693873167037964
4.128157012788561,1.1906980276107788
-3.8590388668775,-1.492238998413086
7.36579899286375,-9.92532730102539
-11.03094492075089,-8.049346923828125
8.017093587799739,19.635093688964844
15.384553292915324,-14.88857364654541
2.79124989437018,-1.9704878330230713
2.81101468536903,-10.92480182647705
-1.7237618714553775,2.256053924560547
-2.202886656443709,-7.529998779296875
2.369358494612781,3.7438745498657227
-11.30813578108209,-1.7314453125
4.484288991501213,-7.389087677001953
-35.8165916579592,-12.652044296264648
-5.19085420781142,-7.429488658905029
2.86709961553106,-5.840717315673828
-4.349210006555943,1.5673080682754517
5.029017096161708,-0.047922730445861816
8.243548509216069,5.3545637130737305
-2.6184282494780104,-7.177778244018555
-5.527709296795018,-10.805913925170898
-52.7336020518746,-18.804983139038086
6.07843040491799,-5.507929801940918
-4.396710286499547,-5.033132553100586
6.6154810826822,0.9720326662063599
9.772192422094813,-16.78460693359375
2.099307195887115,12.863418579101562
-12.414939844598162,-17.310049057006836
8.24149319055937,-6.60178804397583
-1.5178355576616795,-5.348146915435791
9.144089281431205,-7.365544319152832
1.418014053180695,-17.05681610107422
-60.92137282626391,-32.57410430908203
5.61896917638109,54.6153450012207
-4.96580172718434,-19.099136352539062
-24.4432878855492,-15.054104804992676
1.675381804264854,-14.029438018798828
-2.8447496930443927,-13.730644226074219
-1.059512617215007,6.322491645812988
1.41805545618482,0.05671989917755127
-7.06329362397977,-31.11277198791504
9.400493271217616,0.5353596806526184
3.1327986373042376,-2.5128588676452637
4.097668935846943,6.1309309005737305
-4.01456885639382,-47.759429931640625
-2.260381023139061,3.386566400527954
-8.237627320974727,-15.042983055114746
-2.23616712442702,2.3436217308044434
-26.79502671025515,-44.931800842285156
-10.594900847222812,-26.624229431152344
4.509456424718162,-3.0791711807250977
-22.9219832537164,-12.985366821289062
-6.2026319104393295,-20.3931884765625
-4.662511414401839,-7.848915100097656
-0.4503474699443348,-7.839056015014648
-21.5531296050118,-14.595467567443848
-39.7169735486916,-16.94683074951172
-6.13466459150186,-30.455476760864258
6.093529951556334,0.12718844413757324
-33.3004252633332,-20.700767517089844
-7.789052707582185,3.784367322921753
-61.6890402284636,-37.9379768371582
-10.613183176373598,-84.6285400390625
-12.6203596574975,-46.84935760498047
-15.2234416939723,-3.327531576156616
3.42848617073407,-14.44316291809082
-50.4820483838523,-9.79481315612793
-71.7765711158932,-17.822834014892578
4.338369925074482,-11.337730407714844
-34.0729170807354,-11.282011032104492
-10.285920522724917,9.475252151489258
2.71808902854303,-12.10892105102539
2.26767773086615,-0.025023460388183594
0.3189015990893598,-7.00832986831665
-39.873530292237,-25.64723014831543
5.053393098685065,11.927051544189453
-5.77665564868809,-5.151705741882324
-22.4462583852743,-21.105472564697266
-10.162041561092582,-18.920148849487305
8.70853787657841,-12.181614875793457
-3.73521146317182,-6.236623287200928
-1.3326443092463092,-14.197955131530762
-5.830142578087577,-12.535612106323242
-7.815562497274902,-1.941825032234192
-20.7558388881914,-13.222370147705078
-1.03656181464744,-20.14532470703125
-3.930469946192945,-15.469666481018066
5.391699208755202,-8.007694244384766
7.2595381633228,1.089856505393982
9.30630078585379,1.3186187744140625
-3.77133000272187,-16.612823486328125
-42.936846127142296,-23.922828674316406
0.5211206139658471,9.659576416015625
0.7345204104922589,4.013115406036377
6.86106163750481,15.398056030273438
-21.61387508166409,-5.457450866699219
-24.577379709126298,-22.72393035888672
3.986867952152618,-4.846280574798584
-63.2346715672369,-2.044330596923828
4.55602013063716,-4.455422401428223
-20.3623076046531,-9.563777923583984
8.678125432705007,0.7892787456512451
-2.1147225087047508,4.3097991943359375
-1.14890133483728,1.1018587350845337
3.7921116228684086,-1.249729871749878
-1.3811964732242277,-18.591007232666016
0.1752112379752922,-10.548221588134766
3.3452637215970498,-1.8021316528320312
6.63109301847755,6.185413360595703
-8.72128086410909,-20.65648651123047
-0.1160299782726794,-11.812198638916016
0.1119561526876595,-1.6907777786254883
11.877856996640997,-0.8716259002685547
-3.2142130797467816,-0.4359389543533325
-3.9552380984537248,-3.864004135131836
-1.593720937577549,-12.510246276855469
3.3899996482015826,15.007634162902832
7.66334596528203,-7.713006019592285
2.60625970962018,-10.506591796875
5.006519903780723,-18.3560791015625
-58.5527340809363,-10.201526641845703
3.776985072333982,-4.244964599609375
2.4866177573815964,-8.77176284790039
-0.6920482116816997,-7.374022960662842
2.1747311895065486,3.0534462928771973
-13.14009076535719,-20.8679141998291
2.745769909533195,4.865236282348633
-10.626155896203898,1.9737792015075684
0.0548896546292299,13.227981567382812
-69.1366966634013,-9.144279479980469
14.8508222506114,-1.700584888458252
-28.3488859938485,-13.496391296386719
0.6884341878779402,2.2115325927734375
12.566471603210276,6.936943531036377
-5.472376660417956,-14.222588539123535
-2.1691769605730515,-7.9383039474487305
-0.3887710448227697,10.897811889648438
9.1356503291117,1.0941121578216553
4.93167956005568,-11.091856956481934
2.713132201978397,-7.246492385864258
9.090654061652296,-12.555245399475098
1.741670982094262,-2.022280693054199
-5.89266438028177,-0.1250159740447998
-1.130678948105339,-16.093217849731445
-46.587141393021525,-8.704514503479004
4.366245372711767,2.350269079208374
2.858782897786812,-13.792915344238281
2.53362859007723,6.621501922607422
-1.7943154401891548,-11.00149917602539
-0.6435038581465955,-13.371940612792969
5.99108205682079,-5.540904998779297
2.44728958086436,-5.687753677368164
1.5718362711845366,3.0788803100585938
-55.54568697318505,-7.704369068145752
-9.231606713935047,0.5823976993560791
3.547124544521316,-22.928627014160156
-73.5286754265322,-21.11276626586914
0.2047767843086013,1.3385200500488281
-10.398648228661925,-1.9652280807495117
-46.9980356488569,-7.350844860076904
-62.9031214125763,-31.41803741455078
-10.35739215730591,2.8767566680908203
1.83593808226401,1.0769493579864502
7.827394642815597,2.6634297370910645
-9.742168339465294,-27.07657814025879
-0.29408409265346,-14.180679321289062
-5.653435188749545,-5.518762588500977
-14.57002364123529,-8.521035194396973
-18.1797235112709,8.682713508605957
-5.45440876641342,-8.08573055267334
8.596988309863011,6.020523548126221
-5.493763326806099,6.010286331176758
-8.393586343504198,0.18389564752578735
-3.963646539183849,1.9297010898590088
9.625121597198186,9.760119438171387
-6.18357684414468,-7.688475608825684
-3.41466344580097,-7.992323398590088
-4.03025121975644,-2.953784942626953
-2.66483863280114,-15.638121604919434
-0.190891674386513,-1.8189430236816406
16.1850033157246,10.66204833984375
-7.910003358009165,9.991378784179688
-2.07861348348741,-12.358342170715332
12.331931266595111,7.870598793029785
0.8825935384285006,-5.398826599121094
-2.1789667599796294,-4.674922943115234
3.0307168501552093,-13.92286491394043
14.8229623836697,1.7819074392318726
6.795393661635613,21.228530883789062
5.16750826555368,-10.645092010498047
-57.144820014625296,-11.116002082824707
6.167862854629888,-5.485302925109863
-2.698758931910008,-7.589824676513672
1.289294757415069,-7.285755157470703
13.9692836454661,2.4601526260375977
-38.6438610292767,-10.34128189086914
-3.119647295186995,-5.792889595031738
-6.745372906074374,-10.155517578125
-2.7468186065138984,-2.8481669425964355
1.6198341998494314,-4.952113151550293
1.6646916021852596,-13.173186302185059
-7.87226820943855,-11.823725700378418
8.652061852316729,1.3477134704589844
2.4933992323843923,10.633560180664062
2.35160533891099,-12.34105110168457
1.30779520720034,-0.41696834564208984
-11.9965988914421,-4.3414459228515625
4.780848076735348,-16.51290512084961
11.2728180991378,5.029494285583496
0.7651079053562314,-12.687790870666504
-10.6557437737239,4.241808891296387
3.27100049685324,-8.397821426391602
-5.2815921348029296,5.092033386230469
-27.5445722402187,-27.434505462646484
-2.683955047842884,-0.3400154113769531
-43.929359067237,-14.759212493896484
-4.639593570653838,-10.648357391357422
-14.7229944429405,1.1153243780136108
-5.00028834575103,-3.7125964164733887
-1.2236747050651609,-3.9503402709960938
-17.6830733389949,-10.98129653930664
-9.979741434164584,-15.224221229553223
-0.2823200449385875,-20.235788345336914
-36.50577458359941,-10.894271850585938
-4.853312003098937,-30.74506187438965
-27.4476544011683,-17.43584442138672
-49.5120706514507,-20.809398651123047
1.2287673509824204,-6.297906875610352
9.503977484174175,-0.7451810836791992
-5.5186956836840375,-36.94403839111328
-2.99361591491145,-1.7911262512207031
7.99575647038201,-4.471630573272705
11.7225687296843,1.3392860889434814
6.987950206462267,-12.119813919067383
5.5273920092716775,-15.173230171203613
-7.19378137939456,-13.544454574584961
6.001532732018722,-0.22112882137298584
7.92708077877978,2.435734748840332
4.316615136301563,3.1549038887023926
0.1590569364430157,1.0901994705200195
2.8348518495029404,0.9733929634094238
-46.6686841099013,-12.820812225341797
-0.8984319813221007,-7.270236968994141
4.30511943579503,-4.424375534057617
-3.36735139960915,-12.018548965454102
6.58117049992555,-2.071232795715332
6.753311816554961,-8.1880464553833
-1.1091988250418725,-2.5156497955322266
5.26551760771767,1.0360755920410156
-37.3999740396079,-10.506231307983398
-34.48768519828235,-13.839096069335938
-46.862925671502296,-9.496923446655273
-1.19024715514191,-1.0427665710449219
-1.4920816076829602,-9.738765716552734
-5.775806690181939,-5.707990646362305
-14.2382866820043,-1.159587025642395
1.3131129859732091,-0.6930046081542969
13.1991243046288,10.526863098144531
3.6035536346157695,-3.560871124267578
4.97603191479674,5.086205005645752
2.9737175212081803,-4.507563591003418
-35.1782981083837,-7.615337371826172
-10.480511156242285,-12.037996292114258
-0.3170472839931941,7.82139778137207
3.59745169898486,-1.9332246780395508
-5.139364658294922,-4.487990379333496
-29.2662792150344,-11.16771411895752
11.555346181601609,1.8231115341186523
3.7092867134231,-13.528239250183105
-0.7280966227290082,-16.18389892578125
0.9480162028997956,11.479034423828125
-9.619042312244815,-18.582916259765625
-3.15562863494722,-25.472518920898438
7.285509446842615,-9.723851203918457
2.71319811317338,-6.304563999176025
1.026942322157092,-0.18472778797149658
-4.65691689928222,-0.5470848083496094
-8.677497573270493,-10.926468849182129
14.3436638764016,-1.4313418865203857
-11.8973420493851,-2.9070358276367188
-6.61979034735207,-24.78488540649414
8.86280218600469,0.16934657096862793
-3.43040335892423,-15.762481689453125
0.4443344011282492,4.767037391662598
2.6678241356197647,-8.156003952026367
2.334382802629,-7.870909690856934
-13.8157551615103,-15.846410751342773
1.9007667723773176,-7.890935897827148
-17.190033530139498,-0.36308538913726807
3.88810032819938,-10.50496768951416
1.2705701336207027,-2.8537673950195312
3.887422638441485,-6.073817253112793
10.349523074958825,1.6817893981933594
9.62907409316032,0.287200927734375
0.7709161631446207,-3.444751739501953
2.3166834950764685,-12.664388656616211
2.76912169862866,4.480341911315918
-46.2372447228831,-6.517360687255859
-37.0930621901092,-24.13806915283203
0.996650643215182,-17.11575698852539
-12.898019313824,-7.9204864501953125
-0.71117494174041,-12.34599781036377
-0.5663484394051013,10.366216659545898
-12.4595255596924,-2.365729331970215
-0.6089836493556324,-0.9273433089256287
6.92534745147092,2.528902053833008
3.320229681965675,-6.6085662841796875
-10.274169876330886,64.715576171875
-49.062306315025,7.402595520019531
-30.7261055182573,-7.825648784637451
22.7414116448382,-0.8532023429870605
-0.9529303605806088,1.8131309747695923
-10.739322929783883,0.8048372268676758
-20.9507978903398,-3.713580846786499
-24.96156751119129,7.792060852050781
14.9823899147147,-3.9079625606536865
-14.564555056626377,25.159076690673828
1.907333647224608,-8.92431926727295
-1.178255647098801,-1.2698097229003906
1.9806048133258944,-9.244636535644531
8.833837192566008,8.674064636230469
-18.5255095356289,-18.610271453857422
3.010752586641185,29.265121459960938
3.67041582610247,-13.126121520996094
-33.7845903951132,-13.440655708312988
-13.812973987503693,-0.5476217269897461
-13.861300672159,-2.265488624572754
-26.24662901330595,-7.083669662475586
-1.61504571199055,-11.104496002197266
8.754663680824095,-0.9439949989318848
3.22816419080692,-11.036263465881348
-2.0585753436264698,-15.045564651489258
-9.59094984812801,-10.398606300354004
6.02246857213521,-3.61663818359375
-4.11149235653684,-11.604364395141602
-4.361976736345532,-5.8443603515625
-2.4097304318056905,-17.669509887695312
4.967381413305823,-1.1603279113769531
-11.9154244975033,3.0073580741882324
-11.183106529127476,-7.6219892501831055
-2.3538192484503564,-4.917795181274414
-2.204579993178592,1.316748857498169
-91.8886792382854,-14.5707426071167
3.2582764286422226,10.552000045776367
9.859104788483815,-11.142752647399902
-2.6304973605131474,1.3253960609436035
8.398744223780918,-6.458685874938965
1.4955767028094,3.037557601928711
6.720388221210122,5.70184850692749
6.99756701325662,-5.97370719909668
12.966325580978296,4.26078462600708
-22.8644313188967,-10.333988189697266
-14.4731176558811,1.9138745069503784
-0.0918051514147744,-15.249024391174316
0.9434331950199416,-10.801666259765625
7.877641553655238,-4.02097225189209
-27.1636490162131,-9.890096664428711
3.42669038506664,-5.735468864440918
0.31232235517322,-5.1398115158081055
1.1848602197973823,-1.127939224243164
-5.822632503482525,-8.780146598815918
-2.989164004622407,-8.673590660095215
1.69213972357191,15.403884887695312
-0.89184437235696,-4.568142890930176
2.446050707651698,37.42145538330078
5.07108724357905,-11.019638061523438
5.42147270471237,9.948602676391602
-2.20364176327536,8.037433624267578
3.08443697315444,5.954925537109375
-5.97248436581227,-13.694635391235352
-1.0190872666435924,-8.253997802734375
-14.885807229381896,-3.604511260986328
0.046018285265003,-11.996576309204102
6.00089213826483,-2.0864524841308594
-1.4680391508473674,-13.967643737792969
-49.8653288018085,-13.265247344970703
-7.283890318199592,-5.892119407653809
3.6053774296538297,-2.394625663757324
6.364261125349779,-9.302221298217773
-51.4043293278057,-13.536355018615723
-64.65676531723692,-14.704195022583008
-26.1965705632023,2.5668582916259766
2.63157412115867,-6.616653919219971
16.694612728237402,-1.0996208190917969
-17.0314498829154,-7.202530384063721
-58.40351531723695,-21.334228515625
-15.3173389528898,-18.883769989013672
-6.613686761665703,-11.2218656539917
-39.0646563811545,-13.97530746459961
0.809697096857583,-5.638115406036377
0.4685622181175212,-15.293848991394043
-6.376202369524528,-4.7464599609375
-14.434457477598505,-7.8584136962890625
-26.0047332498617,-12.895671844482422
-17.5801214502402,-9.687311172485352
-2.60072537807549,1.0828404426574707
7.184930267876617,1.6894569396972656
0.555665600488549,-13.670326232910156
8.747205755218493,1.7427836656570435
-2.289513933263135,-10.732890129089355
3.8009101564042025,-4.631315231323242
-1.67197513843126,-8.796829223632812
-15.746453943284,-16.429237365722656
