Score,Pred Score
-5.73967918172164,-3.6975975036621094
-23.3725501337939,0.15363287925720215
9.04709717330502,-16.187654495239258
-3.724573545179619,-2.290729522705078
4.4516036428765,-1.1795730590820312
-1.657597602265355,-3.7668304443359375
5.586124430090477,-2.909947395324707
-26.6651088566214,-10.17949390411377
3.028467183462371,17.984031677246094
-40.7258600860177,-8.919472694396973
-26.912205886836706,-5.728538513183594
-3.9965921287470247,-0.9278955459594727
-4.739766082030863,15.803024291992188
4.2006804390709,-26.612314224243164
-22.3071231538392,-8.494512557983398
-18.5891767455387,-6.356931686401367
-5.960419628776203,-36.916046142578125
-18.9061714872788,2.2219109535217285
-21.4141717786538,50.54667663574219
-12.208208404490907,-12.58563232421875
-3.72583443525641,28.071823120117188
-2.377061578670744,-12.284259796142578
6.075310726130807,3.941926956176758
2.12042655289975,34.752906799316406
3.181253849239128,-63.017333984375
10.41580460128629,-2.0280864238739014
-23.8934551543691,-15.737964630126953
-0.8981307679622897,47.491302490234375
3.7078671714499096,-6.0884623527526855
11.644495901203598,-35.36415100097656
-22.42608065327665,17.11734390258789
-1.2036514942358316,22.53842544555664
-13.5091075877696,20.83930206298828
-1.79502295092813,-8.060009956359863
2.332279780348585,161.8853759765625
3.11049964318654,-8.069742202758789
3.54836143321337,-3.5935897827148438
3.77256113899207,-3.41971492767334
-2.35314836228574,-20.159076690673828
7.837521570550837,-1.9667803049087524
9.328533024448705,-39.74855041503906
-37.9495035857927,364.4302978515625
-4.144685584269085,9.569159507751465
8.91646092056966,-3.3832616806030273
5.635020609606415,-5.493602752685547
-15.1006814359747,-8.612699508666992
-2.4599041427842496,9.554986000061035
2.42002639701588,-10.63656234741211
-3.0331069492891496,-13.955669403076172
10.480393919522983,-1.229095220565796
4.452168509343501,-11.897993087768555
-2.552277046947741,-2.505114793777466
-5.97419023328963,-84.32293701171875
-0.5734820606807138,32.26420211791992
3.7606671418030695,-16.568483352661133
-31.4759298257721,8.807441711425781
0.300408103033295,70.90179443359375
-6.32558602127377,-11.12296199798584
0.90894434552881,7.798636436462402
5.954690473588823,26.241628646850586
0.0804428699766095,0.6719455718994141
8.45389840526827,-46.27537536621094
-2.8859593337581737,30.858062744140625
-1.122073026503361,1.9399136304855347
-75.56229656723696,1.0056428909301758
-6.291328737399075,-9.123517990112305
-10.1192188918475,17.27774429321289
-56.3663437951974,-84.37516021728516
2.4288820651169605,77.23622131347656
5.05355462238675,-8.599430084228516
-13.1809903671301,11.502351760864258
-6.75960002722117,-146.01397705078125
9.0758909366509,60.22411346435547
-1.4230966237807086,-36.741188049316406
5.59963570142504,-11.594019889831543
4.133325903305868,87.88650512695312
3.00680128293027,13.08868408203125
-27.8195558011628,-1.0508065223693848
-29.9162730471743,-14.92362117767334
20.7191486697607,1.7883191108703613
3.455876052191651,5.318294525146484
2.595279020812243,3.1250524520874023
-4.0896099478500325,12.7913818359375
5.3817717725564,-16.455204010009766
-1.9802660997523944,10.001983642578125
0.4007388327427847,-105.65737915039062
10.11870938841209,-44.991302490234375
-1.7174251595272625,-45.46178436279297
-13.2363849677504,-9.164194107055664
-58.24412469223692,-10.373251914978027
-47.9875704511971,18.085697174072266
-3.681083449701528,1.7026309967041016
0.1118559290339978,-12.050747871398926
-8.998840630677615,-108.5294189453125
1.1941842843275,8.97999382019043
19.33685959748449,29.131702423095703
-3.09775596823669,6.2840423583984375
1.2555345380058751,4.343381881713867
-78.7451798053926,-31.90699005126953
8.35813394800668,4.291661739349365
-19.6754058911438,2.2850754261016846
4.743603615290096,-37.09447479248047
1.3155747227446202,-4.289266109466553
11.316750179392892,-8.823259353637695
11.779516260068313,-5.801012992858887
-3.802611775309477,-4.322355270385742
-10.539071528779305,1.788604736328125
4.49646859469848,152.52386474609375
3.59102041590596,-14.745826721191406
2.1560784090827942,-7.185596466064453
-17.309192174305,-1.392923355102539
-1.768261666543676,-20.6202335357666
-3.34531377329845,113.99462890625
-9.09730633851708,-12.592039108276367
-12.909180343140196,9.367762565612793
4.020569536845237,14.100305557250977
2.28163515100639,1.9317359924316406
-1.6307504375632549,76.01427459716797
7.809600001042748,3.302858829498291
-83.9761260280997,3.81288480758667
7.656482330373112,-1.9090204238891602
1.675245639565673,-3.6248884201049805
-15.991582533821994,-1.8473796844482422
8.681027307740193,49.500579833984375
11.10272802991041,8.968893051147461
3.42951329804928,2.926361083984375
-1.4295761119406232,-8.180927276611328
-11.9299972333177,14.610908508300781
11.923948375295712,10.104410171508789
5.960801203295765,-14.410259246826172
-0.4381862293696001,-8.847556114196777
-2.43808381047612,-34.26747512817383
5.72263802046558,-27.145771026611328
1.1496085756031087,13.138175010681152
-6.72144892291601,7.034838676452637
18.1939100849816,-1.6574172973632812
3.61441892535489,12.74879264831543
-0.8028238008287005,-0.35190582275390625
0.7001962140772594,9.457353591918945
2.125547882163602,3.485226631164551
-2.8472026300298463,-10.890642166137695
-4.534682244798708,-20.928346633911133
4.49418879319923,82.38392639160156
-10.901275449743116,0.943543553352356
-4.736229867816737,-12.282207489013672
-0.0053525606393112,-542.286376953125
7.06923762363823,-11.905261993408203
-0.0084306638066775,-26.97182273864746
2.11900133622217,10.234175682067871
8.106852576346123,2.8813095092773438
-0.1428452494230792,8.596763610839844
-1.0683487237199796,-123.351806640625
0.0285872237409883,-106.64533996582031
2.75380173901167,-9.539383888244629
-7.69948364751984,-13.406108856201172
-0.0556983764780604,-3.8737659454345703
-1.32131943338233,-22.91307830810547
-3.0345245902191325,-18.660018920898438
-2.93911844531118,-8.988667488098145
9.94612085382829,-13.564905166625977
-3.5546157663424616,7.142788410186768
-11.221818720505304,-1.70751953125
3.9797293996962297,9.137603759765625
4.54734483862441,9.001810073852539
-45.634880019414,0.4221982955932617
-1.6020246929696491,-4.559747219085693
-4.12581810820042,-12.814556121826172
-3.019531285218114,71.31744384765625
5.42509465390903,10.04261302947998
-21.5871320482388,11.606430053710938
-1.2497809936708242,-13.137165069580078
-35.0272315856836,-18.564781188964844
3.37898618824583,15.036023139953613
-13.4460672849668,-13.149948120117188
10.982614675109394,9.611577987670898
2.35164464781062,-92.11181640625
-20.9676231329802,-242.54620361328125
-1.6422791314174887,12.295173645019531
-0.3136273830120112,54.40568542480469
-16.967828162594074,0.6630291938781738
-2.8325461302865187,-14.487127304077148
-2.6871577689602653,-2.7988576889038086
7.570838092245207,3.1535253524780273
-13.547300817594484,-5.212553977966309
8.99923705482913,-12.307914733886719
-0.003939288658445,16.54714584350586
6.147225205740463,-7.334477424621582
-2.149900469098629,-21.304161071777344
-25.2381267145584,-0.21718978881835938
-5.36204355968609,-64.63777160644531
4.43276114617859,-4.056764602661133
3.27144637329635,-9.709571838378906
-1.626797120535592,7.714996337890625
-9.859535687586003,1.6327705383300781
2.0008593011464906,-0.32405567169189453
0.369316059642221,14.06342601776123
5.79128728304933,-3.855224609375
0.1235817830644999,-2.4151217937469482
-3.36903782007548,36.166744232177734
7.06032809637297,-9.433420181274414
13.71198107208239,10.029522895812988
0.2886204877907422,-9.024415016174316
16.4171583068458,12.082832336425781
-44.7886924625105,-35.450889587402344
-7.726553411266567,-18.82571792602539
4.065326821312747,-18.78875732421875
2.12749125232924,2.420804500579834
9.06213659212517,11.544897079467773
-4.51305804704249,4.163551330566406
4.28301459624688,-5.608711242675781
-7.211196994815285,-8.343097686767578
-58.4491138315396,-4.743858814239502
-0.5413656534735456,47.45038604736328
3.24770439300306,7.533525466918945
-0.6472060937938101,-5.9464263916015625
-1.93656353174353,10.882549285888672
-1.94666134980912,9.419294357299805
-0.670930828719279,-4.6302032470703125
17.1612744381531,3.6920270919799805
-8.044482691931467,-10.660957336425781
16.9968892380515,3.290578603744507
3.62056380925444,-1.3481154441833496
4.07090957771029,-12.352066040039062
-1.0680791130593923,3.528228759765625
4.69437535963172,-1.157038688659668
0.3837795244341289,4.275070667266846
0.6681105368389735,-33.76158905029297
-8.08045020128908,10.047370910644531
-42.6579269422049,-24.182979583740234
-30.89708550466269,5.353928565979004
-1.1617148968623687,-53.9637336730957
6.46185690649625,-2.7133193016052246
8.658679095048068,18.261512756347656
-0.1898191226144924,-9.266557693481445
6.457932781589695,8.00194263458252
-33.7712071062874,-90.4087142944336
-4.786538605318405,9.881650924682617
-13.5632540546311,6.854598045349121
-82.13826531723697,-7.835196495056152
-3.0453156276270903,-99.02630615234375
6.430237727930085,-2.3926801681518555
5.31082796058257,9.195301055908203
-70.65073406723695,-48.43025588989258
4.71112087372323,-10.009866714477539
-10.78700495517378,-31.688838958740234
-6.055427015859325,-70.4373779296875
-16.475900892606802,-8.113494873046875
-2.487076105276776,-21.5164794921875
-48.3858044800915,-3.5897128582000732
5.893700156574014,-6.301267623901367
-47.9957157156951,-5.07205057144165
-1.511416195100045,-12.47751235961914
-7.071587649042333,-23.950973510742188
-0.3550158381598589,6.682979583740234
-17.0078420331655,-12.670602798461914
10.3189652047012,131.66156005859375
8.829561804598438,5.991880416870117
10.909208084253878,5.283219814300537
-2.25262466719878,9.54702091217041
0.7445982178878973,7.693295001983643
-4.813871520282443,3.3601861000061035
2.85060083445348,2.301891326904297
-2.54595208771381,-27.11629867553711
-8.692928400841772,-173.595947265625
16.618750626525,-5.199648857116699
7.37064384347005,-5.641169548034668
-6.81516141534704,-8.77566146850586
-10.386374558578522,5.153493881225586
3.73205068567752,16.285715103149414
-6.40442742836347,1.7184505462646484
1.74273211890989,52.25770568847656
-7.920344649869953,-38.16365051269531
-9.28527551691871,6.234411239624023
1.51502173443586,7.935356616973877
-90.3299705619704,-2.2382640838623047
-6.512385872303066,-2.0055336952209473
0.7982616963508231,-10.008784294128418
15.8859560938761,2.9380087852478027
-23.227454082363305,-12.98714828491211
5.4465900456679694,3.6047468185424805
-13.2494383747796,-4.680635929107666
-2.3458288386735573,-9.442245483398438
-1.5403494549472296,-8.659442901611328
-2.941164138388841,0.09708642959594727
-14.6311710829416,-13.005352020263672
-4.81834176383161,8.209930419921875
-4.03806373695381,-17.04078483581543
0.4076170529080399,-43.362098693847656
-34.8552692363716,-12.55180835723877
-25.0659802428987,5.992891311645508
-5.8684323426223,-14.422069549560547
0.6771989561182002,-11.949945449829102
-14.6157572128631,-19.6771240234375
5.344594984386832,-9.505770683288574
-4.75101729862813,9.388333320617676
-89.5439156156453,-3.9197263717651367
-1.207429910073891,-131.9275665283203
13.667582002208905,-0.7112383842468262
-82.4887013651952,-1.9155490398406982
4.40921359309415,17.891979217529297
-19.923371510770203,-8.100082397460938
-4.665207913971671,-17.79900550842285
3.42106467876526,5.720444202423096
-39.0956747424042,-15.89697265625
-10.288292260688207,26.706005096435547
2.3067635611900137,2.5928268432617188
-4.92782811871599,8.229032516479492
10.292368565007404,-3.0276050567626953
-8.184373188662292,-26.675643920898438
-4.763634360062484,-48.802268981933594
-2.40000424902785,-8.887487411499023
5.009535132419683,-21.363712310791016
-22.2455703021075,-12.371736526489258
3.987299411465438,-51.252559661865234
-38.4962238749225,-3.129861831665039
-44.9949251983702,3.768930673599243
-1.378759213278819,-26.74019432067871
8.07102955700163,15.85772705078125
1.055995951979529,8.091487884521484
2.188685633501576,-2.1968445777893066
1.0880788430276551,-15.904150009155273
-0.2898522089969393,-14.446104049682617
-3.790702882666694,-5.514522552490234
-7.940842049461227,-30.080589294433594
4.398742241377427,44.1650390625
2.5565427438131976,-11.412958145141602
4.123908949931413,45.91794967651367
-76.9668504799361,-12.432188034057617
-14.1325019191809,-6.392661094665527
7.960789166364423,-0.8544900417327881
0.4423212163888063,25.138168334960938
2.63206586722876,13.555346488952637
3.1988276731025875,-19.121749877929688
-1.6552655274048038,-0.8290244936943054
8.077984978184695,-34.036376953125
-13.790764753514,-10.224199295043945
2.13745295521649,5.669313430786133
3.0897024917955025,2.5084075927734375
-0.3530077955256401,-8.89312744140625
-7.639409008216227,10.764267921447754
2.765011277030255,-22.99383544921875
3.557691046156,6.964282512664795
4.00031385473591,-35.14055252075195
-55.7541546140486,-7.043107986450195
9.550892694239591,13.916223526000977
1.775572054007981,170.80850219726562
-2.248378586620203,18.1768798828125
-56.2560888739038,-1.1817984580993652
-2.5590885431480426,1.5283372402191162
-40.5029244010595,-2.3366074562072754
-30.8171784242839,1.5078837871551514
2.679404112105611,9.402629852294922
2.76740193393285,67.69625091552734
-11.341527235964405,-39.537601470947266
-3.448025235667948,-5.938812255859375
-0.0780407432645869,-100.80467224121094
11.616605850275496,13.508081436157227
9.179556151687803,131.07376098632812
7.190050317883171,13.659486770629883
-39.4932668903457,-54.42322540283203
-2.306526469902426,-29.15679168701172
0.5403453062071405,40.37628173828125
-23.6042929930625,-6.6843109130859375
-4.172986764275874,-6.282422065734863
0.5394390329931549,18.60478973388672
5.84905996845087,-6.645292282104492
-22.9515728231767,6.32366943359375
-3.134999611446543,-20.599300384521484
-6.066411004621831,6.726555824279785
2.24572304437811,23.36962890625
-70.8116033690518,-6.065467834472656
0.3224388648416145,-4.8615570068359375
4.755697845162629,-4.800746917724609
1.7336328627834918,-16.180862426757812
3.939818822274421,-31.670028686523438
6.09033976794457,3.9015064239501953
6.4251548431743295,-8.248202323913574
-6.47138721063866,-9.2396240234375
-0.0379657812584102,35.08073425292969
4.4105627388370605,-13.783477783203125
2.3065604778561424,4.66215705871582
7.588764503474316,7.738526344299316
-24.3954295810688,-5.6601104736328125
7.380729755239978,-18.26587677001953
5.978124919049687,2.0511837005615234
0.7860328468455551,73.59272003173828
-44.1817825469333,-8.583125114440918
3.58036180553514,-7.930320739746094
3.33951124606136,6.577576637268066
-6.79658968512302,-14.242134094238281
3.7347243087796,-20.685638427734375
4.76541245752904,1.5350713729858398
8.922207576391518,-7.592304229736328
-11.864177458483407,-10.14522933959961
1.166748445159433,4.319508075714111
-25.781275563237,-5.87821626663208
4.179707781567577,16.95374870300293
-1.073248118887358,36.181392669677734
1.7249239205326918,-3.5733070373535156
-81.52648016021857,-13.898548126220703
13.015759276594096,41.00519561767578
5.35198813185094,-25.63350486755371
-12.53254789251529,-1.4234659671783447
5.45103123545738,-11.807764053344727
4.128157012788561,-1.6639552116394043
-3.8590388668775,32.40062713623047
7.36579899286375,-5.854957580566406
-11.03094492075089,-1.0284525156021118
8.017093587799739,6.551841735839844
15.384553292915324,-8.034525871276855
2.79124989437018,12.18447494506836
2.81101468536903,-25.788875579833984
-1.7237618714553775,12.595906257629395
-2.202886656443709,-131.060791015625
2.369358494612781,-9.868063926696777
-11.30813578108209,-354.0684814453125
4.484288991501213,-54.76800537109375
-35.8165916579592,-30.330337524414062
-5.19085420781142,-10.595088005065918
2.86709961553106,-9.097990989685059
-4.349210006555943,6.460597515106201
5.029017096161708,6.730679035186768
8.243548509216069,12.868059158325195
-2.6184282494780104,-3.8850157260894775
-5.527709296795018,-5.806332588195801
-52.7336020518746,-9.062633514404297
6.07843040491799,-1.5587024688720703
-4.396710286499547,0.44409751892089844
6.6154810826822,-3.6120219230651855
9.772192422094813,-3.247913360595703
2.099307195887115,55.46296310424805
-12.414939844598162,-10.50505256652832
8.24149319055937,-2.4033265113830566
-1.5178355576616795,-4.233736991882324
9.144089281431205,-11.146706581115723
1.418014053180695,67.46139526367188
-60.92137282626391,37.623512268066406
5.61896917638109,-70.8204345703125
-4.96580172718434,1.5741119384765625
-24.4432878855492,-5.438836097717285
1.675381804264854,-12.025747299194336
-2.8447496930443927,-40.53997802734375
-1.059512617215007,10.548688888549805
1.41805545618482,7.418371200561523
-7.06329362397977,-18.78732681274414
9.400493271217616,7.703540325164795
3.1327986373042376,0.4537949562072754
4.097668935846943,4.194367408752441
-4.01456885639382,28.94097900390625
-2.260381023139061,-8.331000328063965
-8.237627320974727,-23.50535011291504
-2.23616712442702,-1.904017448425293
-26.79502671025515,-87.84512329101562
-10.594900847222812,-57.829307556152344
4.509456424718162,8.828937530517578
-22.9219832537164,-0.5719256401062012
-6.2026319104393295,-46.35304260253906
-4.662511414401839,0.3357696533203125
-0.4503474699443348,25.16717529296875
-21.5531296050118,-8.853292465209961
-39.7169735486916,-28.733779907226562
-6.13466459150186,-46.69346237182617
6.093529951556334,5.849883079528809
-33.3004252633332,19.646080017089844
-7.789052707582185,9.754105567932129
-61.6890402284636,-42.559837341308594
-10.613183176373598,125.03857421875
-12.6203596574975,-84.08612060546875
-15.2234416939723,2.9857473373413086
3.42848617073407,-34.72419738769531
-50.4820483838523,-18.10897445678711
-71.7765711158932,-7.818028926849365
4.338369925074482,-8.14072322845459
-34.0729170807354,-13.143386840820312
-10.285920522724917,21.25537109375
2.71808902854303,-9.513139724731445
2.26767773086615,-2.049449920654297
0.3189015990893598,-0.36496734619140625
-39.873530292237,-37.008811950683594
5.053393098685065,-13.613227844238281
-5.77665564868809,-22.810802459716797
-22.4462583852743,-102.88131713867188
-10.162041561092582,-3.515523910522461
8.70853787657841,0.5472040176391602
-3.73521146317182,-5.3053083419799805
-1.3326443092463092,-9.317464828491211
-5.830142578087577,-18.015785217285156
-7.815562497274902,7.340871334075928
-20.7558388881914,-63.57659149169922
-1.03656181464744,38.98823547363281
-3.930469946192945,-10.463212966918945
5.391699208755202,38.90106201171875
7.2595381633228,-1.7614250183105469
9.30630078585379,21.25830841064453
-3.77133000272187,-268.31732177734375
-42.936846127142296,-28.188827514648438
0.5211206139658471,-203.0999755859375
0.7345204104922589,-1.7083353996276855
6.86106163750481,-154.76263427734375
-21.61387508166409,3.9901013374328613
-24.577379709126298,-10.882850646972656
3.986867952152618,-0.8724504709243774
-63.2346715672369,15.893693923950195
4.55602013063716,-14.89787769317627
-20.3623076046531,-5.535469055175781
8.678125432705007,-1.208547592163086
-2.1147225087047508,-48.431671142578125
-1.14890133483728,0.9622436761856079
3.7921116228684086,7.289202690124512
-1.3811964732242277,-106.15504455566406
0.1752112379752922,-16.653759002685547
3.3452637215970498,65.47576904296875
6.63109301847755,13.27839469909668
-8.72128086410909,4.2262115478515625
-0.1160299782726794,42.58599853515625
0.1119561526876595,-3.34466552734375
11.877856996640997,-5.591075420379639
-3.2142130797467816,6.471282958984375
-3.9552380984537248,-17.658084869384766
-1.593720937577549,-15.554216384887695
3.3899996482015826,13.74361801147461
7.66334596528203,-17.528545379638672
2.60625970962018,67.12242126464844
5.006519903780723,-4.3038225173950195
-58.5527340809363,2.3675100803375244
3.776985072333982,18.815704345703125
2.4866177573815964,5.355377197265625
-0.6920482116816997,-4.2244415283203125
2.1747311895065486,23.495624542236328
-13.14009076535719,-24.04485511779785
2.745769909533195,10.6953125
-10.626155896203898,8.85438346862793
0.0548896546292299,34.24909973144531
-69.1366966634013,-9.663548469543457
14.8508222506114,-2.235830783843994
-28.3488859938485,109.84080505371094
0.6884341878779402,-26.798160552978516
12.566471603210276,7.873747825622559
-5.472376660417956,-29.329879760742188
-2.1691769605730515,-7.936883449554443
-0.3887710448227697,-42.361785888671875
9.1356503291117,6.900389671325684
4.93167956005568,-28.403751373291016
2.713132201978397,19.663005828857422
9.090654061652296,-12.494182586669922
1.741670982094262,11.714032173156738
-5.89266438028177,-18.049047470092773
-1.130678948105339,9.875685691833496
-46.587141393021525,-0.5429773330688477
4.366245372711767,9.440010070800781
2.858782897786812,-58.19510269165039
2.53362859007723,3.426687240600586
-1.7943154401891548,-11.679275512695312
-0.6435038581465955,-129.73065185546875
5.99108205682079,1.9059686660766602
2.44728958086436,-0.4410057067871094
1.5718362711845366,-7.806283950805664
-55.54568697318505,-1.2976638078689575
-9.231606713935047,0.04920148849487305
3.547124544521316,-64.0637435913086
-73.5286754265322,-13.577239990234375
0.2047767843086013,-24.993202209472656
-10.398648228661925,-1.4584989547729492
-46.9980356488569,-16.73276138305664
-62.9031214125763,-29.329580307006836
-10.35739215730591,33.8994140625
1.83593808226401,0.6817383766174316
7.827394642815597,40.894195556640625
-9.742168339465294,-58.4068489074707
-0.29408409265346,-8.3292875289917
-5.653435188749545,-19.052196502685547
-14.57002364123529,-3.751885414123535
-18.1797235112709,14.719087600708008
-5.45440876641342,-5.628783702850342
8.596988309863011,7.128172874450684
-5.493763326806099,-21.65129852294922
-8.393586343504198,7.381670951843262
-3.963646539183849,-3.43015456199646
9.625121597198186,6.242801666259766
-6.18357684414468,1.720522403717041
-3.41466344580097,-7.594132900238037
-4.03025121975644,39.92402648925781
-2.66483863280114,-5.636316299438477
-0.190891674386513,-26.75818634033203
16.1850033157246,18.97920036315918
-7.910003358009165,22.559932708740234
-2.07861348348741,-22.956134796142578
12.331931266595111,11.336541175842285
0.8825935384285006,-14.152461051940918
-2.1789667599796294,11.35870361328125
3.0307168501552093,-5.018150329589844
14.8229623836697,3.79886794090271
6.795393661635613,8.162208557128906
5.16750826555368,-30.128265380859375
-57.144820014625296,-10.52189826965332
6.167862854629888,-10.414237022399902
-2.698758931910008,35.6922607421875
1.289294757415069,-22.78658103942871
13.9692836454661,9.786748886108398
-38.6438610292767,-0.43683624267578125
-3.119647295186995,-0.48549747467041016
-6.745372906074374,72.378173828125
-2.7468186065138984,-13.317239761352539
1.6198341998494314,-14.976829528808594
1.6646916021852596,-4.444619178771973
-7.87226820943855,-16.952980041503906
8.652061852316729,-54.904052734375
2.4933992323843923,34.46290588378906
2.35160533891099,-2.0772552490234375
1.30779520720034,41.42168426513672
-11.9965988914421,5.129101753234863
4.780848076735348,-13.887031555175781
11.2728180991378,4.881486892700195
0.7651079053562314,-16.007034301757812
-10.6557437737239,7.952689170837402
3.27100049685324,0.7595443725585938
-5.2815921348029296,-17.446409225463867
-27.5445722402187,-144.14309692382812
-2.683955047842884,21.236835479736328
-43.929359067237,-6.796092987060547
-4.639593570653838,-10.23404312133789
-14.7229944429405,1.337759017944336
-5.00028834575103,-4.664812088012695
-1.2236747050651609,10.202930450439453
-17.6830733389949,-123.55668640136719
-9.979741434164584,-38.48019027709961
-0.2823200449385875,-95.49751281738281
-36.50577458359941,-35.376136779785156
-4.853312003098937,-36.81632995605469
-27.4476544011683,-8.551681518554688
-49.5120706514507,-15.437016487121582
1.2287673509824204,-2.341522455215454
9.503977484174175,14.85330581665039
-5.5186956836840375,-171.09718322753906
-2.99361591491145,-6.867424011230469
7.99575647038201,-8.30905532836914
11.7225687296843,4.330484390258789
6.987950206462267,-31.50920867919922
5.5273920092716775,-5.513753890991211
-7.19378137939456,-98.72095489501953
6.001532732018722,0.09911632537841797
7.92708077877978,13.104454040527344
4.316615136301563,2.2573211193084717
0.1590569364430157,-5.27646017074585
2.8348518495029404,-5.181048393249512
-46.6686841099013,-11.071075439453125
-0.8984319813221007,8.965682983398438
4.30511943579503,10.481132507324219
-3.36735139960915,-22.108694076538086
6.58117049992555,-1.9381885528564453
6.753311816554961,-7.056762218475342
-1.1091988250418725,-0.33368587493896484
5.26551760771767,34.35783386230469
-37.3999740396079,-8.24561882019043
-34.48768519828235,-7.085944175720215
-46.862925671502296,-1.032872200012207
-1.19024715514191,-6.273551940917969
-1.4920816076829602,-15.37051010131836
-5.775806690181939,-8.589742660522461
-14.2382866820043,-0.43628644943237305
1.3131129859732091,30.119094848632812
13.1991243046288,13.389955520629883
3.6035536346157695,11.750961303710938
4.97603191479674,17.75049591064453
2.9737175212081803,-0.5127633810043335
-35.1782981083837,-14.33698558807373
-10.480511156242285,-10.221811294555664
-0.3170472839931941,6.334094047546387
3.59745169898486,9.866256713867188
-5.139364658294922,7.382200241088867
-29.2662792150344,1.4843463897705078
11.555346181601609,-0.3205052614212036
3.7092867134231,-10.129451751708984
-0.7280966227290082,6.588775634765625
0.9480162028997956,-23.20384979248047
-9.619042312244815,25.133560180664062
-3.15562863494722,322.54644775390625
7.285509446842615,-21.688640594482422
2.71319811317338,-1.0476932525634766
1.026942322157092,3.4511115550994873
-4.65691689928222,40.21455001831055
-8.677497573270493,-2.2286415100097656
14.3436638764016,6.716531753540039
-11.8973420493851,37.96098327636719
-6.61979034735207,-8.482076644897461
8.86280218600469,2.2008213996887207
-3.43040335892423,-9.192779541015625
0.4443344011282492,-2.0944290161132812
2.6678241356197647,-10.56927490234375
2.334382802629,-4.7544989585876465
-13.8157551615103,-29.14940643310547
1.9007667723773176,-4.488016605377197
-17.190033530139498,0.20367908477783203
3.88810032819938,-7.051759719848633
1.2705701336207027,2.725696563720703
3.887422638441485,-7.029144763946533
10.349523074958825,-0.7113465070724487
9.62907409316032,10.642059326171875
0.7709161631446207,-5.204525470733643
2.3166834950764685,-14.061119079589844
2.76912169862866,3.8607447147369385
-46.2372447228831,1.7551465034484863
-37.0930621901092,-39.474666595458984
0.996650643215182,-27.1938419342041
-12.898019313824,-13.201404571533203
-0.71117494174041,-7.089633941650391
-0.5663484394051013,14.71695327758789
-12.4595255596924,-25.061687469482422
-0.6089836493556324,8.981300354003906
6.92534745147092,-5.208894729614258
3.320229681965675,-73.39157104492188
-10.274169876330886,-81.9796142578125
-49.062306315025,-117.54559326171875
-30.7261055182573,-20.24382781982422
22.7414116448382,-8.447269439697266
-0.9529303605806088,2.6917691230773926
-10.739322929783883,0.6115446090698242
-20.9507978903398,0.7107720375061035
-24.96156751119129,-98.42375946044922
14.9823899147147,-5.524206161499023
-14.564555056626377,-76.75300598144531
1.907333647224608,-2.719259262084961
-1.178255647098801,-32.695220947265625
1.9806048133258944,-27.59830665588379
8.833837192566008,13.845211029052734
-18.5255095356289,-35.2049674987793
3.010752586641185,-70.23207092285156
3.67041582610247,-28.029720306396484
-33.7845903951132,-13.858209609985352
-13.812973987503693,-31.46893882751465
-13.861300672159,-29.441394805908203
-26.24662901330595,0.6163425445556641
-1.61504571199055,-22.157154083251953
8.754663680824095,-17.915096282958984
3.22816419080692,-3.3379716873168945
-2.0585753436264698,-8.224063873291016
-9.59094984812801,-21.558805465698242
6.02246857213521,-14.808197021484375
-4.11149235653684,-5.196630477905273
-4.361976736345532,19.683937072753906
-2.4097304318056905,-5.349610805511475
4.967381413305823,-75.46224975585938
-11.9154244975033,-2.6791434288024902
-11.183106529127476,-5.7065277099609375
-2.3538192484503564,-9.445627212524414
-2.204579993178592,4.328830718994141
-91.8886792382854,-7.019798755645752
3.2582764286422226,2.7932777404785156
9.859104788483815,-5.5650763511657715
-2.6304973605131474,8.45831298828125
8.398744223780918,-0.43363094329833984
1.4955767028094,4.560468673706055
6.720388221210122,9.271175384521484
6.99756701325662,-0.1842937469482422
12.966325580978296,2.7704553604125977
-22.8644313188967,-5.6549577713012695
-14.4731176558811,4.26403284072876
-0.0918051514147744,-39.640594482421875
0.9434331950199416,52.3502197265625
7.877641553655238,3.4037647247314453
-27.1636490162131,-5.378013610839844
3.42669038506664,-9.050908088684082
0.31232235517322,8.633543014526367
1.1848602197973823,-23.888214111328125
-5.822632503482525,-9.677541732788086
-2.989164004622407,-6.2731099128723145
1.69213972357191,-0.6303253173828125
-0.89184437235696,0.6713998317718506
2.446050707651698,212.81661987304688
5.07108724357905,-19.752437591552734
5.42147270471237,1.9198577404022217
-2.20364176327536,-177.42355346679688
3.08443697315444,13.639663696289062
-5.97248436581227,-8.48283863067627
-1.0190872666435924,-107.0225830078125
-14.885807229381896,-37.63780212402344
0.046018285265003,-22.139549255371094
6.00089213826483,-1.7937967777252197
-1.4680391508473674,-13.520695686340332
-49.8653288018085,-7.201423645019531
-7.283890318199592,7.583132743835449
3.6053774296538297,-12.842145919799805
6.364261125349779,-8.347030639648438
-51.4043293278057,-6.681809425354004
-64.65676531723692,-9.276987075805664
-26.1965705632023,25.30743408203125
2.63157412115867,-0.46367740631103516
16.694612728237402,-4.679361343383789
-17.0314498829154,6.120424747467041
-58.40351531723695,-39.30831527709961
-15.3173389528898,-23.124725341796875
-6.613686761665703,2.2849960327148438
-39.0646563811545,-6.723823070526123
0.809697096857583,-9.507711410522461
0.4685622181175212,-10.214631080627441
-6.376202369524528,-130.07421875
-14.434457477598505,-11.634920120239258
-26.0047332498617,-8.123188972473145
-17.5801214502402,-10.331287384033203
-2.60072537807549,1.7367057800292969
7.184930267876617,-0.40987396240234375
0.555665600488549,0.1435072422027588
8.747205755218493,-3.8716440200805664
-2.289513933263135,4.278904914855957
3.8009101564042025,3.6872024536132812
-1.67197513843126,-1.2652108669281006
-15.746453943284,1.0612239837646484
