Score,Pred Score
-5.73967918172164,-16.194347381591797
-23.3725501337939,-2.109205484390259
9.04709717330502,-12.773756980895996
-3.724573545179619,2.8566207885742188
4.4516036428765,-0.7090272903442383
-1.657597602265355,-9.25676155090332
5.586124430090477,1.4558134078979492
-26.6651088566214,-4.180600166320801
3.028467183462371,16.23050880432129
-40.7258600860177,-21.72702407836914
-26.912205886836706,-8.735527038574219
-3.9965921287470247,-0.6362895965576172
-4.739766082030863,13.19404411315918
4.2006804390709,-34.22225570678711
-22.3071231538392,-9.250619888305664
-18.5891767455387,-18.778059005737305
-5.960419628776203,-9.494613647460938
-18.9061714872788,-4.117476940155029
-21.4141717786538,-14.881446838378906
-12.208208404490907,0.11181497573852539
-3.72583443525641,-30.83257293701172
-2.377061578670744,-17.660127639770508
6.075310726130807,1.3063468933105469
2.12042655289975,13.99801254272461
3.181253849239128,28.782958984375
10.41580460128629,-1.790933609008789
-23.8934551543691,-4.514713287353516
-0.8981307679622897,-3.0667724609375
3.7078671714499096,-3.445366382598877
11.644495901203598,-8.399707794189453
-22.42608065327665,-23.111534118652344
-1.2036514942358316,-1.6868338584899902
-13.5091075877696,-3.9723739624023438
-1.79502295092813,1.1971378326416016
2.332279780348585,-85.457275390625
3.11049964318654,0.05340385437011719
3.54836143321337,-12.433316230773926
3.77256113899207,5.375110626220703
-2.35314836228574,-11.019672393798828
7.837521570550837,1.662337303161621
9.328533024448705,18.14861297607422
-37.9495035857927,-128.97955322265625
-4.144685584269085,-1.9316682815551758
8.91646092056966,-8.370081901550293
5.635020609606415,-5.991239547729492
-15.1006814359747,7.018906593322754
-2.4599041427842496,3.124523639678955
2.42002639701588,-19.860836029052734
-3.0331069492891496,-3.0661461353302
10.480393919522983,1.7939144372940063
4.452168509343501,-3.2316951751708984
-2.552277046947741,-4.709202289581299
-5.97419023328963,-2.2757034301757812
-0.5734820606807138,7.304222106933594
3.7606671418030695,-19.03489875793457
-31.4759298257721,-36.68340301513672
0.300408103033295,-104.69036865234375
-6.32558602127377,-19.119525909423828
0.90894434552881,4.166348457336426
5.954690473588823,6.556737899780273
0.0804428699766095,-0.9392797946929932
8.45389840526827,-5.239166259765625
-2.8859593337581737,20.692960739135742
-1.122073026503361,-0.07735514640808105
-75.56229656723696,-1.8864717483520508
-6.291328737399075,-4.054330825805664
-10.1192188918475,10.757492065429688
-56.3663437951974,-2.8229942321777344
2.4288820651169605,-1.6941375732421875
5.05355462238675,-27.631193161010742
-13.1809903671301,9.505508422851562
-6.75960002722117,-23.35211181640625
9.0758909366509,-23.893592834472656
-1.4230966237807086,56.26861572265625
5.59963570142504,-14.560626029968262
4.133325903305868,-3.3988475799560547
3.00680128293027,12.648092269897461
-27.8195558011628,-3.1947779655456543
-29.9162730471743,-15.457029342651367
20.7191486697607,4.479503154754639
3.455876052191651,-9.174285888671875
2.595279020812243,-1.0681228637695312
-4.0896099478500325,-2.761030435562134
5.3817717725564,-10.400245666503906
-1.9802660997523944,-25.500919342041016
0.4007388327427847,-40.24498748779297
10.11870938841209,-13.939727783203125
-1.7174251595272625,-9.008785247802734
-13.2363849677504,-3.78851318359375
-58.24412469223692,-18.675687789916992
-47.9875704511971,-23.130939483642578
-3.681083449701528,0.7534165382385254
0.1118559290339978,-17.763086318969727
-8.998840630677615,54.67913818359375
1.1941842843275,3.391319751739502
19.33685959748449,30.26922607421875
-3.09775596823669,-9.079421997070312
1.2555345380058751,-13.085156440734863
-78.7451798053926,-22.573156356811523
8.35813394800668,7.700982093811035
-19.6754058911438,-1.4867889881134033
4.743603615290096,-24.63461685180664
1.3155747227446202,-5.441584587097168
11.316750179392892,9.482994079589844
11.779516260068313,-0.9211997985839844
-3.802611775309477,0.5184221863746643
-10.539071528779305,2.866151809692383
4.49646859469848,-58.38720703125
3.59102041590596,8.068031311035156
2.1560784090827942,-41.27223205566406
-17.309192174305,-7.9975199699401855
-1.768261666543676,-7.016922950744629
-3.34531377329845,10.069580078125
-9.09730633851708,-6.331334114074707
-12.909180343140196,-3.1137986183166504
4.020569536845237,-2.950505256652832
2.28163515100639,-35.456398010253906
-1.6307504375632549,-73.908203125
7.809600001042748,4.1527228355407715
-83.9761260280997,-6.953066825866699
7.656482330373112,7.601045608520508
1.675245639565673,-13.438600540161133
-15.991582533821994,0.6583690643310547
8.681027307740193,-2.288116455078125
11.10272802991041,6.207343101501465
3.42951329804928,-3.4190196990966797
-1.4295761119406232,-30.219867706298828
-11.9299972333177,9.254319190979004
11.923948375295712,4.5841875076293945
5.960801203295765,-25.53272247314453
-0.4381862293696001,-6.29793643951416
-2.43808381047612,-20.068933486938477
5.72263802046558,-5.328540802001953
1.1496085756031087,-8.573540687561035
-6.72144892291601,-1.0858526229858398
18.1939100849816,-1.9564228057861328
3.61441892535489,-15.84748649597168
-0.8028238008287005,-9.297745704650879
0.7001962140772594,3.641887664794922
2.125547882163602,-4.615779399871826
-2.8472026300298463,-9.33009147644043
-4.534682244798708,-12.621580123901367
4.49418879319923,-18.850440979003906
-10.901275449743116,-4.5903000831604
-4.736229867816737,3.555734395980835
-0.0053525606393112,319.8262939453125
7.06923762363823,17.487808227539062
-0.0084306638066775,-13.004449844360352
2.11900133622217,1.7179343700408936
8.106852576346123,8.277969360351562
-0.1428452494230792,19.719112396240234
-1.0683487237199796,105.014892578125
0.0285872237409883,59.78260803222656
2.75380173901167,-19.348926544189453
-7.69948364751984,-4.422645568847656
-0.0556983764780604,-4.395678997039795
-1.32131943338233,31.024581909179688
-3.0345245902191325,-30.756961822509766
-2.93911844531118,-17.94049644470215
9.94612085382829,2.325788736343384
-3.5546157663424616,-5.3250908851623535
-11.221818720505304,-41.19111633300781
3.9797293996962297,0.8761499524116516
4.54734483862441,5.04446268081665
-45.634880019414,-5.775923728942871
-1.6020246929696491,-11.078062057495117
-4.12581810820042,-6.25139045715332
-3.019531285218114,-88.19915771484375
5.42509465390903,-24.093185424804688
-21.5871320482388,7.050887107849121
-1.2497809936708242,-17.35800552368164
-35.0272315856836,-43.70600128173828
3.37898618824583,6.809933185577393
-13.4460672849668,-13.216546058654785
10.982614675109394,-1.411850094795227
2.35164464781062,-12.988739013671875
-20.9676231329802,-13.0650634765625
-1.6422791314174887,3.4114651679992676
-0.3136273830120112,-14.166839599609375
-16.967828162594074,-6.175495624542236
-2.8325461302865187,-7.225584030151367
-2.6871577689602653,-10.455705642700195
7.570838092245207,-3.4887099266052246
-13.547300817594484,-13.077740669250488
8.99923705482913,-10.813695907592773
-0.003939288658445,6.095597267150879
6.147225205740463,-16.85834312438965
-2.149900469098629,-42.653724670410156
-25.2381267145584,-8.27988052368164
-5.36204355968609,13.491119384765625
4.43276114617859,-28.844253540039062
3.27144637329635,-5.442488670349121
-1.626797120535592,14.507072448730469
-9.859535687586003,0.2297821044921875
2.0008593011464906,-4.736454010009766
0.369316059642221,1.8417034149169922
5.79128728304933,-25.947046279907227
0.1235817830644999,-6.904891014099121
-3.36903782007548,2.6703310012817383
7.06032809637297,1.5858540534973145
13.71198107208239,3.1351823806762695
0.2886204877907422,-0.40495967864990234
16.4171583068458,6.635620594024658
-44.7886924625105,-15.35153579711914
-7.726553411266567,-19.6632022857666
4.065326821312747,-2.16046142578125
2.12749125232924,-2.241121768951416
9.06213659212517,-2.5288918018341064
-4.51305804704249,13.11594009399414
4.28301459624688,0.40097618103027344
-7.211196994815285,-9.020563125610352
-58.4491138315396,-11.420772552490234
-0.5413656534735456,45.578590393066406
3.24770439300306,1.5441474914550781
-0.6472060937938101,-5.685995101928711
-1.93656353174353,-2.9970202445983887
-1.94666134980912,0.5369348526000977
-0.670930828719279,-8.262335777282715
17.1612744381531,0.06492215394973755
-8.044482691931467,-3.8326568603515625
16.9968892380515,-0.25782454013824463
3.62056380925444,-8.30185317993164
4.07090957771029,-15.384040832519531
-1.0680791130593923,6.998401641845703
4.69437535963172,-6.510159492492676
0.3837795244341289,-4.901789665222168
0.6681105368389735,57.656009674072266
-8.08045020128908,-3.6696243286132812
-42.6579269422049,-24.30977439880371
-30.89708550466269,-4.335667610168457
-1.1617148968623687,-17.43467140197754
6.46185690649625,-3.0836424827575684
8.658679095048068,7.336237907409668
-0.1898191226144924,0.7357769012451172
6.457932781589695,0.8010689616203308
-33.7712071062874,-29.206649780273438
-4.786538605318405,5.964128017425537
-13.5632540546311,-0.022350788116455078
-82.13826531723697,-13.850278854370117
-3.0453156276270903,-71.99383544921875
6.430237727930085,-7.536839485168457
5.31082796058257,-1.5616528987884521
-70.65073406723695,-14.937000274658203
4.71112087372323,-7.182126045227051
-10.78700495517378,-3.5243873596191406
-6.055427015859325,-9.478759765625
-16.475900892606802,22.127761840820312
-2.487076105276776,22.428955078125
-48.3858044800915,-10.669137001037598
5.893700156574014,-3.032153606414795
-47.9957157156951,-11.3472900390625
-1.511416195100045,-19.80016326904297
-7.071587649042333,-23.530776977539062
-0.3550158381598589,-0.865079402923584
-17.0078420331655,-20.701457977294922
10.3189652047012,-11.284454345703125
8.829561804598438,2.265594720840454
10.909208084253878,-5.521437644958496
-2.25262466719878,-1.1005796194076538
0.7445982178878973,-1.4017291069030762
-4.813871520282443,0.41708970069885254
2.85060083445348,0.7139706611633301
-2.54595208771381,-11.478559494018555
-8.692928400841772,256.406005859375
16.618750626525,1.858576774597168
7.37064384347005,-8.608561515808105
-6.81516141534704,-6.871057510375977
-10.386374558578522,-0.4015951156616211
3.73205068567752,3.257139205932617
-6.40442742836347,-3.8438003063201904
1.74273211890989,41.64694595336914
-7.920344649869953,-21.4873046875
-9.28527551691871,5.615759372711182
1.51502173443586,-1.3356738090515137
-90.3299705619704,-3.9474096298217773
-6.512385872303066,-9.417604446411133
0.7982616963508231,-10.546377182006836
15.8859560938761,-4.117138862609863
-23.227454082363305,-14.855371475219727
5.4465900456679694,0.4931338131427765
-13.2494383747796,-9.686614990234375
-2.3458288386735573,-12.82568359375
-1.5403494549472296,-16.225696563720703
-2.941164138388841,-4.551375389099121
-14.6311710829416,-9.303800582885742
-4.81834176383161,-16.295412063598633
-4.03806373695381,-14.631858825683594
0.4076170529080399,-16.055580139160156
-34.8552692363716,-12.37083625793457
-25.0659802428987,13.85207748413086
-5.8684323426223,-7.698698043823242
0.6771989561182002,-22.90181541442871
-14.6157572128631,-21.80748176574707
5.344594984386832,-19.954307556152344
-4.75101729862813,-7.923485279083252
-89.5439156156453,-16.239532470703125
-1.207429910073891,-6.27178955078125
13.667582002208905,-1.627382516860962
-82.4887013651952,-9.411768913269043
4.40921359309415,24.817405700683594
-19.923371510770203,-4.053627967834473
-4.665207913971671,-14.825689315795898
3.42106467876526,5.159862041473389
-39.0956747424042,-7.585833549499512
-10.288292260688207,11.714635848999023
2.3067635611900137,-29.44546127319336
-4.92782811871599,-4.708724498748779
10.292368565007404,-5.092991828918457
-8.184373188662292,-16.941940307617188
-4.763634360062484,-44.785247802734375
-2.40000424902785,-4.795478820800781
5.009535132419683,-28.178152084350586
-22.2455703021075,-24.856708526611328
3.987299411465438,-6.664217472076416
-38.4962238749225,-32.56037139892578
-44.9949251983702,-2.236567974090576
-1.378759213278819,-13.194015502929688
8.07102955700163,8.431028366088867
1.055995951979529,0.6935354471206665
2.188685633501576,1.6015112400054932
1.0880788430276551,-3.806581497192383
-0.2898522089969393,-9.553627014160156
-3.790702882666694,-11.94158935546875
-7.940842049461227,-10.6268949508667
4.398742241377427,-0.5101776123046875
2.5565427438131976,-9.358819007873535
4.123908949931413,0.36223602294921875
-76.9668504799361,-13.626492500305176
-14.1325019191809,-11.764750480651855
7.960789166364423,2.8969409465789795
0.4423212163888063,-0.3838653564453125
2.63206586722876,13.221222877502441
3.1988276731025875,-24.462902069091797
-1.6552655274048038,2.017993211746216
8.077984978184695,-25.055456161499023
-13.790764753514,-6.698445796966553
2.13745295521649,-0.10138893127441406
3.0897024917955025,-6.479710578918457
-0.3530077955256401,-7.728903770446777
-7.639409008216227,7.235587120056152
2.765011277030255,-56.980567932128906
3.557691046156,-6.633389472961426
4.00031385473591,-37.366477966308594
-55.7541546140486,-11.847661018371582
9.550892694239591,2.504991054534912
1.775572054007981,22.6895751953125
-2.248378586620203,-5.306365013122559
-56.2560888739038,-5.761919975280762
-2.5590885431480426,-3.2350754737854004
-40.5029244010595,-10.341296195983887
-30.8171784242839,-2.866605758666992
2.679404112105611,-2.2460968494415283
2.76740193393285,9.319988250732422
-11.341527235964405,0.6886520385742188
-3.448025235667948,-16.752904891967773
-0.0780407432645869,-79.97791290283203
11.616605850275496,8.43187141418457
9.179556151687803,-48.50664138793945
7.190050317883171,-0.2161158323287964
-39.4932668903457,6.109161376953125
-2.306526469902426,-30.363615036010742
0.5403453062071405,-1.000518798828125
-23.6042929930625,-17.918012619018555
-4.172986764275874,-12.84908676147461
0.5394390329931549,3.723033905029297
5.84905996845087,-6.413414001464844
-22.9515728231767,-25.814483642578125
-3.134999611446543,-14.414339065551758
-6.066411004621831,-3.211672782897949
2.24572304437811,-2.995025634765625
-70.8116033690518,-12.622142791748047
0.3224388648416145,-19.691246032714844
4.755697845162629,-0.661946177482605
1.7336328627834918,-19.097227096557617
3.939818822274421,-19.78839683532715
6.09033976794457,3.8463082313537598
6.4251548431743295,-11.108926773071289
-6.47138721063866,-42.17901611328125
-0.0379657812584102,12.774925231933594
4.4105627388370605,-35.86861801147461
2.3065604778561424,3.6837682723999023
7.588764503474316,5.346500873565674
-24.3954295810688,-10.009737968444824
7.380729755239978,-17.227373123168945
5.978124919049687,-9.965805053710938
0.7860328468455551,-6.72662353515625
-44.1817825469333,-18.86646270751953
3.58036180553514,-7.392665863037109
3.33951124606136,2.663747787475586
-6.79658968512302,-7.502514839172363
3.7347243087796,-2.7431259155273438
4.76541245752904,2.5694258213043213
8.922207576391518,-10.792181015014648
-11.864177458483407,-43.1463737487793
1.166748445159433,1.7952316999435425
-25.781275563237,-17.85653305053711
4.179707781567577,35.85610580444336
-1.073248118887358,11.779251098632812
1.7249239205326918,-1.8548359870910645
-81.52648016021857,-8.936537742614746
13.015759276594096,2.3206844329833984
5.35198813185094,-11.137404441833496
-12.53254789251529,-8.155780792236328
5.45103123545738,-5.337186813354492
4.128157012788561,2.961925506591797
-3.8590388668775,-5.960382461547852
7.36579899286375,-9.72134017944336
-11.03094492075089,-4.194625377655029
8.017093587799739,7.431194305419922
15.384553292915324,-11.429518699645996
2.79124989437018,11.478866577148438
2.81101468536903,-19.4077091217041
-1.7237618714553775,6.686328887939453
-2.202886656443709,-20.2060546875
2.369358494612781,5.928041458129883
-11.30813578108209,200.81939697265625
4.484288991501213,-16.61956024169922
-35.8165916579592,-18.647502899169922
-5.19085420781142,-17.796566009521484
2.86709961553106,-6.32267951965332
-4.349210006555943,4.541744232177734
5.029017096161708,0.6718378663063049
8.243548509216069,5.3123064041137695
-2.6184282494780104,-5.795827388763428
-5.527709296795018,0.3407764434814453
-52.7336020518746,-15.058358192443848
6.07843040491799,-2.9571640491485596
-4.396710286499547,0.7120513916015625
6.6154810826822,0.23732924461364746
9.772192422094813,-21.39913558959961
2.099307195887115,11.57684326171875
-12.414939844598162,-16.006317138671875
8.24149319055937,-18.891359329223633
-1.5178355576616795,-3.9148926734924316
9.144089281431205,-16.190641403198242
1.418014053180695,-45.8044319152832
-60.92137282626391,-53.410369873046875
5.61896917638109,30.837425231933594
-4.96580172718434,-19.750717163085938
-24.4432878855492,-18.52001190185547
1.675381804264854,-9.172386169433594
-2.8447496930443927,7.1845245361328125
-1.059512617215007,6.294734001159668
1.41805545618482,0.8619673252105713
-7.06329362397977,-46.946529388427734
9.400493271217616,1.4562513828277588
3.1327986373042376,-0.3450169563293457
4.097668935846943,2.3539392948150635
-4.01456885639382,-61.155029296875
-2.260381023139061,-1.2996854782104492
-8.237627320974727,-13.016953468322754
-2.23616712442702,2.708028793334961
-26.79502671025515,-14.417251586914062
-10.594900847222812,-10.454269409179688
4.509456424718162,-4.138664722442627
-22.9219832537164,-10.925531387329102
-6.2026319104393295,-16.922826766967773
-4.662511414401839,-17.06584930419922
-0.4503474699443348,0.4498600959777832
-21.5531296050118,-11.117486953735352
-39.7169735486916,-13.181849479675293
-6.13466459150186,1.0958747863769531
6.093529951556334,0.9255497455596924
-33.3004252633332,-6.7431182861328125
-7.789052707582185,4.149736404418945
-61.6890402284636,-1.4207382202148438
-10.613183176373598,-57.41009521484375
-12.6203596574975,-6.335548400878906
-15.2234416939723,-0.9769694805145264
3.42848617073407,4.099689483642578
-50.4820483838523,-12.116924285888672
-71.7765711158932,-13.689656257629395
4.338369925074482,-8.960256576538086
-34.0729170807354,-11.316421508789062
-10.285920522724917,-3.759906768798828
2.71808902854303,-10.723833084106445
2.26767773086615,-3.104827880859375
0.3189015990893598,-2.7306013107299805
-39.873530292237,6.046329498291016
5.053393098685065,-5.877544403076172
-5.77665564868809,-22.387924194335938
-22.4462583852743,21.86406707763672
-10.162041561092582,-13.089567184448242
8.70853787657841,-7.0261149406433105
-3.73521146317182,-4.375263690948486
-1.3326443092463092,-10.457815170288086
-5.830142578087577,-13.767515182495117
-7.815562497274902,-0.9015576839447021
-20.7558388881914,4.575408935546875
-1.03656181464744,-44.87931442260742
-3.930469946192945,-13.94616413116455
5.391699208755202,-59.79328155517578
7.2595381633228,0.050385236740112305
9.30630078585379,4.05258846282959
-3.77133000272187,162.9822998046875
-42.936846127142296,-15.747112274169922
0.5211206139658471,62.031585693359375
0.7345204104922589,-1.2083864212036133
6.86106163750481,59.94146728515625
-21.61387508166409,-2.582099437713623
-24.577379709126298,-9.136369705200195
3.986867952152618,-5.755572319030762
-63.2346715672369,26.474937438964844
4.55602013063716,-7.790491580963135
-20.3623076046531,24.653030395507812
8.678125432705007,-6.284552097320557
-2.1147225087047508,23.832199096679688
-1.14890133483728,2.3296103477478027
3.7921116228684086,0.5675852298736572
-1.3811964732242277,-2.7010345458984375
0.1752112379752922,-7.551844120025635
3.3452637215970498,-13.716941833496094
6.63109301847755,8.021692276000977
-8.72128086410909,-15.718963623046875
-0.1160299782726794,-54.360347747802734
0.1119561526876595,-7.569502830505371
11.877856996640997,-0.08556604385375977
-3.2142130797467816,0.6363154649734497
-3.9552380984537248,-8.14784049987793
-1.593720937577549,-14.52627944946289
3.3899996482015826,12.631092071533203
7.66334596528203,-10.354798316955566
2.60625970962018,-4.627655029296875
5.006519903780723,-13.759615898132324
-58.5527340809363,-8.808237075805664
3.776985072333982,-11.631462097167969
2.4866177573815964,-5.71967887878418
-0.6920482116816997,-6.227950572967529
2.1747311895065486,9.207048416137695
-13.14009076535719,-35.54576873779297
2.745769909533195,13.350730895996094
-10.626155896203898,0.10268592834472656
0.0548896546292299,22.686351776123047
-69.1366966634013,-5.14180326461792
14.8508222506114,-5.0225090980529785
-28.3488859938485,-84.54139709472656
0.6884341878779402,9.932373046875
12.566471603210276,5.286261081695557
-5.472376660417956,-17.377622604370117
-2.1691769605730515,-4.742136001586914
-0.3887710448227697,-49.98143005371094
9.1356503291117,1.9908307790756226
4.93167956005568,-15.738696098327637
2.713132201978397,-36.79541015625
9.090654061652296,-12.87441635131836
1.741670982094262,2.114440679550171
-5.89266438028177,0.5179877281188965
-1.130678948105339,1.935659408569336
-46.587141393021525,-5.177905082702637
4.366245372711767,3.4290294647216797
2.858782897786812,20.111663818359375
2.53362859007723,-0.7595024108886719
-1.7943154401891548,-17.455081939697266
-0.6435038581465955,2.513946533203125
5.99108205682079,-0.7426528930664062
2.44728958086436,-3.3717269897460938
1.5718362711845366,-5.025733947753906
-55.54568697318505,-3.3167572021484375
-9.231606713935047,1.4610049724578857
3.547124544521316,22.51148223876953
-73.5286754265322,-14.121964454650879
0.2047767843086013,9.985488891601562
-10.398648228661925,-1.2507333755493164
-46.9980356488569,-11.240437507629395
-62.9031214125763,-20.823577880859375
-10.35739215730591,18.271411895751953
1.83593808226401,-0.6503939628601074
7.827394642815597,4.596264839172363
-9.742168339465294,24.66372299194336
-0.29408409265346,-10.717183113098145
-5.653435188749545,-4.680179595947266
-14.57002364123529,-5.909265041351318
-18.1797235112709,10.101377487182617
-5.45440876641342,-6.299748420715332
8.596988309863011,11.548665046691895
-5.493763326806099,5.732819557189941
-8.393586343504198,-0.47766321897506714
-3.963646539183849,1.1253855228424072
9.625121597198186,16.73841094970703
-6.18357684414468,-3.0617475509643555
-3.41466344580097,-10.68115520477295
-4.03025121975644,33.61076354980469
-2.66483863280114,-11.182748794555664
-0.190891674386513,-48.737327575683594
16.1850033157246,13.869598388671875
-7.910003358009165,18.202909469604492
-2.07861348348741,-16.53510093688965
12.331931266595111,12.587040901184082
0.8825935384285006,-9.28656005859375
-2.1789667599796294,-19.827312469482422
3.0307168501552093,-9.17153263092041
14.8229623836697,0.07186257839202881
6.795393661635613,2.1528854370117188
5.16750826555368,-13.009819030761719
-57.144820014625296,-18.635845184326172
6.167862854629888,-2.3534469604492188
-2.698758931910008,-8.031929016113281
1.289294757415069,-11.738269805908203
13.9692836454661,3.070375442504883
-38.6438610292767,-33.08989715576172
-3.119647295186995,-2.431924819946289
-6.745372906074374,-97.0843505859375
-2.7468186065138984,-8.338521003723145
1.6198341998494314,-8.25523567199707
1.6646916021852596,-20.525747299194336
-7.87226820943855,-10.091148376464844
8.652061852316729,-18.68360137939453
2.4933992323843923,7.015773773193359
2.35160533891099,-12.151208877563477
1.30779520720034,-11.27517032623291
-11.9965988914421,-1.4171359539031982
4.780848076735348,-17.11544418334961
11.2728180991378,2.6325912475585938
0.7651079053562314,-15.248326301574707
-10.6557437737239,3.626492500305176
3.27100049685324,-7.715641021728516
-5.2815921348029296,-2.2653656005859375
-27.5445722402187,14.9820556640625
-2.683955047842884,-3.0445423126220703
-43.929359067237,-11.665423393249512
-4.639593570653838,-9.960395812988281
-14.7229944429405,3.3480868339538574
-5.00028834575103,-7.821135520935059
-1.2236747050651609,37.62926483154297
-17.6830733389949,18.806636810302734
-9.979741434164584,-7.2298583984375
-0.2823200449385875,-23.695941925048828
-36.50577458359941,5.483940124511719
-4.853312003098937,-32.945472717285156
-27.4476544011683,-12.50440788269043
-49.5120706514507,-21.509872436523438
1.2287673509824204,-3.2913670539855957
9.503977484174175,1.3963985443115234
-5.5186956836840375,-30.8812255859375
-2.99361591491145,-4.216880798339844
7.99575647038201,-1.7935593128204346
11.7225687296843,-10.685430526733398
6.987950206462267,-18.467708587646484
5.5273920092716775,-11.687557220458984
-7.19378137939456,5.005764007568359
6.001532732018722,-1.6187564134597778
7.92708077877978,0.9536943435668945
4.316615136301563,3.360380172729492
0.1590569364430157,0.44766831398010254
2.8348518495029404,-3.5813493728637695
-46.6686841099013,-8.45656967163086
-0.8984319813221007,-4.230964660644531
4.30511943579503,-7.729496002197266
-3.36735139960915,-17.16877555847168
6.58117049992555,-11.719046592712402
6.753311816554961,-7.1471967697143555
-1.1091988250418725,-1.311060905456543
5.26551760771767,-0.924591064453125
-37.3999740396079,-18.161535263061523
-34.48768519828235,-14.155874252319336
-46.862925671502296,-5.951225280761719
-1.19024715514191,-36.56771469116211
-1.4920816076829602,-2.727334976196289
-5.775806690181939,-1.777536392211914
-14.2382866820043,-3.2257397174835205
1.3131129859732091,3.349468231201172
13.1991243046288,17.215648651123047
3.6035536346157695,-10.053497314453125
4.97603191479674,12.240188598632812
2.9737175212081803,-3.0527193546295166
-35.1782981083837,-7.986353874206543
-10.480511156242285,-22.779911041259766
-0.3170472839931941,14.665363311767578
3.59745169898486,0.06702947616577148
-5.139364658294922,1.2995092868804932
-29.2662792150344,-17.593000411987305
11.555346181601609,1.0822608470916748
3.7092867134231,-7.527439117431641
-0.7280966227290082,12.084091186523438
0.9480162028997956,11.631858825683594
-9.619042312244815,1.0630111694335938
-3.15562863494722,30.891326904296875
7.285509446842615,-16.663162231445312
2.71319811317338,-3.4608049392700195
1.026942322157092,-0.2349376678466797
-4.65691689928222,20.3206787109375
-8.677497573270493,-7.421760559082031
14.3436638764016,-6.852004051208496
-11.8973420493851,-2.4819412231445312
-6.61979034735207,-20.416362762451172
8.86280218600469,0.8890771865844727
-3.43040335892423,-24.68292999267578
0.4443344011282492,1.976999282836914
2.6678241356197647,-17.335010528564453
2.334382802629,-4.336633682250977
-13.8157551615103,-22.44795799255371
1.9007667723773176,-7.051551818847656
-17.190033530139498,1.9435011148452759
3.88810032819938,-8.189447402954102
1.2705701336207027,-8.995241165161133
3.887422638441485,-5.345512390136719
10.349523074958825,0.4593813419342041
9.62907409316032,-25.244369506835938
0.7709161631446207,-4.442785263061523
2.3166834950764685,9.799224853515625
2.76912169862866,3.8577816486358643
-46.2372447228831,-2.4195032119750977
-37.0930621901092,-25.89556121826172
0.996650643215182,-22.256967544555664
-12.898019313824,-12.383857727050781
-0.71117494174041,-4.825876235961914
-0.5663484394051013,9.444862365722656
-12.4595255596924,-15.443902015686035
-0.6089836493556324,-0.9395450353622437
6.92534745147092,-3.319782257080078
3.320229681965675,-0.24788665771484375
-10.274169876330886,-45.4761962890625
-49.062306315025,-69.02899932861328
-30.7261055182573,-14.334722518920898
22.7414116448382,-0.32285380363464355
-0.9529303605806088,3.6985654830932617
-10.739322929783883,3.3224592208862305
-20.9507978903398,-0.8701105117797852
-24.96156751119129,-60.54136657714844
14.9823899147147,-0.27715277671813965
-14.564555056626377,-52.62702941894531
1.907333647224608,-6.495272636413574
-1.178255647098801,-11.460090637207031
1.9806048133258944,-24.929792404174805
8.833837192566008,0.5137262344360352
-18.5255095356289,-19.738271713256836
3.010752586641185,-32.426658630371094
3.67041582610247,-18.838623046875
-33.7845903951132,-14.202128410339355
-13.812973987503693,-13.624122619628906
-13.861300672159,-22.652870178222656
-26.24662901330595,-4.057112216949463
-1.61504571199055,-8.685115814208984
8.754663680824095,-10.953824996948242
3.22816419080692,-8.35908317565918
-2.0585753436264698,-14.931907653808594
-9.59094984812801,-17.877084732055664
6.02246857213521,0.7865829467773438
-4.11149235653684,-5.028810024261475
-4.361976736345532,8.316272735595703
-2.4097304318056905,-13.006717681884766
4.967381413305823,-33.15301513671875
-11.9154244975033,3.125570297241211
-11.183106529127476,1.1893186569213867
-2.3538192484503564,-5.482566833496094
-2.204579993178592,-3.890897750854492
-91.8886792382854,-7.8824872970581055
3.2582764286422226,36.08370590209961
9.859104788483815,-8.436784744262695
-2.6304973605131474,3.908236265182495
8.398744223780918,-3.2495412826538086
1.4955767028094,10.15361499786377
6.720388221210122,9.734245300292969
6.99756701325662,-5.7350921630859375
12.966325580978296,14.552209854125977
-22.8644313188967,-7.539844512939453
-14.4731176558811,1.5890791416168213
-0.0918051514147744,9.636083602905273
0.9434331950199416,70.0745849609375
7.877641553655238,4.073175430297852
-27.1636490162131,-3.8344945907592773
3.42669038506664,-4.060360908508301
0.31232235517322,-3.764842987060547
1.1848602197973823,-16.80583381652832
-5.822632503482525,-6.8717756271362305
-2.989164004622407,-6.526544570922852
1.69213972357191,-6.710487365722656
-0.89184437235696,-2.3161215782165527
2.446050707651698,123.57747650146484
5.07108724357905,-17.119915008544922
5.42147270471237,8.43931770324707
-2.20364176327536,-45.55035400390625
3.08443697315444,20.95583724975586
-5.97248436581227,-10.826322555541992
-1.0190872666435924,-85.62823486328125
-14.885807229381896,-9.148330688476562
0.046018285265003,-17.886075973510742
6.00089213826483,-6.053630828857422
-1.4680391508473674,-14.57333755493164
-49.8653288018085,-22.31940460205078
-7.283890318199592,-2.9098899364471436
3.6053774296538297,-9.845458984375
6.364261125349779,-12.75053882598877
-51.4043293278057,-11.861754417419434
-64.65676531723692,-11.995835304260254
-26.1965705632023,10.129915237426758
2.63157412115867,-5.082385063171387
16.694612728237402,-1.9497015476226807
-17.0314498829154,-4.207505226135254
-58.40351531723695,-18.322288513183594
-15.3173389528898,-16.008005142211914
-6.613686761665703,-27.299823760986328
-39.0646563811545,-11.59410572052002
0.809697096857583,-11.586963653564453
0.4685622181175212,-11.373537063598633
-6.376202369524528,-67.7030029296875
-14.434457477598505,-5.267253875732422
-26.0047332498617,-8.937191009521484
-17.5801214502402,-10.758150100708008
-2.60072537807549,-8.026243209838867
7.184930267876617,7.448936462402344
0.555665600488549,-12.422292709350586
8.747205755218493,1.4077268838882446
-2.289513933263135,-6.742086410522461
3.8009101564042025,-4.867530345916748
-1.67197513843126,-5.018980503082275
-15.746453943284,-28.139753341674805
