Score,Pred Score
-5.73967918172164,-1.5625991821289062
-23.3725501337939,2.2646894454956055
9.04709717330502,-9.130048751831055
-3.724573545179619,5.871129989624023
4.4516036428765,-0.4275045394897461
-1.657597602265355,0.41472458839416504
5.586124430090477,-3.091176986694336
-26.6651088566214,-3.071117401123047
3.028467183462371,13.944233894348145
-40.7258600860177,-11.02438735961914
-26.912205886836706,-8.533036231994629
-3.9965921287470247,1.4091730117797852
-4.739766082030863,91.95775604248047
4.2006804390709,-25.38945198059082
-22.3071231538392,-2.6210904121398926
-18.5891767455387,-10.002067565917969
-5.960419628776203,21.244003295898438
-18.9061714872788,1.3362839221954346
-21.4141717786538,29.61117935180664
-12.208208404490907,-5.142259120941162
-3.72583443525641,3.991302490234375
-2.377061578670744,-17.278614044189453
6.075310726130807,8.821754455566406
2.12042655289975,29.887733459472656
3.181253849239128,57.5645751953125
10.41580460128629,6.271576404571533
-23.8934551543691,4.516770839691162
-0.8981307679622897,26.401336669921875
3.7078671714499096,-1.351139783859253
11.644495901203598,76.51101684570312
-22.42608065327665,12.94874382019043
-1.2036514942358316,14.377649307250977
-13.5091075877696,-11.629463195800781
-1.79502295092813,-1.1844768524169922
2.332279780348585,-85.14111328125
3.11049964318654,3.4736499786376953
3.54836143321337,-2.160080909729004
3.77256113899207,5.201229095458984
-2.35314836228574,4.454261779785156
7.837521570550837,-2.27984619140625
9.328533024448705,58.217315673828125
-37.9495035857927,-270.787109375
-4.144685584269085,6.189812183380127
8.91646092056966,-5.991847991943359
5.635020609606415,-1.4162254333496094
-15.1006814359747,-3.7648792266845703
-2.4599041427842496,3.7267704010009766
2.42002639701588,-14.519309997558594
-3.0331069492891496,-9.22912883758545
10.480393919522983,-1.5740885734558105
4.452168509343501,-1.0575180053710938
-2.552277046947741,-5.147970676422119
-5.97419023328963,-8.739730834960938
-0.5734820606807138,-1.8451080322265625
3.7606671418030695,-16.101755142211914
-31.4759298257721,-47.956520080566406
0.300408103033295,-108.40985107421875
-6.32558602127377,-7.90789794921875
0.90894434552881,6.114131450653076
5.954690473588823,20.51981544494629
0.0804428699766095,1.6917965412139893
8.45389840526827,22.19439697265625
-2.8859593337581737,10.127960205078125
-1.122073026503361,0.17412900924682617
-75.56229656723696,-6.526251792907715
-6.291328737399075,-7.569587707519531
-10.1192188918475,23.67608642578125
-56.3663437951974,17.500152587890625
2.4288820651169605,-25.956851959228516
5.05355462238675,-11.371522903442383
-13.1809903671301,10.829401016235352
-6.75960002722117,0.85662841796875
9.0758909366509,-26.216869354248047
-1.4230966237807086,35.52513885498047
5.59963570142504,-13.45033073425293
4.133325903305868,3.8992156982421875
3.00680128293027,18.4696044921875
-27.8195558011628,-6.5303826332092285
-29.9162730471743,-16.003768920898438
20.7191486697607,4.966955184936523
3.455876052191651,5.351808547973633
2.595279020812243,-2.2412428855895996
-4.0896099478500325,7.082751750946045
5.3817717725564,-9.014501571655273
-1.9802660997523944,-0.670989990234375
0.4007388327427847,-72.33599090576172
10.11870938841209,-26.778854370117188
-1.7174251595272625,6.798046112060547
-13.2363849677504,11.348709106445312
-58.24412469223692,-9.296390533447266
-47.9875704511971,11.993236541748047
-3.681083449701528,-3.33396053314209
0.1118559290339978,-15.807085990905762
-8.998840630677615,87.52490234375
1.1941842843275,10.066965103149414
19.33685959748449,20.837926864624023
-3.09775596823669,-40.840728759765625
1.2555345380058751,-9.750308990478516
-78.7451798053926,-21.669893264770508
8.35813394800668,2.980541467666626
-19.6754058911438,-0.6063632965087891
4.743603615290096,-36.436676025390625
1.3155747227446202,-13.53421401977539
11.316750179392892,0.874567985534668
11.779516260068313,2.675334930419922
-3.802611775309477,1.2902967929840088
-10.539071528779305,4.848575592041016
4.49646859469848,-114.266357421875
3.59102041590596,5.484100341796875
2.1560784090827942,-37.66194152832031
-17.309192174305,-11.099268913269043
-1.768261666543676,-17.547428131103516
-3.34531377329845,-55.1455078125
-9.09730633851708,-18.5506534576416
-12.909180343140196,11.429304122924805
4.020569536845237,12.800867080688477
2.28163515100639,-28.0296688079834
-1.6307504375632549,-90.4140625
7.809600001042748,6.351240158081055
-83.9761260280997,-8.79957103729248
7.656482330373112,0.8944821357727051
1.675245639565673,-7.540163993835449
-15.991582533821994,7.976459503173828
8.681027307740193,-22.017669677734375
11.10272802991041,8.337926864624023
3.42951329804928,3.107166290283203
-1.4295761119406232,-24.007530212402344
-11.9299972333177,12.560758590698242
11.923948375295712,6.042436599731445
5.960801203295765,-7.313393592834473
-0.4381862293696001,-12.436079978942871
-2.43808381047612,-31.04483413696289
5.72263802046558,-9.462860107421875
1.1496085756031087,6.727800369262695
-6.72144892291601,1.2830991744995117
18.1939100849816,1.8222627639770508
3.61441892535489,21.584997177124023
-0.8028238008287005,-3.450955867767334
0.7001962140772594,11.442695617675781
2.125547882163602,-2.8067665100097656
-2.8472026300298463,-14.493460655212402
-4.534682244798708,-14.445162773132324
4.49418879319923,-22.48956298828125
-10.901275449743116,-5.995864391326904
-4.736229867816737,2.6465792655944824
-0.0053525606393112,359.7108154296875
7.06923762363823,35.26702117919922
-0.0084306638066775,-22.195444107055664
2.11900133622217,4.848842620849609
8.106852576346123,10.301087379455566
-0.1428452494230792,18.1055908203125
-1.0683487237199796,152.5704345703125
0.0285872237409883,17.43451690673828
2.75380173901167,-7.955758094787598
-7.69948364751984,-1.7457523345947266
-0.0556983764780604,-5.852855682373047
-1.32131943338233,20.809295654296875
-3.0345245902191325,-25.05278778076172
-2.93911844531118,-22.01554298400879
9.94612085382829,2.8082282543182373
-3.5546157663424616,0.8050107955932617
-11.221818720505304,-62.7462158203125
3.9797293996962297,8.337742805480957
4.54734483862441,8.611806869506836
-45.634880019414,-3.4220471382141113
-1.6020246929696491,-9.316291809082031
-4.12581810820042,-8.747525215148926
-3.019531285218114,-146.917236328125
5.42509465390903,12.686420440673828
-21.5871320482388,14.34914779663086
-1.2497809936708242,-21.739097595214844
-35.0272315856836,-39.66097640991211
3.37898618824583,-1.545980453491211
-13.4460672849668,-19.416120529174805
10.982614675109394,5.342761993408203
2.35164464781062,6.7454833984375
-20.9676231329802,-54.516326904296875
-1.6422791314174887,10.322542190551758
-0.3136273830120112,-26.293289184570312
-16.967828162594074,-2.2834572792053223
-2.8325461302865187,-25.093036651611328
-2.6871577689602653,0.9523310661315918
7.570838092245207,-1.285614013671875
-13.547300817594484,-7.472947597503662
8.99923705482913,-19.089176177978516
-0.003939288658445,13.247767448425293
6.147225205740463,-8.031209945678711
-2.149900469098629,-35.527706146240234
-25.2381267145584,-4.974914073944092
-5.36204355968609,-48.6888427734375
4.43276114617859,-7.569650650024414
3.27144637329635,10.421426773071289
-1.626797120535592,16.32672119140625
-9.859535687586003,27.660131454467773
2.0008593011464906,-4.952157974243164
0.369316059642221,-3.0696678161621094
5.79128728304933,-13.94476318359375
0.1235817830644999,-7.887858867645264
-3.36903782007548,-6.161811828613281
7.06032809637297,2.7110366821289062
13.71198107208239,5.922375202178955
0.2886204877907422,-0.5935916900634766
16.4171583068458,6.948417663574219
-44.7886924625105,-40.26168441772461
-7.726553411266567,-12.037342071533203
4.065326821312747,6.6304168701171875
2.12749125232924,-2.1690316200256348
9.06213659212517,1.7408666610717773
-4.51305804704249,0.947174072265625
4.28301459624688,16.35113525390625
-7.211196994815285,-4.991922378540039
-58.4491138315396,-8.519210815429688
-0.5413656534735456,-40.588951110839844
3.24770439300306,1.7892251014709473
-0.6472060937938101,-20.065351486206055
-1.93656353174353,4.783686637878418
-1.94666134980912,8.293562889099121
-0.670930828719279,-9.916522979736328
17.1612744381531,-0.9515001773834229
-8.044482691931467,-4.871423721313477
16.9968892380515,-0.5948162078857422
3.62056380925444,-1.8044066429138184
4.07090957771029,-2.65203857421875
-1.0680791130593923,3.8196678161621094
4.69437535963172,-4.948199272155762
0.3837795244341289,3.617305278778076
0.6681105368389735,23.84349822998047
-8.08045020128908,-6.7182464599609375
-42.6579269422049,-4.402179718017578
-30.89708550466269,-0.2363109588623047
-1.1617148968623687,-37.63868713378906
6.46185690649625,-5.617748737335205
8.658679095048068,23.340904235839844
-0.1898191226144924,13.777107238769531
6.457932781589695,2.8598392009735107
-33.7712071062874,79.86018371582031
-4.786538605318405,8.956174850463867
-13.5632540546311,3.6048812866210938
-82.13826531723697,-8.45543098449707
-3.0453156276270903,141.6334228515625
6.430237727930085,-5.436217784881592
5.31082796058257,4.5533905029296875
-70.65073406723695,-16.02794647216797
4.71112087372323,-10.521153450012207
-10.78700495517378,-35.63560485839844
-6.055427015859325,210.81524658203125
-16.475900892606802,1.5262718200683594
-2.487076105276776,288.299072265625
-48.3858044800915,-10.865544319152832
5.893700156574014,-14.758188247680664
-47.9957157156951,-13.914775848388672
-1.511416195100045,-11.493096351623535
-7.071587649042333,-14.78131103515625
-0.3550158381598589,0.23576021194458008
-17.0078420331655,-14.870285034179688
10.3189652047012,160.659423828125
8.829561804598438,5.588892936706543
10.909208084253878,1.8828060626983643
-2.25262466719878,5.907512664794922
0.7445982178878973,0.9942045211791992
-4.813871520282443,1.9907984733581543
2.85060083445348,8.211841583251953
-2.54595208771381,-6.686496734619141
-8.692928400841772,-348.0245361328125
16.618750626525,-4.184717178344727
7.37064384347005,-6.934945583343506
-6.81516141534704,-5.253059387207031
-10.386374558578522,4.1770782470703125
3.73205068567752,-8.060514450073242
-6.40442742836347,6.775157928466797
1.74273211890989,55.606388092041016
-7.920344649869953,-17.720203399658203
-9.28527551691871,10.151817321777344
1.51502173443586,5.507113933563232
-90.3299705619704,-1.2111141681671143
-6.512385872303066,-5.698338031768799
0.7982616963508231,-11.042840003967285
15.8859560938761,-0.9067957401275635
-23.227454082363305,-12.922500610351562
5.4465900456679694,-0.23818975687026978
-13.2494383747796,-13.301451683044434
-2.3458288386735573,4.0618896484375
-1.5403494549472296,-10.011139869689941
-2.941164138388841,-3.1443960666656494
-14.6311710829416,-14.989616394042969
-4.81834176383161,1.764129638671875
-4.03806373695381,-4.571927070617676
0.4076170529080399,-41.94073486328125
-34.8552692363716,-8.757184982299805
-25.0659802428987,1.2056846618652344
-5.8684323426223,-16.226577758789062
0.6771989561182002,-2.0862789154052734
-14.6157572128631,-24.5089054107666
5.344594984386832,1.3874406814575195
-4.75101729862813,6.176555633544922
-89.5439156156453,-2.905576229095459
-1.207429910073891,-91.7492446899414
13.667582002208905,2.7125844955444336
-82.4887013651952,-3.014542818069458
4.40921359309415,40.585330963134766
-19.923371510770203,-3.640389919281006
-4.665207913971671,-13.139324188232422
3.42106467876526,5.280154228210449
-39.0956747424042,17.124174118041992
-10.288292260688207,38.8492317199707
2.3067635611900137,-11.823909759521484
-4.92782811871599,7.805093765258789
10.292368565007404,0.9988107681274414
-8.184373188662292,-10.292133331298828
-4.763634360062484,78.27197265625
-2.40000424902785,5.7130126953125
5.009535132419683,-16.910961151123047
-22.2455703021075,-7.319488525390625
3.987299411465438,-44.190677642822266
-38.4962238749225,54.98122787475586
-44.9949251983702,16.67327308654785
-1.378759213278819,-13.636425018310547
8.07102955700163,8.132550239562988
1.055995951979529,7.61531925201416
2.188685633501576,-3.3891170024871826
1.0880788430276551,-11.25096321105957
-0.2898522089969393,-3.9437966346740723
-3.790702882666694,1.5004940032958984
-7.940842049461227,-32.97178268432617
4.398742241377427,50.43994140625
2.5565427438131976,15.444175720214844
4.123908949931413,66.24801635742188
-76.9668504799361,-17.768375396728516
-14.1325019191809,-2.1114001274108887
7.960789166364423,-3.728870153427124
0.4423212163888063,29.49884033203125
2.63206586722876,11.66766357421875
3.1988276731025875,-31.049095153808594
-1.6552655274048038,0.043187499046325684
8.077984978184695,-25.67546272277832
-13.790764753514,-7.348733901977539
2.13745295521649,3.0399036407470703
3.0897024917955025,-1.8031158447265625
-0.3530077955256401,-18.194530487060547
-7.639409008216227,8.75020980834961
2.765011277030255,-143.46824645996094
3.557691046156,4.064764976501465
4.00031385473591,-32.64209747314453
-55.7541546140486,-7.249334335327148
9.550892694239591,6.75465726852417
1.775572054007981,-157.450927734375
-2.248378586620203,1.6299362182617188
-56.2560888739038,-1.3366944789886475
-2.5590885431480426,-1.4101319313049316
-40.5029244010595,-6.396186828613281
-30.8171784242839,1.9138377904891968
2.679404112105611,6.326275825500488
2.76740193393285,20.02797508239746
-11.341527235964405,8.399078369140625
-3.448025235667948,-7.449864387512207
-0.0780407432645869,-105.51116943359375
11.616605850275496,8.901477813720703
9.179556151687803,100.78094482421875
7.190050317883171,9.355143547058105
-39.4932668903457,1.0223159790039062
-2.306526469902426,-20.35411834716797
0.5403453062071405,174.14044189453125
-23.6042929930625,-1.0849494934082031
-4.172986764275874,-10.356295585632324
0.5394390329931549,12.345420837402344
5.84905996845087,-4.566570281982422
-22.9515728231767,161.1082763671875
-3.134999611446543,-13.234396934509277
-6.066411004621831,4.544988632202148
2.24572304437811,125.5140380859375
-70.8116033690518,-10.575117111206055
0.3224388648416145,-2.2604293823242188
4.755697845162629,-8.44879150390625
1.7336328627834918,-5.999563217163086
3.939818822274421,-7.600065231323242
6.09033976794457,2.031184434890747
6.4251548431743295,-3.8974337577819824
-6.47138721063866,166.02532958984375
-0.0379657812584102,22.851470947265625
4.4105627388370605,-7.798492431640625
2.3065604778561424,-3.3167543411254883
7.588764503474316,5.309211254119873
-24.3954295810688,-8.977130889892578
7.380729755239978,-11.804680824279785
5.978124919049687,-5.714067459106445
0.7860328468455551,77.06097412109375
-44.1817825469333,-11.322113037109375
3.58036180553514,-8.939055442810059
3.33951124606136,4.086019039154053
-6.79658968512302,-9.22687816619873
3.7347243087796,-39.8004150390625
4.76541245752904,-1.2873187065124512
8.922207576391518,-6.134133338928223
-11.864177458483407,-4.487077713012695
1.166748445159433,-0.5539698600769043
-25.781275563237,-9.317623138427734
4.179707781567577,34.44401550292969
-1.073248118887358,37.7376823425293
1.7249239205326918,-4.343066215515137
-81.52648016021857,-13.832542419433594
13.015759276594096,36.969112396240234
5.35198813185094,-16.799007415771484
-12.53254789251529,-3.2441487312316895
5.45103123545738,-9.741119384765625
4.128157012788561,-0.2590796947479248
-3.8590388668775,21.685897827148438
7.36579899286375,-7.127218723297119
-11.03094492075089,-3.8876147270202637
8.017093587799739,41.24821472167969
15.384553292915324,-10.31136703491211
2.79124989437018,14.226633071899414
2.81101468536903,-18.456117630004883
-1.7237618714553775,12.179739952087402
-2.202886656443709,-58.604278564453125
2.369358494612781,0.7826805114746094
-11.30813578108209,-175.285888671875
4.484288991501213,-5.226219177246094
-35.8165916579592,-24.868101119995117
-5.19085420781142,-14.49423885345459
2.86709961553106,-3.6013259887695312
-4.349210006555943,3.9459738731384277
5.029017096161708,3.9665687084198
8.243548509216069,13.742427825927734
-2.6184282494780104,-3.4291205406188965
-5.527709296795018,-11.874956130981445
-52.7336020518746,-8.83806324005127
6.07843040491799,-1.566530704498291
-4.396710286499547,0.7463912963867188
6.6154810826822,-1.8884234428405762
9.772192422094813,-0.6555814743041992
2.099307195887115,30.156564712524414
-12.414939844598162,-11.195232391357422
8.24149319055937,1.01149320602417
-1.5178355576616795,-4.01886510848999
9.144089281431205,-7.509354114532471
1.418014053180695,-11.675224304199219
-60.92137282626391,42.57209777832031
5.61896917638109,8.954818725585938
-4.96580172718434,-3.472270965576172
-24.4432878855492,-4.1050872802734375
1.675381804264854,-8.533517837524414
-2.8447496930443927,-45.513946533203125
-1.059512617215007,8.699481964111328
1.41805545618482,4.916239261627197
-7.06329362397977,-21.27178382873535
9.400493271217616,4.71832799911499
3.1327986373042376,1.1290373802185059
4.097668935846943,15.821887969970703
-4.01456885639382,91.81158447265625
-2.260381023139061,-7.593570709228516
-8.237627320974727,-17.46033477783203
-2.23616712442702,-1.902831792831421
-26.79502671025515,-107.51835632324219
-10.594900847222812,-41.005882263183594
4.509456424718162,-0.9878509044647217
-22.9219832537164,-3.454446792602539
-6.2026319104393295,-49.11264419555664
-4.662511414401839,1.4300727844238281
-0.4503474699443348,17.43396759033203
-21.5531296050118,-11.935369491577148
-39.7169735486916,-21.65353012084961
-6.13466459150186,-45.95253372192383
6.093529951556334,3.4382522106170654
-33.3004252633332,19.026412963867188
-7.789052707582185,8.170446395874023
-61.6890402284636,-57.38214111328125
-10.613183176373598,188.02044677734375
-12.6203596574975,-109.55877685546875
-15.2234416939723,0.4285792112350464
3.42848617073407,-33.0452880859375
-50.4820483838523,-17.405277252197266
-71.7765711158932,-10.322322845458984
4.338369925074482,-11.884143829345703
-34.0729170807354,-11.229730606079102
-10.285920522724917,22.981212615966797
2.71808902854303,-9.620349884033203
2.26767773086615,1.6141471862792969
0.3189015990893598,-4.75242805480957
-39.873530292237,-25.24889373779297
5.053393098685065,-11.778709411621094
-5.77665564868809,-18.110729217529297
-22.4462583852743,-146.69265747070312
-10.162041561092582,-6.7409281730651855
8.70853787657841,-3.5786187648773193
-3.73521146317182,-7.656576156616211
-1.3326443092463092,-10.838813781738281
-5.830142578087577,-21.483882904052734
-7.815562497274902,4.5901103019714355
-20.7558388881914,-65.70913696289062
-1.03656181464744,-4.5719146728515625
-3.930469946192945,-12.639269828796387
5.391699208755202,24.253265380859375
7.2595381633228,0.8998384475708008
9.30630078585379,15.785789489746094
-3.77133000272187,-253.31390380859375
-42.936846127142296,-25.19122314453125
0.5211206139658471,-97.09619140625
0.7345204104922589,-1.69464111328125
6.86106163750481,-78.283447265625
-21.61387508166409,-1.2732911109924316
-24.577379709126298,-16.313461303710938
3.986867952152618,-2.384479522705078
-63.2346715672369,23.912410736083984
4.55602013063716,-10.46920108795166
-20.3623076046531,-2.516571044921875
8.678125432705007,2.547039031982422
-2.1147225087047508,-23.498550415039062
-1.14890133483728,0.8363262414932251
3.7921116228684086,5.804311752319336
-1.3811964732242277,-92.9704818725586
0.1752112379752922,-17.795204162597656
3.3452637215970498,28.811508178710938
6.63109301847755,18.79961395263672
-8.72128086410909,-2.1412086486816406
-0.1160299782726794,27.064186096191406
0.1119561526876595,-2.2009830474853516
11.877856996640997,-4.645202159881592
-3.2142130797467816,4.557398319244385
-3.9552380984537248,-14.202906608581543
-1.593720937577549,-13.486885070800781
3.3899996482015826,8.998441696166992
7.66334596528203,-17.122724533081055
2.60625970962018,18.865867614746094
5.006519903780723,-6.989272117614746
-58.5527340809363,-0.15056371688842773
3.776985072333982,-6.743919372558594
2.4866177573815964,0.13143634796142578
-0.6920482116816997,-6.38525390625
2.1747311895065486,23.926877975463867
-13.14009076535719,-36.471561431884766
2.745769909533195,13.905437469482422
-10.626155896203898,7.085580348968506
0.0548896546292299,31.614946365356445
-69.1366966634013,-10.653483390808105
14.8508222506114,-2.606478452682495
-28.3488859938485,46.12391662597656
0.6884341878779402,21.387554168701172
12.566471603210276,6.097156524658203
-5.472376660417956,-25.655563354492188
-2.1691769605730515,-12.275238037109375
-0.3887710448227697,-0.4193115234375
9.1356503291117,3.6122398376464844
4.93167956005568,-22.00286102294922
2.713132201978397,17.492210388183594
9.090654061652296,-8.878586769104004
1.741670982094262,5.312458038330078
-5.89266438028177,-16.42561912536621
-1.130678948105339,9.640096664428711
-46.587141393021525,-5.279234886169434
4.366245372711767,5.5734052658081055
2.858782897786812,-59.32466125488281
2.53362859007723,1.734903335571289
-1.7943154401891548,-12.57247543334961
-0.6435038581465955,-64.4158935546875
5.99108205682079,-2.2631664276123047
2.44728958086436,-4.508121490478516
1.5718362711845366,-1.2145042419433594
-55.54568697318505,-5.055163383483887
-9.231606713935047,1.6391551494598389
3.547124544521316,-82.5528564453125
-73.5286754265322,-11.58261489868164
0.2047767843086013,-9.856979370117188
-10.398648228661925,-6.638792991638184
-46.9980356488569,-17.77866554260254
-62.9031214125763,-21.537094116210938
-10.35739215730591,43.11759567260742
1.83593808226401,1.7271966934204102
7.827394642815597,22.86675262451172
-9.742168339465294,-74.50179290771484
-0.29408409265346,-10.757874488830566
-5.653435188749545,-15.291741371154785
-14.57002364123529,-8.054176330566406
-18.1797235112709,13.816267967224121
-5.45440876641342,-7.380675315856934
8.596988309863011,7.959737777709961
-5.493763326806099,-21.574337005615234
-8.393586343504198,4.0182061195373535
-3.963646539183849,-5.550778865814209
9.625121597198186,5.739794731140137
-6.18357684414468,-0.07997751235961914
-3.41466344580097,-8.376444816589355
-4.03025121975644,41.66533660888672
-2.66483863280114,-8.87745475769043
-0.190891674386513,11.068195343017578
16.1850033157246,15.595661163330078
-7.910003358009165,25.294387817382812
-2.07861348348741,-23.51474380493164
12.331931266595111,7.498234748840332
0.8825935384285006,-14.010629653930664
-2.1789667599796294,13.854619979858398
3.0307168501552093,-8.952495574951172
14.8229623836697,1.6364116668701172
6.795393661635613,32.52111053466797
5.16750826555368,-24.19110679626465
-57.144820014625296,-8.496400833129883
6.167862854629888,-13.201807022094727
-2.698758931910008,37.9210205078125
1.289294757415069,-17.18482208251953
13.9692836454661,7.574792861938477
-38.6438610292767,8.594047546386719
-3.119647295186995,-1.5040619373321533
-6.745372906074374,35.0401611328125
-2.7468186065138984,-11.735288619995117
1.6198341998494314,-14.020894050598145
1.6646916021852596,-14.406917572021484
-7.87226820943855,-17.97940444946289
8.652061852316729,21.81336212158203
2.4933992323843923,8.482963562011719
2.35160533891099,-0.2624969482421875
1.30779520720034,13.042434692382812
-11.9965988914421,2.3006861209869385
4.780848076735348,-8.897921562194824
11.2728180991378,5.8904924392700195
0.7651079053562314,-15.704425811767578
-10.6557437737239,8.88371467590332
3.27100049685324,10.182979583740234
-5.2815921348029296,-17.061004638671875
-27.5445722402187,-127.15892028808594
-2.683955047842884,15.669759750366211
-43.929359067237,-8.291765213012695
-4.639593570653838,-5.058286190032959
-14.7229944429405,-3.404442310333252
-5.00028834575103,-10.343742370605469
-1.2236747050651609,-1.9300518035888672
-17.6830733389949,-100.55364227294922
-9.979741434164584,-32.17889404296875
-0.2823200449385875,-73.0798110961914
-36.50577458359941,-24.331924438476562
-4.853312003098937,-28.25132942199707
-27.4476544011683,-10.190235137939453
-49.5120706514507,-20.344398498535156
1.2287673509824204,-6.939313888549805
9.503977484174175,10.635555267333984
-5.5186956836840375,-124.93951416015625
-2.99361591491145,-5.368263244628906
7.99575647038201,-7.290453910827637
11.7225687296843,-5.697910308837891
6.987950206462267,-20.533912658691406
5.5273920092716775,-9.049500465393066
-7.19378137939456,-87.1821060180664
6.001532732018722,-1.292590856552124
7.92708077877978,6.176723003387451
4.316615136301563,2.4680838584899902
0.1590569364430157,-1.3383848667144775
2.8348518495029404,-11.156082153320312
-46.6686841099013,-6.016735076904297
-0.8984319813221007,-1.3527030944824219
4.30511943579503,-3.1343994140625
-3.36735139960915,-24.30714988708496
6.58117049992555,2.8851616382598877
6.753311816554961,-3.8392345905303955
-1.1091988250418725,-4.538813591003418
5.26551760771767,-12.2032470703125
-37.3999740396079,-0.33965110778808594
-34.48768519828235,-4.807491302490234
-46.862925671502296,-4.481551170349121
-1.19024715514191,-0.6446914672851562
-1.4920816076829602,-19.704362869262695
-5.775806690181939,-5.750152587890625
-14.2382866820043,-2.8735764026641846
1.3131129859732091,0.3250579833984375
13.1991243046288,9.456579208374023
3.6035536346157695,-1.844635009765625
4.97603191479674,13.915989875793457
2.9737175212081803,-2.199953317642212
-35.1782981083837,-9.781804084777832
-10.480511156242285,-6.74470329284668
-0.3170472839931941,6.283206939697266
3.59745169898486,6.414546966552734
-5.139364658294922,0.2523622512817383
-29.2662792150344,-12.498071670532227
11.555346181601609,-0.6177750825881958
3.7092867134231,-6.796426773071289
-0.7280966227290082,-92.41705322265625
0.9480162028997956,36.371551513671875
-9.619042312244815,-108.41212463378906
-3.15562863494722,17.764892578125
7.285509446842615,-13.30804443359375
2.71319811317338,2.48336124420166
1.026942322157092,-0.6100890636444092
-4.65691689928222,-13.488323211669922
-8.677497573270493,-4.5293073654174805
14.3436638764016,1.8467007875442505
-11.8973420493851,-39.935455322265625
-6.61979034735207,-8.041393280029297
8.86280218600469,5.323821067810059
-3.43040335892423,-37.351966857910156
0.4443344011282492,11.027708053588867
2.6678241356197647,-17.531902313232422
2.334382802629,-1.6677550077438354
-13.8157551615103,-34.42319869995117
1.9007667723773176,-3.7197988033294678
-17.190033530139498,6.833006858825684
3.88810032819938,-8.847597122192383
1.2705701336207027,6.383103370666504
3.887422638441485,2.330528736114502
10.349523074958825,1.8987078666687012
9.62907409316032,-75.54623413085938
0.7709161631446207,-1.765950083732605
2.3166834950764685,-80.53516387939453
2.76912169862866,1.0987532138824463
-46.2372447228831,0.3486762046813965
-37.0930621901092,-31.95738983154297
0.996650643215182,-29.62725830078125
-12.898019313824,7.557358741760254
-0.71117494174041,3.819795608520508
-0.5663484394051013,21.8431396484375
-12.4595255596924,26.345867156982422
-0.6089836493556324,9.133886337280273
6.92534745147092,-1.6164054870605469
3.320229681965675,61.3121337890625
-10.274169876330886,172.61767578125
-49.062306315025,100.22781372070312
-30.7261055182573,-11.969677925109863
22.7414116448382,6.5400495529174805
-0.9529303605806088,1.0810184478759766
-10.739322929783883,2.847654342651367
-20.9507978903398,1.0211594104766846
-24.96156751119129,82.884765625
14.9823899147147,12.392921447753906
-14.564555056626377,130.76251220703125
1.907333647224608,-2.130953073501587
-1.178255647098801,45.468109130859375
1.9806048133258944,9.13109016418457
8.833837192566008,9.327978134155273
-18.5255095356289,-32.319984436035156
3.010752586641185,94.2578125
3.67041582610247,-25.67650604248047
-33.7845903951132,-10.578727722167969
-13.812973987503693,-11.46261978149414
-13.861300672159,-25.35101890563965
-26.24662901330595,1.84200918674469
-1.61504571199055,-17.36279296875
8.754663680824095,8.674044609069824
3.22816419080692,-3.662681818008423
-2.0585753436264698,-6.948247909545898
-9.59094984812801,-19.255678176879883
6.02246857213521,10.7147216796875
-4.11149235653684,-7.125429153442383
-4.361976736345532,-62.738731384277344
-2.4097304318056905,-5.342302322387695
4.967381413305823,-16.480545043945312
-11.9154244975033,-1.3117141723632812
-11.183106529127476,-8.456720352172852
-2.3538192484503564,-6.96705436706543
-2.204579993178592,3.259544610977173
-91.8886792382854,-7.23044490814209
3.2582764286422226,21.719837188720703
9.859104788483815,-4.521977424621582
-2.6304973605131474,6.577378273010254
8.398744223780918,-2.2116904258728027
1.4955767028094,18.64029312133789
6.720388221210122,10.638128280639648
6.99756701325662,11.43251895904541
12.966325580978296,6.890186309814453
-22.8644313188967,-6.492860794067383
-14.4731176558811,4.682936668395996
-0.0918051514147744,-61.88408660888672
0.9434331950199416,-134.0849609375
7.877641553655238,16.733642578125
-27.1636490162131,-1.7882413864135742
3.42669038506664,-6.7294206619262695
0.31232235517322,1.393946647644043
1.1848602197973823,-24.852886199951172
-5.822632503482525,-17.744354248046875
-2.989164004622407,-3.0912797451019287
1.69213972357191,-49.025634765625
-0.89184437235696,0.5629701614379883
2.446050707651698,63.75360107421875
5.07108724357905,-14.914618492126465
5.42147270471237,-0.8677346706390381
-2.20364176327536,29.560699462890625
3.08443697315444,18.53253173828125
-5.97248436581227,-7.8146281242370605
-1.0190872666435924,221.16644287109375
-14.885807229381896,14.216644287109375
0.046018285265003,-9.8130521774292
6.00089213826483,-1.985673427581787
-1.4680391508473674,-1.3657398223876953
-49.8653288018085,-9.202957153320312
-7.283890318199592,4.445016384124756
3.6053774296538297,0.19716978073120117
6.364261125349779,4.129417896270752
-51.4043293278057,-6.774385452270508
-64.65676531723692,-8.034533500671387
-26.1965705632023,22.372753143310547
2.63157412115867,-5.475219249725342
16.694612728237402,-5.334256172180176
-17.0314498829154,1.8020696640014648
-58.40351531723695,-40.608734130859375
-15.3173389528898,-16.97759246826172
-6.613686761665703,-8.867883682250977
-39.0646563811545,-8.434223175048828
0.809697096857583,-10.903899192810059
0.4685622181175212,-8.450024604797363
-6.376202369524528,215.5272216796875
-14.434457477598505,-5.1479034423828125
-26.0047332498617,-6.037644386291504
-17.5801214502402,-1.3285799026489258
-2.60072537807549,-8.356819152832031
7.184930267876617,-20.914588928222656
0.555665600488549,-2.164586067199707
8.747205755218493,-3.653672933578491
-2.289513933263135,-0.2202291488647461
3.8009101564042025,6.572637557983398
-1.67197513843126,-0.9979901313781738
-15.746453943284,-15.499929428100586
