Score,Pred Score
4.219145585451182,8.466178894042969
-2.588665914009158,-9.653173446655273
-3.0703466753296,-2.1937856674194336
2.1112971208509976,2.5502452850341797
-19.1693792779686,-9.88017463684082
-0.9096556467231308,-4.138652801513672
-5.316952415477393,-5.172016143798828
-5.39913759737588,6.239514350891113
6.1026124307435,0.01702505350112915
-1.6005087696864486,-6.497645854949951
-51.6773231694491,-27.05886459350586
0.51700222845629,-9.964897155761719
-1.6521884315998507,-1.0994246006011963
2.11024229353816,1.294579267501831
17.2594267615487,3.5215132236480713
-1.73607437190069,-2.386251926422119
-5.77436797253085,-3.722525119781494
-0.568998602339841,1.063429355621338
-1.289264920121349,-13.53384780883789
-14.1813773041305,-30.595321655273438
-3.31847606547329,2.212062358856201
11.710679650337616,3.999359607696533
2.046344769010002,0.9954171180725098
-2.77042962989298,-0.7223724126815796
9.014890317831036,0.05746716260910034
2.726862934921635,4.245739936828613
-3.4922781726655696,-13.957076072692871
1.292753014965791,2.445594549179077
8.16191414696451,0.14228051900863647
-8.251107402184557,-2.802924394607544
7.262818938793504,-2.267176389694214
4.14054171285972,0.6933188438415527
-13.546032832554804,-5.901645660400391
-16.8307740899425,2.512194871902466
-0.2642143205483515,1.5350568294525146
-6.135426654744688,0.12367749214172363
-7.187555808667961,-5.171937942504883
8.149714042401495,1.1700382232666016
-6.426376983867103,-0.0977180004119873
13.9953943577381,3.4535582065582275
-6.31868596379813,6.567768096923828
5.321680837772678,0.9366490840911865
11.9978624338519,-0.09398722648620605
7.909526276907584,-3.468433380126953
7.206977941743588,-14.329034805297852
-7.378812419643663,-0.18588757514953613
0.2475632146873464,2.690804958343506
12.7359625054994,5.790229797363281
5.220668557811489,-0.9311366081237793
1.3318185914773402,2.0156736373901367
2.776867734737273,3.9623045921325684
-27.8178569354009,-45.63493347167969
-4.20883890972707,-2.2193026542663574
2.78743688363977,0.7274644374847412
-9.657849716236,-36.50038146972656
4.071661498679735,4.915677070617676
-10.586292641023492,2.3679699897766113
2.578081311550471,-0.8381834030151367
-42.2483635713802,-42.51207733154297
8.204494762209066,-0.9565132260322571
18.5317724911246,2.272012233734131
6.097122298913325,-3.103074550628662
-11.299328727708405,2.361360549926758
-6.22433036882608,-0.47238171100616455
3.12612254618191,-0.02080667018890381
8.756217929094177,3.4904375076293945
-1.757118944268968,-16.49322509765625
-51.402683514636095,-23.800086975097656
-2.13735826282737,2.757122039794922
8.88265541550952,3.1249516010284424
5.58846482112586,1.5736794471740723
7.383552345763623,3.9119980335235596
10.229168329440906,-0.3741466999053955
-17.4030551064212,-1.6870841979980469
2.204062447972561,-7.210478782653809
-3.195242757261453,2.334362506866455
-36.8822022827233,-27.876617431640625
3.812227003524945,1.5374441146850586
-6.89310310865277,-5.878042697906494
-2.85382252753121,-3.2470719814300537
-7.42349600405968,-0.49836266040802
4.398848813602776,6.921683311462402
-68.1959205924323,-58.924007415771484
-3.773219093074008,-3.8338778018951416
8.453421074249384,3.2512221336364746
-62.9612541332419,-43.69353485107422
2.97844031586002,-4.047945976257324
-5.800670766453999,-0.6597166061401367
2.409764321136161,-0.9157757759094238
-1.6610011043127195,-9.726995468139648
1.39259946716825,-1.0603485107421875
-5.785469568057495,-39.564056396484375
10.468583156479704,2.7584967613220215
0.8267526169764301,-6.949872970581055
-0.4271227388875901,1.004481554031372
-5.85807143580148,-5.601661205291748
-2.67676896274171,-0.8776025772094727
-3.11888044241469,-3.8456969261169434
6.71098989067457,3.9360625743865967
6.429854346358795,2.9151058197021484
-6.897600670415837,-1.4027576446533203
-16.4910721624856,-37.211944580078125
-3.057699221935841,2.569643497467041
-17.6906096863185,-46.63107681274414
0.1461877509898399,-3.9402263164520264
-3.01321716593974,-0.19209027290344238
-15.0412339008878,1.9770252704620361
-3.60075442831331,0.3872259855270386
12.5056328567953,-1.463216781616211
-13.8996269060666,-4.253710746765137
5.265272900492549,-9.567499160766602
12.283123760680592,4.889400959014893
-2.54688332955635,2.63580584526062
11.579228393987275,3.3816347122192383
-0.3284521577656807,-0.003779113292694092
-2.33292598982445,-0.1437680721282959
-0.1058882282985149,-4.4139604568481445
-2.4461467814868523,-25.182598114013672
-41.8026500314277,-29.621551513671875
4.417989059347175,-4.4296040534973145
-40.2101205720394,-45.017704010009766
-14.277645616907492,-7.731090068817139
3.29681579894721,-2.579801559448242
-0.7012610501602399,-9.091838836669922
8.463248256721428,5.947975158691406
-2.491707941339629,-0.8677405118942261
4.867927463076468,1.6398804187774658
-1.876637029070265,-2.848442316055298
-12.955988512618,-47.9169921875
-7.75971004909346,-3.643054485321045
4.67424026120176,2.0469820499420166
-7.08434802004719,-1.8426111936569214
-6.19730890695259,-2.118104934692383
-0.1240821746904601,-4.13433837890625
4.069163600073605,-1.9707707166671753
-1.77750068778882,1.2371203899383545
1.8601156760560384,-4.212448596954346
-10.8237586662752,-25.26302719116211
-50.1674018945849,-23.01107406616211
-5.8677981963370005,-0.17256879806518555
-24.4869919201538,-32.06842803955078
-12.281506448986304,2.203521966934204
-5.8772631055401,-0.9501299858093262
-0.1639564470097907,2.704767942428589
4.17561229224804,1.3434934616088867
2.77922195660905,-2.1205222606658936
-3.454798154796729,6.358493804931641
7.692941411907634,-1.0638926029205322
-2.390619984667185,-0.6591110229492188
-33.1832620874725,-34.392433166503906
-18.23432595343749,-36.15547180175781
5.29419053806362,5.050921440124512
-77.3623903172369,-75.82777404785156
15.4985727759109,1.7326515913009644
7.73570234615748,-2.4669899940490723
-9.325981865786185,-19.24441909790039
-9.72499716390718,-3.113485813140869
13.309934514349203,1.916051983833313
2.264898495983479,-2.3602285385131836
-12.0320822507053,-4.017887115478516
-2.56542276271332,1.8104623556137085
7.196532980977684,-4.3452911376953125
-1.857666460494741,0.53590989112854
-1.4872271509121793,-1.3200962543487549
-3.12013961477547,2.952507734298706
2.6303171850506604,-5.010566711425781
-60.49569009623433,-48.84503173828125
-30.3377383335249,-28.26718521118164
1.0590749185315824,0.5913946628570557
-6.929951553081727,-3.5006396770477295
-8.46093254820262,-7.332869529724121
2.461922216333884,10.563722610473633
4.5031585012656095,1.5217013359069824
4.435147085081137,2.4802703857421875
-2.88087637063392,1.1761631965637207
-1.5082203021212124,1.9942245483398438
-0.6579761516790089,-2.7835693359375
3.719171936095444,3.6571664810180664
-2.6053130644292946,2.6125378608703613
7.276768036701751,-1.7740734815597534
5.29091659278858,2.215031147003174
-1.0659561461183158,-8.65018367767334
15.4186986077963,1.0326790809631348
7.543407488617369,3.191948890686035
9.58062385928767,3.3847928047180176
0.2570808252882703,-2.5037479400634766
8.13893448615947,2.722172260284424
-5.14141487663266,-2.0715436935424805
-16.517773128145326,-4.395967960357666
0.7364260970712593,3.006438970565796
4.25311060075082,0.3779561519622803
-25.4508968849616,-14.843961715698242
-1.9051378030600723,2.149887800216675
5.506094216928792,0.6650338172912598
-0.1777753404752198,3.0764293670654297
16.9349100756105,2.99545955657959
-11.607028837624,-7.298757553100586
-1.2671721747064446,-16.751209259033203
-16.1535771788668,-28.420696258544922
8.143116180793372,-0.5508859753608704
7.078924552126015,7.178090572357178
-5.73967918172164,-0.8623982667922974
-23.3725501337939,-1.4028167724609375
9.04709717330502,-35.53602600097656
-3.724573545179619,2.871032476425171
4.4516036428765,4.479491233825684
-1.657597602265355,2.2559380531311035
5.586124430090477,2.8190159797668457
-26.6651088566214,-30.399051666259766
3.028467183462371,1.8559576272964478
-40.7258600860177,-10.669574737548828
-26.912205886836706,-19.681880950927734
-3.9965921287470247,-5.3079328536987305
-4.739766082030863,1.5980651378631592
4.2006804390709,3.4030890464782715
-22.3071231538392,-32.901763916015625
-18.5891767455387,-20.98202133178711
-5.960419628776203,2.0252480506896973
-18.9061714872788,-2.0445327758789062
-21.4141717786538,-30.568008422851562
-12.208208404490907,-33.08148193359375
-3.72583443525641,0.28778767585754395
-2.377061578670744,0.16637396812438965
6.075310726130807,4.486589431762695
2.12042655289975,-3.3758177757263184
3.181253849239128,-2.369950771331787
10.41580460128629,-0.4398419260978699
-23.8934551543691,-42.98961639404297
-0.8981307679622897,-2.627131462097168
3.7078671714499096,3.660266876220703
11.644495901203598,0.9395058155059814
-22.42608065327665,-14.405074119567871
-1.2036514942358316,1.9294488430023193
-13.5091075877696,-3.4234628677368164
-1.79502295092813,0.07629990577697754
2.332279780348585,-8.387809753417969
3.11049964318654,4.110648155212402
3.54836143321337,-0.9487513899803162
3.77256113899207,0.08147650957107544
-2.35314836228574,0.19350624084472656
7.837521570550837,4.267672538757324
9.328533024448705,0.9441590309143066
-37.9495035857927,0.5090451240539551
-4.144685584269085,2.5632307529449463
8.91646092056966,4.31057071685791
5.635020609606415,-0.7080910205841064
-15.1006814359747,1.6363376379013062
-2.4599041427842496,3.5270228385925293
2.42002639701588,7.124085426330566
-3.0331069492891496,1.0391921997070312
10.480393919522983,3.552931308746338
4.452168509343501,6.003026962280273
-2.552277046947741,-5.962716102600098
-5.97419023328963,2.1352715492248535
-0.5734820606807138,-0.32462167739868164
3.7606671418030695,-2.7258167266845703
-31.4759298257721,-31.130680084228516
0.300408103033295,0.07604479789733887
-6.32558602127377,1.852944254875183
0.90894434552881,2.052947998046875
5.954690473588823,-0.03449404239654541
0.0804428699766095,5.014802932739258
8.45389840526827,2.1199259757995605
-2.8859593337581737,0.7347010970115662
-1.122073026503361,-3.1707839965820312
-75.56229656723696,-33.62986755371094
-6.291328737399075,-2.217317581176758
-10.1192188918475,-0.3589060306549072
-56.3663437951974,-33.71783447265625
2.4288820651169605,1.6974080801010132
5.05355462238675,5.502092361450195
-13.1809903671301,0.5728499293327332
-6.75960002722117,-0.6797921657562256
9.0758909366509,0.294827938079834
-1.4230966237807086,-2.262803792953491
5.59963570142504,-2.97723388671875
4.133325903305868,-2.2279505729675293
3.00680128293027,1.0703980922698975
-27.8195558011628,-15.682509422302246
-29.9162730471743,-40.176124572753906
20.7191486697607,9.442760467529297
3.455876052191651,-0.27151668071746826
2.595279020812243,-3.3806838989257812
-4.0896099478500325,3.0240135192871094
5.3817717725564,-7.598753929138184
-1.9802660997523944,4.863367080688477
0.4007388327427847,0.603440523147583
10.11870938841209,-1.8553924560546875
-1.7174251595272625,-5.06208610534668
-13.2363849677504,-14.031895637512207
-58.24412469223692,-40.20316696166992
-47.9875704511971,-23.67299461364746
-3.681083449701528,-8.399992942810059
0.1118559290339978,-3.2712924480438232
-8.998840630677615,-0.7659080028533936
1.1941842843275,2.627214193344116
19.33685959748449,8.127041816711426
-3.09775596823669,-0.403505802154541
1.2555345380058751,-0.2533085346221924
-78.7451798053926,-11.998165130615234
8.35813394800668,3.8133163452148438
-19.6754058911438,-31.779041290283203
4.743603615290096,-3.9394521713256836
1.3155747227446202,-0.8288750648498535
11.316750179392892,1.6501595973968506
11.779516260068313,0.5908666849136353
-3.802611775309477,-10.750048637390137
-10.539071528779305,0.2883538007736206
4.49646859469848,-1.0514841079711914
3.59102041590596,1.0417287349700928
2.1560784090827942,2.107527256011963
-17.309192174305,-12.50564956665039
-1.768261666543676,-1.5971508026123047
-3.34531377329845,-0.20504212379455566
-9.09730633851708,-1.7907439470291138
-12.909180343140196,2.230419158935547
4.020569536845237,5.992382049560547
2.28163515100639,1.084052562713623
-1.6307504375632549,1.64939546585083
7.809600001042748,1.8999673128128052
-83.9761260280997,-29.934879302978516
7.656482330373112,7.096166610717773
1.675245639565673,-11.656963348388672
-15.991582533821994,1.6631399393081665
8.681027307740193,9.912936210632324
11.10272802991041,8.64324951171875
3.42951329804928,2.975823163986206
-1.4295761119406232,-7.424099922180176
-11.9299972333177,4.25818395614624
11.923948375295712,0.7499045133590698
5.960801203295765,-0.15034013986587524
-0.4381862293696001,-2.9107117652893066
-2.43808381047612,-2.3325395584106445
5.72263802046558,0.2915339469909668
1.1496085756031087,0.29267871379852295
-6.72144892291601,-4.539804935455322
18.1939100849816,5.923449516296387
3.61441892535489,0.2670906186103821
-0.8028238008287005,-8.918010711669922
0.7001962140772594,0.1134185791015625
2.125547882163602,4.0572428703308105
-2.8472026300298463,-22.590160369873047
-4.534682244798708,-1.5203239917755127
4.49418879319923,3.311357021331787
-10.901275449743116,-1.385862946510315
-4.736229867816737,3.5287845134735107
-0.0053525606393112,-1.130514144897461
7.06923762363823,-0.20464682579040527
-0.0084306638066775,0.06981533765792847
2.11900133622217,3.320554494857788
8.106852576346123,2.7308497428894043
-0.1428452494230792,1.0993343591690063
-1.0683487237199796,-2.592632293701172
0.0285872237409883,-1.9842197895050049
2.75380173901167,-0.8920381665229797
-7.69948364751984,-6.243500232696533
-0.0556983764780604,-0.38440436124801636
-1.32131943338233,-1.135793685913086
-3.0345245902191325,-6.421073913574219
-2.93911844531118,-2.710801601409912
9.94612085382829,6.04686164855957
-3.5546157663424616,-12.289186477661133
-11.221818720505304,0.0388602614402771
3.9797293996962297,2.9672975540161133
4.54734483862441,1.9208136796951294
-45.634880019414,-24.978504180908203
-1.6020246929696491,-19.137775421142578
-4.12581810820042,-0.5423924326896667
-3.019531285218114,-4.638548851013184
5.42509465390903,-0.49733787775039673
-21.5871320482388,2.251317024230957
-1.2497809936708242,-0.8693487048149109
-35.0272315856836,-37.51978302001953
3.37898618824583,-0.6863349080085754
-13.4460672849668,-21.36463165283203
10.982614675109394,3.0919530391693115
2.35164464781062,-1.0120015144348145
-20.9676231329802,-13.357704162597656
-1.6422791314174887,2.1494123935699463
-0.3136273830120112,1.3809661865234375
-16.967828162594074,-14.4982328414917
-2.8325461302865187,1.2228975296020508
-2.6871577689602653,-1.9084508419036865
7.570838092245207,-1.23973548412323
-13.547300817594484,-22.036083221435547
8.99923705482913,9.5613431930542
-0.003939288658445,3.42004132270813
6.147225205740463,-3.398744583129883
-2.149900469098629,-7.268825054168701
-25.2381267145584,-34.058895111083984
-5.36204355968609,1.9342732429504395
4.43276114617859,-0.9097700715065002
3.27144637329635,0.118996262550354
-1.626797120535592,6.729704856872559
-9.859535687586003,-14.127286911010742
2.0008593011464906,-2.9577126502990723
0.369316059642221,1.6686019897460938
5.79128728304933,1.5449646711349487
0.1235817830644999,0.829063892364502
-3.36903782007548,-8.38956069946289
7.06032809637297,3.952981948852539
13.71198107208239,0.9404881000518799
0.2886204877907422,-0.5898210406303406
16.4171583068458,2.5930957794189453
-44.7886924625105,-31.474260330200195
-7.726553411266567,-2.962761640548706
4.065326821312747,0.9032275676727295
2.12749125232924,-15.423357963562012
9.06213659212517,2.3995771408081055
-4.51305804704249,-7.213775634765625
4.28301459624688,1.8479200601577759
-7.211196994815285,-18.900184631347656
-58.4491138315396,-44.83270263671875
-0.5413656534735456,-4.191676139831543
3.24770439300306,-3.2829902172088623
-0.6472060937938101,0.20285910367965698
-1.93656353174353,2.33558988571167
-1.94666134980912,-2.614131450653076
-0.670930828719279,-17.313743591308594
17.1612744381531,1.8568745851516724
-8.044482691931467,-3.7929491996765137
16.9968892380515,2.12637996673584
3.62056380925444,-1.2496565580368042
4.07090957771029,1.147505521774292
-1.0680791130593923,-0.2847776412963867
4.69437535963172,-1.9480183124542236
0.3837795244341289,2.662179470062256
0.6681105368389735,0.9486230611801147
-8.08045020128908,-3.8030309677124023
-42.6579269422049,-41.3209228515625
-30.89708550466269,-35.94995880126953
-1.1617148968623687,-2.15091609954834
6.46185690649625,3.459895372390747
8.658679095048068,6.751288414001465
-0.1898191226144924,-12.302022933959961
6.457932781589695,3.131643056869507
-33.7712071062874,-25.64438247680664
-4.786538605318405,1.7532734870910645
-13.5632540546311,-15.310283660888672
-82.13826531723697,-6.991612434387207
-3.0453156276270903,-8.07505989074707
6.430237727930085,2.223933219909668
5.31082796058257,3.3143346309661865
-70.65073406723695,-43.5290641784668
4.71112087372323,-1.198721170425415
-10.78700495517378,-6.18101167678833
-6.055427015859325,-1.3119006156921387
-16.475900892606802,0.7815680503845215
-2.487076105276776,-4.133798599243164
-48.3858044800915,-39.79876708984375
5.893700156574014,3.780761241912842
-47.9957157156951,-30.339447021484375
-1.511416195100045,-37.022396087646484
-7.071587649042333,-2.0183444023132324
-0.3550158381598589,2.1128406524658203
-17.0078420331655,-19.695755004882812
10.3189652047012,0.401297926902771
8.829561804598438,2.744313955307007
10.909208084253878,10.483819961547852
-2.25262466719878,3.548529624938965
0.7445982178878973,-0.07412338256835938
-4.813871520282443,2.670499563217163
2.85060083445348,3.0276849269866943
-2.54595208771381,-12.56622314453125
-8.692928400841772,-3.8253471851348877
16.618750626525,6.769550323486328
7.37064384347005,1.623930811882019
-6.81516141534704,-0.7470192313194275
-10.386374558578522,-0.08680886030197144
3.73205068567752,2.2578678131103516
-6.40442742836347,2.215296745300293
1.74273211890989,-7.1409454345703125
-7.920344649869953,-27.426231384277344
-9.28527551691871,2.891230344772339
1.51502173443586,3.682278633117676
-90.3299705619704,-45.91898727416992
-6.512385872303066,-30.762451171875
0.7982616963508231,0.36847829818725586
15.8859560938761,2.7758712768554688
-23.227454082363305,-21.972536087036133
5.4465900456679694,2.9169387817382812
-13.2494383747796,-1.3693032264709473
-2.3458288386735573,1.1102943420410156
-1.5403494549472296,-4.158442974090576
-2.941164138388841,-2.7647147178649902
-14.6311710829416,-34.41423797607422
-4.81834176383161,1.4867007732391357
-4.03806373695381,1.8345458507537842
0.4076170529080399,-8.98518180847168
-34.8552692363716,-15.029141426086426
-25.0659802428987,0.2978324890136719
-5.8684323426223,3.3530492782592773
0.6771989561182002,1.3288408517837524
-14.6157572128631,-18.004371643066406
5.344594984386832,-8.929375648498535
-4.75101729862813,2.211581230163574
-89.5439156156453,-41.235939025878906
-1.207429910073891,-0.8866424560546875
13.667582002208905,3.8727054595947266
-82.4887013651952,-54.38077163696289
4.40921359309415,-4.869480609893799
-19.923371510770203,-9.26443099975586
-4.665207913971671,-0.4723336696624756
3.42106467876526,1.8734434843063354
-39.0956747424042,-9.54527473449707
-10.288292260688207,-3.2558367252349854
2.3067635611900137,-1.6963481903076172
-4.92782811871599,2.308353900909424
10.292368565007404,2.431170701980591
-8.184373188662292,-25.78626251220703
-4.763634360062484,-1.7025699615478516
-2.40000424902785,-5.874774932861328
5.009535132419683,0.19338011741638184
-22.2455703021075,-23.346824645996094
3.987299411465438,1.4765793085098267
-38.4962238749225,-42.58317565917969
-44.9949251983702,-44.11799240112305
-1.378759213278819,-4.278444290161133
8.07102955700163,3.69842529296875
1.055995951979529,2.872964859008789
2.188685633501576,1.7534127235412598
1.0880788430276551,5.034454345703125
-0.2898522089969393,-0.8773201107978821
-3.790702882666694,-0.5710787177085876
-7.940842049461227,-21.183937072753906
4.398742241377427,1.8946142196655273
2.5565427438131976,-0.6826385855674744
4.123908949931413,-1.9163730144500732
-76.9668504799361,-8.312305450439453
-14.1325019191809,-18.80628204345703
7.960789166364423,2.1028358936309814
0.4423212163888063,0.44508886337280273
2.63206586722876,2.183581829071045
3.1988276731025875,-2.5036134719848633
-1.6552655274048038,2.2468605041503906
8.077984978184695,-1.8212193250656128
-13.790764753514,-7.168217658996582
2.13745295521649,0.9298663139343262
3.0897024917955025,1.3259375095367432
-0.3530077955256401,-5.82745361328125
-7.639409008216227,9.099181175231934
2.765011277030255,1.4068078994750977
3.557691046156,0.982146143913269
4.00031385473591,-3.3256564140319824
-55.7541546140486,-47.9127311706543
9.550892694239591,2.8767662048339844
1.775572054007981,-6.367652893066406
-2.248378586620203,0.07058262825012207
-56.2560888739038,-35.273765563964844
-2.5590885431480426,3.147416591644287
-40.5029244010595,-34.08720016479492
-30.8171784242839,-8.451045989990234
2.679404112105611,3.3819894790649414
2.76740193393285,3.5588841438293457
-11.341527235964405,-6.274417877197266
-3.448025235667948,-27.000324249267578
-0.0780407432645869,0.32383060455322266
11.616605850275496,3.796797752380371
9.179556151687803,0.3515927791595459
7.190050317883171,3.4895544052124023
-39.4932668903457,-5.286640167236328
-2.306526469902426,-1.5854835510253906
0.5403453062071405,-0.05359196662902832
-23.6042929930625,-33.69746398925781
-4.172986764275874,-2.6310367584228516
0.5394390329931549,1.4780958890914917
5.84905996845087,0.47764164209365845
-22.9515728231767,-0.3833580017089844
-3.134999611446543,-10.794971466064453
-6.066411004621831,-2.439936399459839
2.24572304437811,3.7070140838623047
-70.8116033690518,-3.9819297790527344
0.3224388648416145,-0.47264719009399414
4.755697845162629,3.7409439086914062
1.7336328627834918,-2.430636405944824
3.939818822274421,1.7752454280853271
6.09033976794457,2.369065999984741
6.4251548431743295,-4.607612609863281
-6.47138721063866,1.0630489587783813
-0.0379657812584102,2.3716228008270264
4.4105627388370605,1.913912296295166
2.3065604778561424,0.35466715693473816
7.588764503474316,2.1449146270751953
-24.3954295810688,0.9827101230621338
7.380729755239978,-3.470560073852539
5.978124919049687,5.468360900878906
0.7860328468455551,-0.8619650602340698
-44.1817825469333,-22.939855575561523
3.58036180553514,0.9371292591094971
3.33951124606136,2.160414695739746
-6.79658968512302,1.4763127565383911
3.7347243087796,1.0518536567687988
4.76541245752904,2.9355716705322266
8.922207576391518,-10.729933738708496
-11.864177458483407,-3.438596487045288
1.166748445159433,2.350769519805908
-25.781275563237,-6.813828945159912
4.179707781567577,-6.181699752807617
-1.073248118887358,-2.878267765045166
1.7249239205326918,1.1886407136917114
-81.52648016021857,-79.1231689453125
13.015759276594096,7.453187942504883
5.35198813185094,0.7321505546569824
-12.53254789251529,-3.516465425491333
5.45103123545738,6.035915374755859
4.128157012788561,2.2087759971618652
-3.8590388668775,2.5775716304779053
7.36579899286375,3.608046531677246
-11.03094492075089,-27.737106323242188
8.017093587799739,0.8371460437774658
15.384553292915324,-31.789644241333008
2.79124989437018,0.1743597388267517
2.81101468536903,-2.6966378688812256
-1.7237618714553775,2.015409231185913
-2.202886656443709,-4.714748859405518
2.369358494612781,-1.686072826385498
-11.30813578108209,-0.5128074884414673
4.484288991501213,1.2219396829605103
-35.8165916579592,-39.54137420654297
-5.19085420781142,-1.6101038455963135
2.86709961553106,-5.172624588012695
-4.349210006555943,3.604628801345825
5.029017096161708,2.360452651977539
8.243548509216069,1.366537094116211
-2.6184282494780104,1.5977163314819336
-5.527709296795018,-2.1184849739074707
-52.7336020518746,-37.343379974365234
6.07843040491799,1.4230256080627441
-4.396710286499547,-1.2983160018920898
6.6154810826822,2.71633243560791
9.772192422094813,8.759511947631836
2.099307195887115,2.7379727363586426
-12.414939844598162,-12.84890365600586
8.24149319055937,4.3035969734191895
-1.5178355576616795,1.1639494895935059
9.144089281431205,5.736339569091797
1.418014053180695,1.5090186595916748
-60.92137282626391,-45.33209228515625
5.61896917638109,3.3027701377868652
-4.96580172718434,-8.624519348144531
-24.4432878855492,-1.5451958179473877
1.675381804264854,-4.990789413452148
-2.8447496930443927,-3.560948371887207
-1.059512617215007,2.768772602081299
1.41805545618482,3.0637450218200684
-7.06329362397977,-1.8998489379882812
9.400493271217616,3.374267578125
3.1327986373042376,-8.108837127685547
4.097668935846943,2.861182451248169
-4.01456885639382,-3.802485466003418
-2.260381023139061,2.6601481437683105
-8.237627320974727,-35.626182556152344
-2.23616712442702,1.218410849571228
-26.79502671025515,-31.77391815185547
-10.594900847222812,-10.412330627441406
4.509456424718162,6.9526262283325195
-22.9219832537164,-25.18378448486328
-6.2026319104393295,-2.1435394287109375
-4.662511414401839,-1.8591481447219849
-0.4503474699443348,3.1974451541900635
-21.5531296050118,-35.150184631347656
-39.7169735486916,-2.2802085876464844
-6.13466459150186,-8.606924057006836
6.093529951556334,2.9587817192077637
-33.3004252633332,-33.072784423828125
-7.789052707582185,3.2601780891418457
-61.6890402284636,-30.162532806396484
-10.613183176373598,-6.579866886138916
-12.6203596574975,-31.469120025634766
-15.2234416939723,-1.1001100540161133
3.42848617073407,1.5448918342590332
-50.4820483838523,-26.83255386352539
-71.7765711158932,-31.91560935974121
4.338369925074482,3.259636402130127
-34.0729170807354,-44.797760009765625
-10.285920522724917,-0.7160583734512329
2.71808902854303,9.73108959197998
2.26767773086615,-2.8868579864501953
0.3189015990893598,-2.5282721519470215
-39.873530292237,-45.82989501953125
5.053393098685065,-1.0473670959472656
-5.77665564868809,1.5949525833129883
-22.4462583852743,-27.364768981933594
-10.162041561092582,-13.316902160644531
8.70853787657841,-0.34999150037765503
-3.73521146317182,-6.603207588195801
-1.3326443092463092,-25.246469497680664
-5.830142578087577,-3.5673680305480957
-7.815562497274902,-2.9415552616119385
-20.7558388881914,-15.95977783203125
-1.03656181464744,-2.763455629348755
-3.930469946192945,-9.824121475219727
5.391699208755202,2.818227767944336
7.2595381633228,2.8699021339416504
9.30630078585379,5.679110527038574
-3.77133000272187,-1.4849499464035034
-42.936846127142296,-24.52948570251465
0.5211206139658471,-0.21024441719055176
0.7345204104922589,2.0356154441833496
6.86106163750481,6.86527681350708
-21.61387508166409,-22.584861755371094
-24.577379709126298,-32.90754699707031
3.986867952152618,2.555729866027832
-63.2346715672369,-39.541481018066406
4.55602013063716,2.2126054763793945
-20.3623076046531,0.23078107833862305
8.678125432705007,-1.7879582643508911
-2.1147225087047508,-2.97127103805542
-1.14890133483728,2.8718347549438477
3.7921116228684086,2.406905174255371
-1.3811964732242277,-6.269100189208984
0.1752112379752922,-1.703773021697998
3.3452637215970498,1.743172287940979
6.63109301847755,1.0916283130645752
-8.72128086410909,-34.89310073852539
-0.1160299782726794,-2.5095033645629883
0.1119561526876595,-0.4507465362548828
11.877856996640997,3.1903328895568848
-3.2142130797467816,2.227742910385132
-3.9552380984537248,0.13550111651420593
-1.593720937577549,2.6781225204467773
3.3899996482015826,-0.09570330381393433
7.66334596528203,-1.7870019674301147
2.60625970962018,1.7600841522216797
5.006519903780723,-15.158266067504883
-58.5527340809363,-2.7307186126708984
3.776985072333982,0.20298337936401367
2.4866177573815964,3.236480712890625
-0.6920482116816997,-0.4652869701385498
2.1747311895065486,-0.3559231758117676
-13.14009076535719,-16.64219856262207
2.745769909533195,2.4743685722351074
-10.626155896203898,3.1423778533935547
0.0548896546292299,5.683295249938965
-69.1366966634013,-29.094528198242188
14.8508222506114,2.2434866428375244
-28.3488859938485,-33.73273468017578
0.6884341878779402,-11.730117797851562
12.566471603210276,5.898411750793457
-5.472376660417956,-16.938642501831055
-2.1691769605730515,-1.799534559249878
-0.3887710448227697,2.9113645553588867
9.1356503291117,2.6961240768432617
4.93167956005568,-12.425297737121582
2.713132201978397,-4.208929538726807
9.090654061652296,-4.721414089202881
1.741670982094262,2.3909826278686523
-5.89266438028177,-0.5896152257919312
-1.130678948105339,-3.671025276184082
-46.587141393021525,-27.071931838989258
4.366245372711767,2.6788272857666016
2.858782897786812,1.7437055110931396
2.53362859007723,-0.3296130299568176
-1.7943154401891548,2.8570241928100586
-0.6435038581465955,1.6438655853271484
5.99108205682079,-1.9722521305084229
2.44728958086436,-4.1342620849609375
1.5718362711845366,0.003733694553375244
-55.54568697318505,-56.19644546508789
-9.231606713935047,2.3830485343933105
3.547124544521316,-28.279924392700195
-73.5286754265322,-13.088763236999512
0.2047767843086013,0.32014596462249756
-10.398648228661925,-0.022256791591644287
-46.9980356488569,-36.58098602294922
-62.9031214125763,-64.84716796875
-10.35739215730591,-1.3529092073440552
1.83593808226401,2.787198543548584
7.827394642815597,2.6609482765197754
-9.742168339465294,-9.298643112182617
-0.29408409265346,-2.7229208946228027
-5.653435188749545,-2.2895455360412598
-14.57002364123529,-26.093706130981445
-18.1797235112709,2.7523374557495117
-5.45440876641342,0.2236649990081787
8.596988309863011,2.2125167846679688
-5.493763326806099,-0.2900348901748657
-8.393586343504198,3.1568503379821777
-3.963646539183849,1.510087490081787
9.625121597198186,-0.5805260539054871
-6.18357684414468,-1.6297111511230469
-3.41466344580097,1.08126699924469
-4.03025121975644,-2.3685779571533203
-2.66483863280114,-0.274963915348053
-0.190891674386513,0.1637887954711914
16.1850033157246,3.449518918991089
-7.910003358009165,-0.8773399591445923
-2.07861348348741,-0.940800130367279
12.331931266595111,4.025519371032715
0.8825935384285006,-2.9925081729888916
-2.1789667599796294,-2.045748233795166
3.0307168501552093,-0.39465153217315674
14.8229623836697,2.484779119491577
6.795393661635613,1.951125979423523
5.16750826555368,-2.457824468612671
-57.144820014625296,-39.05630111694336
6.167862854629888,-0.3531133532524109
-2.698758931910008,-7.167926788330078
1.289294757415069,-1.1343733072280884
13.9692836454661,0.4053809642791748
-38.6438610292767,-34.994503021240234
-3.119647295186995,-3.7196853160858154
-6.745372906074374,-2.17465877532959
-2.7468186065138984,-3.9143176078796387
