Score,Pred Score
4.219145585451182,8.490089416503906
-2.588665914009158,-9.659399032592773
-3.0703466753296,-2.0047731399536133
2.1112971208509976,2.446763038635254
-19.1693792779686,-9.911412239074707
-0.9096556467231308,-4.0801520347595215
-5.316952415477393,-4.797427177429199
-5.39913759737588,6.528421401977539
6.1026124307435,0.043062567710876465
-1.6005087696864486,-6.168616771697998
-51.6773231694491,-27.04824447631836
0.51700222845629,-9.727933883666992
-1.6521884315998507,-1.1163479089736938
2.11024229353816,1.2474673986434937
17.2594267615487,3.507002353668213
-1.73607437190069,-2.105665683746338
-5.77436797253085,-4.014848709106445
-0.568998602339841,1.0751038789749146
-1.289264920121349,-13.551880836486816
-14.1813773041305,-30.3687744140625
-3.31847606547329,2.222017288208008
11.710679650337616,3.9907422065734863
2.046344769010002,0.920067310333252
-2.77042962989298,-0.7711068987846375
9.014890317831036,0.04821014404296875
2.726862934921635,3.7425994873046875
-3.4922781726655696,-13.464109420776367
1.292753014965791,2.4161312580108643
8.16191414696451,0.17033308744430542
-8.251107402184557,-2.9888391494750977
7.262818938793504,-2.079562187194824
4.14054171285972,0.760440468788147
-13.546032832554804,-5.97491979598999
-16.8307740899425,2.5140371322631836
-0.2642143205483515,1.6150689125061035
-6.135426654744688,0.34371304512023926
-7.187555808667961,-5.36037540435791
8.149714042401495,1.0900025367736816
-6.426376983867103,-0.059738993644714355
13.9953943577381,3.4756484031677246
-6.31868596379813,6.709110260009766
5.321680837772678,0.5663387775421143
11.9978624338519,-0.09010976552963257
7.909526276907584,-3.3645966053009033
7.206977941743588,-14.458832740783691
-7.378812419643663,-0.15305304527282715
0.2475632146873464,2.6846508979797363
12.7359625054994,5.9158830642700195
5.220668557811489,-0.8956843018531799
1.3318185914773402,1.9896366596221924
2.776867734737273,3.997439384460449
-27.8178569354009,-46.1186408996582
-4.20883890972707,-2.155212879180908
2.78743688363977,0.9032614231109619
-9.657849716236,-36.53501510620117
4.071661498679735,5.177931785583496
-10.586292641023492,2.35463285446167
2.578081311550471,-0.6017708778381348
-42.2483635713802,-42.09718322753906
8.204494762209066,-1.1385098695755005
18.5317724911246,2.252845525741577
6.097122298913325,-3.1124401092529297
-11.299328727708405,2.35953950881958
-6.22433036882608,-0.42775845527648926
3.12612254618191,-0.06498599052429199
8.756217929094177,3.4980781078338623
-1.757118944268968,-16.672752380371094
-51.402683514636095,-23.38826560974121
-2.13735826282737,2.731419086456299
8.88265541550952,3.160773277282715
5.58846482112586,1.642210602760315
7.383552345763623,3.7943990230560303
10.229168329440906,-0.4057843089103699
-17.4030551064212,-1.6857541799545288
2.204062447972561,-7.364108085632324
-3.195242757261453,2.3240957260131836
-36.8822022827233,-28.36915397644043
3.812227003524945,1.674877405166626
-6.89310310865277,-5.940292835235596
-2.85382252753121,-3.007950782775879
-7.42349600405968,-0.4360995888710022
4.398848813602776,6.914341449737549
-68.1959205924323,-59.57481002807617
-3.773219093074008,-3.6549582481384277
8.453421074249384,3.2698678970336914
-62.9612541332419,-44.00616455078125
2.97844031586002,-3.7855257987976074
-5.800670766453999,-0.40946292877197266
2.409764321136161,-2.279000759124756
-1.6610011043127195,-9.805826187133789
1.39259946716825,-1.1667168140411377
-5.785469568057495,-39.09355545043945
10.468583156479704,2.807868719100952
0.8267526169764301,-6.7363715171813965
-0.4271227388875901,0.9069154262542725
-5.85807143580148,-5.907452583312988
-2.67676896274171,-0.8279426097869873
-3.11888044241469,-4.118663787841797
6.71098989067457,3.9812839031219482
6.429854346358795,2.8734397888183594
-6.897600670415837,-1.9394235610961914
-16.4910721624856,-38.53416061401367
-3.057699221935841,2.5849967002868652
-17.6906096863185,-46.71149826049805
0.1461877509898399,-3.941291570663452
-3.01321716593974,-0.23627501726150513
-15.0412339008878,2.0044448375701904
-3.60075442831331,0.4543684720993042
12.5056328567953,-1.4983314275741577
-13.8996269060666,-4.051936626434326
5.265272900492549,-10.082830429077148
12.283123760680592,4.835241317749023
-2.54688332955635,3.0227108001708984
11.579228393987275,3.4224860668182373
-0.3284521577656807,0.027913331985473633
-2.33292598982445,-0.18464374542236328
-0.1058882282985149,-4.514176368713379
-2.4461467814868523,-26.554790496826172
-41.8026500314277,-29.671632766723633
4.417989059347175,-4.14976167678833
-40.2101205720394,-43.959022521972656
-14.277645616907492,-7.525280952453613
3.29681579894721,-2.595163345336914
-0.7012610501602399,-8.957480430603027
8.463248256721428,6.049671173095703
-2.491707941339629,-0.8143461346626282
4.867927463076468,1.5984467267990112
-1.876637029070265,-2.801661491394043
-12.955988512618,-47.66523742675781
-7.75971004909346,-3.786637306213379
4.67424026120176,2.1070845127105713
-7.08434802004719,-1.7737386226654053
-6.19730890695259,-2.1331710815429688
-0.1240821746904601,-4.237658500671387
4.069163600073605,-1.9133046865463257
-1.77750068778882,1.2367966175079346
1.8601156760560384,-3.938180446624756
-10.8237586662752,-26.789039611816406
-50.1674018945849,-23.13050079345703
-5.8677981963370005,-0.14389121532440186
-24.4869919201538,-32.48012924194336
-12.281506448986304,2.171327829360962
-5.8772631055401,-0.8737225532531738
-0.1639564470097907,2.790752410888672
4.17561229224804,0.9622106552124023
2.77922195660905,-1.9748191833496094
-3.454798154796729,6.43426513671875
7.692941411907634,-1.1308326721191406
-2.390619984667185,-1.3875517845153809
-33.1832620874725,-34.994171142578125
-18.23432595343749,-36.03153991699219
5.29419053806362,5.019134521484375
-77.3623903172369,-77.22380065917969
15.4985727759109,1.6923651695251465
7.73570234615748,-2.47403621673584
-9.325981865786185,-19.66163444519043
-9.72499716390718,-3.3382482528686523
13.309934514349203,1.914982795715332
2.264898495983479,-2.3612217903137207
-12.0320822507053,-3.4249916076660156
-2.56542276271332,1.7745699882507324
7.196532980977684,-4.27058219909668
-1.857666460494741,0.6257534027099609
-1.4872271509121793,-1.5210933685302734
-3.12013961477547,2.9695234298706055
2.6303171850506604,-5.3259429931640625
-60.49569009623433,-48.76764678955078
-30.3377383335249,-28.409603118896484
1.0590749185315824,0.6660823822021484
-6.929951553081727,-4.0041327476501465
-8.46093254820262,-7.2419657707214355
2.461922216333884,10.67702865600586
4.5031585012656095,1.6159708499908447
4.435147085081137,2.5445432662963867
-2.88087637063392,1.557962417602539
-1.5082203021212124,2.159344434738159
-0.6579761516790089,-2.7375826835632324
3.719171936095444,3.792919635772705
-2.6053130644292946,2.791487693786621
7.276768036701751,-2.0341267585754395
5.29091659278858,2.185307741165161
-1.0659561461183158,-8.928951263427734
15.4186986077963,1.0739152431488037
7.543407488617369,3.3613152503967285
9.58062385928767,4.436652183532715
0.2570808252882703,-2.4569790363311768
8.13893448615947,2.726606845855713
-5.14141487663266,-2.084909439086914
-16.517773128145326,-4.413156032562256
0.7364260970712593,3.0117876529693604
4.25311060075082,0.35136228799819946
-25.4508968849616,-14.808023452758789
-1.9051378030600723,2.4172701835632324
5.506094216928792,0.5260012149810791
-0.1777753404752198,3.0785582065582275
16.9349100756105,2.9655871391296387
-11.607028837624,-7.373830795288086
-1.2671721747064446,-16.519792556762695
-16.1535771788668,-28.485477447509766
8.143116180793372,-0.5386001467704773
7.078924552126015,7.797991752624512
-5.73967918172164,-0.6418893933296204
-23.3725501337939,-1.3555606603622437
9.04709717330502,-35.35845947265625
-3.724573545179619,2.8912198543548584
4.4516036428765,4.075414180755615
-1.657597602265355,2.361246109008789
5.586124430090477,2.8902101516723633
-26.6651088566214,-29.99184226989746
3.028467183462371,1.8463528156280518
-40.7258600860177,-10.33836841583252
-26.912205886836706,-18.320629119873047
-3.9965921287470247,-5.303292751312256
-4.739766082030863,1.8265166282653809
4.2006804390709,3.4299237728118896
-22.3071231538392,-32.6887092590332
-18.5891767455387,-19.88207244873047
-5.960419628776203,2.229938507080078
-18.9061714872788,-2.07196044921875
-21.4141717786538,-30.35653305053711
-12.208208404490907,-33.004981994628906
-3.72583443525641,0.3598306179046631
-2.377061578670744,0.17202413082122803
6.075310726130807,4.649827003479004
2.12042655289975,-3.663545608520508
3.181253849239128,-2.1843276023864746
10.41580460128629,-0.40117543935775757
-23.8934551543691,-43.23686981201172
-0.8981307679622897,-2.750415325164795
3.7078671714499096,3.465477705001831
11.644495901203598,1.136329174041748
-22.42608065327665,-14.913457870483398
-1.2036514942358316,1.9115869998931885
-13.5091075877696,-3.3121230602264404
-1.79502295092813,0.0784311294555664
2.332279780348585,-8.445467948913574
3.11049964318654,4.172307014465332
3.54836143321337,-0.8595056533813477
3.77256113899207,0.08183813095092773
-2.35314836228574,0.44359397888183594
7.837521570550837,4.169634819030762
9.328533024448705,1.1216866970062256
-37.9495035857927,0.4787745475769043
-4.144685584269085,2.668588876724243
8.91646092056966,4.3039655685424805
5.635020609606415,-0.7050700783729553
-15.1006814359747,1.6001540422439575
-2.4599041427842496,3.5402345657348633
2.42002639701588,7.194355010986328
-3.0331069492891496,1.0220060348510742
10.480393919522983,3.6066648960113525
4.452168509343501,6.156897068023682
-2.552277046947741,-5.932855129241943
-5.97419023328963,2.195206642150879
-0.5734820606807138,-0.3603630065917969
3.7606671418030695,-2.6020045280456543
-31.4759298257721,-31.75483512878418
0.300408103033295,0.09144020080566406
-6.32558602127377,1.8325248956680298
0.90894434552881,2.0065863132476807
5.954690473588823,-0.0536838173866272
0.0804428699766095,4.94525146484375
8.45389840526827,2.1835813522338867
-2.8859593337581737,0.7362709045410156
-1.122073026503361,-3.291165828704834
-75.56229656723696,-33.68320083618164
-6.291328737399075,-2.180027723312378
-10.1192188918475,-0.4083974361419678
-56.3663437951974,-33.92185974121094
2.4288820651169605,1.7408872842788696
5.05355462238675,5.321281909942627
-13.1809903671301,0.456121563911438
-6.75960002722117,-0.6800196170806885
9.0758909366509,0.3105192184448242
-1.4230966237807086,-2.1044533252716064
5.59963570142504,-3.634934663772583
4.133325903305868,-2.3699936866760254
3.00680128293027,1.0587966442108154
-27.8195558011628,-15.50271224975586
-29.9162730471743,-40.83066940307617
20.7191486697607,9.532029151916504
3.455876052191651,-0.28136640787124634
2.595279020812243,-3.505937099456787
-4.0896099478500325,3.0884017944335938
5.3817717725564,-7.551729202270508
-1.9802660997523944,4.720111846923828
0.4007388327427847,0.7414360046386719
10.11870938841209,-1.8475234508514404
-1.7174251595272625,-4.025928497314453
-13.2363849677504,-13.752104759216309
-58.24412469223692,-40.19077682495117
-47.9875704511971,-24.080026626586914
-3.681083449701528,-8.461143493652344
0.1118559290339978,-3.8494017124176025
-8.998840630677615,-0.7425999641418457
1.1941842843275,2.5658607482910156
19.33685959748449,8.217653274536133
-3.09775596823669,-0.47389960289001465
1.2555345380058751,-0.24763453006744385
-78.7451798053926,-11.246370315551758
8.35813394800668,3.8820619583129883
-19.6754058911438,-31.736682891845703
4.743603615290096,-3.692811965942383
1.3155747227446202,-0.8438118100166321
11.316750179392892,1.5703426599502563
11.779516260068313,0.5599255561828613
-3.802611775309477,-10.902257919311523
-10.539071528779305,0.28056883811950684
4.49646859469848,-0.9516637325286865
3.59102041590596,1.1399509906768799
2.1560784090827942,2.063565731048584
-17.309192174305,-12.765623092651367
-1.768261666543676,-1.4274767637252808
-3.34531377329845,-0.19017952680587769
-9.09730633851708,-1.7239972352981567
-12.909180343140196,2.1990773677825928
4.020569536845237,5.785891532897949
2.28163515100639,1.0724345445632935
-1.6307504375632549,1.4818217754364014
7.809600001042748,1.7653658390045166
-83.9761260280997,-29.644779205322266
7.656482330373112,7.213913917541504
1.675245639565673,-11.669211387634277
-15.991582533821994,1.6379778385162354
8.681027307740193,9.771005630493164
11.10272802991041,8.889853477478027
3.42951329804928,2.9985108375549316
-1.4295761119406232,-7.5571208000183105
-11.9299972333177,4.213287353515625
11.923948375295712,0.6592773199081421
5.960801203295765,-0.2785453796386719
-0.4381862293696001,-3.3767566680908203
-2.43808381047612,-2.2285726070404053
5.72263802046558,0.4887070655822754
1.1496085756031087,0.27459537982940674
-6.72144892291601,-2.886941432952881
18.1939100849816,5.9383697509765625
3.61441892535489,0.24819064140319824
-0.8028238008287005,-8.897529602050781
0.7001962140772594,0.11742448806762695
2.125547882163602,3.9485650062561035
-2.8472026300298463,-22.574039459228516
-4.534682244798708,-0.8964121341705322
4.49418879319923,3.3397979736328125
-10.901275449743116,-1.3653624057769775
-4.736229867816737,3.513566732406616
-0.0053525606393112,-1.1274296045303345
7.06923762363823,-0.15761089324951172
-0.0084306638066775,0.026533842086791992
2.11900133622217,3.3637781143188477
8.106852576346123,2.7104454040527344
-0.1428452494230792,1.0862022638320923
-1.0683487237199796,-2.334475517272949
0.0285872237409883,-2.0534749031066895
2.75380173901167,-0.8217273354530334
-7.69948364751984,-5.503149509429932
-0.0556983764780604,-0.35325920581817627
-1.32131943338233,-1.3135147094726562
-3.0345245902191325,-6.798487663269043
-2.93911844531118,-2.643937587738037
9.94612085382829,6.017757892608643
-3.5546157663424616,-12.51970386505127
-11.221818720505304,0.07611864805221558
3.9797293996962297,3.005894660949707
4.54734483862441,1.8996998071670532
-45.634880019414,-25.320816040039062
-1.6020246929696491,-18.713336944580078
-4.12581810820042,-0.5845775008201599
-3.019531285218114,-4.477397441864014
5.42509465390903,-0.5390167236328125
-21.5871320482388,2.20054030418396
-1.2497809936708242,-0.8897874355316162
-35.0272315856836,-38.05994415283203
3.37898618824583,-0.8021619915962219
-13.4460672849668,-21.53717803955078
10.982614675109394,3.129420518875122
2.35164464781062,-1.020782470703125
-20.9676231329802,-13.590240478515625
-1.6422791314174887,2.086118221282959
-0.3136273830120112,1.2938873767852783
-16.967828162594074,-15.406381607055664
-2.8325461302865187,1.1979265213012695
-2.6871577689602653,-1.6847872734069824
7.570838092245207,-1.222859263420105
-13.547300817594484,-19.864524841308594
8.99923705482913,10.28317928314209
-0.003939288658445,3.4903781414031982
6.147225205740463,-3.363090991973877
-2.149900469098629,-7.298027992248535
-25.2381267145584,-33.37932586669922
-5.36204355968609,2.0664780139923096
4.43276114617859,-0.8436511158943176
3.27144637329635,0.08327144384384155
-1.626797120535592,6.5722737312316895
-9.859535687586003,-14.112597465515137
2.0008593011464906,-3.0174622535705566
0.369316059642221,2.1015377044677734
5.79128728304933,1.5992733240127563
0.1235817830644999,0.7623631954193115
-3.36903782007548,-8.33028793334961
7.06032809637297,3.5885233879089355
13.71198107208239,0.9930618405342102
0.2886204877907422,-0.5945571660995483
16.4171583068458,2.580125331878662
-44.7886924625105,-31.34931755065918
-7.726553411266567,-3.0086779594421387
4.065326821312747,0.929102897644043
2.12749125232924,-15.82375431060791
9.06213659212517,2.46346378326416
-4.51305804704249,-6.657243728637695
4.28301459624688,1.8918339014053345
-7.211196994815285,-18.920513153076172
-58.4491138315396,-44.86846923828125
-0.5413656534735456,-4.204742431640625
3.24770439300306,-3.324031114578247
-0.6472060937938101,0.2268061637878418
-1.93656353174353,2.2799904346466064
-1.94666134980912,-4.607377052307129
-0.670930828719279,-15.527030944824219
17.1612744381531,1.8119680881500244
-8.044482691931467,-3.7232680320739746
16.9968892380515,2.1230218410491943
3.62056380925444,-1.3269498348236084
4.07090957771029,1.293886423110962
-1.0680791130593923,-0.030971288681030273
4.69437535963172,-1.9498800039291382
0.3837795244341289,2.6964192390441895
0.6681105368389735,0.8335990905761719
-8.08045020128908,-3.8980963230133057
-42.6579269422049,-41.59687423706055
-30.89708550466269,-35.27872848510742
-1.1617148968623687,-2.3014793395996094
6.46185690649625,2.9429187774658203
8.658679095048068,6.751580238342285
-0.1898191226144924,-12.698253631591797
6.457932781589695,3.1625211238861084
-33.7712071062874,-23.421180725097656
-4.786538605318405,1.7169283628463745
-13.5632540546311,-15.730801582336426
-82.13826531723697,-6.793452262878418
-3.0453156276270903,-7.75616455078125
6.430237727930085,2.103238582611084
5.31082796058257,3.390028953552246
-70.65073406723695,-43.38567352294922
4.71112087372323,-1.278014898300171
-10.78700495517378,-6.228381633758545
-6.055427015859325,-1.1979455947875977
-16.475900892606802,0.7866175174713135
-2.487076105276776,-4.152038097381592
-48.3858044800915,-38.54990005493164
5.893700156574014,3.410137891769409
-47.9957157156951,-29.077316284179688
-1.511416195100045,-37.029232025146484
-7.071587649042333,-2.327652931213379
-0.3550158381598589,2.098841428756714
-17.0078420331655,-19.183544158935547
10.3189652047012,0.6772412061691284
8.829561804598438,2.743055582046509
10.909208084253878,10.532156944274902
-2.25262466719878,3.438255548477173
0.7445982178878973,-0.04465627670288086
-4.813871520282443,2.663402557373047
2.85060083445348,3.068556785583496
-2.54595208771381,-12.58898639678955
-8.692928400841772,-3.876147508621216
16.618750626525,6.390890121459961
7.37064384347005,1.6194043159484863
-6.81516141534704,-0.7147849798202515
-10.386374558578522,-0.0854576826095581
3.73205068567752,2.2518773078918457
-6.40442742836347,2.209083080291748
1.74273211890989,-6.39223575592041
-7.920344649869953,-26.785295486450195
-9.28527551691871,2.923372983932495
1.51502173443586,3.615633249282837
-90.3299705619704,-45.47099304199219
-6.512385872303066,-30.463729858398438
0.7982616963508231,-0.49301326274871826
15.8859560938761,2.761806011199951
-23.227454082363305,-21.900108337402344
5.4465900456679694,2.9189975261688232
-13.2494383747796,-1.431349515914917
-2.3458288386735573,1.1215847730636597
-1.5403494549472296,-4.242518424987793
-2.941164138388841,-3.309475898742676
-14.6311710829416,-34.080162048339844
-4.81834176383161,1.5725071430206299
-4.03806373695381,2.325166702270508
0.4076170529080399,-9.248993873596191
-34.8552692363716,-15.50573444366455
-25.0659802428987,0.48282790184020996
-5.8684323426223,3.7637197971343994
0.6771989561182002,1.3978424072265625
-14.6157572128631,-15.826434135437012
5.344594984386832,-9.37942886352539
-4.75101729862813,2.694840669631958
-89.5439156156453,-40.828407287597656
-1.207429910073891,-0.9284535646438599
13.667582002208905,3.81736421585083
-82.4887013651952,-53.46825408935547
4.40921359309415,-5.699583053588867
-19.923371510770203,-9.444726943969727
-4.665207913971671,-0.325517475605011
3.42106467876526,1.7794380187988281
-39.0956747424042,-9.767762184143066
-10.288292260688207,-3.354590654373169
2.3067635611900137,-1.9843530654907227
-4.92782811871599,2.268641471862793
10.292368565007404,2.3483593463897705
-8.184373188662292,-25.29615020751953
-4.763634360062484,-1.7910832166671753
-2.40000424902785,-5.187862396240234
5.009535132419683,0.1098220944404602
-22.2455703021075,-16.364839553833008
3.987299411465438,1.776885986328125
-38.4962238749225,-41.6067008972168
-44.9949251983702,-43.72080993652344
-1.378759213278819,-4.432990074157715
8.07102955700163,3.719498634338379
1.055995951979529,2.9192748069763184
2.188685633501576,1.72765052318573
1.0880788430276551,4.945544719696045
-0.2898522089969393,-0.8637668490409851
-3.790702882666694,-0.5856139659881592
-7.940842049461227,-21.243419647216797
4.398742241377427,1.890052080154419
2.5565427438131976,-0.6825627088546753
4.123908949931413,-2.011521577835083
-76.9668504799361,-9.131023406982422
-14.1325019191809,-12.438251495361328
7.960789166364423,2.0611572265625
0.4423212163888063,0.5584049224853516
2.63206586722876,2.086030960083008
3.1988276731025875,-2.461548328399658
-1.6552655274048038,2.279301166534424
8.077984978184695,-2.0730721950531006
-13.790764753514,-7.682150363922119
2.13745295521649,1.0951396226882935
3.0897024917955025,1.4199175834655762
-0.3530077955256401,-6.219205856323242
-7.639409008216227,8.788228988647461
2.765011277030255,1.4269098043441772
3.557691046156,1.069197416305542
4.00031385473591,-4.202337265014648
-55.7541546140486,-46.880897521972656
9.550892694239591,2.703763961791992
1.775572054007981,-6.747581481933594
-2.248378586620203,0.037364661693573
-56.2560888739038,-35.84256362915039
-2.5590885431480426,3.2287659645080566
-40.5029244010595,-32.61247253417969
-30.8171784242839,-8.461457252502441
2.679404112105611,3.4248626232147217
2.76740193393285,3.5747220516204834
-11.341527235964405,-6.154729843139648
-3.448025235667948,-26.017807006835938
-0.0780407432645869,0.26480257511138916
11.616605850275496,3.7809553146362305
9.179556151687803,0.47084712982177734
7.190050317883171,3.5232276916503906
-39.4932668903457,-5.6075897216796875
-2.306526469902426,-1.3167052268981934
0.5403453062071405,-0.3954278230667114
-23.6042929930625,-33.6137809753418
-4.172986764275874,-2.8676605224609375
0.5394390329931549,1.4023057222366333
5.84905996845087,0.16852152347564697
-22.9515728231767,-0.2931959629058838
-3.134999611446543,-11.159459114074707
-6.066411004621831,-1.5884530544281006
2.24572304437811,4.005094528198242
-70.8116033690518,-4.266846656799316
0.3224388648416145,-0.6154208183288574
4.755697845162629,3.6568403244018555
1.7336328627834918,-2.6210389137268066
3.939818822274421,1.873009204864502
6.09033976794457,2.3384671211242676
6.4251548431743295,-5.132479190826416
-6.47138721063866,0.9657889604568481
-0.0379657812584102,2.3313398361206055
4.4105627388370605,2.0224931240081787
2.3065604778561424,0.1663443148136139
7.588764503474316,2.084273099899292
-24.3954295810688,0.39071154594421387
7.380729755239978,-3.948643684387207
5.978124919049687,5.4304518699646
0.7860328468455551,-0.5350838899612427
-44.1817825469333,-21.50885772705078
3.58036180553514,0.8431313037872314
3.33951124606136,2.1516733169555664
-6.79658968512302,1.3794965744018555
3.7347243087796,1.3033355474472046
4.76541245752904,2.792912483215332
8.922207576391518,-11.840543746948242
-11.864177458483407,-3.46056866645813
1.166748445159433,2.3728814125061035
-25.781275563237,-8.224259376525879
4.179707781567577,-6.462570667266846
-1.073248118887358,-3.653291702270508
1.7249239205326918,0.9166450500488281
-81.52648016021857,-77.04944610595703
13.015759276594096,7.205546855926514
5.35198813185094,0.6954210996627808
-12.53254789251529,-3.623419761657715
5.45103123545738,6.2258195877075195
4.128157012788561,2.1174638271331787
-3.8590388668775,2.5572595596313477
7.36579899286375,3.397433280944824
-11.03094492075089,-28.138225555419922
8.017093587799739,0.9171466827392578
15.384553292915324,-32.16126251220703
2.79124989437018,0.10382241010665894
2.81101468536903,-1.950801134109497
-1.7237618714553775,2.0338807106018066
-2.202886656443709,-5.200845241546631
2.369358494612781,-1.3928107023239136
-11.30813578108209,-0.6164742708206177
4.484288991501213,1.2987210750579834
-35.8165916579592,-38.95271301269531
-5.19085420781142,-1.6600325107574463
2.86709961553106,-5.807645797729492
-4.349210006555943,3.568730354309082
5.029017096161708,2.2618460655212402
8.243548509216069,1.2900336980819702
-2.6184282494780104,1.8410463333129883
-5.527709296795018,-2.1098053455352783
-52.7336020518746,-38.404258728027344
6.07843040491799,1.3563647270202637
-4.396710286499547,-1.3290390968322754
6.6154810826822,2.708761692047119
9.772192422094813,6.141263961791992
2.099307195887115,2.784564971923828
-12.414939844598162,-13.913593292236328
8.24149319055937,4.6736297607421875
-1.5178355576616795,0.9289584159851074
9.144089281431205,5.767451286315918
1.418014053180695,1.5326011180877686
-60.92137282626391,-47.51292419433594
5.61896917638109,3.3021697998046875
-4.96580172718434,-11.028766632080078
-24.4432878855492,-1.7799348831176758
1.675381804264854,-5.275076866149902
-2.8447496930443927,-3.7496883869171143
-1.059512617215007,2.802107810974121
1.41805545618482,3.0139527320861816
-7.06329362397977,-2.199291944503784
9.400493271217616,3.3641457557678223
3.1327986373042376,-8.129249572753906
4.097668935846943,2.834498405456543
-4.01456885639382,-4.308084487915039
-2.260381023139061,2.6610946655273438
-8.237627320974727,-36.238304138183594
-2.23616712442702,0.9864144921302795
-26.79502671025515,-32.00006103515625
-10.594900847222812,-10.843448638916016
4.509456424718162,6.603121280670166
-22.9219832537164,-25.74993324279785
-6.2026319104393295,-3.076007843017578
-4.662511414401839,-3.3710579872131348
-0.4503474699443348,3.191565752029419
-21.5531296050118,-36.220489501953125
-39.7169735486916,-2.8452248573303223
-6.13466459150186,-10.066554069519043
6.093529951556334,2.993755340576172
-33.3004252633332,-34.36028289794922
-7.789052707582185,3.2569196224212646
-61.6890402284636,-31.088300704956055
-10.613183176373598,-7.154790878295898
-12.6203596574975,-32.455467224121094
-15.2234416939723,-1.431889533996582
3.42848617073407,1.625380516052246
-50.4820483838523,-27.09008026123047
-71.7765711158932,-32.734649658203125
4.338369925074482,3.2802696228027344
-34.0729170807354,-45.11018371582031
-10.285920522724917,-0.8201757073402405
2.71808902854303,9.623937606811523
2.26767773086615,-3.326946258544922
0.3189015990893598,-2.9961719512939453
-39.873530292237,-46.81597900390625
5.053393098685065,-1.710530161857605
-5.77665564868809,1.8125977516174316
-22.4462583852743,-28.495288848876953
-10.162041561092582,-13.783632278442383
8.70853787657841,-0.45013296604156494
-3.73521146317182,-6.493120193481445
-1.3326443092463092,-25.51195526123047
-5.830142578087577,-4.870031356811523
-7.815562497274902,-2.699584722518921
-20.7558388881914,-17.58298110961914
-1.03656181464744,-2.683039903640747
-3.930469946192945,-10.939505577087402
5.391699208755202,2.8056459426879883
7.2595381633228,2.8416075706481934
9.30630078585379,5.641495227813721
-3.77133000272187,-1.528407096862793
-42.936846127142296,-22.789974212646484
0.5211206139658471,0.05547475814819336
0.7345204104922589,2.1834521293640137
6.86106163750481,6.959890365600586
-21.61387508166409,-20.16171646118164
-24.577379709126298,-33.61433410644531
3.986867952152618,2.5381062030792236
-63.2346715672369,-40.38656234741211
4.55602013063716,2.1743860244750977
-20.3623076046531,1.1009819507598877
8.678125432705007,-1.9553197622299194
-2.1147225087047508,-2.8943397998809814
-1.14890133483728,2.869785785675049
3.7921116228684086,2.301157236099243
-1.3811964732242277,-6.105951309204102
0.1752112379752922,-2.0572991371154785
3.3452637215970498,1.7570278644561768
6.63109301847755,0.9018558859825134
-8.72128086410909,-35.029823303222656
-0.1160299782726794,-2.050492286682129
0.1119561526876595,-0.20543289184570312
11.877856996640997,3.3517088890075684
-3.2142130797467816,2.1239171028137207
-3.9552380984537248,0.09315869212150574
-1.593720937577549,2.6791694164276123
3.3899996482015826,-0.19955682754516602
7.66334596528203,-2.194830894470215
2.60625970962018,1.802015781402588
5.006519903780723,-16.24929428100586
-58.5527340809363,-2.907205104827881
3.776985072333982,1.3513915538787842
2.4866177573815964,3.27093768119812
-0.6920482116816997,-0.5192205905914307
2.1747311895065486,-0.3552802801132202
-13.14009076535719,-11.55234432220459
2.745769909533195,2.3657357692718506
-10.626155896203898,3.175435781478882
0.0548896546292299,5.801389694213867
-69.1366966634013,-28.73097038269043
14.8508222506114,2.24080228805542
-28.3488859938485,-33.70033264160156
0.6884341878779402,-12.26469612121582
12.566471603210276,5.884852409362793
-5.472376660417956,-18.205860137939453
-2.1691769605730515,-2.104616165161133
-0.3887710448227697,3.403559923171997
9.1356503291117,2.784371852874756
4.93167956005568,-13.51383113861084
2.713132201978397,-3.86336612701416
9.090654061652296,-6.008520126342773
1.741670982094262,2.401697874069214
-5.89266438028177,-0.6296728253364563
-1.130678948105339,-3.9284892082214355
-46.587141393021525,-27.176372528076172
4.366245372711767,2.705963611602783
2.858782897786812,2.2264015674591064
2.53362859007723,-0.423511803150177
-1.7943154401891548,2.8866641521453857
-0.6435038581465955,1.4765980243682861
5.99108205682079,-2.0849075317382812
2.44728958086436,-4.617924690246582
1.5718362711845366,-0.12558597326278687
-55.54568697318505,-56.2059326171875
-9.231606713935047,2.2739665508270264
3.547124544521316,-28.00400733947754
-73.5286754265322,-14.021583557128906
0.2047767843086013,0.22265583276748657
-10.398648228661925,-0.07608950138092041
-46.9980356488569,-35.984344482421875
-62.9031214125763,-65.54815673828125
-10.35739215730591,-1.326710820198059
1.83593808226401,2.7748477458953857
7.827394642815597,2.6794581413269043
-9.742168339465294,-9.881869316101074
-0.29408409265346,-2.7424702644348145
-5.653435188749545,-2.410923957824707
-14.57002364123529,-26.12790298461914
-18.1797235112709,2.7669663429260254
-5.45440876641342,0.19323968887329102
8.596988309863011,2.214003086090088
-5.493763326806099,-0.33672112226486206
-8.393586343504198,3.184605121612549
-3.963646539183849,1.5066968202590942
9.625121597198186,-0.6504064798355103
-6.18357684414468,-1.749427318572998
-3.41466344580097,1.119347095489502
-4.03025121975644,-2.2299914360046387
-2.66483863280114,-0.37807369232177734
-0.190891674386513,0.044809579849243164
16.1850033157246,3.5186619758605957
-7.910003358009165,-0.9486587047576904
-2.07861348348741,-1.0665615797042847
12.331931266595111,3.890918731689453
0.8825935384285006,-3.0664563179016113
-2.1789667599796294,-0.9014673233032227
3.0307168501552093,-0.49026161432266235
14.8229623836697,2.4621546268463135
6.795393661635613,1.9321781396865845
5.16750826555368,-2.517767906188965
-57.144820014625296,-38.7141227722168
6.167862854629888,-0.42113161087036133
-2.698758931910008,-7.165931701660156
1.289294757415069,-1.1796212196350098
13.9692836454661,0.4359707832336426
-38.6438610292767,-34.39902114868164
-3.119647295186995,-3.748255968093872
-6.745372906074374,-2.1514718532562256
-2.7468186065138984,-3.405186176300049
