Score,Pred Score
-5.73967918172164,-9.630376815795898
-23.3725501337939,-6.753206253051758
9.04709717330502,-23.96431541442871
-3.724573545179619,-0.2177729606628418
4.4516036428765,4.0294294357299805
-1.657597602265355,-3.5745527744293213
5.586124430090477,7.458946704864502
-26.6651088566214,-17.75067901611328
3.028467183462371,2.2549126148223877
-40.7258600860177,-6.701970100402832
-26.912205886836706,-27.268077850341797
-3.9965921287470247,-1.9192285537719727
-4.739766082030863,-3.258256435394287
4.2006804390709,-23.870603561401367
-22.3071231538392,-23.930973052978516
-18.5891767455387,-22.175811767578125
-5.960419628776203,1.1956806182861328
-18.9061714872788,-3.040158748626709
-21.4141717786538,-20.979047775268555
-12.208208404490907,-20.567991256713867
-3.72583443525641,-1.3406100273132324
-2.377061578670744,-6.823269844055176
6.075310726130807,3.0328407287597656
2.12042655289975,-10.479667663574219
3.181253849239128,-5.268571853637695
10.41580460128629,-5.473685264587402
-23.8934551543691,-14.847539901733398
-0.8981307679622897,-6.339404106140137
3.7078671714499096,1.0400145053863525
11.644495901203598,7.284909248352051
-22.42608065327665,-21.384489059448242
-1.2036514942358316,2.6229729652404785
-13.5091075877696,-9.640159606933594
-1.79502295092813,-9.153100967407227
2.332279780348585,-9.537826538085938
3.11049964318654,-0.8718899488449097
3.54836143321337,-10.462629318237305
3.77256113899207,-9.428738594055176
-2.35314836228574,-1.883291482925415
7.837521570550837,0.10114729404449463
9.328533024448705,-4.205360412597656
-37.9495035857927,-6.948680400848389
-4.144685584269085,-6.20953893661499
8.91646092056966,8.849458694458008
5.635020609606415,-10.327108383178711
-15.1006814359747,-0.1698927879333496
-2.4599041427842496,6.622116565704346
2.42002639701588,1.1001386642456055
-3.0331069492891496,3.6501522064208984
10.480393919522983,6.129577159881592
4.452168509343501,-1.5896897315979004
-2.552277046947741,-10.904823303222656
-5.97419023328963,1.7414926290512085
-0.5734820606807138,-8.201959609985352
3.7606671418030695,-8.12507438659668
-31.4759298257721,-17.165281295776367
0.300408103033295,-10.26336669921875
-6.32558602127377,1.0644646883010864
0.90894434552881,1.5039286613464355
5.954690473588823,-11.379135131835938
0.0804428699766095,-1.985835075378418
8.45389840526827,2.5135152339935303
-2.8859593337581737,14.204767227172852
-1.122073026503361,1.0621917247772217
-75.56229656723696,-26.804983139038086
-6.291328737399075,-8.019847869873047
-10.1192188918475,-16.855501174926758
-56.3663437951974,-18.240612030029297
2.4288820651169605,0.6336617469787598
5.05355462238675,-1.4199440479278564
-13.1809903671301,5.041257858276367
-6.75960002722117,-5.536602973937988
9.0758909366509,2.529336929321289
-1.4230966237807086,-6.872332572937012
5.59963570142504,-6.238062858581543
4.133325903305868,1.6987287998199463
3.00680128293027,-0.6071615219116211
-27.8195558011628,-21.278121948242188
-29.9162730471743,-19.537338256835938
20.7191486697607,-0.7083399295806885
3.455876052191651,-8.481853485107422
2.595279020812243,-4.567594528198242
-4.0896099478500325,-0.7620012760162354
5.3817717725564,4.383955955505371
-1.9802660997523944,5.200833797454834
0.4007388327427847,7.714282512664795
10.11870938841209,-14.444496154785156
-1.7174251595272625,-3.8088173866271973
-13.2363849677504,1.6190917491912842
-58.24412469223692,-20.481708526611328
-47.9875704511971,-17.174715042114258
-3.681083449701528,-21.18126678466797
0.1118559290339978,-6.354534149169922
-8.998840630677615,-7.964577674865723
1.1941842843275,-3.5406954288482666
19.33685959748449,9.143718719482422
-3.09775596823669,1.2308013439178467
1.2555345380058751,-6.65151309967041
-78.7451798053926,-19.22390365600586
8.35813394800668,4.224080562591553
-19.6754058911438,-20.801721572875977
4.743603615290096,4.552703380584717
1.3155747227446202,-6.93781042098999
11.316750179392892,4.814450263977051
11.779516260068313,-7.012569427490234
-3.802611775309477,-22.225894927978516
-10.539071528779305,-10.22575569152832
4.49646859469848,-6.547102451324463
3.59102041590596,-1.0896005630493164
2.1560784090827942,1.0132529735565186
-17.309192174305,-8.717790603637695
-1.768261666543676,-5.811150550842285
-3.34531377329845,-6.343888282775879
-9.09730633851708,-9.273860931396484
-12.909180343140196,-3.2279484272003174
4.020569536845237,-4.714365005493164
2.28163515100639,2.946425199508667
-1.6307504375632549,-0.17780780792236328
7.809600001042748,1.810701608657837
-83.9761260280997,-20.20846176147461
7.656482330373112,13.982400894165039
1.675245639565673,-6.645107269287109
-15.991582533821994,0.05514097213745117
8.681027307740193,-3.948585033416748
11.10272802991041,-1.3189903497695923
3.42951329804928,3.7705602645874023
-1.4295761119406232,4.550085067749023
-11.9299972333177,-7.776017665863037
11.923948375295712,6.284544467926025
5.960801203295765,3.2371809482574463
-0.4381862293696001,-4.97694206237793
-2.43808381047612,-5.7786054611206055
5.72263802046558,1.2893656492233276
1.1496085756031087,-9.726269721984863
-6.72144892291601,-1.418905258178711
18.1939100849816,8.546942710876465
3.61441892535489,-9.315723419189453
-0.8028238008287005,-23.8365478515625
0.7001962140772594,-9.679269790649414
2.125547882163602,1.0710854530334473
-2.8472026300298463,-15.471824645996094
-4.534682244798708,-21.407176971435547
4.49418879319923,1.6226656436920166
-10.901275449743116,-4.951521873474121
-4.736229867816737,-2.124429225921631
-0.0053525606393112,-9.159553527832031
7.06923762363823,-6.632965087890625
-0.0084306638066775,-10.539910316467285
2.11900133622217,3.214918613433838
8.106852576346123,17.03379249572754
-0.1428452494230792,-11.620452880859375
-1.0683487237199796,-7.677412509918213
0.0285872237409883,-6.52069091796875
2.75380173901167,-8.997815132141113
-7.69948364751984,-2.869560480117798
-0.0556983764780604,-8.998050689697266
-1.32131943338233,-0.9559831619262695
-3.0345245902191325,-3.713071346282959
-2.93911844531118,-6.741159439086914
9.94612085382829,4.977688789367676
-3.5546157663424616,-18.747285842895508
-11.221818720505304,-7.822310924530029
3.9797293996962297,3.775177478790283
4.54734483862441,3.0489342212677
-45.634880019414,-36.72443771362305
-1.6020246929696491,-25.794424057006836
-4.12581810820042,-12.004148483276367
-3.019531285218114,-7.274619102478027
5.42509465390903,-13.523630142211914
-21.5871320482388,-25.016416549682617
-1.2497809936708242,-9.02669906616211
-35.0272315856836,-19.939186096191406
3.37898618824583,-1.1655431985855103
-13.4460672849668,-0.7613010406494141
10.982614675109394,2.9063539505004883
2.35164464781062,-7.713080406188965
-20.9676231329802,-9.36504077911377
-1.6422791314174887,3.6546993255615234
-0.3136273830120112,-6.792505264282227
-16.967828162594074,1.1617341041564941
-2.8325461302865187,4.088922500610352
-2.6871577689602653,-2.1905274391174316
7.570838092245207,-4.981261730194092
-13.547300817594484,-42.01249313354492
8.99923705482913,0.9535651206970215
-0.003939288658445,1.7705844640731812
6.147225205740463,-6.954649925231934
-2.149900469098629,-12.555500030517578
-25.2381267145584,-26.767173767089844
-5.36204355968609,-2.6658670902252197
4.43276114617859,-8.381542205810547
3.27144637329635,-8.351998329162598
-1.626797120535592,-7.416650772094727
-9.859535687586003,-0.02157115936279297
2.0008593011464906,-10.444314002990723
0.369316059642221,-5.870163440704346
5.79128728304933,1.4928020238876343
0.1235817830644999,-3.0317952632904053
-3.36903782007548,5.729568958282471
7.06032809637297,5.130199432373047
13.71198107208239,4.1431989669799805
0.2886204877907422,-15.10447883605957
16.4171583068458,5.085022926330566
-44.7886924625105,-42.711692810058594
-7.726553411266567,-5.076834201812744
4.065326821312747,-3.744060516357422
2.12749125232924,-23.703357696533203
9.06213659212517,7.8139424324035645
-4.51305804704249,-19.211868286132812
4.28301459624688,1.1501758098602295
-7.211196994815285,-21.309288024902344
-58.4491138315396,-38.33257293701172
-0.5413656534735456,-5.41512393951416
3.24770439300306,3.4178309440612793
-0.6472060937938101,-11.532876014709473
-1.93656353174353,1.2418181896209717
-1.94666134980912,-6.532736301422119
-0.670930828719279,-14.304889678955078
17.1612744381531,6.594387054443359
-8.044482691931467,-12.516866683959961
16.9968892380515,6.217074394226074
3.62056380925444,-5.681145191192627
4.07090957771029,-4.318356513977051
-1.0680791130593923,-3.6992249488830566
4.69437535963172,-7.4969048500061035
0.3837795244341289,4.904447078704834
0.6681105368389735,5.447310447692871
-8.08045020128908,2.421581268310547
-42.6579269422049,-21.655445098876953
-30.89708550466269,-35.0390625
-1.1617148968623687,0.18793237209320068
6.46185690649625,-3.959282398223877
8.658679095048068,-1.925331711769104
-0.1898191226144924,-20.598243713378906
6.457932781589695,3.0936241149902344
-33.7712071062874,-19.21045684814453
-4.786538605318405,2.9276108741760254
-13.5632540546311,-21.834373474121094
-82.13826531723697,-19.974178314208984
-3.0453156276270903,-7.2060394287109375
6.430237727930085,-6.807504177093506
5.31082796058257,-0.9826211929321289
-70.65073406723695,-21.191024780273438
4.71112087372323,-8.19858455657959
-10.78700495517378,6.271467685699463
-6.055427015859325,-7.391391277313232
-16.475900892606802,3.2723920345306396
-2.487076105276776,-9.414817810058594
-48.3858044800915,-22.788806915283203
5.893700156574014,-3.354809284210205
-47.9957157156951,-21.52041244506836
-1.511416195100045,-23.69792938232422
-7.071587649042333,-1.6642732620239258
-0.3550158381598589,5.830141067504883
-17.0078420331655,-18.83129119873047
10.3189652047012,-3.7890660762786865
8.829561804598438,3.09676456451416
10.909208084253878,3.7567195892333984
-2.25262466719878,0.31101393699645996
0.7445982178878973,-4.130254745483398
-4.813871520282443,6.8082990646362305
2.85060083445348,-3.8469858169555664
-2.54595208771381,0.6157655715942383
-8.692928400841772,-2.8476104736328125
16.618750626525,6.954215049743652
7.37064384347005,1.1704444885253906
-6.81516141534704,-10.715210914611816
-10.386374558578522,-7.795334339141846
3.73205068567752,9.524826049804688
-6.40442742836347,-10.669221878051758
1.74273211890989,-0.7494871616363525
-7.920344649869953,-10.034594535827637
-9.28527551691871,0.8406047821044922
1.51502173443586,3.345460891723633
-90.3299705619704,-19.76525115966797
-6.512385872303066,-20.67770004272461
0.7982616963508231,-4.9163947105407715
15.8859560938761,8.2322998046875
-23.227454082363305,-15.29191780090332
5.4465900456679694,3.708024024963379
-13.2494383747796,-1.939975380897522
-2.3458288386735573,1.2206149101257324
-1.5403494549472296,-5.862286567687988
-2.941164138388841,-4.178027629852295
-14.6311710829416,-21.706134796142578
-4.81834176383161,1.1404467821121216
-4.03806373695381,-6.462682247161865
0.4076170529080399,-6.892758369445801
-34.8552692363716,-9.292177200317383
-25.0659802428987,6.334653854370117
-5.8684323426223,15.401508331298828
0.6771989561182002,-9.612062454223633
-14.6157572128631,-19.43250274658203
5.344594984386832,3.220531463623047
-4.75101729862813,2.2151267528533936
-89.5439156156453,-18.541046142578125
-1.207429910073891,4.86979341506958
13.667582002208905,8.573003768920898
-82.4887013651952,-18.731016159057617
4.40921359309415,-6.169676303863525
-19.923371510770203,-7.8827104568481445
-4.665207913971671,-10.268718719482422
3.42106467876526,-3.9715793132781982
-39.0956747424042,-6.684186935424805
-10.288292260688207,3.983173370361328
2.3067635611900137,5.863173484802246
-4.92782811871599,2.924787998199463
10.292368565007404,7.709339141845703
-8.184373188662292,-18.084476470947266
-4.763634360062484,-5.635321140289307
-2.40000424902785,-7.278439521789551
5.009535132419683,-6.706419944763184
-22.2455703021075,-21.31237030029297
3.987299411465438,4.046003341674805
-38.4962238749225,-18.700531005859375
-44.9949251983702,-46.642311096191406
-1.378759213278819,-14.985248565673828
8.07102955700163,7.003115653991699
1.055995951979529,-3.057169198989868
2.188685633501576,6.894251346588135
1.0880788430276551,6.897510528564453
-0.2898522089969393,-10.568530082702637
-3.790702882666694,-8.252945899963379
-7.940842049461227,-6.393869400024414
4.398742241377427,-1.7299447059631348
2.5565427438131976,-6.780980110168457
4.123908949931413,5.521590232849121
-76.9668504799361,-17.170255661010742
-14.1325019191809,-23.03158187866211
7.960789166364423,8.046536445617676
0.4423212163888063,-4.007275581359863
2.63206586722876,2.341604471206665
3.1988276731025875,7.101855754852295
-1.6552655274048038,3.3118534088134766
8.077984978184695,-0.559762716293335
-13.790764753514,-11.267437934875488
2.13745295521649,0.24854445457458496
3.0897024917955025,-2.171762466430664
-0.3530077955256401,-7.465017318725586
-7.639409008216227,6.2449469566345215
2.765011277030255,7.671835422515869
3.557691046156,5.924098968505859
4.00031385473591,-15.466004371643066
-55.7541546140486,-29.567718505859375
9.550892694239591,7.632108688354492
1.775572054007981,-5.703599452972412
-2.248378586620203,-6.074589729309082
-56.2560888739038,-20.31871795654297
-2.5590885431480426,1.835871934890747
-40.5029244010595,-31.83690071105957
-30.8171784242839,-1.907348871231079
2.679404112105611,-3.8703203201293945
2.76740193393285,4.900390625
-11.341527235964405,-0.40784168243408203
-3.448025235667948,-20.466915130615234
-0.0780407432645869,5.941954612731934
11.616605850275496,6.393683433532715
9.179556151687803,0.839327335357666
7.190050317883171,-2.581681251525879
-39.4932668903457,-9.96965503692627
-2.306526469902426,2.0316858291625977
0.5403453062071405,-1.749233365058899
-23.6042929930625,-21.424144744873047
-4.172986764275874,-12.898887634277344
0.5394390329931549,-4.219154357910156
5.84905996845087,-8.77277946472168
-22.9515728231767,-4.618208885192871
-3.134999611446543,-6.993908405303955
-6.066411004621831,3.6254947185516357
2.24572304437811,2.390213966369629
-70.8116033690518,-12.560371398925781
0.3224388648416145,10.614578247070312
4.755697845162629,0.2619013786315918
1.7336328627834918,-7.260469913482666
3.939818822274421,5.058584213256836
6.09033976794457,6.727515697479248
6.4251548431743295,-5.213936805725098
-6.47138721063866,2.768599510192871
-0.0379657812584102,1.3892345428466797
4.4105627388370605,1.7500114440917969
2.3065604778561424,8.450752258300781
7.588764503474316,1.3692221641540527
-24.3954295810688,-10.896610260009766
7.380729755239978,-7.4412689208984375
5.978124919049687,6.616588115692139
0.7860328468455551,6.675885200500488
-44.1817825469333,-33.26872253417969
3.58036180553514,-1.6013097763061523
3.33951124606136,-4.182718276977539
-6.79658968512302,1.4033691883087158
3.7347243087796,-2.0061709880828857
4.76541245752904,6.401235580444336
8.922207576391518,-16.209609985351562
-11.864177458483407,-2.4785892963409424
1.166748445159433,5.70629358291626
-25.781275563237,-6.589656829833984
4.179707781567577,9.409796714782715
-1.073248118887358,-8.965204238891602
1.7249239205326918,-2.5796470642089844
-81.52648016021857,-18.271543502807617
13.015759276594096,6.926681995391846
5.35198813185094,-4.348466396331787
-12.53254789251529,-1.3599915504455566
5.45103123545738,-2.6555497646331787
4.128157012788561,2.3461966514587402
-3.8590388668775,-2.987112045288086
7.36579899286375,2.5950942039489746
-11.03094492075089,-23.051389694213867
8.017093587799739,4.930752754211426
15.384553292915324,-25.950042724609375
2.79124989437018,-9.123811721801758
2.81101468536903,-6.490229606628418
-1.7237618714553775,4.145094871520996
-2.202886656443709,-7.185659408569336
2.369358494612781,10.903243064880371
-11.30813578108209,-9.440716743469238
4.484288991501213,7.676217079162598
-35.8165916579592,-21.857587814331055
-5.19085420781142,-7.942788124084473
2.86709961553106,-11.053442001342773
-4.349210006555943,6.071957588195801
5.029017096161708,3.370199203491211
8.243548509216069,6.728425979614258
-2.6184282494780104,-2.4451522827148438
-5.527709296795018,-9.254159927368164
-52.7336020518746,-35.79762268066406
6.07843040491799,5.864990234375
-4.396710286499547,-10.587574005126953
6.6154810826822,6.784971237182617
9.772192422094813,-15.202204704284668
2.099307195887115,-4.198551177978516
-12.414939844598162,-12.504413604736328
8.24149319055937,7.963835716247559
-1.5178355576616795,5.321045875549316
9.144089281431205,-0.27567386627197266
1.418014053180695,-6.365606307983398
-60.92137282626391,-19.571889877319336
5.61896917638109,2.4048502445220947
-4.96580172718434,-6.415591239929199
-24.4432878855492,-8.164811134338379
1.675381804264854,-6.3125996589660645
-2.8447496930443927,-0.5736496448516846
-1.059512617215007,4.62894868850708
1.41805545618482,3.663910388946533
-7.06329362397977,-11.814949035644531
9.400493271217616,3.978217601776123
3.1327986373042376,-0.9595258235931396
4.097668935846943,2.2065606117248535
-4.01456885639382,-7.909473419189453
-2.260381023139061,4.0524797439575195
-8.237627320974727,-21.144832611083984
-2.23616712442702,6.325136184692383
-26.79502671025515,-14.460955619812012
-10.594900847222812,-19.034473419189453
4.509456424718162,-0.44400250911712646
-22.9219832537164,-19.939708709716797
-6.2026319104393295,-13.14949893951416
-4.662511414401839,-12.404428482055664
-0.4503474699443348,-0.5099973678588867
-21.5531296050118,-17.946598052978516
-39.7169735486916,-6.19853401184082
-6.13466459150186,-6.381340980529785
6.093529951556334,4.342032432556152
-33.3004252633332,-18.5751895904541
-7.789052707582185,-2.9666712284088135
-61.6890402284636,-12.256441116333008
-10.613183176373598,-7.146930694580078
-12.6203596574975,-11.779329299926758
-15.2234416939723,-2.9119067192077637
3.42848617073407,-4.207623481750488
-50.4820483838523,-18.92243003845215
-71.7765711158932,-28.817873001098633
4.338369925074482,-5.873322486877441
-34.0729170807354,-30.555099487304688
-10.285920522724917,-6.743524074554443
2.71808902854303,10.215087890625
2.26767773086615,-6.306002616882324
0.3189015990893598,-6.582518577575684
-39.873530292237,-14.472936630249023
5.053393098685065,-5.358180999755859
-5.77665564868809,-22.79324722290039
-22.4462583852743,-18.315879821777344
-10.162041561092582,-24.056182861328125
8.70853787657841,-6.004983901977539
-3.73521146317182,-20.348472595214844
-1.3326443092463092,-24.48045539855957
-5.830142578087577,-6.463014602661133
-7.815562497274902,-5.7328033447265625
-20.7558388881914,-17.217622756958008
-1.03656181464744,2.0812244415283203
-3.930469946192945,-7.196547508239746
5.391699208755202,2.173171281814575
7.2595381633228,3.6291613578796387
9.30630078585379,-2.1658577919006348
-3.77133000272187,-7.919197082519531
-42.936846127142296,-18.342994689941406
0.5211206139658471,-2.5444061756134033
0.7345204104922589,4.503053665161133
6.86106163750481,-3.7043237686157227
-21.61387508166409,-22.91714859008789
-24.577379709126298,-14.340723991394043
3.986867952152618,0.15841269493103027
-63.2346715672369,-18.851280212402344
4.55602013063716,2.147458791732788
-20.3623076046531,-23.18290138244629
8.678125432705007,2.561807632446289
-2.1147225087047508,-7.0464067459106445
-1.14890133483728,5.170980930328369
3.7921116228684086,-2.156998634338379
-1.3811964732242277,-6.297947883605957
0.1752112379752922,0.13291096687316895
3.3452637215970498,-2.077845811843872
6.63109301847755,-8.466773986816406
-8.72128086410909,-19.141441345214844
-0.1160299782726794,1.3706824779510498
0.1119561526876595,2.259793519973755
11.877856996640997,1.6536333560943604
-3.2142130797467816,-3.721968412399292
-3.9552380984537248,-10.830343246459961
-1.593720937577549,3.191309690475464
3.3899996482015826,-8.210247039794922
7.66334596528203,-8.560186386108398
2.60625970962018,7.740915298461914
5.006519903780723,-5.478647708892822
-58.5527340809363,-23.037418365478516
3.776985072333982,0.030888080596923828
2.4866177573815964,-2.0531318187713623
-0.6920482116816997,5.542586803436279
2.1747311895065486,-3.9849977493286133
-13.14009076535719,-30.595645904541016
2.745769909533195,0.867459774017334
-10.626155896203898,-2.9287686347961426
0.0548896546292299,5.97414493560791
-69.1366966634013,-15.21998119354248
14.8508222506114,7.446110248565674
-28.3488859938485,-18.591751098632812
0.6884341878779402,0.33256983757019043
12.566471603210276,1.9409946203231812
-5.472376660417956,-6.336324691772461
-2.1691769605730515,-8.594314575195312
-0.3887710448227697,0.017858028411865234
9.1356503291117,4.4346818923950195
4.93167956005568,-7.145392417907715
2.713132201978397,-1.870775580406189
9.090654061652296,-6.130911350250244
1.741670982094262,2.9433979988098145
-5.89266438028177,-8.990819931030273
-1.130678948105339,-7.965847015380859
-46.587141393021525,-31.632959365844727
4.366245372711767,5.834622383117676
2.858782897786812,-0.3189067840576172
2.53362859007723,-5.307843208312988
-1.7943154401891548,3.5462217330932617
-0.6435038581465955,-2.532524824142456
5.99108205682079,-8.307708740234375
2.44728958086436,-5.343091011047363
1.5718362711845366,-5.16819953918457
-55.54568697318505,-29.495235443115234
-9.231606713935047,1.4403409957885742
3.547124544521316,-17.477920532226562
-73.5286754265322,-6.379181861877441
0.2047767843086013,-6.217129707336426
-10.398648228661925,-9.245677947998047
-46.9980356488569,-19.198396682739258
-62.9031214125763,-19.17147445678711
-10.35739215730591,3.4364125728607178
1.83593808226401,7.175283432006836
7.827394642815597,-1.9616219997406006
-9.742168339465294,-5.540156841278076
-0.29408409265346,-7.601834774017334
-5.653435188749545,-9.458751678466797
-14.57002364123529,-32.808712005615234
-18.1797235112709,-0.9159365892410278
-5.45440876641342,-8.720331192016602
8.596988309863011,8.115988731384277
-5.493763326806099,-8.609415054321289
-8.393586343504198,-1.7687796354293823
-3.963646539183849,9.299793243408203
9.625121597198186,-7.007189750671387
-6.18357684414468,-4.624661922454834
-3.41466344580097,-6.841188907623291
-4.03025121975644,-21.347930908203125
-2.66483863280114,-7.440258979797363
-0.190891674386513,2.221336841583252
16.1850033157246,-0.6022144556045532
-7.910003358009165,-23.356992721557617
-2.07861348348741,-13.966413497924805
12.331931266595111,7.683595657348633
0.8825935384285006,6.677282333374023
-2.1789667599796294,-2.3623242378234863
3.0307168501552093,-7.224483013153076
14.8229623836697,8.181851387023926
6.795393661635613,8.030232429504395
5.16750826555368,-6.325075149536133
-57.144820014625296,-16.914833068847656
6.167862854629888,-12.540599822998047
-2.698758931910008,-4.08824348449707
1.289294757415069,-16.520431518554688
13.9692836454661,2.0250778198242188
-38.6438610292767,-17.2564640045166
-3.119647295186995,-17.214786529541016
-6.745372906074374,-12.114139556884766
-2.7468186065138984,-3.740243911743164
1.6198341998494314,-2.8834104537963867
1.6646916021852596,-17.36553955078125
-7.87226820943855,-6.20444393157959
8.652061852316729,4.2347002029418945
2.4933992323843923,-13.737068176269531
2.35160533891099,-12.776411056518555
1.30779520720034,-2.8072426319122314
-11.9965988914421,-1.8072290420532227
4.780848076735348,3.250998020172119
11.2728180991378,6.526558876037598
0.7651079053562314,10.16458511352539
-10.6557437737239,0.23808860778808594
3.27100049685324,-10.152325630187988
-5.2815921348029296,-13.946654319763184
-27.5445722402187,-22.694915771484375
-2.683955047842884,6.875930309295654
-43.929359067237,-41.865150451660156
-4.639593570653838,3.0757946968078613
-14.7229944429405,-23.82608413696289
-5.00028834575103,-5.8485002517700195
-1.2236747050651609,-4.005756378173828
-17.6830733389949,-5.92072868347168
-9.979741434164584,-19.831409454345703
-0.2823200449385875,-4.6885151863098145
-36.50577458359941,-29.05475425720215
-4.853312003098937,-22.50994873046875
-27.4476544011683,-26.3256893157959
-49.5120706514507,-25.19880485534668
1.2287673509824204,-34.56664276123047
9.503977484174175,-4.681007385253906
-5.5186956836840375,-5.459308624267578
-2.99361591491145,5.851354598999023
7.99575647038201,-2.7127840518951416
11.7225687296843,0.9423723220825195
6.987950206462267,-13.274904251098633
5.5273920092716775,-31.083660125732422
-7.19378137939456,-12.025545120239258
6.001532732018722,8.049783706665039
7.92708077877978,3.7151100635528564
4.316615136301563,-8.11313533782959
0.1590569364430157,2.7565789222717285
2.8348518495029404,-9.449899673461914
-46.6686841099013,-21.381698608398438
-0.8984319813221007,9.077311515808105
4.30511943579503,-4.251305103302002
-3.36735139960915,-12.168020248413086
6.58117049992555,-0.2916734218597412
6.753311816554961,-1.0574404001235962
-1.1091988250418725,-30.562667846679688
5.26551760771767,-3.0759129524230957
-37.3999740396079,-14.107287406921387
-34.48768519828235,-39.93510818481445
-46.862925671502296,-41.47428894042969
-1.19024715514191,-1.6637048721313477
-1.4920816076829602,-10.768102645874023
-5.775806690181939,-9.726219177246094
-14.2382866820043,6.32982873916626
1.3131129859732091,0.39995908737182617
13.1991243046288,-8.415071487426758
3.6035536346157695,0.9750912189483643
4.97603191479674,1.0224233865737915
2.9737175212081803,-1.980743646621704
-35.1782981083837,-20.886871337890625
-10.480511156242285,-16.873010635375977
-0.3170472839931941,-11.91261100769043
3.59745169898486,-2.856412172317505
-5.139364658294922,-2.967940330505371
-29.2662792150344,-5.639838218688965
11.555346181601609,5.53012752532959
3.7092867134231,-5.898210525512695
-0.7280966227290082,-1.092228889465332
0.9480162028997956,7.454456806182861
-9.619042312244815,-19.093647003173828
-3.15562863494722,-4.466926097869873
7.285509446842615,-4.950368881225586
2.71319811317338,-10.012428283691406
1.026942322157092,1.4267165660858154
-4.65691689928222,-6.531930923461914
-8.677497573270493,-5.085472106933594
14.3436638764016,-0.12112200260162354
-11.8973420493851,-8.233290672302246
-6.61979034735207,-6.121120452880859
8.86280218600469,4.340307235717773
-3.43040335892423,-13.319276809692383
0.4443344011282492,-11.96723747253418
2.6678241356197647,-0.45237040519714355
2.334382802629,-21.3070011138916
-13.8157551615103,-8.633532524108887
1.9007667723773176,4.049172401428223
-17.190033530139498,-24.034135818481445
3.88810032819938,-9.894874572753906
1.2705701336207027,1.712973952293396
3.887422638441485,1.5883723497390747
10.349523074958825,-2.299903631210327
9.62907409316032,1.787018060684204
0.7709161631446207,1.082456350326538
2.3166834950764685,1.4439146518707275
2.76912169862866,-2.142622947692871
-46.2372447228831,-38.26820373535156
-37.0930621901092,-19.380794525146484
0.996650643215182,-4.817943572998047
-12.898019313824,-7.09284782409668
-0.71117494174041,-13.857562065124512
-0.5663484394051013,-1.5503010749816895
-12.4595255596924,2.6059231758117676
-0.6089836493556324,0.19513750076293945
6.92534745147092,-13.924567222595215
3.320229681965675,-1.1652530431747437
-10.274169876330886,-10.715675354003906
-49.062306315025,-19.354637145996094
-30.7261055182573,-17.653793334960938
22.7414116448382,0.8046611547470093
-0.9529303605806088,4.949362754821777
-10.739322929783883,-11.043306350708008
-20.9507978903398,-42.13180160522461
-24.96156751119129,-18.870460510253906
14.9823899147147,0.5430014133453369
-14.564555056626377,-4.923083305358887
1.907333647224608,-7.519249439239502
-1.178255647098801,1.8823411464691162
1.9806048133258944,-15.034086227416992
8.833837192566008,1.6031769514083862
-18.5255095356289,-17.227970123291016
3.010752586641185,-6.520255088806152
3.67041582610247,-13.025546073913574
-33.7845903951132,-42.05055236816406
-13.812973987503693,-18.478656768798828
-13.861300672159,-0.09794092178344727
-26.24662901330595,-24.280838012695312
-1.61504571199055,-7.468174934387207
8.754663680824095,4.840365409851074
3.22816419080692,-4.6266703605651855
-2.0585753436264698,-24.130876541137695
-9.59094984812801,-23.358970642089844
6.02246857213521,-2.1058502197265625
-4.11149235653684,-13.871404647827148
-4.361976736345532,-9.310343742370605
-2.4097304318056905,-6.6407976150512695
4.967381413305823,3.2283637523651123
-11.9154244975033,1.8007941246032715
-11.183106529127476,-5.635186195373535
-2.3538192484503564,-15.178831100463867
-2.204579993178592,2.983930826187134
-91.8886792382854,-29.31975555419922
3.2582764286422226,-0.7044205665588379
9.859104788483815,-6.227578163146973
-2.6304973605131474,1.9182442426681519
8.398744223780918,-6.913544178009033
1.4955767028094,5.288455963134766
6.720388221210122,0.3796882629394531
6.99756701325662,-1.146906852722168
12.966325580978296,9.264307022094727
-22.8644313188967,-11.69600772857666
-14.4731176558811,0.9876515865325928
-0.0918051514147744,-11.128193855285645
0.9434331950199416,-10.877263069152832
7.877641553655238,1.1216237545013428
-27.1636490162131,-14.731086730957031
3.42669038506664,0.4795609712600708
0.31232235517322,1.6279047727584839
1.1848602197973823,3.480026960372925
-5.822632503482525,-5.036199569702148
-2.989164004622407,-23.231843948364258
1.69213972357191,-9.14437484741211
-0.89184437235696,-1.308943748474121
2.446050707651698,1.4319185018539429
5.07108724357905,-5.553021430969238
5.42147270471237,3.4149181842803955
-2.20364176327536,-0.014800548553466797
3.08443697315444,-5.6677422523498535
-5.97248436581227,-8.397482872009277
-1.0190872666435924,-5.137085914611816
-14.885807229381896,-14.337627410888672
0.046018285265003,-15.274194717407227
6.00089213826483,-5.998976230621338
-1.4680391508473674,-0.5727185010910034
-49.8653288018085,-20.268522262573242
-7.283890318199592,-9.058730125427246
3.6053774296538297,3.601273536682129
6.364261125349779,2.5958080291748047
-51.4043293278057,-39.96807098388672
-64.65676531723692,-20.63452911376953
-26.1965705632023,0.9713881015777588
2.63157412115867,-4.543159484863281
16.694612728237402,-18.692176818847656
-17.0314498829154,-19.592679977416992
-58.40351531723695,-36.480613708496094
-15.3173389528898,-14.193511962890625
-6.613686761665703,-14.083324432373047
-39.0646563811545,-29.012563705444336
0.809697096857583,-6.319700241088867
0.4685622181175212,-16.304882049560547
-6.376202369524528,-7.408871650695801
-14.434457477598505,-9.837255477905273
-26.0047332498617,-22.544769287109375
-17.5801214502402,-17.387922286987305
-2.60072537807549,1.5794312953948975
7.184930267876617,11.217212677001953
0.555665600488549,-0.13631772994995117
8.747205755218493,7.539694309234619
-2.289513933263135,-12.714712142944336
3.8009101564042025,2.244272232055664
-1.67197513843126,-20.720701217651367
-15.746453943284,-19.41376304626465
