Score,Pred Score
-5.73967918172164,-8.510285377502441
-23.3725501337939,-8.252599716186523
9.04709717330502,-8.541572570800781
-3.724573545179619,-5.30729866027832
4.4516036428765,0.8420493602752686
-1.657597602265355,3.801213502883911
5.586124430090477,-2.1218042373657227
-26.6651088566214,-18.092979431152344
3.028467183462371,-5.509574890136719
-40.7258600860177,-8.435673713684082
-26.912205886836706,-8.50265884399414
-3.9965921287470247,-0.5102376937866211
-4.739766082030863,-8.072046279907227
4.2006804390709,-18.40582275390625
-22.3071231538392,-8.3287353515625
-18.5891767455387,-8.240354537963867
-5.960419628776203,-7.0577497482299805
-18.9061714872788,-1.0187028646469116
-21.4141717786538,-8.163900375366211
-12.208208404490907,-7.851491451263428
-3.72583443525641,-6.989236354827881
-2.377061578670744,-9.026158332824707
6.075310726130807,4.485106945037842
2.12042655289975,-8.12221908569336
3.181253849239128,-7.4791259765625
10.41580460128629,-8.029894828796387
-23.8934551543691,-6.900886058807373
-0.8981307679622897,-7.565430641174316
3.7078671714499096,-7.8305463790893555
11.644495901203598,4.076223373413086
-22.42608065327665,-8.148588180541992
-1.2036514942358316,-5.196005344390869
-13.5091075877696,-8.081177711486816
-1.79502295092813,-8.247925758361816
2.332279780348585,-8.162117004394531
3.11049964318654,-6.107549667358398
3.54836143321337,-8.451512336730957
3.77256113899207,-8.082026481628418
-2.35314836228574,-3.887420892715454
7.837521570550837,-8.045309066772461
9.328533024448705,-8.148993492126465
-37.9495035857927,-7.681415557861328
-4.144685584269085,-8.970443725585938
8.91646092056966,-17.720415115356445
5.635020609606415,-8.114547729492188
-15.1006814359747,-1.3255459070205688
-2.4599041427842496,-8.034980773925781
2.42002639701588,-8.007115364074707
-3.0331069492891496,-5.607484817504883
10.480393919522983,0.13243305683135986
4.452168509343501,15.551539421081543
-2.552277046947741,-8.092119216918945
-5.97419023328963,-5.5386738777160645
-0.5734820606807138,-8.124119758605957
3.7606671418030695,-8.156115531921387
-31.4759298257721,-7.530873775482178
0.300408103033295,-6.930571556091309
-6.32558602127377,-6.4939374923706055
0.90894434552881,-6.650367736816406
5.954690473588823,-8.14897346496582
0.0804428699766095,-7.798114776611328
8.45389840526827,-4.899764060974121
-2.8859593337581737,-9.65167236328125
-1.122073026503361,-1.105359435081482
-75.56229656723696,-8.970069885253906
-6.291328737399075,-9.150762557983398
-10.1192188918475,-9.187626838684082
-56.3663437951974,-7.511689186096191
2.4288820651169605,-8.925178527832031
5.05355462238675,-0.37781333923339844
-13.1809903671301,-2.968146324157715
-6.75960002722117,-6.588949680328369
9.0758909366509,-7.726923942565918
-1.4230966237807086,-7.340148448944092
5.59963570142504,-7.317079544067383
4.133325903305868,-7.349791526794434
3.00680128293027,-5.330324172973633
-27.8195558011628,-7.992475509643555
-29.9162730471743,-7.44606876373291
20.7191486697607,-4.336652755737305
3.455876052191651,-7.6281962394714355
2.595279020812243,-7.509134292602539
-4.0896099478500325,-7.964465141296387
5.3817717725564,-4.604549407958984
-1.9802660997523944,-7.307465553283691
0.4007388327427847,5.872940540313721
10.11870938841209,-9.269787788391113
-1.7174251595272625,4.443806171417236
-13.2363849677504,2.3472695350646973
-58.24412469223692,-7.475529670715332
-47.9875704511971,-7.455720901489258
-3.681083449701528,-8.197142601013184
0.1118559290339978,-7.376228332519531
-8.998840630677615,-7.202451705932617
1.1941842843275,-8.13856315612793
19.33685959748449,22.14577293395996
-3.09775596823669,-3.761007308959961
1.2555345380058751,-4.014564514160156
-78.7451798053926,-7.528376579284668
8.35813394800668,3.636793613433838
-19.6754058911438,-7.7023515701293945
4.743603615290096,-6.384933948516846
1.3155747227446202,-7.662071704864502
11.316750179392892,-7.315528392791748
11.779516260068313,-7.191097736358643
-3.802611775309477,-15.28433895111084
-10.539071528779305,-8.287033081054688
4.49646859469848,-6.898892402648926
3.59102041590596,-7.300599098205566
2.1560784090827942,-4.783699035644531
-17.309192174305,-3.461106777191162
-1.768261666543676,-7.767282485961914
-3.34531377329845,-7.508477210998535
-9.09730633851708,-7.78317928314209
-12.909180343140196,-9.666522979736328
4.020569536845237,-6.352531433105469
2.28163515100639,-4.4332122802734375
-1.6307504375632549,-0.5786104202270508
7.809600001042748,-5.341884613037109
-83.9761260280997,-7.6415791511535645
7.656482330373112,0.31561851501464844
1.675245639565673,-9.058147430419922
-15.991582533821994,-5.623620986938477
8.681027307740193,-5.682826519012451
11.10272802991041,-5.205658435821533
3.42951329804928,-6.503263473510742
-1.4295761119406232,-4.196666240692139
-11.9299972333177,-6.706052780151367
11.923948375295712,-7.184359073638916
5.960801203295765,-3.2872860431671143
-0.4381862293696001,-7.612605571746826
-2.43808381047612,-7.637316703796387
5.72263802046558,-5.457667350769043
1.1496085756031087,-7.877434730529785
-6.72144892291601,2.2958734035491943
18.1939100849816,7.235249042510986
3.61441892535489,-8.231401443481445
-0.8028238008287005,-8.614019393920898
0.7001962140772594,-8.110023498535156
2.125547882163602,3.236719846725464
-2.8472026300298463,-8.161783218383789
-4.534682244798708,-6.748898506164551
4.49418879319923,-6.638984203338623
-10.901275449743116,-7.999490261077881
-4.736229867816737,-8.273496627807617
-0.0053525606393112,-7.818607330322266
7.06923762363823,-7.754766464233398
-0.0084306638066775,-8.933696746826172
2.11900133622217,-7.10051155090332
8.106852576346123,0.7873551845550537
-0.1428452494230792,-7.806614875793457
-1.0683487237199796,-7.766592025756836
0.0285872237409883,-7.804164886474609
2.75380173901167,-8.21463394165039
-7.69948364751984,3.4462265968322754
-0.0556983764780604,-8.09267520904541
-1.32131943338233,-7.591250896453857
-3.0345245902191325,-1.9505528211593628
-2.93911844531118,-7.902561187744141
9.94612085382829,-0.8746877312660217
-3.5546157663424616,-7.833381175994873
-11.221818720505304,-7.156065940856934
3.9797293996962297,-8.373968124389648
4.54734483862441,-4.200394153594971
-45.634880019414,-9.10189437866211
-1.6020246929696491,-8.18655776977539
-4.12581810820042,-8.933769226074219
-3.019531285218114,-7.5329694747924805
5.42509465390903,-8.256850242614746
-21.5871320482388,-14.88666820526123
-1.2497809936708242,-8.019805908203125
-35.0272315856836,-7.851317882537842
3.37898618824583,3.4559850692749023
-13.4460672849668,3.6022756099700928
10.982614675109394,-7.725252151489258
2.35164464781062,-7.560078144073486
-20.9676231329802,-6.313319206237793
-1.6422791314174887,-6.9540510177612305
-0.3136273830120112,-7.263448715209961
-16.967828162594074,-7.896327018737793
-2.8325461302865187,-8.283669471740723
-2.6871577689602653,-7.215097427368164
7.570838092245207,-9.163093566894531
-13.547300817594484,-8.011734008789062
8.99923705482913,-0.9958946704864502
-0.003939288658445,-5.950606346130371
6.147225205740463,2.9634575843811035
-2.149900469098629,-7.782892227172852
-25.2381267145584,-8.91334056854248
-5.36204355968609,-6.121734619140625
4.43276114617859,-8.130487442016602
3.27144637329635,-7.850924968719482
-1.626797120535592,-6.8902130126953125
-9.859535687586003,-7.338354587554932
2.0008593011464906,-7.259523391723633
0.369316059642221,-1.9347329139709473
5.79128728304933,-5.030926704406738
0.1235817830644999,-2.901245594024658
-3.36903782007548,-7.150068759918213
7.06032809637297,-5.5345330238342285
13.71198107208239,-4.168642997741699
0.2886204877907422,-8.308740615844727
16.4171583068458,-2.70100998878479
-44.7886924625105,-7.776756763458252
-7.726553411266567,-7.221935272216797
4.065326821312747,-7.133395671844482
2.12749125232924,-7.625431060791016
9.06213659212517,7.537759780883789
-4.51305804704249,-7.444583892822266
4.28301459624688,-3.59493350982666
-7.211196994815285,-13.789533615112305
-58.4491138315396,-8.337566375732422
-0.5413656534735456,-7.210352420806885
3.24770439300306,-0.21967089176177979
-0.6472060937938101,-8.841854095458984
-1.93656353174353,-7.507262229919434
-1.94666134980912,-8.508208274841309
-0.670930828719279,-7.161954879760742
17.1612744381531,8.194561958312988
-8.044482691931467,-7.776702880859375
16.9968892380515,4.427097320556641
3.62056380925444,-7.194436073303223
4.07090957771029,-7.377666473388672
-1.0680791130593923,0.3716294765472412
4.69437535963172,-8.585895538330078
0.3837795244341289,-7.568439960479736
0.6681105368389735,-7.938584327697754
-8.08045020128908,-7.512228965759277
-42.6579269422049,-7.397211074829102
-30.89708550466269,-8.80695915222168
-1.1617148968623687,-8.463663101196289
6.46185690649625,-0.7909129858016968
8.658679095048068,-5.85256814956665
-0.1898191226144924,-7.416589736938477
6.457932781589695,-7.390410423278809
-33.7712071062874,-7.333897113800049
-4.786538605318405,-4.465293884277344
-13.5632540546311,-7.438480377197266
-82.13826531723697,-8.147767066955566
-3.0453156276270903,-6.050913333892822
6.430237727930085,-8.280204772949219
5.31082796058257,-7.868198394775391
-70.65073406723695,-7.417069911956787
4.71112087372323,-7.808514595031738
-10.78700495517378,6.5444231033325195
-6.055427015859325,-7.3520941734313965
-16.475900892606802,-7.564432144165039
-2.487076105276776,-7.416815757751465
-48.3858044800915,-7.330556869506836
5.893700156574014,-8.190325736999512
-47.9957157156951,-7.423262596130371
-1.511416195100045,-7.607570648193359
-7.071587649042333,-0.18480825424194336
-0.3550158381598589,2.6846699714660645
-17.0078420331655,-7.6963019371032715
10.3189652047012,-6.73407506942749
8.829561804598438,-6.503871917724609
10.909208084253878,5.6559157371521
-2.25262466719878,-8.585578918457031
0.7445982178878973,0.07877206802368164
-4.813871520282443,7.881946086883545
2.85060083445348,-6.178308486938477
-2.54595208771381,0.9756937026977539
-8.692928400841772,-7.195376396179199
16.618750626525,1.6665279865264893
7.37064384347005,-3.8769683837890625
-6.81516141534704,-9.053616523742676
-10.386374558578522,-9.42733097076416
3.73205068567752,10.457387924194336
-6.40442742836347,-9.28734016418457
1.74273211890989,5.620244026184082
-7.920344649869953,-6.876407623291016
-9.28527551691871,-4.588576793670654
1.51502173443586,-7.205921173095703
-90.3299705619704,-7.562922477722168
-6.512385872303066,-7.518996238708496
0.7982616963508231,-3.285247564315796
15.8859560938761,-0.3559384346008301
-23.227454082363305,-7.697041034698486
5.4465900456679694,-2.0488204956054688
-13.2494383747796,2.771279811859131
-2.3458288386735573,-5.719355583190918
-1.5403494549472296,-8.669578552246094
-2.941164138388841,-3.637495994567871
-14.6311710829416,-7.954351425170898
-4.81834176383161,-5.182463645935059
-4.03806373695381,-6.763777732849121
0.4076170529080399,-7.496574401855469
-34.8552692363716,-4.886898994445801
-25.0659802428987,-0.5724895596504211
-5.8684323426223,-6.247804641723633
0.6771989561182002,-9.060090065002441
-14.6157572128631,-8.195141792297363
5.344594984386832,0.8556289672851562
-4.75101729862813,-9.142899513244629
-89.5439156156453,-7.492710113525391
-1.207429910073891,-9.03905963897705
13.667582002208905,-0.038102149963378906
-82.4887013651952,-7.53122091293335
4.40921359309415,-6.082919120788574
-19.923371510770203,-6.827713489532471
-4.665207913971671,-9.900842666625977
3.42106467876526,-7.384030342102051
-39.0956747424042,-3.6646809577941895
-10.288292260688207,-8.55537223815918
2.3067635611900137,-4.997915267944336
-4.92782811871599,-7.01085901260376
10.292368565007404,5.689963340759277
-8.184373188662292,-7.399379730224609
-4.763634360062484,-7.325897216796875
-2.40000424902785,-7.728555202484131
5.009535132419683,-7.7194342613220215
-22.2455703021075,-8.152164459228516
3.987299411465438,-6.788056373596191
-38.4962238749225,-7.544073104858398
-44.9949251983702,-33.30316925048828
-1.378759213278819,-9.83438491821289
8.07102955700163,5.469051361083984
1.055995951979529,-8.240787506103516
2.188685633501576,8.296272277832031
1.0880788430276551,-4.233504295349121
-0.2898522089969393,-8.277385711669922
-3.790702882666694,-7.847283363342285
-7.940842049461227,-7.756260871887207
4.398742241377427,-6.20049524307251
2.5565427438131976,-8.084811210632324
4.123908949931413,-8.739701271057129
-76.9668504799361,-10.699789047241211
-14.1325019191809,-8.021232604980469
7.960789166364423,4.880397796630859
0.4423212163888063,-7.88914680480957
2.63206586722876,-5.350959777832031
3.1988276731025875,-7.585999965667725
-1.6552655274048038,-6.036531448364258
8.077984978184695,4.06491756439209
-13.790764753514,-8.198360443115234
2.13745295521649,-6.8369269371032715
3.0897024917955025,-0.9425042867660522
-0.3530077955256401,-6.8954010009765625
-7.639409008216227,-2.5678048133850098
2.765011277030255,7.935790061950684
3.557691046156,5.567767143249512
4.00031385473591,-8.013616561889648
-55.7541546140486,-9.330446243286133
9.550892694239591,6.6802825927734375
1.775572054007981,-7.475585460662842
-2.248378586620203,-7.800270080566406
-56.2560888739038,-8.904014587402344
-2.5590885431480426,1.605741024017334
-40.5029244010595,-9.051359176635742
-30.8171784242839,-2.1449239253997803
2.679404112105611,-8.980379104614258
2.76740193393285,-8.632896423339844
-11.341527235964405,-7.597792625427246
-3.448025235667948,-8.358296394348145
-0.0780407432645869,-7.962466239929199
11.616605850275496,3.899822235107422
9.179556151687803,-7.530956268310547
7.190050317883171,-8.448108673095703
-39.4932668903457,-7.778824806213379
-2.306526469902426,-6.986196517944336
0.5403453062071405,-6.54561710357666
-23.6042929930625,-7.857436656951904
-4.172986764275874,-8.662104606628418
0.5394390329931549,-7.272119998931885
5.84905996845087,-7.779572010040283
-22.9515728231767,-6.4083452224731445
-3.134999611446543,-5.48647403717041
-6.066411004621831,-2.9923224449157715
2.24572304437811,12.435811996459961
-70.8116033690518,-8.37014389038086
0.3224388648416145,-3.7990708351135254
4.755697845162629,-7.199746131896973
1.7336328627834918,-7.762860298156738
3.939818822274421,0.8314226865768433
6.09033976794457,2.130727767944336
6.4251548431743295,-7.757865905761719
-6.47138721063866,-1.6589810848236084
-0.0379657812584102,-8.46086311340332
4.4105627388370605,-4.464140892028809
2.3065604778561424,9.024023056030273
7.588764503474316,-6.8417134284973145
-24.3954295810688,-8.45837688446045
7.380729755239978,-7.785346031188965
5.978124919049687,-7.903287887573242
0.7860328468455551,5.116766929626465
-44.1817825469333,-10.41625690460205
3.58036180553514,-8.401034355163574
3.33951124606136,-6.004128456115723
-6.79658968512302,3.769740104675293
3.7347243087796,-2.4760818481445312
4.76541245752904,0.5323389172554016
8.922207576391518,-8.025208473205566
-11.864177458483407,-9.106736183166504
1.166748445159433,-0.190660297870636
-25.781275563237,-7.961503982543945
4.179707781567577,-21.467716217041016
-1.073248118887358,-8.103548049926758
1.7249239205326918,-2.124657154083252
-81.52648016021857,-11.153816223144531
13.015759276594096,3.9282050132751465
5.35198813185094,-3.537623167037964
-12.53254789251529,-8.230659484863281
5.45103123545738,-2.4556362628936768
4.128157012788561,-4.406315326690674
-3.8590388668775,-6.497224807739258
7.36579899286375,-7.7946624755859375
-11.03094492075089,-8.698782920837402
8.017093587799739,-0.07894867658615112
15.384553292915324,-8.850289344787598
2.79124989437018,-8.240699768066406
2.81101468536903,-7.477205753326416
-1.7237618714553775,-2.6330604553222656
-2.202886656443709,-6.611471176147461
2.369358494612781,9.281817436218262
-11.30813578108209,-8.062252044677734
4.484288991501213,8.347545623779297
-35.8165916579592,-8.338253021240234
-5.19085420781142,-8.053309440612793
2.86709961553106,-10.521097183227539
-4.349210006555943,5.644497871398926
5.029017096161708,-9.299846649169922
8.243548509216069,-7.05209493637085
-2.6184282494780104,-6.9030609130859375
-5.527709296795018,-8.980020523071289
-52.7336020518746,-10.414884567260742
6.07843040491799,-9.829158782958984
-4.396710286499547,-10.6382417678833
6.6154810826822,8.267654418945312
9.772192422094813,-7.295458793640137
2.099307195887115,-10.038734436035156
-12.414939844598162,-8.556979179382324
8.24149319055937,5.8153181076049805
-1.5178355576616795,0.4086465835571289
9.144089281431205,-8.440242767333984
1.418014053180695,-7.900304317474365
-60.92137282626391,-8.112295150756836
5.61896917638109,-1.4503587484359741
-4.96580172718434,-7.989872455596924
-24.4432878855492,-8.47812271118164
1.675381804264854,-10.03027629852295
-2.8447496930443927,-6.810180187225342
-1.059512617215007,-2.5363004207611084
1.41805545618482,-6.104578971862793
-7.06329362397977,-8.146146774291992
9.400493271217616,-8.012691497802734
3.1327986373042376,1.6649072170257568
4.097668935846943,5.017369270324707
-4.01456885639382,-7.916632652282715
-2.260381023139061,6.595550537109375
-8.237627320974727,-8.34870719909668
-2.23616712442702,-5.763143539428711
-26.79502671025515,-7.890015602111816
-10.594900847222812,-7.905941963195801
4.509456424718162,-5.023431301116943
-22.9219832537164,-8.30366039276123
-6.2026319104393295,-7.504689693450928
-4.662511414401839,-7.902597427368164
-0.4503474699443348,-6.252842903137207
-21.5531296050118,-9.021733283996582
-39.7169735486916,-7.156349182128906
-6.13466459150186,-7.761266708374023
6.093529951556334,-7.578495025634766
-33.3004252633332,-7.9214043617248535
-7.789052707582185,-7.9885125160217285
-61.6890402284636,-6.553367614746094
-10.613183176373598,-7.897768974304199
-12.6203596574975,-7.8728814125061035
-15.2234416939723,-1.043497085571289
3.42848617073407,-5.9097161293029785
-50.4820483838523,-8.026875495910645
-71.7765711158932,-9.432214736938477
4.338369925074482,-8.786247253417969
-34.0729170807354,-9.522563934326172
-10.285920522724917,-7.933358192443848
2.71808902854303,-7.944811820983887
2.26767773086615,-7.8362226486206055
0.3189015990893598,-9.217994689941406
-39.873530292237,-6.801761150360107
5.053393098685065,-7.551501274108887
-5.77665564868809,-13.1071195602417
-22.4462583852743,-7.866499900817871
-10.162041561092582,-8.938346862792969
8.70853787657841,-8.249025344848633
-3.73521146317182,-9.874439239501953
-1.3326443092463092,-8.737613677978516
-5.830142578087577,-7.8261823654174805
-7.815562497274902,-7.765424728393555
-20.7558388881914,-7.907728672027588
-1.03656181464744,-2.3676679134368896
-3.930469946192945,-8.212679862976074
5.391699208755202,-4.831931114196777
7.2595381633228,-1.599379301071167
9.30630078585379,-6.464447975158691
-3.77133000272187,-7.88597297668457
-42.936846127142296,-7.935787200927734
0.5211206139658471,-6.7307305335998535
0.7345204104922589,-6.914085388183594
6.86106163750481,-7.499656677246094
-21.61387508166409,-9.031026840209961
-24.577379709126298,-7.924496173858643
3.986867952152618,-8.156494140625
-63.2346715672369,-7.931681156158447
4.55602013063716,-7.6508917808532715
-20.3623076046531,-13.16144847869873
8.678125432705007,5.343048095703125
-2.1147225087047508,-7.304813385009766
-1.14890133483728,-3.1021687984466553
3.7921116228684086,-9.563470840454102
-1.3811964732242277,-7.540690898895264
0.1752112379752922,-3.0411834716796875
3.3452637215970498,-7.07751989364624
6.63109301847755,-8.80917739868164
-8.72128086410909,-8.620107650756836
-0.1160299782726794,-8.360185623168945
0.1119561526876595,-0.9332723617553711
11.877856996640997,-8.378084182739258
-3.2142130797467816,-8.440826416015625
-3.9552380984537248,-10.391117095947266
-1.593720937577549,-3.083954095840454
3.3899996482015826,-8.655763626098633
7.66334596528203,-8.469759941101074
2.60625970962018,6.0342559814453125
5.006519903780723,-8.620088577270508
-58.5527340809363,-13.428011894226074
3.776985072333982,-6.93771505355835
2.4866177573815964,-8.475621223449707
-0.6920482116816997,-0.7121995687484741
2.1747311895065486,-9.581554412841797
-13.14009076535719,-14.82847785949707
2.745769909533195,-8.737810134887695
-10.626155896203898,-9.528474807739258
0.0548896546292299,7.989975929260254
-69.1366966634013,-8.65966510772705
14.8508222506114,8.151092529296875
-28.3488859938485,-8.561927795410156
0.6884341878779402,-8.23201847076416
12.566471603210276,-3.89333176612854
-5.472376660417956,-8.381072998046875
-2.1691769605730515,-8.484949111938477
-0.3887710448227697,-2.120004653930664
9.1356503291117,-7.053098678588867
4.93167956005568,-8.924161911010742
2.713132201978397,5.270571708679199
9.090654061652296,-8.33616828918457
1.741670982094262,-4.440919876098633
-5.89266438028177,-9.049951553344727
-1.130678948105339,-8.614155769348145
-46.587141393021525,-10.364188194274902
4.366245372711767,-3.3826818466186523
2.858782897786812,-8.034248352050781
2.53362859007723,-9.430370330810547
-1.7943154401891548,-8.423538208007812
-0.6435038581465955,-7.594159126281738
5.99108205682079,-10.341299057006836
2.44728958086436,-8.947896003723145
1.5718362711845366,-9.462397575378418
-55.54568697318505,-10.237092018127441
-9.231606713935047,-6.163546562194824
3.547124544521316,-8.606678009033203
-73.5286754265322,-8.68723201751709
0.2047767843086013,-8.04132080078125
-10.398648228661925,-8.88409423828125
-46.9980356488569,-8.52885627746582
-62.9031214125763,-8.623678207397461
-10.35739215730591,-9.729394912719727
1.83593808226401,6.437780380249023
7.827394642815597,-6.470516204833984
-9.742168339465294,-8.065969467163086
-0.29408409265346,-9.868976593017578
-5.653435188749545,-6.830351829528809
-14.57002364123529,-10.007177352905273
-18.1797235112709,0.8356509208679199
-5.45440876641342,0.32057809829711914
8.596988309863011,-6.6277570724487305
-5.493763326806099,-8.897187232971191
-8.393586343504198,-8.114845275878906
-3.963646539183849,8.320236206054688
9.625121597198186,-8.748476028442383
-6.18357684414468,-18.858461380004883
-3.41466344580097,-8.72128677368164
-4.03025121975644,-9.637730598449707
-2.66483863280114,-10.541059494018555
-0.190891674386513,-9.566338539123535
16.1850033157246,1.8468692302703857
-7.910003358009165,-10.631102561950684
-2.07861348348741,-9.538179397583008
12.331931266595111,7.763437271118164
0.8825935384285006,1.562392234802246
-2.1789667599796294,-4.59503698348999
3.0307168501552093,-10.44352912902832
14.8229623836697,10.275934219360352
6.795393661635613,9.067360877990723
5.16750826555368,-8.362752914428711
-57.144820014625296,-8.046378135681152
6.167862854629888,-8.760068893432617
-2.698758931910008,-6.590958595275879
1.289294757415069,-10.523298263549805
13.9692836454661,-3.576213836669922
-38.6438610292767,-8.564427375793457
-3.119647295186995,-10.152655601501465
-6.745372906074374,-8.7200927734375
-2.7468186065138984,-5.2165350914001465
1.6198341998494314,-8.821208953857422
1.6646916021852596,-7.759255409240723
-7.87226820943855,-8.968401908874512
8.652061852316729,-10.182110786437988
2.4933992323843923,-8.911836624145508
2.35160533891099,-8.673134803771973
1.30779520720034,-4.790996551513672
-11.9965988914421,-8.710728645324707
4.780848076735348,-3.3727893829345703
11.2728180991378,-5.473391532897949
0.7651079053562314,-8.424538612365723
-10.6557437737239,-4.4944634437561035
3.27100049685324,-4.2474493980407715
-5.2815921348029296,-10.346165657043457
-27.5445722402187,-8.749099731445312
-2.683955047842884,4.024128437042236
-43.929359067237,-10.736212730407715
-4.639593570653838,-3.3734090328216553
-14.7229944429405,-20.082910537719727
-5.00028834575103,-7.072010517120361
-1.2236747050651609,-4.630459785461426
-17.6830733389949,-2.164185047149658
-9.979741434164584,-9.593127250671387
-0.2823200449385875,-7.4007673263549805
-36.50577458359941,-14.77804946899414
-4.853312003098937,-8.76494026184082
-27.4476544011683,-9.067333221435547
-49.5120706514507,-8.79353141784668
1.2287673509824204,-10.635770797729492
9.503977484174175,-8.811458587646484
-5.5186956836840375,-7.555065155029297
-2.99361591491145,-5.102787494659424
7.99575647038201,-3.871758460998535
11.7225687296843,-8.805913925170898
6.987950206462267,-8.418740272521973
5.5273920092716775,-9.848937034606934
-7.19378137939456,-8.652453422546387
6.001532732018722,6.4611945152282715
7.92708077877978,-7.809462547302246
4.316615136301563,-3.8637781143188477
0.1590569364430157,-6.190716743469238
2.8348518495029404,-8.947864532470703
-46.6686841099013,-8.968378067016602
-0.8984319813221007,-7.565873146057129
4.30511943579503,-8.793779373168945
-3.36735139960915,-9.820940017700195
6.58117049992555,-7.953315734863281
6.753311816554961,-7.650571823120117
-1.1091988250418725,-9.985862731933594
5.26551760771767,-8.813572883605957
-37.3999740396079,-8.163078308105469
-34.48768519828235,-15.378727912902832
-46.862925671502296,-10.117362022399902
-1.19024715514191,-0.21563231945037842
-1.4920816076829602,-9.35066032409668
-5.775806690181939,-8.976011276245117
-14.2382866820043,7.046627998352051
1.3131129859732091,-6.228848457336426
13.1991243046288,-9.071197509765625
3.6035536346157695,-6.939239501953125
4.97603191479674,6.103741645812988
2.9737175212081803,-4.924249172210693
-35.1782981083837,-9.058897018432617
-10.480511156242285,-8.233122825622559
-0.3170472839931941,-9.167840957641602
3.59745169898486,-7.187578201293945
-5.139364658294922,-8.77360725402832
-29.2662792150344,-7.933169364929199
11.555346181601609,-0.08148157596588135
3.7092867134231,-7.766082763671875
-0.7280966227290082,-0.0065114498138427734
0.9480162028997956,7.935059070587158
-9.619042312244815,-8.946226119995117
-3.15562863494722,-8.470015525817871
7.285509446842615,-8.256794929504395
2.71319811317338,-8.9596586227417
1.026942322157092,-5.827011585235596
-4.65691689928222,-8.741751670837402
-8.677497573270493,-7.93147087097168
14.3436638764016,-8.219552993774414
-11.8973420493851,-8.879911422729492
-6.61979034735207,-9.661758422851562
8.86280218600469,5.183505535125732
-3.43040335892423,-8.669010162353516
0.4443344011282492,-10.120555877685547
2.6678241356197647,6.235463619232178
2.334382802629,-8.90980339050293
-13.8157551615103,-8.867986679077148
1.9007667723773176,-7.113751411437988
-17.190033530139498,-14.947704315185547
3.88810032819938,-12.285820007324219
1.2705701336207027,-8.423933029174805
3.887422638441485,-4.8048095703125
10.349523074958825,-5.356894493103027
9.62907409316032,-2.102693557739258
0.7709161631446207,-6.078930854797363
2.3166834950764685,-8.719184875488281
2.76912169862866,-3.840827703475952
-46.2372447228831,-10.386905670166016
-37.0930621901092,-15.837862968444824
0.996650643215182,-8.32180404663086
-12.898019313824,-2.285005569458008
-0.71117494174041,-8.88517951965332
-0.5663484394051013,-7.419167995452881
-12.4595255596924,0.1860673427581787
-0.6089836493556324,-9.624825477600098
6.92534745147092,-9.618980407714844
3.320229681965675,-6.983528137207031
-10.274169876330886,-8.261046409606934
-49.062306315025,-8.254745483398438
-30.7261055182573,-8.229143142700195
22.7414116448382,-5.362231254577637
-0.9529303605806088,-7.741894721984863
-10.739322929783883,-8.470502853393555
-20.9507978903398,-9.681585311889648
-24.96156751119129,-8.283989906311035
14.9823899147147,-4.1912617683410645
-14.564555056626377,-7.562229633331299
1.907333647224608,-9.724878311157227
-1.178255647098801,-4.4631123542785645
1.9806048133258944,-7.880796909332275
8.833837192566008,-4.180949687957764
-18.5255095356289,-8.303864479064941
3.010752586641185,-8.132654190063477
3.67041582610247,-8.717582702636719
-33.7845903951132,-9.658124923706055
-13.812973987503693,-19.84933853149414
-13.861300672159,0.8723759651184082
-26.24662901330595,-9.379459381103516
-1.61504571199055,-9.26224136352539
8.754663680824095,-7.58206844329834
3.22816419080692,-9.684322357177734
-2.0585753436264698,-8.666444778442383
-9.59094984812801,-8.496284484863281
6.02246857213521,-5.942678451538086
-4.11149235653684,-11.645029067993164
-4.361976736345532,-7.966454029083252
-2.4097304318056905,-9.105045318603516
4.967381413305823,-2.9848995208740234
-11.9154244975033,-2.9883553981781006
-11.183106529127476,-7.204957962036133
-2.3538192484503564,-9.417159080505371
-2.204579993178592,-7.861933708190918
-91.8886792382854,-16.0658016204834
3.2582764286422226,-9.008373260498047
9.859104788483815,-9.596220016479492
-2.6304973605131474,-5.645889759063721
8.398744223780918,-9.653560638427734
1.4955767028094,5.332758903503418
6.720388221210122,-8.146002769470215
6.99756701325662,-6.241274833679199
12.966325580978296,-8.469740867614746
-22.8644313188967,0.21549749374389648
-14.4731176558811,-8.192378997802734
-0.0918051514147744,-8.117673873901367
0.9434331950199416,-8.296989440917969
7.877641553655238,-0.6166281700134277
-27.1636490162131,-8.979185104370117
3.42669038506664,-0.7916544675827026
0.31232235517322,-7.657238006591797
1.1848602197973823,-8.317142486572266
-5.822632503482525,-6.779747009277344
-2.989164004622407,-8.40873908996582
1.69213972357191,-7.596149444580078
-0.89184437235696,-8.848878860473633
2.446050707651698,-5.351550102233887
5.07108724357905,-8.074812889099121
5.42147270471237,2.0486865043640137
-2.20364176327536,-7.891622543334961
3.08443697315444,-8.210699081420898
-5.97248436581227,-8.634014129638672
-1.0190872666435924,-8.080063819885254
-14.885807229381896,-18.648162841796875
0.046018285265003,-7.554614067077637
6.00089213826483,-7.747404098510742
-1.4680391508473674,-2.39076828956604
-49.8653288018085,-8.288394927978516
-7.283890318199592,-10.991098403930664
3.6053774296538297,1.3383839130401611
6.364261125349779,-7.597837924957275
-51.4043293278057,-8.544918060302734
-64.65676531723692,-8.360857009887695
-26.1965705632023,-4.497241020202637
2.63157412115867,-8.504212379455566
16.694612728237402,-8.018723487854004
-17.0314498829154,-11.833036422729492
-58.40351531723695,-8.291272163391113
-15.3173389528898,-8.828821182250977
-6.613686761665703,-8.268224716186523
-39.0646563811545,-8.984249114990234
0.809697096857583,-6.42613410949707
0.4685622181175212,-8.643766403198242
-6.376202369524528,-8.302885055541992
-14.434457477598505,-8.570412635803223
-26.0047332498617,-8.91659164428711
-17.5801214502402,-8.432153701782227
-2.60072537807549,-8.116430282592773
7.184930267876617,10.540785789489746
0.555665600488549,-8.267413139343262
8.747205755218493,7.069553375244141
-2.289513933263135,-11.894668579101562
3.8009101564042025,-2.264998435974121
-1.67197513843126,-8.41806411743164
-15.746453943284,-8.297104835510254
