Score,Pred Score
-0.6666666666666666,1.2978689670562744
7.333333333333333,4.096834659576416
-0.4444444444444444,-0.2806152105331421
-4.111111111111111,-5.333776473999023
-7.333333333333333,-2.736686944961548
1.3333333333333333,5.28679084777832
-8.444444444444445,-7.044525146484375
1.6666666666666667,0.1765592098236084
3.333333333333333,1.291762113571167
2.111111111111111,1.4375076293945312
0.1111111111111111,0.5027556419372559
11.22222222222222,1.3741286993026733
-3.111111111111111,-2.2138030529022217
-3.888888888888889,-6.051931858062744
14.11111111111111,10.559700965881348
-4.444444444444445,-7.700246334075928
6.0,3.6457056999206543
12.555555555555555,13.372780799865723
-0.8888888888888888,-4.463613510131836
-4.0,-2.92708420753479
-1.1111111111111112,-0.019489653408527374
-3.555555555555556,-7.74826717376709
-10.666666666666666,-12.934173583984375
9.11111111111111,0.0019963979721069336
-1.7777777777777777,-1.2453093528747559
-3.4444444444444446,-3.6002962589263916
23.22222222222222,13.608470916748047
0.8888888888888888,-0.49918660521507263
0.3333333333333333,-0.51044762134552
-3.7777777777777777,-3.5640249252319336
2.111111111111111,1.2901339530944824
-2.2222222222222223,-2.428635597229004
-2.2222222222222223,-2.711287021636963
3.111111111111111,5.571577548980713
0.1111111111111111,0.2617316246032715
-2.555555555555556,-3.697766065597534
-0.2222222222222222,-0.2843281030654907
3.111111111111111,4.759888648986816
-4.444444444444445,-2.801851511001587
-5.222222222222222,-5.547391891479492
4.0,8.028889656066895
-4.777777777777778,-4.39231014251709
1.0,-0.9593081474304199
-4.111111111111111,2.223649501800537
-4.777777777777778,-3.6746768951416016
14.11111111111111,6.402170181274414
2.2222222222222223,1.7517746686935425
-4.888888888888889,-2.675642251968384
-6.888888888888889,-10.720355987548828
-9.444444444444445,-9.978958129882812
13.666666666666666,2.133418321609497
3.4444444444444446,4.833988666534424
-8.222222222222221,-0.9363280534744263
5.777777777777778,1.4548295736312866
0.0,-0.09758436679840088
13.666666666666666,12.478111267089844
-1.0,3.2290797233581543
7.333333333333333,0.5644325613975525
-2.888888888888889,-1.4134715795516968
-7.111111111111111,-6.025104999542236
-1.2222222222222223,-4.82496452331543
0.0,-2.673635959625244
-7.666666666666667,-6.660058498382568
-1.5555555555555556,-1.744281530380249
11.88888888888889,13.714068412780762
-4.666666666666667,-4.260267734527588
-10.333333333333334,-1.9283472299575806
-9.555555555555555,-3.9621453285217285
-2.6666666666666665,-2.2794504165649414
-3.333333333333333,-4.928436279296875
1.8888888888888888,-2.9518320560455322
-5.666666666666667,-4.185446262359619
-3.888888888888889,5.42275333404541
-1.5555555555555556,1.5845634937286377
-1.8888888888888888,-1.6981524229049683
-7.888888888888889,-7.641063690185547
0.4444444444444444,-1.3687812089920044
3.555555555555556,2.2070579528808594
-0.8888888888888888,-1.7615493535995483
-5.777777777777778,-5.152806282043457
-2.888888888888889,5.378206253051758
-2.111111111111111,-1.7347618341445923
46.333333333333336,11.846242904663086
0.8888888888888888,-2.5974385738372803
1.1111111111111112,-0.6130921244621277
0.0,0.21796482801437378
10.0,5.287559509277344
-1.1111111111111112,3.0760576725006104
8.555555555555555,-0.41003286838531494
-4.777777777777778,0.4566054344177246
0.2222222222222222,2.9452877044677734
8.222222222222221,10.165809631347656
10.11111111111111,15.899543762207031
-2.555555555555556,2.5612223148345947
-4.888888888888889,-4.5090742111206055
20.88888888888889,15.026331901550293
19.33333333333333,16.40105628967285
-1.3333333333333333,1.9355368614196777
-4.111111111111111,-2.623887777328491
-2.7777777777777777,-2.326045036315918
9.0,10.593802452087402
-6.111111111111111,0.10333502292633057
-3.7777777777777777,-4.638406753540039
-5.0,-2.203237295150757
-3.0,-6.813848495483398
-6.222222222222222,-7.691298484802246
-6.333333333333333,-4.521895408630371
-1.8888888888888888,2.5924575328826904
3.111111111111111,-0.6530075073242188
-4.888888888888889,-5.587453842163086
6.777777777777778,0.6789910793304443
-4.444444444444445,-4.258933067321777
7.666666666666667,7.013269901275635
0.5555555555555556,1.742652177810669
-7.0,-4.036240100860596
-10.0,-8.648591995239258
-0.5555555555555556,-5.664933681488037
0.1111111111111111,-3.8191981315612793
-3.4444444444444446,-2.829373359680176
6.777777777777778,5.9668354988098145
-6.0,-2.4994754791259766
-3.333333333333333,-5.3920464515686035
8.777777777777779,5.229626178741455
-6.333333333333333,-6.113587856292725
-7.444444444444445,-7.629498481750488
0.1111111111111111,0.4019972085952759
-4.0,-3.3905272483825684
6.222222222222222,4.918142795562744
-3.4444444444444446,-4.269218444824219
4.777777777777778,1.3532354831695557
-2.111111111111111,-2.9162416458129883
-4.111111111111111,-0.1545192003250122
11.88888888888889,4.297018051147461
-0.5555555555555556,5.051529884338379
4.444444444444445,1.7390351295471191
-0.3333333333333333,-7.355111122131348
-4.555555555555555,-2.206801414489746
-0.7777777777777778,-5.816664695739746
-2.2222222222222223,-5.502945423126221
-5.222222222222222,-4.859109878540039
10.444444444444445,11.254222869873047
-3.4444444444444446,0.35639703273773193
-3.7777777777777777,-2.1239991188049316
0.2222222222222222,-0.547124981880188
-4.0,-3.3580238819122314
-22.444444444444443,-8.105974197387695
-5.777777777777778,-7.305522918701172
-4.222222222222222,-4.950139045715332
-2.333333333333333,-8.172151565551758
5.555555555555555,-0.547522246837616
23.0,9.612320899963379
4.777777777777778,2.9196527004241943
-18.88888888888889,-11.273577690124512
-10.22222222222222,-6.786578178405762
5.222222222222222,6.3322319984436035
-5.0,-3.4097330570220947
7.444444444444445,6.83791446685791
6.333333333333333,4.976274490356445
1.4444444444444444,-6.135823726654053
-0.8888888888888888,3.742243528366089
3.111111111111111,-6.904641628265381
0.5555555555555556,-5.721299171447754
-1.8888888888888888,6.818657398223877
-11.77777777777778,-5.721299171447754
-5.555555555555555,-5.482043266296387
-1.3333333333333333,-2.082082748413086
-1.8888888888888888,-4.464322090148926
0.0,2.5234310626983643
0.8888888888888888,0.9500467777252197
5.0,3.721407890319824
2.4444444444444446,-1.6167571544647217
-0.1111111111111111,-2.718129873275757
2.111111111111111,-0.8627101182937622
-0.2222222222222222,1.1318819522857666
19.444444444444443,26.553895950317383
3.7777777777777777,6.889158248901367
-3.111111111111111,-3.8946194648742676
7.555555555555555,11.801702499389648
1.5555555555555556,-0.9336457252502441
-1.1111111111111112,-1.0708458423614502
-1.6666666666666667,-3.5018043518066406
3.111111111111111,6.2779035568237305
-1.6666666666666667,0.24168872833251953
1.3333333333333333,-4.372975826263428
-10.555555555555555,-3.3663735389709473
-5.333333333333333,-2.613441228866577
-0.8888888888888888,-3.305288076400757
-6.111111111111111,-4.783533096313477
-12.333333333333334,-9.68313217163086
-6.111111111111111,-6.4073805809021
-6.111111111111111,-6.690440654754639
-10.22222222222222,-7.590169906616211
4.444444444444445,0.6940203905105591
-2.555555555555556,2.270296096801758
-8.777777777777779,-4.226813793182373
-14.555555555555555,-7.5595221519470215
-15.0,-2.244464874267578
31.33333333333333,27.687522888183594
-20.11111111111111,-1.847378134727478
-3.4444444444444446,-2.481085777282715
-0.1111111111111111,2.8830456733703613
-1.3333333333333333,3.4163732528686523
1.6666666666666667,2.7565882205963135
-4.888888888888889,-6.270265102386475
2.333333333333333,-3.2899439334869385
-13.333333333333334,-13.593894958496094
0.5555555555555556,-3.916041851043701
1.2222222222222223,4.528944969177246
-8.777777777777779,-3.2008137702941895
-0.2222222222222222,1.377833366394043
3.2222222222222223,2.800370693206787
-2.7777777777777777,-1.2826952934265137
-3.333333333333333,-10.482356071472168
-5.0,-5.638026237487793
-3.333333333333333,-3.0226941108703613
-6.777777777777778,-5.743081092834473
1.0,-1.9076709747314453
-4.444444444444445,-2.201075792312622
-2.111111111111111,-0.9923015832901001
-20.55555555555556,-18.09358787536621
3.333333333333333,0.1613837480545044
-4.777777777777778,-0.2027335911989212
-1.4444444444444444,-1.96774423122406
-9.11111111111111,-4.510113716125488
-12.666666666666666,-10.74038028717041
-21.11111111111111,-4.421959400177002
3.555555555555556,-6.982442855834961
-4.777777777777778,-2.35799503326416
-5.888888888888889,-5.607373237609863
-7.555555555555555,-1.1762118339538574
-3.555555555555556,-4.528496742248535
3.0,-3.369130849838257
4.0,4.461517810821533
-5.333333333333333,-1.0849907398223877
17.444444444444443,14.178618431091309
-11.77777777777778,-10.900181770324707
-4.888888888888889,0.6315948367118835
6.444444444444445,-0.6757745742797852
4.0,3.5087954998016357
-9.88888888888889,-8.270051002502441
15.77777777777778,12.53912353515625
0.6666666666666666,-0.8711406588554382
-9.444444444444445,-6.7480902671813965
-1.7777777777777777,-4.102781772613525
2.333333333333333,10.133238792419434
-4.222222222222222,-3.3381922245025635
-8.11111111111111,-5.6558074951171875
1.8888888888888888,-0.6241745948791504
-12.555555555555555,-9.300322532653809
5.444444444444445,2.193054437637329
-3.111111111111111,-3.311671733856201
-2.555555555555556,-2.617203712463379
5.666666666666667,2.7424490451812744
1.4444444444444444,0.287267804145813
-3.0,-3.1545400619506836
-0.1111111111111111,-1.4646245241165161
1.1111111111111112,-3.9693562984466553
-0.8888888888888888,-2.3243775367736816
-7.333333333333333,0.8679524660110474
-13.77777777777778,2.2422521114349365
0.7777777777777778,0.6933122277259827
-2.6666666666666665,-1.291597604751587
-19.55555555555556,-6.5073747634887695
5.0,0.5690107345581055
-2.2222222222222223,0.24530482292175293
1.0,-0.30226433277130127
-3.0,1.8737577199935913
-3.888888888888889,-0.7971358299255371
-3.4444444444444446,-4.951401233673096
5.0,7.548096179962158
19.22222222222222,13.392977714538574
-2.4444444444444446,-1.1947309970855713
6.222222222222222,-5.400595664978027
-5.333333333333333,-2.8192548751831055
-10.77777777777778,-5.202226638793945
0.0,-2.632720470428467
1.8888888888888888,3.3994734287261963
21.55555555555556,16.321969985961914
-7.777777777777778,-7.491513252258301
-7.222222222222222,-5.455857276916504
-1.7777777777777777,-5.159998416900635
5.444444444444445,-0.5090200901031494
-3.888888888888889,-6.636337757110596
-8.222222222222221,-1.1145312786102295
6.111111111111111,4.452524185180664
2.7777777777777777,-1.139413595199585
-6.333333333333333,-4.904919624328613
0.2222222222222222,-0.5832037925720215
-7.777777777777778,-1.4478278160095215
1.2222222222222223,0.37075185775756836
3.4444444444444446,2.44524884223938
-2.888888888888889,-0.728262186050415
14.88888888888889,15.207794189453125
-1.7777777777777777,-2.4796254634857178
-3.888888888888889,-1.156630516052246
-5.777777777777778,1.8154609203338623
27.11111111111111,18.352581024169922
1.7777777777777777,1.817047357559204
0.3333333333333333,-1.1391305923461914
-12.77777777777778,-15.448237419128418
27.88888888888889,25.794660568237305
-4.222222222222222,-5.497828960418701
-1.2222222222222223,3.794668436050415
-3.0,-1.7960745096206665
3.6666666666666665,5.716184616088867
-1.5555555555555556,-0.2802046537399292
-4.222222222222222,-0.1792597770690918
-0.7777777777777778,-1.6380466222763062
6.777777777777778,13.886210441589355
-0.7777777777777778,1.1484487056732178
-8.777777777777779,-9.136598587036133
0.2222222222222222,-1.1638872623443604
-0.2222222222222222,2.2781951427459717
-8.0,-0.2988242208957672
-4.333333333333333,-3.770540714263916
-3.0,-1.0550620555877686
-7.666666666666667,-3.741680383682251
1.1111111111111112,0.4205591678619385
-0.5555555555555556,-3.8854010105133057
-2.111111111111111,-7.224756240844727
-7.555555555555555,-3.474212408065796
17.666666666666668,8.621516227722168
-8.11111111111111,-8.279256820678711
19.55555555555556,10.839312553405762
-6.555555555555555,0.1540355682373047
10.555555555555555,3.52970552444458
-14.444444444444445,-7.272774696350098
6.666666666666667,0.6911193132400513
-3.888888888888889,-0.2071225643157959
-6.333333333333333,-1.8088462352752686
-6.666666666666667,-6.087169647216797
-4.444444444444445,-6.309868335723877
-2.111111111111111,-4.662096977233887
-10.333333333333334,-8.058758735656738
-6.111111111111111,-5.4340972900390625
20.666666666666668,22.452491760253906
-5.444444444444445,-5.133017539978027
7.555555555555555,3.0538227558135986
-1.4444444444444444,-3.7539093494415283
-7.222222222222222,-1.6393916606903076
-3.111111111111111,-3.8185503482818604
-3.555555555555556,-5.048363208770752
-2.4444444444444446,-1.025589108467102
-1.1111111111111112,-3.3436617851257324
-7.555555555555555,-4.370246887207031
10.11111111111111,12.029763221740723
-1.4444444444444444,-2.614628553390503
-2.333333333333333,-1.7200729846954346
-1.6666666666666667,-1.008363962173462
8.88888888888889,12.60491943359375
-3.888888888888889,-1.914501667022705
-6.222222222222222,-4.734592914581299
-11.88888888888889,-10.296587944030762
-1.5555555555555556,0.21899449825286865
7.111111111111111,8.007476806640625
4.666666666666667,-0.04727882146835327
2.4444444444444446,0.6328314542770386
1.5555555555555556,-7.301595687866211
3.333333333333333,-0.12519347667694092
-10.11111111111111,-8.649850845336914
-8.444444444444445,-3.500053882598877
-2.555555555555556,-2.6731510162353516
2.4444444444444446,0.0019342899322509766
2.888888888888889,2.276862382888794
-4.111111111111111,-5.752040863037109
-10.444444444444445,-5.941267013549805
17.666666666666668,11.904229164123535
27.77777777777778,15.9014310836792
-1.7777777777777777,0.24930858612060547
11.88888888888889,6.166351318359375
0.5555555555555556,1.300653100013733
6.444444444444445,2.2102577686309814
-4.0,-8.360520362854004
-7.444444444444445,-9.529705047607422
-4.555555555555555,-2.147783041000366
12.333333333333334,11.336627960205078
6.0,10.790407180786133
-2.0,-7.18791389465332
1.6666666666666667,-3.4265353679656982
17.333333333333332,12.798038482666016
10.11111111111111,6.619194507598877
-1.2222222222222223,-1.12820565700531
5.666666666666667,7.659152984619141
-3.0,-6.499267578125
-0.2222222222222222,-5.31787633895874
6.888888888888889,4.014932632446289
1.4444444444444444,1.5085409879684448
-1.2222222222222223,-4.028352737426758
-2.333333333333333,-3.6363346576690674
-7.888888888888889,-9.146018028259277
20.22222222222222,12.833050727844238
-6.111111111111111,2.4315006732940674
-12.444444444444445,-5.71432638168335
-7.888888888888889,-5.351724147796631
1.2222222222222223,-4.996837139129639
-2.888888888888889,-6.5895233154296875
-17.333333333333332,-13.034552574157715
0.0,4.344215393066406
5.222222222222222,4.731778144836426
5.111111111111111,-0.21445202827453613
-5.444444444444445,-6.6312642097473145
10.22222222222222,0.7327625751495361
-1.6666666666666667,-1.2038432359695435
-4.444444444444445,-0.6172722578048706
18.11111111111111,16.00315284729004
-4.777777777777778,-3.6402533054351807
5.333333333333333,3.8201918601989746
-2.555555555555556,-2.8341119289398193
5.888888888888889,13.035832405090332
8.11111111111111,-1.366041898727417
-0.4444444444444444,2.8467376232147217
-5.444444444444445,-7.318907260894775
-0.6666666666666666,-2.701756477355957
-5.444444444444445,-7.2731852531433105
-17.0,-11.842534065246582
-1.0,0.587230920791626
2.333333333333333,3.4915847778320312
0.2222222222222222,-2.949486017227173
-2.7777777777777777,-0.0951542854309082
-6.777777777777778,-5.116579532623291
0.4444444444444444,2.3217437267303467
0.6666666666666666,-2.439939022064209
-0.7777777777777778,2.7136776447296143
-7.555555555555555,-6.014029502868652
-7.333333333333333,-6.395394802093506
-12.77777777777778,-6.59713077545166
0.2222222222222222,2.7284915447235107
9.77777777777778,7.156029224395752
-6.222222222222222,-5.022498607635498
-4.888888888888889,-7.521320343017578
-10.11111111111111,-8.682902336120605
-8.777777777777779,-8.346175193786621
-2.111111111111111,-0.4939688444137573
1.6666666666666667,3.521023750305176
-0.7777777777777778,0.7102434635162354
-0.1111111111111111,-0.4170701503753662
-0.5555555555555556,-0.8145487308502197
-6.666666666666667,1.0692570209503174
-9.88888888888889,-2.8225624561309814
-8.666666666666666,-8.878129959106445
0.6666666666666666,0.25481417775154114
-0.7777777777777778,-2.3636860847473145
0.3333333333333333,-2.529980421066284
1.3333333333333333,-0.41929274797439575
-2.2222222222222223,-5.499401092529297
-6.444444444444445,0.15385854244232178
2.4444444444444446,1.9791221618652344
-5.555555555555555,-6.557226657867432
-8.444444444444445,-3.792030096054077
15.0,3.7478628158569336
2.2222222222222223,2.617558479309082
2.6666666666666665,-2.317629337310791
-2.7777777777777777,-0.9718291759490967
-5.222222222222222,-5.507507801055908
-8.555555555555555,-4.538019180297852
-3.0,-4.5687479972839355
-1.6666666666666667,-8.216690063476562
-1.0,2.492757558822632
-0.4444444444444444,4.8728532791137695
37.11111111111112,17.4995059967041
-4.444444444444445,-4.47615909576416
0.5555555555555556,0.21256589889526367
-16.0,-11.221426010131836
-10.22222222222222,-9.621912002563477
-2.333333333333333,-2.434563398361206
-4.333333333333333,-1.4866467714309692
-1.8888888888888888,-1.4742059707641602
-4.777777777777778,-3.741053581237793
-8.666666666666666,-4.686954498291016
0.5555555555555556,-0.09156352281570435
17.333333333333332,17.284448623657227
1.5555555555555556,1.8753970861434937
-4.222222222222222,0.32939302921295166
-6.111111111111111,-2.829791784286499
6.222222222222222,2.102194309234619
-1.3333333333333333,0.36717939376831055
6.333333333333333,2.4021949768066406
9.444444444444445,5.2536940574646
-0.1111111111111111,-2.3238143920898438
-6.0,-3.3782782554626465
-4.666666666666667,-3.7710530757904053
-6.666666666666667,-0.4990910291671753
12.77777777777778,10.283699989318848
0.2222222222222222,-2.216938018798828
-14.555555555555555,-3.6037938594818115
-9.333333333333334,-4.443715572357178
2.6666666666666665,-3.3634533882141113
-1.3333333333333333,-5.331453800201416
-12.555555555555555,-3.4786484241485596
-8.777777777777779,-8.262258529663086
2.6666666666666665,2.3681459426879883
-7.222222222222222,-8.520461082458496
2.6666666666666665,-1.0449202060699463
-6.444444444444445,-1.2344616651535034
-42.55555555555556,-19.15579605102539
4.777777777777778,4.018999099731445
0.5555555555555556,-2.8599579334259033
-9.666666666666666,-9.973884582519531
9.77777777777778,13.372260093688965
9.444444444444445,6.427530288696289
-2.7777777777777777,0.9360147714614868
2.0,1.907825231552124
-2.111111111111111,-4.263391494750977
-10.666666666666666,-2.6956329345703125
-3.888888888888889,-3.0489392280578613
-0.6666666666666666,-5.425907611846924
-6.111111111111111,-1.95201575756073
-2.555555555555556,4.163047790527344
-5.444444444444445,-3.44209885597229
-3.6666666666666665,-9.196866989135742
2.555555555555556,4.158929347991943
4.333333333333333,2.6061973571777344
-5.555555555555555,-3.456486463546753
-0.6666666666666666,-2.3872628211975098
-1.6666666666666667,-0.7178154587745667
1.5555555555555556,-2.654071092605591
-8.0,-4.022116661071777
1.2222222222222223,-1.0085792541503906
12.333333333333334,9.169954299926758
0.4444444444444444,-7.4511566162109375
0.2222222222222222,-3.839588165283203
0.4444444444444444,1.5777453184127808
0.1111111111111111,-3.469036817550659
0.3333333333333333,2.4686222076416016
1.2222222222222223,2.3091163635253906
-1.4444444444444444,-4.804638862609863
2.888888888888889,-2.953592538833618
14.88888888888889,13.780232429504395
0.1111111111111111,-3.2122626304626465
-4.888888888888889,-2.8068175315856934
19.55555555555556,16.480213165283203
-3.7777777777777777,-2.2639923095703125
-2.7777777777777777,-3.0781443119049072
-4.0,-6.049091339111328
-4.111111111111111,0.11334991455078125
-0.1111111111111111,-7.747854709625244
2.333333333333333,-0.848554790019989
0.6666666666666666,5.748294353485107
1.0,-3.639007806777954
-5.111111111111111,-2.1740329265594482
-1.2222222222222223,3.496868371963501
-3.111111111111111,-5.857855319976807
-16.333333333333332,-7.798701286315918
-7.555555555555555,-5.109973430633545
-7.777777777777778,-10.471750259399414
-1.5555555555555556,-1.5053876638412476
-7.333333333333333,-7.021575450897217
1.1111111111111112,2.451340675354004
3.333333333333333,-1.3615728616714478
-6.444444444444445,-4.01881742477417
-6.0,-0.1366654634475708
-1.7777777777777777,-1.00473952293396
3.2222222222222223,6.959445476531982
1.0,-1.253250002861023
-8.0,-4.191625595092773
0.4444444444444444,0.9000334739685059
1.8888888888888888,-0.289212703704834
8.88888888888889,0.6547911167144775
-0.5555555555555556,-1.0581413507461548
-8.444444444444445,-4.960230350494385
0.4444444444444444,-7.353908538818359
-2.7777777777777777,-2.7349565029144287
-3.6666666666666665,-7.510099411010742
-5.222222222222222,-1.3173494338989258
-10.555555555555555,-4.98947286605835
0.6666666666666666,-0.20482999086380005
8.0,1.8905960321426392
0.2222222222222222,-0.10893264412879944
-2.6666666666666665,-2.9293248653411865
-5.111111111111111,-0.9787442088127136
-9.333333333333334,-6.183688163757324
-0.3333333333333333,-2.1696503162384033
2.6666666666666665,-2.989359140396118
-8.88888888888889,-4.324296951293945
-5.555555555555555,-11.090437889099121
1.5555555555555556,-3.378195285797119
-4.444444444444445,-3.757192611694336
-8.0,-2.5695090293884277
5.222222222222222,3.3200626373291016
-1.8888888888888888,-4.164368152618408
-7.555555555555555,-6.202631950378418
4.0,6.988653659820557
0.1111111111111111,-1.5240755081176758
1.4444444444444444,-0.6115036010742188
-2.0,-2.1367502212524414
-2.7777777777777777,1.3798165321350098
-6.555555555555555,-4.513519287109375
-8.666666666666666,-5.062148571014404
-5.0,-4.635979175567627
-3.7777777777777777,-4.528858661651611
9.555555555555555,3.7669336795806885
-10.22222222222222,-5.437452793121338
9.0,10.871828079223633
-2.7777777777777777,-1.3092892169952393
-1.5555555555555556,-1.303950309753418
-1.8888888888888888,-2.541574478149414
2.4444444444444446,1.0113937854766846
-5.222222222222222,-2.4834015369415283
-1.6666666666666667,-2.01647686958313
5.888888888888889,5.950931072235107
-6.666666666666667,-7.582276821136475
-0.2222222222222222,-0.14781783521175385
-6.666666666666667,-7.116013526916504
-5.111111111111111,-2.5172512531280518
0.3333333333333333,-3.5419259071350098
-0.4444444444444444,-0.40640732645988464
-4.444444444444445,-7.978762149810791
3.4444444444444446,4.276331424713135
-0.7777777777777778,1.465246558189392
-9.555555555555555,-6.763060569763184
-5.333333333333333,-0.03188478946685791
5.222222222222222,5.23342227935791
6.444444444444445,-2.388749122619629
5.111111111111111,-2.006305456161499
4.888888888888889,-5.85213565826416
-6.0,0.24272727966308594
-5.666666666666667,-3.9642271995544434
37.77777777777778,14.345719337463379
-7.111111111111111,-3.4573092460632324
-1.4444444444444444,-4.264723777770996
6.777777777777778,3.004281997680664
-9.444444444444445,-1.7559447288513184
-6.333333333333333,-11.322724342346191
-0.4444444444444444,2.265617847442627
5.111111111111111,-0.34052520990371704
9.11111111111111,2.094228982925415
-1.7777777777777777,1.8824362754821777
-7.888888888888889,-6.241971969604492
-3.6666666666666665,-1.6129028797149658
-2.888888888888889,-1.6854054927825928
-8.0,-4.494501113891602
-2.4444444444444446,-2.9834842681884766
7.888888888888889,6.165778160095215
-0.2222222222222222,0.20600461959838867
-0.5555555555555556,-1.9882079362869263
-2.7777777777777777,-4.2881317138671875
-3.555555555555556,-3.0569489002227783
-0.5555555555555556,-0.015769019722938538
-2.111111111111111,-3.2223613262176514
-1.5555555555555556,-1.677573323249817
2.4444444444444446,1.6892510652542114
-8.11111111111111,-7.841488838195801
-0.6666666666666666,0.09720325469970703
3.0,-1.6517305374145508
-1.4444444444444444,-4.285158634185791
9.666666666666666,2.090709686279297
3.111111111111111,-0.005241602659225464
-12.555555555555555,-5.946699142456055
4.666666666666667,2.367253303527832
-12.0,-13.291315078735352
-10.88888888888889,-9.354724884033203
17.11111111111111,15.024308204650879
9.22222222222222,10.145838737487793
-1.3333333333333333,-1.3339529037475586
5.666666666666667,4.284230709075928
-5.666666666666667,-3.5474050045013428
-3.888888888888889,-8.259849548339844
-8.11111111111111,-8.702919960021973
-9.444444444444445,-4.097914218902588
-2.7777777777777777,-1.5758767127990723
-5.888888888888889,4.2047438621521
8.555555555555555,0.1552332639694214
-3.555555555555556,-1.816985011100769
2.555555555555556,2.82179594039917
-25.22222222222222,-5.375162124633789
5.888888888888889,4.728343486785889
-2.7777777777777777,-3.8862688541412354
-6.444444444444445,-3.254657745361328
-17.444444444444443,-10.488874435424805
-0.1111111111111111,-1.4225038290023804
-4.666666666666667,0.14048290252685547
-1.7777777777777777,-3.0541305541992188
-0.2222222222222222,3.408968448638916
6.111111111111111,6.090059757232666
-5.444444444444445,-3.9466443061828613
-4.222222222222222,-3.9308130741119385
-3.6666666666666665,-3.345170021057129
-2.4444444444444446,-3.935645341873169
-10.0,-4.581349849700928
8.333333333333334,-2.986551284790039
25.55555555555556,19.53923988342285
-2.555555555555556,-2.483347177505493
-4.555555555555555,6.065536975860596
-1.3333333333333333,-1.4249770641326904
22.666666666666668,24.049158096313477
3.2222222222222223,5.719959259033203
-3.2222222222222223,-2.234865188598633
-1.2222222222222223,-1.8133409023284912
-1.1111111111111112,-2.3762333393096924
-6.111111111111111,-3.464716672897339
-12.555555555555555,-4.936981201171875
13.11111111111111,8.303750991821289
8.88888888888889,0.5084462761878967
-2.2222222222222223,-3.6778042316436768
-8.666666666666666,-6.993351459503174
-11.555555555555555,-2.0910396575927734
-3.2222222222222223,-0.8877060413360596
-2.0,4.286008834838867
-1.5555555555555556,-6.104915618896484
-6.111111111111111,-1.2002449035644531
2.0,1.41128671169281
-8.333333333333334,-4.685578346252441
-2.4444444444444446,-2.5360968112945557
4.222222222222222,1.4025719165802002
26.22222222222222,-2.6856815814971924
-5.0,-3.821295976638794
-2.2222222222222223,-2.0543856620788574
1.1111111111111112,2.720510959625244
-10.0,-3.0056214332580566
4.555555555555555,0.7285851836204529
3.6666666666666665,1.4138720035552979
-11.666666666666666,-10.169168472290039
12.22222222222222,0.7654081583023071
-0.3333333333333333,-1.1277451515197754
-9.11111111111111,-4.630946636199951
-1.4444444444444444,-2.3731367588043213
-3.4444444444444446,-3.7006678581237793
-10.11111111111111,-3.212071418762207
-2.111111111111111,-0.5849717855453491
15.666666666666666,8.886714935302734
-3.888888888888889,-6.639948844909668
-3.2222222222222223,-2.772733449935913
2.0,-1.7126585245132446
-4.666666666666667,-2.6313538551330566
1.7777777777777777,-3.373460054397583
1.0,-0.16416221857070923
-1.3333333333333333,-4.4129862785339355
-5.222222222222222,-7.97284460067749
-0.2222222222222222,-0.025819063186645508
-3.0,-3.385491371154785
-6.555555555555555,-11.061217308044434
-1.3333333333333333,-2.033838987350464
-2.111111111111111,-1.6327629089355469
9.555555555555555,3.2700953483581543
0.7777777777777778,-7.001887798309326
38.11111111111112,23.120243072509766
0.0,-0.2642132043838501
-4.222222222222222,-4.262663841247559
1.3333333333333333,-1.2476907968521118
8.555555555555555,-1.1990035772323608
-3.555555555555556,0.6400634050369263
33.0,26.479944229125977
-4.777777777777778,-2.143955945968628
29.0,11.752552032470703
-12.555555555555555,-10.457481384277344
2.111111111111111,-0.7697160243988037
-3.2222222222222223,-7.962815761566162
-7.111111111111111,-12.449840545654297
-4.222222222222222,-5.288725852966309
-7.444444444444445,-6.610785484313965
-10.0,-3.1418871879577637
7.888888888888889,8.87622356414795
1.6666666666666667,-2.3259987831115723
-4.0,-2.5583832263946533
-2.888888888888889,-2.5870368480682373
0.5555555555555556,-1.0346829891204834
-14.333333333333334,-10.616808891296387
-9.0,-4.789549350738525
-4.888888888888889,-4.165224075317383
-4.111111111111111,1.449718713760376
-0.5555555555555556,3.8252949714660645
-1.6666666666666667,1.5050878524780273
-1.3333333333333333,-1.336134433746338
-5.666666666666667,-1.4651131629943848
-6.111111111111111,2.7460384368896484
0.8888888888888888,3.8683860301971436
-5.0,-3.0922977924346924
-14.77777777777778,-3.7722601890563965
0.8888888888888888,-0.3246583342552185
2.2222222222222223,9.642597198486328
2.7777777777777777,2.8998868465423584
7.666666666666667,6.155337810516357
-2.555555555555556,2.8198297023773193
-5.111111111111111,-5.195841312408447
-1.1111111111111112,-1.3200459480285645
8.222222222222221,17.792957305908203
9.333333333333334,-1.5040267705917358
7.888888888888889,5.878371715545654
0.3333333333333333,4.293697357177734
-8.0,-4.647574424743652
-7.555555555555555,-7.913026809692383
-4.777777777777778,-2.677945852279663
-0.3333333333333333,3.611952304840088
-5.333333333333333,-0.05508756637573242
4.333333333333333,-5.313543796539307
-1.4444444444444444,-2.8717312812805176
-2.888888888888889,-4.115954399108887
3.111111111111111,3.8609933853149414
17.333333333333332,11.060202598571777
2.0,3.1864261627197266
-13.88888888888889,-11.275461196899414
-4.444444444444445,-4.4589643478393555
-11.666666666666666,-7.270290851593018
-4.444444444444445,-6.776383399963379
-4.222222222222222,-9.729652404785156
-7.333333333333333,-5.074036121368408
-3.2222222222222223,-4.554033279418945
-3.4444444444444446,-2.5624377727508545
-3.111111111111111,-1.824844241142273
-5.333333333333333,-0.900406539440155
7.888888888888889,11.093005180358887
19.88888888888889,17.57806968688965
-0.1111111111111111,5.394280433654785
-2.555555555555556,-5.63942813873291
-6.888888888888889,-5.3547821044921875
-6.111111111111111,-0.8452908992767334
-1.5555555555555556,-0.5946017503738403
-4.333333333333333,-11.730467796325684
0.6666666666666666,-0.9356104135513306
-24.0,-8.341498374938965
-4.222222222222222,-2.9998676776885986
-1.0,-0.167336106300354
1.3333333333333333,3.8749537467956543
-12.666666666666666,-6.14285945892334
-7.0,-5.4106669425964355
-1.3333333333333333,1.7093486785888672
-7.0,-2.1626088619232178
5.888888888888889,4.37489652633667
-8.11111111111111,-3.384814977645874
-5.777777777777778,-2.8215012550354004
-2.888888888888889,-4.2788801193237305
-12.77777777777778,-3.4584951400756836
-6.444444444444445,-3.1430606842041016
-2.4444444444444446,-4.862357139587402
6.0,3.5464696884155273
-8.666666666666666,0.21892952919006348
-2.111111111111111,-2.4651613235473633
11.11111111111111,10.494660377502441
5.333333333333333,5.548435688018799
2.4444444444444446,4.664896011352539
-3.7777777777777777,-3.7260749340057373
-1.8888888888888888,1.8263038396835327
-0.7777777777777778,-1.3354469537734985
-5.111111111111111,-7.652681350708008
0.6666666666666666,-3.1276276111602783
-1.3333333333333333,-0.7833709716796875
18.77777777777778,26.63603401184082
7.0,6.516632556915283
-22.55555555555556,-14.3744478225708
-5.333333333333333,-1.4428620338439941
-0.7777777777777778,-0.3462086319923401
10.444444444444445,0.5522555708885193
-1.4444444444444444,-3.683039903640747
-0.8888888888888888,-5.934212684631348
10.0,5.271255970001221
23.0,17.188278198242188
0.1111111111111111,3.7099995613098145
-1.6666666666666667,2.0757229328155518
-8.88888888888889,-2.0273756980895996
-10.444444444444445,-9.941543579101562
-1.0,-0.3993453085422516
0.6666666666666666,-2.3398542404174805
-4.111111111111111,-1.7073960304260254
18.11111111111111,2.674379587173462
-1.3333333333333333,-7.987138748168945
-6.333333333333333,-3.5451741218566895
-6.666666666666667,-6.65008020401001
-4.111111111111111,0.7847898006439209
-7.555555555555555,-6.003011703491211
-10.555555555555555,-8.517316818237305
0.5555555555555556,-5.271251201629639
5.555555555555555,6.231515407562256
-0.1111111111111111,-1.8209307193756104
-2.888888888888889,-4.151946067810059
2.4444444444444446,6.0182366371154785
-2.888888888888889,-2.6744942665100098
18.666666666666668,24.808822631835938
1.2222222222222223,11.060240745544434
-2.2222222222222223,-3.684375047683716
-1.0,-1.8840458393096924
5.222222222222222,2.9788150787353516
4.222222222222222,0.6928087472915649
-0.2222222222222222,0.012737274169921875
16.444444444444443,-6.833984375
-8.0,-4.574568748474121
-11.666666666666666,-10.227723121643066
0.1111111111111111,0.42356228828430176
2.2222222222222223,2.114529848098755
-5.333333333333333,-5.679391384124756
-2.333333333333333,2.5781188011169434
-3.555555555555556,-1.1385507583618164
-3.111111111111111,-2.1056761741638184
-9.22222222222222,-8.982293128967285
-9.666666666666666,-4.295947074890137
-6.333333333333333,-3.0613646507263184
-8.333333333333334,-11.950898170471191
-11.555555555555555,-4.684621810913086
-8.333333333333334,-12.953438758850098
25.0,19.79852294921875
-5.222222222222222,-6.290184020996094
3.555555555555556,0.4207197427749634
-2.333333333333333,-7.216998100280762
-13.666666666666666,-6.186106204986572
-2.333333333333333,-2.6158013343811035
-6.444444444444445,-5.734976291656494
10.22222222222222,5.514098167419434
-4.888888888888889,-4.589557647705078
6.444444444444445,7.830263614654541
2.0,-1.5473161935806274
15.0,7.28225564956665
-10.0,-12.698504447937012
-5.666666666666667,-0.006254017353057861
-3.7777777777777777,-3.9236128330230713
1.2222222222222223,-4.286289215087891
-1.4444444444444444,0.4047169089317322
-4.222222222222222,-5.277568340301514
2.4444444444444446,3.142970085144043
2.333333333333333,2.8506031036376953
-7.666666666666667,1.7364380359649658
-0.2222222222222222,-0.47741377353668213
0.2222222222222222,1.2329758405685425
1.2222222222222223,-2.3809337615966797
-4.888888888888889,-9.783809661865234
-1.2222222222222223,-4.174879550933838
0.7777777777777778,-5.070847511291504
-1.5555555555555556,-8.748826026916504
-4.444444444444445,-7.3121442794799805
-1.1111111111111112,-4.661441802978516
-3.111111111111111,-4.023921966552734
-0.2222222222222222,-6.527824401855469
3.0,-1.976996660232544
30.0,24.111709594726562
12.88888888888889,14.902623176574707
-0.3333333333333333,-9.157347679138184
41.55555555555556,8.972265243530273
-13.333333333333334,-10.645912170410156
-10.555555555555555,-3.6099843978881836
0.7777777777777778,-1.8526700735092163
0.3333333333333333,-1.9491534233093262
-3.555555555555556,-4.309548854827881
7.222222222222222,8.9879789352417
4.666666666666667,-0.5571337938308716
-9.88888888888889,-11.448593139648438
-6.111111111111111,-5.365492820739746
-3.4444444444444446,-3.1934146881103516
7.888888888888889,9.611373901367188
0.2222222222222222,-0.8716039657592773
-0.3333333333333333,-1.4337917566299438
2.4444444444444446,16.901634216308594
0.3333333333333333,-2.892500162124634
-4.777777777777778,-3.5681817531585693
-2.111111111111111,-1.4738593101501465
-6.111111111111111,-1.602403163909912
3.333333333333333,-2.4333558082580566
0.8888888888888888,-1.5905985832214355
-4.777777777777778,-2.0723445415496826
-3.888888888888889,-4.116439342498779
-10.0,-3.54552960395813
-21.33333333333333,-10.176984786987305
-4.444444444444445,-8.63240909576416
2.0,5.705557346343994
-5.222222222222222,-2.7705187797546387
1.2222222222222223,0.7552438974380493
-9.666666666666666,-6.9370927810668945
-7.222222222222222,-3.3373818397521973
-6.555555555555555,-1.5013176202774048
-8.777777777777779,-5.790374755859375
-8.11111111111111,-4.904911518096924
0.3333333333333333,-0.9316396713256836
0.4444444444444444,3.4218382835388184
0.1111111111111111,-0.20914685726165771
13.22222222222222,-0.2620953917503357
-3.888888888888889,-2.2268264293670654
-0.8888888888888888,0.6366361379623413
-4.777777777777778,-1.621694564819336
-9.22222222222222,-6.234449863433838
3.111111111111111,2.7194972038269043
2.2222222222222223,2.3580260276794434
-10.555555555555555,-2.6827871799468994
-1.0,-0.4592880606651306
-11.0,-3.4298272132873535
-4.666666666666667,-4.45095157623291
-4.0,-1.8862804174423218
3.6666666666666665,0.38907474279403687
-1.0,1.6888796091079712
3.0,-1.5404510498046875
-9.444444444444445,-6.070849895477295
3.333333333333333,3.7323596477508545
-4.111111111111111,-3.1419413089752197
6.555555555555555,5.419334411621094
3.333333333333333,8.8787260055542
-7.222222222222222,-3.042081832885742
0.4444444444444444,1.5316011905670166
-2.7777777777777777,-3.045295238494873
-2.2222222222222223,-2.947517156600952
-2.6666666666666665,-4.513559341430664
-1.7777777777777777,5.6551995277404785
13.22222222222222,18.290447235107422
-3.2222222222222223,-4.763084411621094
-6.888888888888889,-7.451897621154785
-8.666666666666666,1.2170884609222412
2.0,4.918628215789795
0.0,0.05225640535354614
-2.888888888888889,-0.8007301092147827
-5.888888888888889,-4.77880334854126
5.555555555555555,5.493983745574951
-4.0,-3.539527416229248
6.444444444444445,9.234400749206543
-3.555555555555556,-0.9360527992248535
-1.3333333333333333,-3.7706644535064697
2.0,2.869915246963501
-6.0,-8.216416358947754
-18.88888888888889,-16.242355346679688
-13.555555555555555,-8.099420547485352
-2.888888888888889,0.6783425807952881
6.444444444444445,3.004322052001953
-4.111111111111111,-6.665666103363037
-6.555555555555555,-9.399055480957031
-3.111111111111111,-2.6023998260498047
-1.5555555555555556,-3.074385166168213
-1.7777777777777777,-3.0719614028930664
5.555555555555555,-3.0424914360046387
-1.5555555555555556,-1.1241071224212646
12.77777777777778,9.985978126525879
-7.777777777777778,-7.876832485198975
1.3333333333333333,4.700075626373291
-2.555555555555556,-0.02159285545349121
19.22222222222222,17.86062240600586
4.666666666666667,-3.4799673557281494
-5.888888888888889,-2.935914993286133
-7.888888888888889,-4.419343948364258
10.77777777777778,-0.9005188941955566
32.111111111111114,25.582244873046875
-5.666666666666667,-5.3438005447387695
9.11111111111111,8.387808799743652
8.777777777777779,1.4091194868087769
-9.11111111111111,-8.380126953125
4.555555555555555,7.3260722160339355
3.4444444444444446,1.094041109085083
-11.555555555555555,-5.410037040710449
-3.0,0.8041006326675415
-5.222222222222222,-4.341304302215576
1.1111111111111112,0.5472124814987183
-9.555555555555555,-8.157477378845215
-3.888888888888889,-3.650001287460327
-0.3333333333333333,-2.040823459625244
1.6666666666666667,-1.0678033828735352
-8.555555555555555,-7.92598819732666
11.333333333333334,11.012832641601562
8.88888888888889,2.848447322845459
-4.222222222222222,-3.575742721557617
-0.6666666666666666,1.0091625452041626
-8.333333333333334,-5.093053817749023
-2.888888888888889,-5.445228576660156
-9.77777777777778,-6.522857189178467
-2.4444444444444446,-3.4980506896972656
7.222222222222222,4.379769325256348
-11.11111111111111,-3.809230327606201
-3.2222222222222223,-2.6630096435546875
3.555555555555556,3.7241411209106445
-1.2222222222222223,0.24768400192260742
-15.11111111111111,-6.306063175201416
-8.222222222222221,-9.129298210144043
1.5555555555555556,-5.430528163909912
-6.222222222222222,-4.186399459838867
-2.888888888888889,3.3554835319519043
-1.3333333333333333,-2.8317856788635254
4.0,-0.9936161041259766
5.666666666666667,9.118087768554688
6.777777777777778,-5.054274082183838
-3.6666666666666665,-3.625657081604004
-5.222222222222222,-2.972602605819702
-6.0,-7.415038585662842
0.4444444444444444,1.8121007680892944
-4.444444444444445,-1.807573676109314
-6.888888888888889,-5.42022180557251
-0.1111111111111111,-3.6981663703918457
-5.555555555555555,-8.387552261352539
-8.666666666666666,-1.8395702838897705
3.4444444444444446,0.06363785266876221
-0.8888888888888888,7.450770378112793
-2.6666666666666665,-3.7076432704925537
-1.3333333333333333,-1.4331789016723633
2.4444444444444446,-2.484713554382324
-9.22222222222222,-9.700857162475586
-12.333333333333334,-0.35311800241470337
25.666666666666668,14.040372848510742
2.4444444444444446,-1.069945216178894
2.2222222222222223,3.5979490280151367
-1.2222222222222223,-6.00654935836792
-2.6666666666666665,-3.0716099739074707
-5.333333333333333,-3.7745890617370605
0.0,1.9615346193313599
-1.4444444444444444,-0.7587165832519531
-3.555555555555556,-3.668511390686035
-0.5555555555555556,-3.7940075397491455
-5.222222222222222,-4.2057342529296875
-2.0,-0.15746283531188965
3.555555555555556,-1.5562294721603394
3.555555555555556,0.4760534465312958
-1.0,1.9656773805618286
5.222222222222222,-3.575731039047241
-11.11111111111111,-11.119614601135254
-6.222222222222222,-5.977329254150391
-8.11111111111111,-4.582964897155762
5.333333333333333,2.5753023624420166
-1.8888888888888888,-3.051011323928833
1.7777777777777777,2.4705638885498047
-1.4444444444444444,-4.454771995544434
-2.0,-5.110035419464111
-10.22222222222222,-5.174526691436768
2.2222222222222223,-3.8452978134155273
7.111111111111111,3.087663173675537
-5.0,-5.374190807342529
23.33333333333333,12.542871475219727
2.888888888888889,-4.277911186218262
-0.3333333333333333,-4.282191753387451
-2.7777777777777777,-3.6799545288085938
20.11111111111111,11.259384155273438
-6.555555555555555,-4.812313079833984
-5.888888888888889,0.36146920919418335
-13.0,-1.641320824623108
-2.6666666666666665,-4.162794589996338
-4.666666666666667,0.03769707679748535
-0.5555555555555556,0.36072826385498047
1.8888888888888888,-2.4911797046661377
-0.2222222222222222,-3.505798816680908
-13.666666666666666,-2.368267774581909
1.6666666666666667,1.2215008735656738
6.444444444444445,2.1178386211395264
-5.111111111111111,-6.664163589477539
-1.0,1.184727430343628
2.6666666666666665,-3.626727342605591
-4.111111111111111,-4.73090124130249
-2.2222222222222223,-8.163493156433105
-0.3333333333333333,-1.463366150856018
-4.888888888888889,-3.707228422164917
25.11111111111111,26.71537971496582
-10.88888888888889,-13.11532211303711
2.555555555555556,-1.2945784330368042
-0.4444444444444444,-2.807708978652954
-19.55555555555556,-7.7382025718688965
-0.8888888888888888,-1.3505209684371948
-6.555555555555555,-5.070465564727783
-4.222222222222222,-2.8994557857513428
-5.0,-4.48375940322876
-4.444444444444445,-0.7528166770935059
-2.333333333333333,2.4544217586517334
-3.888888888888889,-4.292703628540039
-2.111111111111111,-3.2706730365753174
-6.111111111111111,-1.9645469188690186
2.2222222222222223,2.6939280033111572
-8.88888888888889,-6.710727214813232
1.8888888888888888,-1.4252852201461792
24.77777777777778,25.820777893066406
0.3333333333333333,-4.923658847808838
-2.2222222222222223,-0.5696029663085938
8.555555555555555,3.4445273876190186
-2.7777777777777777,-4.79955530166626
3.4444444444444446,1.630505919456482
-2.555555555555556,-2.3249473571777344
2.555555555555556,-1.3461767435073853
28.88888888888889,17.6302433013916
-18.11111111111111,-2.2914977073669434
-5.666666666666667,17.206571578979492
-1.0,-2.277763843536377
0.3333333333333333,1.783304214477539
0.3333333333333333,0.8088672161102295
-1.3333333333333333,2.6218109130859375
-4.888888888888889,-0.09617617726325989
-7.555555555555555,-6.843458652496338
-6.888888888888889,0.8252049088478088
-4.0,3.4439985752105713
1.6666666666666667,-1.2595596313476562
8.666666666666666,3.313209056854248
1.7777777777777777,-1.4064334630966187
0.1111111111111111,-2.7458577156066895
13.88888888888889,13.662447929382324
-0.3333333333333333,-0.8915439248085022
8.444444444444445,-0.06403744220733643
-0.2222222222222222,-0.7839647531509399
-6.555555555555555,-0.5567975044250488
2.6666666666666665,14.617321014404297
-4.555555555555555,-0.8148213028907776
-0.5555555555555556,3.8494131565093994
-1.0,-5.1794047355651855
14.666666666666666,5.988534450531006
-2.4444444444444446,-9.771448135375977
-1.0,-7.913283348083496
-12.0,-7.235095977783203
-0.5555555555555556,-0.30480074882507324
-0.8888888888888888,0.12980365753173828
-6.888888888888889,-3.7681193351745605
-4.555555555555555,-5.382475852966309
0.1111111111111111,4.763548851013184
-5.333333333333333,-6.9230170249938965
-6.777777777777778,-4.727158069610596
27.88888888888889,21.915420532226562
-7.888888888888889,-6.375871658325195
-0.2222222222222222,-1.4689029455184937
6.222222222222222,5.791379928588867
-14.444444444444445,-10.733199119567871
-5.555555555555555,-6.65041971206665
-13.555555555555555,-10.160629272460938
-9.88888888888889,-5.287981033325195
-7.333333333333333,-4.4116058349609375
0.0,-1.5197142362594604
0.1111111111111111,-2.5756046772003174
-5.555555555555555,2.810847282409668
-8.666666666666666,-7.606997966766357
-4.666666666666667,-3.486603021621704
0.4444444444444444,-0.033971428871154785
0.0,5.079631328582764
-5.444444444444445,-5.886734962463379
0.2222222222222222,0.16739678382873535
-16.555555555555557,-9.034988403320312
5.222222222222222,5.326458930969238
-4.333333333333333,-5.893288612365723
-2.555555555555556,-2.5974693298339844
15.11111111111111,9.670226097106934
-0.6666666666666666,-1.6380858421325684
-0.4444444444444444,-0.26511967182159424
-4.333333333333333,-3.17972731590271
-3.7777777777777777,-5.225630760192871
-2.333333333333333,-0.5753251314163208
2.555555555555556,-4.9573493003845215
15.88888888888889,10.766756057739258
-21.88888888888889,-10.476563453674316
21.444444444444443,17.64481544494629
4.333333333333333,2.8441221714019775
-1.2222222222222223,-7.088772296905518
1.2222222222222223,1.5751971006393433
-3.6666666666666665,-3.8173484802246094
3.0,0.08071291446685791
-2.333333333333333,3.737806797027588
-3.888888888888889,-6.596303462982178
14.444444444444445,-0.4279712736606598
-4.666666666666667,-2.334601402282715
-4.0,-0.7403867244720459
3.0,-1.5014426708221436
-6.555555555555555,-6.609333515167236
-4.333333333333333,4.388455390930176
6.888888888888889,7.39590311050415
0.4444444444444444,-4.889735698699951
-3.6666666666666665,-4.931110858917236
28.444444444444443,25.131492614746094
3.0,3.0455174446105957
-24.11111111111111,-20.37205696105957
14.22222222222222,15.253585815429688
10.666666666666666,6.225644588470459
3.4444444444444446,2.3908278942108154
-6.888888888888889,-0.9813239574432373
0.0,-1.8285876512527466
9.11111111111111,8.813738822937012
-2.888888888888889,-3.6107583045959473
-11.0,-6.705367088317871
-4.111111111111111,-1.6996601819992065
-4.777777777777778,-0.8030643463134766
22.11111111111111,7.304803848266602
8.222222222222221,4.737438678741455
-4.777777777777778,-7.501790523529053
-5.444444444444445,-6.707187175750732
1.5555555555555556,2.584198474884033
-3.4444444444444446,-3.9871270656585693
-2.555555555555556,-1.2965140342712402
-5.111111111111111,-5.967728614807129
-11.333333333333334,-7.540506362915039
-5.777777777777778,-8.809435844421387
-10.555555555555555,-6.583003997802734
-13.666666666666666,-2.917907238006592
-4.888888888888889,-1.2502357959747314
1.2222222222222223,1.1305590867996216
-5.888888888888889,-6.758124351501465
-2.555555555555556,-2.8833281993865967
-9.333333333333334,-7.662289142608643
-9.22222222222222,-3.94307279586792
-8.333333333333334,-1.9456768035888672
-2.0,4.611556053161621
-5.333333333333333,-5.174826145172119
-0.2222222222222222,-3.9825401306152344
0.4444444444444444,-2.1039047241210938
-3.333333333333333,-1.1250237226486206
1.5555555555555556,0.8977864980697632
-2.2222222222222223,-3.308049440383911
-3.888888888888889,-9.59671401977539
11.444444444444445,13.916059494018555
12.666666666666666,15.645471572875977
1.3333333333333333,2.7874271869659424
-5.555555555555555,-4.875240325927734
-2.0,2.9981918334960938
-2.0,-2.514667272567749
-5.222222222222222,-0.8868743181228638
-0.5555555555555556,-1.7424288988113403
9.333333333333334,11.792683601379395
5.333333333333333,-0.7970978021621704
-6.0,-4.914575576782227
-4.777777777777778,0.32773226499557495
-5.555555555555555,-5.458166599273682
-7.333333333333333,-7.207043170928955
9.444444444444445,5.153520107269287
2.555555555555556,-2.7300000190734863
-1.2222222222222223,-3.1835474967956543
-1.1111111111111112,0.0105094313621521
-10.0,-11.601030349731445
0.4444444444444444,-2.9564061164855957
-4.444444444444445,-7.208438873291016
-9.666666666666666,-5.310393333435059
1.3333333333333333,-0.3800840377807617
-0.8888888888888888,1.2543652057647705
-1.7777777777777777,-3.006671905517578
2.2222222222222223,1.6947669982910156
-2.2222222222222223,-5.8283586502075195
0.5555555555555556,0.04894411563873291
-9.88888888888889,-2.1482291221618652
4.444444444444445,15.530054092407227
-1.0,-2.3824427127838135
-2.888888888888889,-4.902830600738525
-6.0,-6.123440742492676
-0.2222222222222222,0.9605060815811157
-5.222222222222222,1.4565932750701904
-3.0,-4.0108466148376465
0.5555555555555556,-0.8659757971763611
-5.0,-1.5457992553710938
-2.6666666666666665,-4.311330318450928
-10.444444444444445,2.8361997604370117
-0.7777777777777778,-5.7655253410339355
7.111111111111111,-0.29621386528015137
-4.222222222222222,-5.163692474365234
2.111111111111111,-3.1462326049804688
-0.1111111111111111,-0.5571582317352295
42.55555555555556,15.566308975219727
-8.11111111111111,-14.686786651611328
-3.6666666666666665,-0.7064553499221802
-4.777777777777778,-1.412608027458191
1.7777777777777777,-8.561229705810547
7.222222222222222,1.9619492292404175
-2.111111111111111,-6.431761741638184
-9.0,-0.32412195205688477
1.3333333333333333,0.6434394121170044
-1.4444444444444444,-0.9842908382415771
32.44444444444444,23.91025161743164
10.0,10.715237617492676
-5.666666666666667,-8.108505249023438
4.111111111111111,-2.1609609127044678
-9.0,-8.402963638305664
21.22222222222222,18.24736213684082
-6.666666666666667,-4.645140647888184
3.0,2.63810396194458
-1.4444444444444444,0.21319729089736938
-0.2222222222222222,2.9344875812530518
-1.1111111111111112,-1.3598508834838867
-8.555555555555555,-8.508199691772461
0.7777777777777778,0.5502896308898926
4.555555555555555,4.1937994956970215
4.222222222222222,2.6815788745880127
-41.333333333333336,-30.696630477905273
-4.888888888888889,-5.215670585632324
4.555555555555555,0.4551476240158081
2.2222222222222223,3.7552382946014404
-1.5555555555555556,0.0983576774597168
-0.4444444444444444,-0.6509314179420471
-0.8888888888888888,-0.4271252751350403
10.0,14.154118537902832
-8.222222222222221,-7.826372146606445
18.444444444444443,8.242080688476562
-4.888888888888889,-0.23597514629364014
0.1111111111111111,-3.4124302864074707
-5.555555555555555,-4.704452991485596
-2.4444444444444446,-1.5948426723480225
-5.222222222222222,-6.514932155609131
29.666666666666668,12.268022537231445
0.0,0.07098603248596191
2.2222222222222223,1.0915051698684692
20.88888888888889,13.946998596191406
-2.333333333333333,-5.434108734130859
-4.111111111111111,-3.471116781234741
-10.444444444444445,-11.669900894165039
-10.77777777777778,-5.6558661460876465
-4.666666666666667,-6.455156326293945
8.777777777777779,2.7832531929016113
-3.2222222222222223,-6.642597675323486
-1.4444444444444444,-0.902219295501709
-1.1111111111111112,-3.4065003395080566
6.888888888888889,4.57169771194458
-5.444444444444445,-5.985596656799316
2.4444444444444446,-1.127819538116455
-12.555555555555555,-11.883367538452148
17.444444444444443,10.896047592163086
0.1111111111111111,-3.267573118209839
9.666666666666666,0.8475383520126343
-3.0,1.2778441905975342
3.0,-1.5661543607711792
-0.1111111111111111,0.9775595664978027
-10.333333333333334,-4.312503337860107
1.3333333333333333,0.5323100090026855
-10.77777777777778,-9.400192260742188
0.3333333333333333,-6.171248435974121
2.2222222222222223,-0.8828768730163574
-4.777777777777778,-1.832152247428894
-2.4444444444444446,-2.6451215744018555
1.6666666666666667,5.973004341125488
-2.7777777777777777,-2.066938877105713
0.2222222222222222,-0.4037991762161255
-2.555555555555556,-5.177095890045166
2.333333333333333,2.918018341064453
1.6666666666666667,1.1339167356491089
-1.6666666666666667,-7.359254837036133
-1.8888888888888888,-2.9081311225891113
-5.888888888888889,-5.413586139678955
-0.6666666666666666,0.21252888441085815
-0.8888888888888888,-0.6694574356079102
1.5555555555555556,0.17730188369750977
-4.222222222222222,-6.080637454986572
1.7777777777777777,-0.6786551475524902
-6.111111111111111,-6.847010135650635
-2.4444444444444446,0.954500138759613
-0.7777777777777778,-1.929222583770752
8.0,5.1394195556640625
1.3333333333333333,1.4893217086791992
20.33333333333333,18.13145637512207
1.3333333333333333,1.3599214553833008
-4.222222222222222,-7.050985813140869
-8.777777777777779,-4.71009635925293
-4.333333333333333,-4.857614517211914
-2.7777777777777777,-3.1014440059661865
6.0,6.5010666847229
0.1111111111111111,0.991295576095581
-2.888888888888889,-3.764756679534912
-0.1111111111111111,-0.7756409645080566
-2.7777777777777777,-0.5414845943450928
-10.11111111111111,-10.43449878692627
-10.0,-9.10427188873291
-2.555555555555556,-2.8453075885772705
3.4444444444444446,0.5847829580307007
3.4444444444444446,6.999127388000488
-1.6666666666666667,2.4487178325653076
-1.6666666666666667,-2.2660930156707764
1.5555555555555556,-1.5797102451324463
5.666666666666667,3.2869832515716553
5.777777777777778,2.846081018447876
6.666666666666667,2.875147819519043
5.333333333333333,0.8685452938079834
7.222222222222222,7.409130573272705
-10.333333333333334,-1.5243237018585205
0.4444444444444444,3.4036052227020264
8.666666666666666,12.280545234680176
-6.555555555555555,-9.705962181091309
1.7777777777777777,0.7943128347396851
-6.777777777777778,-9.062597274780273
7.111111111111111,2.3613269329071045
-1.6666666666666667,-0.04800635576248169
-0.6666666666666666,-2.399205446243286
8.777777777777779,1.379775881767273
-0.6666666666666666,-3.366482734680176
-7.777777777777778,-3.907365083694458
5.888888888888889,5.5526533126831055
-4.111111111111111,-5.335013389587402
-4.111111111111111,-4.061187744140625
0.6666666666666666,-3.1168019771575928
-7.0,-8.917192459106445
-1.0,1.8840025663375854
-0.6666666666666666,2.5036091804504395
6.777777777777778,2.681602954864502
0.5555555555555556,-1.6075005531311035
-1.3333333333333333,-1.294677734375
-2.111111111111111,-0.8744584321975708
-8.11111111111111,0.16763412952423096
3.4444444444444446,-3.432664632797241
-5.444444444444445,-6.927029609680176
-1.5555555555555556,1.5937894582748413
-3.2222222222222223,-7.124162197113037
4.444444444444445,0.8233917951583862
-1.3333333333333333,-3.078273057937622
-8.333333333333334,-6.711932182312012
-5.0,-9.019526481628418
1.0,3.0675621032714844
0.8888888888888888,-7.77473258972168
-8.444444444444445,-0.36669206619262695
-5.222222222222222,-6.677364826202393
-4.888888888888889,-6.850877285003662
8.333333333333334,0.18198108673095703
7.333333333333333,4.865763187408447
1.2222222222222223,-1.129233956336975
-8.88888888888889,2.5951201915740967
4.333333333333333,0.7371895909309387
-0.6666666666666666,-1.5125197172164917
3.111111111111111,1.1814546585083008
3.555555555555556,-0.33096083998680115
-3.111111111111111,-1.9737175703048706
-1.8888888888888888,1.451650857925415
1.6666666666666667,-5.4720869064331055
-7.666666666666667,-1.6451083421707153
-4.111111111111111,-4.743132591247559
3.4444444444444446,-4.304081439971924
-9.333333333333334,-1.1396286487579346
1.5555555555555556,-3.242060661315918
7.333333333333333,3.3018596172332764
-7.111111111111111,-6.519118785858154
-0.2222222222222222,1.913573145866394
7.333333333333333,-1.1440987586975098
0.6666666666666666,1.8046936988830566
-2.0,-5.463505744934082
-5.888888888888889,1.0156848430633545
-5.666666666666667,-2.32565975189209
1.7777777777777777,4.5657548904418945
-14.666666666666666,-4.019730567932129
-15.333333333333334,-8.411304473876953
-7.777777777777778,-8.299520492553711
3.6666666666666665,-1.9548909664154053
-6.444444444444445,-1.8707034587860107
-1.3333333333333333,-0.05086874961853027
-11.333333333333334,-7.4563775062561035
-15.88888888888889,-9.77518367767334
0.3333333333333333,-5.05946159362793
5.888888888888889,5.022756099700928
-5.555555555555555,0.31234920024871826
-4.222222222222222,-5.241981506347656
-1.3333333333333333,-3.0308985710144043
-3.2222222222222223,-7.505992412567139
-0.1111111111111111,-3.066527843475342
-6.666666666666667,-5.260704040527344
-7.333333333333333,-0.2864157259464264
-5.111111111111111,-1.2528376579284668
5.222222222222222,6.659346103668213
-7.444444444444445,-7.6962971687316895
17.444444444444443,19.798038482666016
-3.4444444444444446,0.6399933695793152
-5.333333333333333,-1.388314962387085
3.6666666666666665,-2.3499794006347656
-2.4444444444444446,-2.22900652885437
-21.0,-16.37141227722168
-8.333333333333334,-7.2696146965026855
-3.333333333333333,-2.4045448303222656
1.5555555555555556,7.650615692138672
-3.0,-1.7092652320861816
-14.333333333333334,-9.391996383666992
-2.2222222222222223,0.47185009717941284
5.0,12.117520332336426
0.4444444444444444,-0.6837422847747803
-8.222222222222221,-5.7511677742004395
2.7777777777777777,2.0475447177886963
-12.444444444444445,-14.022109031677246
5.555555555555555,1.2452454566955566
-2.111111111111111,-4.441396713256836
-1.6666666666666667,2.6170034408569336
-9.88888888888889,-3.6035969257354736
-7.333333333333333,-2.6940009593963623
-10.88888888888889,-4.953370571136475
-4.777777777777778,-13.05147933959961
-5.111111111111111,0.007787585258483887
0.8888888888888888,1.9802383184432983
2.333333333333333,4.32630729675293
1.3333333333333333,3.524000883102417
-3.333333333333333,5.577015399932861
5.555555555555555,-2.875816583633423
-2.6666666666666665,-0.5011544227600098
-4.555555555555555,-0.9946684837341309
4.0,-1.091901183128357
-1.0,-0.007211089134216309
1.3333333333333333,1.5856187343597412
-21.0,-11.001534461975098
-1.6666666666666667,-0.8120948076248169
2.111111111111111,-1.201488733291626
-7.888888888888889,-7.150131702423096
-0.3333333333333333,-0.8976417779922485
2.0,1.9769821166992188
26.11111111111111,25.863140106201172
-0.1111111111111111,-6.411046981811523
-0.7777777777777778,0.6446691751480103
-11.0,-7.884345054626465
4.222222222222222,5.012241840362549
-1.7777777777777777,-1.6138452291488647
-9.0,-7.668881893157959
-4.555555555555555,-5.600858688354492
-5.0,-4.078047752380371
0.7777777777777778,0.2126021385192871
-3.333333333333333,-3.683830738067627
-3.111111111111111,-2.6141040325164795
5.0,2.7611398696899414
-1.2222222222222223,-1.3301713466644287
-7.555555555555555,-8.688335418701172
-3.4444444444444446,-1.029056429862976
-7.555555555555555,-8.183475494384766
-8.444444444444445,-9.482828140258789
-2.555555555555556,0.7946652770042419
-2.2222222222222223,-1.5245389938354492
-3.4444444444444446,-7.4701385498046875
4.888888888888889,2.5356876850128174
4.111111111111111,-1.9872912168502808
-11.22222222222222,-7.81472635269165
-5.0,-6.109302043914795
0.8888888888888888,2.7313427925109863
-0.7777777777777778,-1.9766814708709717
-5.444444444444445,-2.423252820968628
-9.11111111111111,-2.8967514038085938
-0.8888888888888888,3.058358907699585
-2.0,-4.513993740081787
-2.6666666666666665,-1.1118427515029907
21.55555555555556,12.377013206481934
11.77777777777778,3.1728460788726807
14.88888888888889,14.924421310424805
-0.8888888888888888,-1.3312880992889404
1.4444444444444444,0.5584777593612671
-2.7777777777777777,-1.9576278924942017
-2.7777777777777777,1.176335096359253
-8.777777777777779,3.1885311603546143
-3.555555555555556,-2.576611042022705
-9.444444444444445,-6.670784950256348
2.0,1.6351737976074219
-7.0,-6.86143159866333
0.1111111111111111,1.785722017288208
-5.888888888888889,-2.126603603363037
-11.444444444444445,-9.00942325592041
-5.777777777777778,-1.424300193786621
-0.4444444444444444,-7.340490341186523
-1.7777777777777777,0.2307506799697876
-1.4444444444444444,-2.1679208278656006
-4.333333333333333,-7.476136207580566
-8.555555555555555,-6.262416362762451
-8.222222222222221,-0.8100531101226807
0.4444444444444444,0.016985416412353516
-4.555555555555555,-3.6154520511627197
-6.0,-4.278163433074951
-1.0,-8.255602836608887
-4.333333333333333,1.8501338958740234
-4.111111111111111,-4.281187534332275
16.0,18.837034225463867
-3.4444444444444446,0.06460762023925781
-3.111111111111111,-2.5985677242279053
10.77777777777778,12.65444564819336
8.222222222222221,7.365023612976074
0.3333333333333333,-0.7456111907958984
0.2222222222222222,-1.3292009830474854
-14.88888888888889,-9.564197540283203
3.333333333333333,8.143906593322754
1.0,-0.3059598207473755
0.6666666666666666,-0.31625568866729736
-4.333333333333333,-6.607418060302734
0.3333333333333333,-0.565863311290741
-4.444444444444445,-3.23362135887146
0.2222222222222222,-2.343920946121216
5.222222222222222,1.3433078527450562
-2.7777777777777777,-1.4268748760223389
-2.0,0.4178166389465332
28.444444444444443,21.649147033691406
-6.0,-1.4668463468551636
-6.666666666666667,-0.1405417025089264
-3.888888888888889,0.46583735942840576
-10.11111111111111,-11.86547565460205
-4.777777777777778,2.0293376445770264
1.4444444444444444,1.607527256011963
-5.0,-1.601548671722412
0.1111111111111111,-3.279653310775757
-6.444444444444445,-7.339835166931152
-2.333333333333333,-2.098719596862793
-1.6666666666666667,-2.3678078651428223
-4.111111111111111,-7.977180004119873
-10.0,-4.246265888214111
2.7777777777777777,3.695533037185669
-1.5555555555555556,-4.303042411804199
-4.666666666666667,-3.004526376724243
-5.444444444444445,2.1377744674682617
2.0,-0.2293785810470581
-6.222222222222222,0.01953911781311035
-10.11111111111111,-2.4617791175842285
9.555555555555555,5.732990741729736
-10.0,-6.26183557510376
-6.444444444444445,-3.3780040740966797
0.8888888888888888,-0.9587470293045044
-0.5555555555555556,2.0925076007843018
-1.8888888888888888,0.5318191051483154
3.888888888888889,-1.704532504081726
3.333333333333333,0.23800235986709595
17.0,10.236881256103516
-0.7777777777777778,-0.02170872688293457
-3.2222222222222223,-0.8165128231048584
-4.777777777777778,-15.684508323669434
-3.2222222222222223,-3.265645980834961
-4.222222222222222,-7.27337646484375
-9.11111111111111,2.5262396335601807
-6.333333333333333,-11.163984298706055
-4.666666666666667,-1.7810732126235962
9.444444444444445,8.506505012512207
1.6666666666666667,-3.0019493103027344
-3.0,0.5608149766921997
-5.444444444444445,-4.204034805297852
2.111111111111111,3.255941390991211
-5.888888888888889,8.753915786743164
-1.8888888888888888,-0.31503158807754517
-4.777777777777778,-4.705924987792969
2.111111111111111,-1.1835616827011108
0.5555555555555556,-5.705848217010498
-3.111111111111111,-6.105501651763916
-11.88888888888889,-15.450039863586426
-0.6666666666666666,-3.023292303085327
12.11111111111111,8.362239837646484
-0.5555555555555556,-3.5665605068206787
0.6666666666666666,2.3597874641418457
-4.888888888888889,-1.2853212356567383
-3.111111111111111,-0.36084306240081787
-2.2222222222222223,-1.3820643424987793
-3.2222222222222223,-2.398854970932007
-6.888888888888889,-12.181164741516113
3.4444444444444446,-0.3713796138763428
24.11111111111111,14.084951400756836
-0.8888888888888888,1.389315128326416
0.8888888888888888,-9.406732559204102
-6.555555555555555,-5.725925445556641
-1.3333333333333333,-4.252933025360107
-4.111111111111111,-4.21564245223999
9.666666666666666,0.13479852676391602
5.111111111111111,4.437046051025391
4.333333333333333,-3.2376577854156494
0.4444444444444444,2.4713594913482666
-15.444444444444445,-9.975537300109863
-7.0,-2.0983715057373047
1.7777777777777777,3.7645928859710693
6.777777777777778,2.1877543926239014
8.0,1.3719632625579834
4.777777777777778,7.1773176193237305
19.55555555555556,15.13555908203125
-6.777777777777778,-6.684281349182129
-7.222222222222222,-2.778902292251587
0.1111111111111111,-0.7184358835220337
-0.4444444444444444,-2.221754312515259
-3.555555555555556,-3.336728096008301
10.444444444444445,10.308446884155273
3.4444444444444446,3.613633394241333
-0.1111111111111111,0.9104514122009277
-7.666666666666667,-4.25137186050415
0.1111111111111111,2.232268810272217
-3.333333333333333,-3.691371202468872
-4.222222222222222,-2.6522915363311768
-0.7777777777777778,1.585864543914795
-11.666666666666666,-12.899835586547852
-2.333333333333333,-2.189079761505127
-0.3333333333333333,-6.466763019561768
17.88888888888889,16.69681167602539
32.55555555555556,24.792970657348633
-11.0,-1.3608406782150269
-4.0,-3.568905830383301
-6.777777777777778,-6.51158332824707
-15.333333333333334,-8.417744636535645
-7.666666666666667,-2.678666353225708
-3.555555555555556,-1.501615047454834
-2.7777777777777777,-6.986227989196777
0.1111111111111111,0.06229543685913086
38.11111111111112,25.687305450439453
-8.0,-1.2318034172058105
-4.222222222222222,-4.425954818725586
0.0,-1.6795573234558105
23.55555555555556,22.209863662719727
1.7777777777777777,-4.468804836273193
-2.7777777777777777,-2.116909980773926
-5.777777777777778,-3.1139886379241943
7.333333333333333,7.73607063293457
-6.555555555555555,-7.158251762390137
-9.333333333333334,-2.9658310413360596
5.111111111111111,3.3989758491516113
-5.444444444444445,-2.990234851837158
3.6666666666666665,0.8816342353820801
-6.555555555555555,-7.009337425231934
19.444444444444443,24.927324295043945
-4.777777777777778,-3.2086246013641357
4.888888888888889,1.78246009349823
-3.2222222222222223,-6.137502193450928
-1.6666666666666667,-0.5305132865905762
-7.555555555555555,-3.931511878967285
-3.4444444444444446,-9.108565330505371
1.5555555555555556,-0.816667914390564
-7.555555555555555,-9.576316833496094
-13.333333333333334,-14.091772079467773
-5.0,-5.651615142822266
-3.111111111111111,2.463381052017212
-8.777777777777779,-0.8017175197601318
-1.1111111111111112,2.704622507095337
1.8888888888888888,5.876646041870117
-6.222222222222222,-6.554245471954346
-0.1111111111111111,-0.36014336347579956
4.0,6.038830757141113
-18.22222222222222,-8.77081298828125
-1.7777777777777777,-2.441771984100342
-13.333333333333334,-9.590087890625
-7.666666666666667,-5.006503105163574
-1.6666666666666667,-3.4698429107666016
-4.444444444444445,1.3361934423446655
-11.444444444444445,0.19509196281433105
2.888888888888889,1.9129838943481445
27.0,27.182418823242188
1.8888888888888888,3.307924747467041
-8.88888888888889,-0.09197890758514404
-4.888888888888889,0.4279336929321289
-5.888888888888889,-4.331097602844238
-3.6666666666666665,-3.2085225582122803
9.555555555555555,15.378952980041504
-1.6666666666666667,0.14911890029907227
0.8888888888888888,2.2012178897857666
-13.666666666666666,-13.751984596252441
-3.555555555555556,3.4792439937591553
-1.6666666666666667,2.7027993202209473
8.88888888888889,15.04259967803955
-4.888888888888889,-5.122213363647461
-3.888888888888889,-3.6436376571655273
-9.88888888888889,-6.2708539962768555
-1.5555555555555556,-5.2291951179504395
7.666666666666667,9.83787727355957
3.7777777777777777,4.311309814453125
12.666666666666666,-10.045949935913086
-4.555555555555555,-4.034091472625732
13.555555555555555,13.17131233215332
6.777777777777778,0.9965705871582031
-9.11111111111111,-7.732828617095947
-2.555555555555556,0.12806200981140137
-1.4444444444444444,-3.0254828929901123
-6.222222222222222,-5.0157270431518555
-7.555555555555555,-3.907621145248413
1.0,1.8638551235198975
-1.4444444444444444,3.0314531326293945
-9.88888888888889,-6.6082329750061035
1.2222222222222223,-0.6849151253700256
2.2222222222222223,-0.1583021879196167
1.2222222222222223,-0.592728853225708
8.444444444444445,1.1100983619689941
0.8888888888888888,-2.8414337635040283
-10.444444444444445,-4.792938232421875
4.444444444444445,5.210636615753174
-1.6666666666666667,0.6043834686279297
-3.888888888888889,-2.3447999954223633
3.2222222222222223,-0.04520440101623535
-5.666666666666667,-5.954923152923584
-9.0,-4.633986949920654
8.777777777777779,8.640706062316895
1.5555555555555556,-2.9625957012176514
-2.555555555555556,0.08189201354980469
4.777777777777778,1.6513967514038086
-16.11111111111111,-5.070425033569336
-5.555555555555555,-3.889707088470459
-1.8888888888888888,-2.308095693588257
25.11111111111111,22.450651168823242
-2.555555555555556,-6.519038200378418
-12.0,-9.017106056213379
-10.333333333333334,-9.509819030761719
-7.333333333333333,-4.07274055480957
0.0,-1.6407122611999512
1.8888888888888888,-0.9675061702728271
1.4444444444444444,-0.4138457775115967
19.55555555555556,4.531981945037842
-5.222222222222222,-2.159409999847412
0.3333333333333333,0.3083021640777588
1.1111111111111112,-4.454813480377197
25.666666666666668,13.748308181762695
-3.0,-1.3919270038604736
3.555555555555556,0.11652231216430664
4.222222222222222,6.652802467346191
1.7777777777777777,-1.9150786399841309
31.444444444444443,1.7239576578140259
19.33333333333333,1.4646998643875122
-1.6666666666666667,-3.444810152053833
1.5555555555555556,-0.6410949230194092
7.222222222222222,5.024404525756836
-3.7777777777777777,-4.839745044708252
-1.6666666666666667,-5.318192958831787
0.2222222222222222,-1.5874676704406738
3.7777777777777777,-2.310303211212158
-2.0,-1.9268585443496704
1.6666666666666667,-2.676196813583374
1.3333333333333333,-2.0423614978790283
0.1111111111111111,-1.798060655593872
-1.0,-2.510632038116455
7.0,3.0030341148376465
-3.111111111111111,-2.8318309783935547
9.11111111111111,0.5004208087921143
3.6666666666666665,1.6382627487182617
-4.888888888888889,-3.5897648334503174
-1.6666666666666667,-2.164536237716675
-3.555555555555556,-7.374544143676758
-1.4444444444444444,0.22432994842529297
-15.0,-6.684921741485596
1.0,-1.8417037725448608
5.333333333333333,-1.0431424379348755
5.444444444444445,3.2116782665252686
-3.0,-2.3641159534454346
-2.333333333333333,4.200321674346924
-5.111111111111111,-10.292141914367676
-3.6666666666666665,-0.5401453971862793
2.7777777777777777,-0.4502614140510559
-8.777777777777779,-7.542114734649658
2.333333333333333,-0.15766561031341553
3.4444444444444446,3.088775873184204
12.333333333333334,6.63114595413208
-1.0,-0.5481830835342407
1.6666666666666667,4.52583122253418
-1.1111111111111112,-0.056186676025390625
-5.0,-4.330524444580078
-5.222222222222222,-7.796544551849365
-4.777777777777778,-14.628969192504883
0.5555555555555556,-3.2083404064178467
6.0,8.144942283630371
13.77777777777778,11.864665985107422
6.666666666666667,1.4288091659545898
-1.0,-1.629870891571045
-3.7777777777777777,0.24091529846191406
-5.777777777777778,-3.785121202468872
-3.555555555555556,-3.549549102783203
0.2222222222222222,1.436704158782959
-3.888888888888889,11.538357734680176
-3.0,-3.5568628311157227
-5.888888888888889,-1.7637877464294434
5.0,7.509650707244873
-10.666666666666666,-12.143686294555664
-3.333333333333333,-7.291794776916504
-9.666666666666666,-8.408208847045898
2.7777777777777777,-5.663431644439697
-7.333333333333333,-7.6906514167785645
19.22222222222222,23.058921813964844
-12.333333333333334,-2.3045592308044434
-5.0,-2.3376781940460205
-3.555555555555556,-3.7585504055023193
-13.666666666666666,-10.738765716552734
6.777777777777778,15.935503005981445
1.3333333333333333,1.4049460887908936
48.22222222222222,17.01906967163086
3.2222222222222223,-1.4815315008163452
-4.0,2.251614570617676
10.77777777777778,11.861498832702637
-4.555555555555555,3.4378111362457275
10.333333333333334,9.184391975402832
0.8888888888888888,2.0229365825653076
-5.111111111111111,-2.611988067626953
5.0,5.6178388595581055
-25.77777777777778,-12.617995262145996
-6.777777777777778,-3.679567337036133
6.111111111111111,9.588384628295898
-9.22222222222222,-6.50139045715332
-5.111111111111111,-1.3831377029418945
1.7777777777777777,-3.9786880016326904
4.777777777777778,3.420897960662842
16.11111111111111,9.733949661254883
-0.8888888888888888,-2.388406276702881
-2.888888888888889,-8.94110107421875
4.666666666666667,1.321826696395874
-3.2222222222222223,0.7226253747940063
11.0,11.314905166625977
6.777777777777778,4.006922245025635
-3.2222222222222223,-6.809302806854248
5.111111111111111,1.2358932495117188
-10.22222222222222,-3.239509105682373
2.333333333333333,-2.0550684928894043
2.2222222222222223,-2.6283812522888184
-14.77777777777778,-5.773564338684082
0.8888888888888888,-0.9429624080657959
-8.777777777777779,-6.433266639709473
2.888888888888889,3.996591567993164
-5.333333333333333,-2.647268533706665
-2.0,-6.647854804992676
0.1111111111111111,-1.0004314184188843
-1.0,-1.3603336811065674
1.2222222222222223,0.7628068923950195
11.444444444444445,-0.2330639362335205
-2.0,-2.53916597366333
-1.4444444444444444,0.13771557807922363
-5.333333333333333,-4.805257320404053
-4.777777777777778,-5.351452827453613
-2.7777777777777777,-1.418980598449707
4.333333333333333,2.723346710205078
-0.8888888888888888,-5.0786848068237305
7.222222222222222,2.74163556098938
-6.777777777777778,-4.002137184143066
28.22222222222222,27.785343170166016
6.555555555555555,4.59744119644165
0.8888888888888888,6.122704029083252
-6.555555555555555,-4.379855155944824
1.3333333333333333,-0.32432669401168823
-1.5555555555555556,-0.7123203277587891
0.7777777777777778,-3.2856295108795166
-1.2222222222222223,2.5705573558807373
-7.333333333333333,-10.556320190429688
-4.333333333333333,0.6947216987609863
-0.6666666666666666,-1.4690762758255005
-3.2222222222222223,-4.4396891593933105
-8.11111111111111,-4.977121353149414
6.666666666666667,0.33712613582611084
-4.777777777777778,-1.409590721130371
-7.222222222222222,-6.329881191253662
-4.222222222222222,-2.8941447734832764
3.888888888888889,1.451778769493103
1.7777777777777777,-1.4892932176589966
-2.7777777777777777,-4.698697090148926
0.4444444444444444,-2.266331672668457
-7.666666666666667,-5.709365367889404
10.0,8.63344669342041
2.0,0.03139936923980713
1.4444444444444444,-2.5678586959838867
3.2222222222222223,4.251918792724609
-6.111111111111111,-4.059930324554443
-2.0,-1.102703332901001
-6.888888888888889,-6.216432571411133
6.222222222222222,6.898262023925781
-5.111111111111111,-6.7262163162231445
-3.4444444444444446,-4.183061599731445
-3.333333333333333,-3.321765661239624
0.5555555555555556,5.177957534790039
-7.222222222222222,-8.03443717956543
2.111111111111111,2.524848699569702
-1.6666666666666667,-2.4717612266540527
19.88888888888889,15.276124000549316
-5.666666666666667,-7.89347505569458
0.1111111111111111,3.450321912765503
0.0,-1.9486043453216553
-1.4444444444444444,-0.24308645725250244
-1.4444444444444444,1.3184608221054077
1.1111111111111112,-2.6675939559936523
-1.4444444444444444,-2.243518829345703
-4.777777777777778,-0.628521203994751
-16.88888888888889,-5.493504047393799
-3.2222222222222223,-1.2275457382202148
3.6666666666666665,4.5034637451171875
-5.555555555555555,-5.001445770263672
0.7777777777777778,0.35210585594177246
0.4444444444444444,-0.16202914714813232
-1.3333333333333333,-5.17949914932251
-1.5555555555555556,1.2011733055114746
-3.2222222222222223,-4.5385422706604
14.88888888888889,10.349835395812988
-1.4444444444444444,-3.9368157386779785
-0.6666666666666666,-2.885236978530884
-1.8888888888888888,-1.266571283340454
0.4444444444444444,-4.043124675750732
-6.0,-8.907342910766602
-47.22222222222222,-2.4673614501953125
40.55555555555556,23.419021606445312
-7.666666666666667,4.478810787200928
2.6666666666666665,-2.593059539794922
-3.0,-5.330413818359375
-1.5555555555555556,-0.6488779783248901
2.7777777777777777,-2.5512728691101074
-3.7777777777777777,-3.625904083251953
-8.555555555555555,-8.866131782531738
-3.7777777777777777,6.794547080993652
-1.7777777777777777,-2.431720495223999
3.0,-4.525875568389893
16.22222222222222,3.7290637493133545
-7.0,-3.4117074012756348
-4.666666666666667,-11.678497314453125
4.111111111111111,-2.3495237827301025
-1.4444444444444444,-1.0565608739852905
0.0,-1.3527984619140625
-3.111111111111111,-6.413674354553223
1.5555555555555556,0.1924607753753662
-1.7777777777777777,-0.0652855634689331
-6.222222222222222,-0.5412850379943848
-5.666666666666667,-2.0992870330810547
-1.2222222222222223,-2.1157846450805664
-3.555555555555556,-6.059753894805908
-12.77777777777778,-1.3871641159057617
-3.0,-3.474574565887451
-1.2222222222222223,-0.29184484481811523
-10.22222222222222,-0.08176243305206299
12.444444444444445,9.654997825622559
9.22222222222222,9.44709300994873
-5.777777777777778,-5.0472941398620605
-5.888888888888889,-5.381659030914307
0.3333333333333333,-3.636505603790283
3.6666666666666665,2.0220158100128174
-3.0,-3.3953018188476562
-19.88888888888889,-15.049448013305664
-6.333333333333333,-6.726780414581299
-0.2222222222222222,-2.7904341220855713
-4.777777777777778,-3.87095308303833
-3.888888888888889,-3.535674810409546
1.4444444444444444,1.469586968421936
-2.888888888888889,-2.808274507522583
1.5555555555555556,8.995650291442871
-1.7777777777777777,-5.460585594177246
-12.333333333333334,-5.809473037719727
16.11111111111111,18.508499145507812
-3.888888888888889,-3.3188095092773438
-2.555555555555556,-2.955284595489502
2.888888888888889,1.9352442026138306
-3.2222222222222223,-2.8109447956085205
-0.6666666666666666,-5.6425275802612305
13.666666666666666,23.40578269958496
11.333333333333334,-2.0782837867736816
-7.666666666666667,-9.526388168334961
-15.555555555555555,-12.020195960998535
-3.555555555555556,-2.5004634857177734
-1.4444444444444444,0.02843087911605835
-1.6666666666666667,-0.2062385082244873
-9.0,-6.846556186676025
11.666666666666666,16.12179183959961
-20.88888888888889,-7.7990312576293945
-5.777777777777778,-3.6817286014556885
3.333333333333333,2.0382986068725586
1.4444444444444444,0.49316728115081787
-3.111111111111111,-3.0528159141540527
1.2222222222222223,-0.7898167371749878
3.555555555555556,10.096203804016113
-9.444444444444445,-3.480109453201294
-3.0,-1.9629194736480713
-8.444444444444445,-8.689937591552734
-0.6666666666666666,-1.7756240367889404
-4.555555555555555,-5.2998433113098145
-2.2222222222222223,-4.418924808502197
-0.5555555555555556,-5.562841415405273
-4.333333333333333,-6.953004837036133
-2.4444444444444446,-2.9590163230895996
-8.222222222222221,-2.3143019676208496
-0.7777777777777778,-0.8801431655883789
-17.555555555555557,-6.701339244842529
1.1111111111111112,0.7782939672470093
-0.1111111111111111,-4.721709251403809
-3.888888888888889,-9.568872451782227
-5.666666666666667,-6.026721477508545
0.4444444444444444,0.3675781488418579
-11.444444444444445,-9.89007568359375
-5.777777777777778,-3.486780881881714
-2.4444444444444446,-7.886661052703857
-1.3333333333333333,-2.82407283782959
-2.888888888888889,-2.274066209793091
-0.2222222222222222,-2.644355535507202
3.4444444444444446,-0.4746938943862915
-15.77777777777778,-8.117371559143066
-1.8888888888888888,-3.9673171043395996
2.111111111111111,-4.439337253570557
2.888888888888889,-0.3580097556114197
4.333333333333333,-2.3160245418548584
-4.444444444444445,-8.007436752319336
16.555555555555557,20.256271362304688
0.8888888888888888,-4.5172343254089355
-0.4444444444444444,-4.359323501586914
-17.0,-10.043885231018066
-1.7777777777777777,-3.283994197845459
-5.888888888888889,-4.937744617462158
5.111111111111111,4.574985980987549
-1.2222222222222223,2.6110873222351074
3.7777777777777777,2.716953992843628
22.77777777777778,18.420705795288086
0.5555555555555556,0.638792872428894
4.111111111111111,-2.449063777923584
4.0,3.0534260272979736
-3.2222222222222223,4.704535961151123
21.33333333333333,12.613224029541016
5.333333333333333,1.3282448053359985
11.11111111111111,5.679943084716797
-3.2222222222222223,4.559743404388428
0.2222222222222222,-0.016585886478424072
-2.2222222222222223,-4.869184494018555
-24.33333333333333,-3.812518358230591
-3.333333333333333,-5.191601276397705
5.555555555555555,3.8555691242218018
2.2222222222222223,1.38169264793396
-0.3333333333333333,1.1830700635910034
-0.3333333333333333,-1.0768334865570068
-0.1111111111111111,1.4246764183044434
-3.4444444444444446,-0.7113103866577148
-1.1111111111111112,-3.1084070205688477
-9.88888888888889,-2.5187978744506836
1.4444444444444444,-6.599447727203369
-5.555555555555555,-5.426431179046631
-12.444444444444445,-2.5633082389831543
3.333333333333333,-1.8300763368606567
8.222222222222221,-3.4118456840515137
-9.555555555555555,-11.11023235321045
-0.8888888888888888,-2.5634307861328125
-2.333333333333333,-0.14357495307922363
-0.6666666666666666,-5.197048664093018
-1.7777777777777777,-6.316640377044678
17.88888888888889,8.483893394470215
-5.888888888888889,-3.1361851692199707
-0.7777777777777778,-7.39544153213501
-3.0,-3.341615676879883
-1.2222222222222223,-5.339847087860107
-6.555555555555555,-3.282158851623535
-5.888888888888889,2.0094995498657227
1.7777777777777777,-4.695517539978027
-8.444444444444445,-11.715031623840332
1.4444444444444444,-1.9120841026306152
-0.4444444444444444,0.4929990768432617
0.1111111111111111,2.19541335105896
-5.111111111111111,-4.042457103729248
-12.0,-6.967007637023926
-3.333333333333333,-5.934868335723877
-3.333333333333333,-1.9403514862060547
5.0,3.807476043701172
-0.6666666666666666,1.5847291946411133
3.6666666666666665,-0.9267696142196655
-6.444444444444445,-9.285907745361328
6.111111111111111,-0.4361443519592285
-6.222222222222222,-3.8923330307006836
-3.0,-3.12750244140625
-0.3333333333333333,-3.8541224002838135
-3.555555555555556,-0.4797471761703491
-7.333333333333333,-4.3396525382995605
27.55555555555556,19.17268180847168
-8.444444444444445,-9.306842803955078
-0.1111111111111111,-4.31390380859375
2.888888888888889,-6.540266990661621
-0.5555555555555556,-2.9691381454467773
4.777777777777778,7.584820747375488
-2.6666666666666665,-3.0140154361724854
-37.888888888888886,-25.293073654174805
-0.4444444444444444,-0.968158483505249
-6.888888888888889,2.7114086151123047
-6.0,-2.713172435760498
-2.888888888888889,-1.528159260749817
4.0,-0.5219541788101196
-1.4444444444444444,-4.597686767578125
-2.555555555555556,0.6108886003494263
-3.0,-1.7303446531295776
1.4444444444444444,1.1939940452575684
0.3333333333333333,1.7635345458984375
-1.5555555555555556,-2.5353569984436035
-2.888888888888889,-2.917057752609253
-5.888888888888889,-6.350625514984131
1.7777777777777777,2.0422372817993164
-6.444444444444445,-5.509212970733643
12.333333333333334,18.33047866821289
1.1111111111111112,2.909393548965454
-2.555555555555556,-0.29715538024902344
-3.111111111111111,-4.714287757873535
-1.4444444444444444,-0.07154512405395508
-12.333333333333334,-4.149480819702148
12.555555555555555,11.36668872833252
-6.777777777777778,-5.078025817871094
-0.8888888888888888,-0.5528897643089294
5.222222222222222,4.727540493011475
-2.111111111111111,-2.725036144256592
0.0,4.308096885681152
-0.8888888888888888,0.19226539134979248
1.4444444444444444,-0.04925072193145752
0.4444444444444444,-1.9960026741027832
1.3333333333333333,0.5372881889343262
-6.777777777777778,-10.343027114868164
-7.777777777777778,-5.572839736938477
7.555555555555555,1.6712045669555664
-24.55555555555556,-4.754509925842285
32.22222222222222,33.35437774658203
9.333333333333334,7.318533420562744
8.777777777777779,12.715938568115234
-4.777777777777778,-0.006889820098876953
-6.333333333333333,-6.495060920715332
