Score,Pred Score
-0.6666666666666666,1.307675838470459
7.333333333333333,3.898057222366333
-0.4444444444444444,0.11929506808519363
-4.111111111111111,-5.261538505554199
-7.333333333333333,-2.776289224624634
1.3333333333333333,4.8855299949646
-8.444444444444445,-7.064117431640625
1.6666666666666667,1.161152958869934
3.333333333333333,1.3255698680877686
2.111111111111111,1.5565308332443237
0.1111111111111111,0.15376389026641846
11.22222222222222,1.728271245956421
-3.111111111111111,-2.8554365634918213
-3.888888888888889,-5.635433197021484
14.11111111111111,10.961386680603027
-4.444444444444445,-7.566423416137695
6.0,3.735647439956665
12.555555555555555,13.230459213256836
-0.8888888888888888,-4.127016544342041
-4.0,-3.7315027713775635
-1.1111111111111112,0.38365671038627625
-3.555555555555556,-7.4787116050720215
-10.666666666666666,-13.358345985412598
9.11111111111111,0.0418705940246582
-1.7777777777777777,-1.20206880569458
-3.4444444444444446,-3.813746452331543
23.22222222222222,14.052281379699707
0.8888888888888888,-0.1782761812210083
0.3333333333333333,-0.10684525966644287
-3.7777777777777777,-3.175365447998047
2.111111111111111,0.722348690032959
-2.2222222222222223,-2.4906444549560547
-2.2222222222222223,-2.4772331714630127
3.111111111111111,5.316263198852539
0.1111111111111111,1.663116455078125
-2.555555555555556,-3.6552486419677734
-0.2222222222222222,-0.3441087007522583
3.111111111111111,4.718911647796631
-4.444444444444445,-2.2861218452453613
-5.222222222222222,-5.713304042816162
4.0,7.1072516441345215
-4.777777777777778,-5.282442569732666
1.0,-1.7531474828720093
-4.111111111111111,1.831640601158142
-4.777777777777778,-3.6683127880096436
14.11111111111111,6.044255256652832
2.2222222222222223,1.5138126611709595
-4.888888888888889,-2.5186853408813477
-6.888888888888889,-9.980264663696289
-9.444444444444445,-9.755606651306152
13.666666666666666,2.253363609313965
3.4444444444444446,4.785902976989746
-8.222222222222221,-2.0046560764312744
5.777777777777778,1.183435082435608
0.0,0.640765905380249
13.666666666666666,12.440154075622559
-1.0,3.519340753555298
7.333333333333333,0.7368469834327698
-2.888888888888889,-1.4589741230010986
-7.111111111111111,-5.924554824829102
-1.2222222222222223,-5.0435991287231445
0.0,-3.3574881553649902
-7.666666666666667,-6.405548572540283
-1.5555555555555556,-2.2340171337127686
11.88888888888889,13.698448181152344
-4.666666666666667,-3.8789446353912354
-10.333333333333334,-2.0303542613983154
-9.555555555555555,-3.980654001235962
-2.6666666666666665,-2.0060653686523438
-3.333333333333333,-4.656242370605469
1.8888888888888888,-2.7450551986694336
-5.666666666666667,-3.999098300933838
-3.888888888888889,5.686892509460449
-1.5555555555555556,2.093853712081909
-1.8888888888888888,-1.7032544612884521
-7.888888888888889,-7.468837738037109
0.4444444444444444,-1.0303019285202026
3.555555555555556,2.3600947856903076
-0.8888888888888888,-2.208085536956787
-5.777777777777778,-4.530974864959717
-2.888888888888889,5.924081325531006
-2.111111111111111,-2.690918445587158
46.333333333333336,12.120976448059082
0.8888888888888888,-2.443802833557129
1.1111111111111112,-0.9589780569076538
0.0,0.3503740429878235
10.0,6.532038688659668
-1.1111111111111112,2.8065242767333984
8.555555555555555,-0.4933018684387207
-4.777777777777778,-0.1761932373046875
0.2222222222222222,2.9632623195648193
8.222222222222221,10.179109573364258
10.11111111111111,16.43289566040039
-2.555555555555556,2.3901257514953613
-4.888888888888889,-4.436090469360352
20.88888888888889,15.975054740905762
19.33333333333333,16.526430130004883
-1.3333333333333333,1.430471420288086
-4.111111111111111,-2.1200103759765625
-2.7777777777777777,-2.465883731842041
9.0,10.44732666015625
-6.111111111111111,0.48461484909057617
-3.7777777777777777,-4.4883270263671875
-5.0,-2.284186363220215
-3.0,-7.050941467285156
-6.222222222222222,-7.562601566314697
-6.333333333333333,-4.521178722381592
-1.8888888888888888,3.045973300933838
3.111111111111111,-0.49935412406921387
-4.888888888888889,-5.571190357208252
6.777777777777778,1.6020065546035767
-4.444444444444445,-4.457071781158447
7.666666666666667,6.257454872131348
0.5555555555555556,1.5612237453460693
-7.0,-4.660459518432617
-10.0,-8.763284683227539
-0.5555555555555556,-5.5834808349609375
0.1111111111111111,-3.5887434482574463
-3.4444444444444446,-3.1109163761138916
6.777777777777778,6.354524612426758
-6.0,-2.6950843334198
-3.333333333333333,-5.284559726715088
8.777777777777779,5.1333417892456055
-6.333333333333333,-6.116763591766357
-7.444444444444445,-7.467074871063232
0.1111111111111111,-0.05067086219787598
-4.0,-3.075226306915283
6.222222222222222,4.620325088500977
-3.4444444444444446,-4.898117542266846
4.777777777777778,1.8058547973632812
-2.111111111111111,-2.338054656982422
-4.111111111111111,-0.31076526641845703
11.88888888888889,4.5024847984313965
-0.5555555555555556,5.507890701293945
4.444444444444445,2.0265932083129883
-0.3333333333333333,-7.650043487548828
-4.555555555555555,-2.0107791423797607
-0.7777777777777778,-5.6538543701171875
-2.2222222222222223,-5.881821632385254
-5.222222222222222,-5.561151027679443
10.444444444444445,11.40679931640625
-3.4444444444444446,0.33874499797821045
-3.7777777777777777,-2.0275650024414062
0.2222222222222222,-0.8838768601417542
-4.0,-3.507781982421875
-22.444444444444443,-8.121321678161621
-5.777777777777778,-6.625999450683594
-4.222222222222222,-5.721714019775391
-2.333333333333333,-8.837885856628418
5.555555555555555,-0.4400513768196106
23.0,10.304031372070312
4.777777777777778,3.079619884490967
-18.88888888888889,-10.935731887817383
-10.22222222222222,-6.420782566070557
5.222222222222222,6.62103796005249
-5.0,-3.394231081008911
7.444444444444445,7.677382469177246
6.333333333333333,4.236835479736328
1.4444444444444444,-6.095547199249268
-0.8888888888888888,3.751734495162964
3.111111111111111,-6.682438850402832
0.5555555555555556,-5.388372421264648
-1.8888888888888888,6.5043134689331055
-11.77777777777778,-5.388372421264648
-5.555555555555555,-5.875515460968018
-1.3333333333333333,-2.2814199924468994
-1.8888888888888888,-4.5300116539001465
0.0,1.9232194423675537
0.8888888888888888,1.285264253616333
5.0,3.271087169647217
2.4444444444444446,-4.0395731925964355
-0.1111111111111111,-3.103053092956543
2.111111111111111,-1.687592625617981
-0.2222222222222222,0.7058384418487549
19.444444444444443,26.89145278930664
3.7777777777777777,7.359559059143066
-3.111111111111111,-3.43973445892334
7.555555555555555,12.301907539367676
1.5555555555555556,-0.889711856842041
-1.1111111111111112,-0.3895087242126465
-1.6666666666666667,-4.166187286376953
3.111111111111111,6.308857440948486
-1.6666666666666667,0.021558523178100586
1.3333333333333333,-4.454205513000488
-10.555555555555555,-3.1775152683258057
-5.333333333333333,-2.3782713413238525
-0.8888888888888888,-3.319390058517456
-6.111111111111111,-4.848683834075928
-12.333333333333334,-10.134254455566406
-6.111111111111111,-7.246190071105957
-6.111111111111111,-6.843116283416748
-10.22222222222222,-7.659069538116455
4.444444444444445,0.6157968640327454
-2.555555555555556,2.3351194858551025
-8.777777777777779,-4.797203063964844
-14.555555555555555,-7.38240909576416
-15.0,-2.079240322113037
31.33333333333333,27.35796546936035
-20.11111111111111,-2.4224166870117188
-3.4444444444444446,-1.93119478225708
-0.1111111111111111,3.1355817317962646
-1.3333333333333333,5.894054889678955
1.6666666666666667,2.546421527862549
-4.888888888888889,-7.202456474304199
2.333333333333333,-3.4993183612823486
-13.333333333333334,-13.729533195495605
0.5555555555555556,-3.8456649780273438
1.2222222222222223,5.017036437988281
-8.777777777777779,-4.24238395690918
-0.2222222222222222,1.4196282625198364
3.2222222222222223,3.15328311920166
-2.7777777777777777,-1.166221261024475
-3.333333333333333,-10.820489883422852
-5.0,-5.420044898986816
-3.333333333333333,-3.174663782119751
-6.777777777777778,-5.905854225158691
1.0,-1.7694933414459229
-4.444444444444445,-2.668281316757202
-2.111111111111111,-0.8491458892822266
-20.55555555555556,-18.182130813598633
3.333333333333333,0.8727765083312988
-4.777777777777778,-0.0364113450050354
-1.4444444444444444,-1.6260814666748047
-9.11111111111111,-4.508066177368164
-12.666666666666666,-10.855255126953125
-21.11111111111111,-4.298940181732178
3.555555555555556,-6.6981401443481445
-4.777777777777778,-2.037405014038086
-5.888888888888889,-6.001081466674805
-7.555555555555555,-1.2880849838256836
-3.555555555555556,-4.906832695007324
3.0,-3.9231433868408203
4.0,4.008284568786621
-5.333333333333333,-1.1804237365722656
17.444444444444443,14.697940826416016
-11.77777777777778,-10.737454414367676
-4.888888888888889,1.2463518381118774
6.444444444444445,-0.21578145027160645
4.0,3.919980049133301
-9.88888888888889,-8.393471717834473
15.77777777777778,12.465360641479492
0.6666666666666666,-1.3885914087295532
-9.444444444444445,-7.944350242614746
-1.7777777777777777,-3.712461471557617
2.333333333333333,11.184508323669434
-4.222222222222222,-3.5092713832855225
-8.11111111111111,-5.679018497467041
1.8888888888888888,-1.1764967441558838
-12.555555555555555,-8.417078018188477
5.444444444444445,2.5602962970733643
-3.111111111111111,-3.631094217300415
-2.555555555555556,-2.7456936836242676
5.666666666666667,3.596707344055176
1.4444444444444444,0.6019588708877563
-3.0,-3.266725778579712
-0.1111111111111111,-1.6342346668243408
1.1111111111111112,-3.7949113845825195
-0.8888888888888888,-2.1671206951141357
-7.333333333333333,1.485719919204712
-13.77777777777778,2.34429669380188
0.7777777777777778,0.7389319539070129
-2.6666666666666665,-1.6093440055847168
-19.55555555555556,-6.303162097930908
5.0,-0.019245535135269165
-2.2222222222222223,-1.4335289001464844
1.0,-0.290743887424469
-3.0,1.6316955089569092
-3.888888888888889,-0.6529883146286011
-3.4444444444444446,-4.820872783660889
5.0,7.589111804962158
19.22222222222222,12.577998161315918
-2.4444444444444446,-0.6278882026672363
6.222222222222222,-5.318021774291992
-5.333333333333333,-2.724677324295044
-10.77777777777778,-5.389656066894531
0.0,-2.5985987186431885
1.8888888888888888,3.3877639770507812
21.55555555555556,16.730133056640625
-7.777777777777778,-6.0664167404174805
-7.222222222222222,-5.390949249267578
-1.7777777777777777,-5.189341068267822
5.444444444444445,-0.28044795989990234
-3.888888888888889,-6.410149097442627
-8.222222222222221,-1.1535568237304688
6.111111111111111,4.748534679412842
2.7777777777777777,-0.9875093698501587
-6.333333333333333,-5.632356643676758
0.2222222222222222,-0.43349969387054443
-7.777777777777778,-0.8739993572235107
1.2222222222222223,-0.0032393932342529297
3.4444444444444446,2.208828926086426
-2.888888888888889,-0.31261587142944336
14.88888888888889,15.259368896484375
-1.7777777777777777,-1.7786740064620972
-3.888888888888889,-2.3792781829833984
-5.777777777777778,1.266357183456421
27.11111111111111,19.39856719970703
1.7777777777777777,1.6361362934112549
0.3333333333333333,-0.7081546783447266
-12.77777777777778,-14.839676856994629
27.88888888888889,25.845247268676758
-4.222222222222222,-5.416911602020264
-1.2222222222222223,3.5889434814453125
-3.0,-1.7538478374481201
3.6666666666666665,6.062977313995361
-1.5555555555555556,-0.1465766429901123
-4.222222222222222,-0.5307434797286987
-0.7777777777777778,-0.7672625780105591
6.777777777777778,13.037211418151855
-0.7777777777777778,1.2002449035644531
-8.777777777777779,-9.538572311401367
0.2222222222222222,-1.2000212669372559
-0.2222222222222222,2.2069554328918457
-8.0,-1.6994574069976807
-4.333333333333333,-3.8783769607543945
-3.0,-1.400186538696289
-7.666666666666667,-3.751199960708618
1.1111111111111112,0.17918729782104492
-0.5555555555555556,-3.8057069778442383
-2.111111111111111,-6.57191276550293
-7.555555555555555,-3.522942304611206
17.666666666666668,8.330540657043457
-8.11111111111111,-8.135974884033203
19.55555555555556,11.308573722839355
-6.555555555555555,-0.11502945423126221
10.555555555555555,3.4350435733795166
-14.444444444444445,-7.170922756195068
6.666666666666667,1.0184025764465332
-3.888888888888889,0.24672722816467285
-6.333333333333333,-2.080862522125244
-6.666666666666667,-6.310121536254883
-4.444444444444445,-6.598570823669434
-2.111111111111111,-3.837982654571533
-10.333333333333334,-8.654109954833984
-6.111111111111111,-5.831580638885498
20.666666666666668,22.208332061767578
-5.444444444444445,-6.195743560791016
7.555555555555555,3.463078737258911
-1.4444444444444444,-4.272001266479492
-7.222222222222222,-1.8908312320709229
-3.111111111111111,-4.132974147796631
-3.555555555555556,-4.943498611450195
-2.4444444444444446,-0.7574583292007446
-1.1111111111111112,-3.754211902618408
-7.555555555555555,-4.216767311096191
10.11111111111111,12.037468910217285
-1.4444444444444444,-2.904008150100708
-2.333333333333333,-2.162195920944214
-1.6666666666666667,-0.9321838021278381
8.88888888888889,11.927867889404297
-3.888888888888889,-2.0069618225097656
-6.222222222222222,-4.643426418304443
-11.88888888888889,-10.58795166015625
-1.5555555555555556,0.4115135669708252
7.111111111111111,7.537498474121094
4.666666666666667,-0.4316234588623047
2.4444444444444446,0.6991100907325745
1.5555555555555556,-7.2684221267700195
3.333333333333333,-0.4730004072189331
-10.11111111111111,-8.172237396240234
-8.444444444444445,-3.014932632446289
-2.555555555555556,-2.321913957595825
2.4444444444444446,-0.22470664978027344
2.888888888888889,2.1606733798980713
-4.111111111111111,-5.741551399230957
-10.444444444444445,-6.018815994262695
17.666666666666668,11.434412956237793
27.77777777777778,15.46107006072998
-1.7777777777777777,0.10033226013183594
11.88888888888889,7.632154941558838
0.5555555555555556,1.217670202255249
6.444444444444445,2.4247074127197266
-4.0,-7.303882122039795
-7.444444444444445,-9.795854568481445
-4.555555555555555,-1.875905990600586
12.333333333333334,12.033295631408691
6.0,11.348182678222656
-2.0,-6.592763900756836
1.6666666666666667,-3.180743932723999
17.333333333333332,12.160735130310059
10.11111111111111,7.1285719871521
-1.2222222222222223,-1.1743651628494263
5.666666666666667,7.259932041168213
-3.0,-6.480584144592285
-0.2222222222222222,-5.563787937164307
6.888888888888889,3.666792631149292
1.4444444444444444,1.6418745517730713
-1.2222222222222223,-4.034841060638428
-2.333333333333333,-3.0602710247039795
-7.888888888888889,-9.482358932495117
20.22222222222222,13.018823623657227
-6.111111111111111,2.4960715770721436
-12.444444444444445,-6.436530113220215
-7.888888888888889,-5.8528032302856445
1.2222222222222223,-5.009154319763184
-2.888888888888889,-6.507874965667725
-17.333333333333332,-12.251935005187988
0.0,4.199014663696289
5.222222222222222,4.877490043640137
5.111111111111111,1.0007400512695312
-5.444444444444445,-6.424964427947998
10.22222222222222,0.9042246341705322
-1.6666666666666667,-0.902786910533905
-4.444444444444445,-0.39740097522735596
18.11111111111111,16.393232345581055
-4.777777777777778,-4.111189365386963
5.333333333333333,3.519365072250366
-2.555555555555556,-3.2341723442077637
5.888888888888889,12.483266830444336
8.11111111111111,-1.1735821962356567
-0.4444444444444444,3.1365201473236084
-5.444444444444445,-7.293808460235596
-0.6666666666666666,-2.6671431064605713
-5.444444444444445,-6.264304161071777
-17.0,-11.632516860961914
-1.0,0.026707708835601807
2.333333333333333,2.9407222270965576
0.2222222222222222,-2.877666473388672
-2.7777777777777777,-0.23511815071105957
-6.777777777777778,-4.720757484436035
0.4444444444444444,2.613556146621704
0.6666666666666666,-2.422666072845459
-0.7777777777777778,2.0111396312713623
-7.555555555555555,-6.175257205963135
-7.333333333333333,-6.764723300933838
-12.77777777777778,-6.406803607940674
0.2222222222222222,2.348893642425537
9.77777777777778,7.871214866638184
-6.222222222222222,-5.725399494171143
-4.888888888888889,-7.996690273284912
-10.11111111111111,-8.366390228271484
-8.777777777777779,-8.75090503692627
-2.111111111111111,-0.45830902457237244
1.6666666666666667,2.9617233276367188
-0.7777777777777778,0.2460116147994995
-0.1111111111111111,-0.05436062812805176
-0.5555555555555556,-0.5632046461105347
-6.666666666666667,1.2807159423828125
-9.88888888888889,-3.545964479446411
-8.666666666666666,-8.759665489196777
0.6666666666666666,0.04519064724445343
-0.7777777777777778,-3.2371044158935547
0.3333333333333333,-2.610715866088867
1.3333333333333333,-0.5590266585350037
-2.2222222222222223,-5.3764848709106445
-6.444444444444445,0.046330809593200684
2.4444444444444446,1.3842287063598633
-5.555555555555555,-6.625391006469727
-8.444444444444445,-4.299323081970215
15.0,3.590020179748535
2.2222222222222223,2.9479928016662598
2.6666666666666665,-2.8792340755462646
-2.7777777777777777,-0.7192529439926147
-5.222222222222222,-5.490708827972412
-8.555555555555555,-4.6468987464904785
-3.0,-4.862353324890137
-1.6666666666666667,-8.491634368896484
-1.0,2.594275712966919
-0.4444444444444444,5.399651050567627
37.11111111111112,17.443378448486328
-4.444444444444445,-5.072599411010742
0.5555555555555556,0.7564936876296997
-16.0,-11.69618034362793
-10.22222222222222,-9.921075820922852
-2.333333333333333,-2.239079713821411
-4.333333333333333,-1.4501410722732544
-1.8888888888888888,-1.840294599533081
-4.777777777777778,-3.691286325454712
-8.666666666666666,-4.958860397338867
0.5555555555555556,-0.008225858211517334
17.333333333333332,17.240154266357422
1.5555555555555556,1.9994767904281616
-4.222222222222222,0.3193618059158325
-6.111111111111111,-2.8608148097991943
6.222222222222222,2.3310303688049316
-1.3333333333333333,-0.1488337516784668
6.333333333333333,2.111668348312378
9.444444444444445,5.456984996795654
-0.1111111111111111,-2.216714859008789
-6.0,-3.1699795722961426
-4.666666666666667,-3.9491279125213623
-6.666666666666667,-0.36043572425842285
12.77777777777778,11.34078598022461
0.2222222222222222,-1.9680664539337158
-14.555555555555555,-4.336165904998779
-9.333333333333334,-4.459177494049072
2.6666666666666665,-3.256563663482666
-1.3333333333333333,-5.622505187988281
-12.555555555555555,-3.511435031890869
-8.777777777777779,-8.177105903625488
2.6666666666666665,2.6211979389190674
-7.222222222222222,-8.501081466674805
2.6666666666666665,-0.8785732984542847
-6.444444444444445,-1.100644588470459
-42.55555555555556,-20.096847534179688
4.777777777777778,4.563285827636719
0.5555555555555556,-2.6789863109588623
-9.666666666666666,-9.675593376159668
9.77777777777778,12.638130187988281
9.444444444444445,6.885456562042236
-2.7777777777777777,0.4250556230545044
2.0,2.192784547805786
-2.111111111111111,-3.4821436405181885
-10.666666666666666,-3.2907657623291016
-3.888888888888889,-2.447608709335327
-0.6666666666666666,-5.533013820648193
-6.111111111111111,-2.6316661834716797
-2.555555555555556,3.854832410812378
-5.444444444444445,-3.8483831882476807
-3.6666666666666665,-9.382625579833984
2.555555555555556,3.9156336784362793
4.333333333333333,2.620746374130249
-5.555555555555555,-3.504323720932007
-0.6666666666666666,-2.853792905807495
-1.6666666666666667,-0.9340487718582153
1.5555555555555556,-3.066950798034668
-8.0,-4.792673110961914
1.2222222222222223,-0.9634267091751099
12.333333333333334,9.651049613952637
0.4444444444444444,-7.577772617340088
0.2222222222222222,-4.159440994262695
0.4444444444444444,1.3224459886550903
0.1111111111111111,-3.4718687534332275
0.3333333333333333,1.996623158454895
1.2222222222222223,2.396484851837158
-1.4444444444444444,-4.969730854034424
2.888888888888889,-2.5600900650024414
14.88888888888889,13.665181159973145
0.1111111111111111,-3.4047951698303223
-4.888888888888889,-2.4752752780914307
19.55555555555556,16.320842742919922
-3.7777777777777777,-1.3560044765472412
-2.7777777777777777,-2.9805173873901367
-4.0,-6.162877559661865
-4.111111111111111,0.1692962646484375
-0.1111111111111111,-7.550620079040527
2.333333333333333,-0.9365716576576233
0.6666666666666666,5.052801132202148
1.0,-4.08281135559082
-5.111111111111111,-2.5686240196228027
-1.2222222222222223,3.588690757751465
-3.111111111111111,-5.177372455596924
-16.333333333333332,-7.994073390960693
-7.555555555555555,-5.788553714752197
-7.777777777777778,-10.522143363952637
-1.5555555555555556,-2.1091482639312744
-7.333333333333333,-7.2245893478393555
1.1111111111111112,2.544729232788086
3.333333333333333,-0.9802687168121338
-6.444444444444445,-4.7006378173828125
-6.0,-0.5818799734115601
-1.7777777777777777,-1.1483757495880127
3.2222222222222223,6.815251350402832
1.0,-0.7912898659706116
-8.0,-4.18283748626709
0.4444444444444444,1.1326478719711304
1.8888888888888888,-0.15505993366241455
8.88888888888889,0.9773944020271301
-0.5555555555555556,0.16519559919834137
-8.444444444444445,-5.803545951843262
0.4444444444444444,-7.449224472045898
-2.7777777777777777,-2.4058985710144043
-3.6666666666666665,-7.0369038581848145
-5.222222222222222,-1.12032949924469
-10.555555555555555,-4.36264181137085
0.6666666666666666,0.28156816959381104
8.0,1.8736284971237183
0.2222222222222222,-1.0528976917266846
-2.6666666666666665,-2.8993232250213623
-5.111111111111111,-1.0443798303604126
-9.333333333333334,-5.602959632873535
-0.3333333333333333,-1.814046859741211
2.6666666666666665,-3.6709604263305664
-8.88888888888889,-4.2453813552856445
-5.555555555555555,-11.265804290771484
1.5555555555555556,-3.711155891418457
-4.444444444444445,-3.7586612701416016
-8.0,-2.1405539512634277
5.222222222222222,3.798917055130005
-1.8888888888888888,-4.694738388061523
-7.555555555555555,-5.649949550628662
4.0,8.441219329833984
0.1111111111111111,-1.4778926372528076
1.4444444444444444,0.185724139213562
-2.0,-2.000761032104492
-2.7777777777777777,0.6047749519348145
-6.555555555555555,-4.233105182647705
-8.666666666666666,-5.470972061157227
-5.0,-5.026308059692383
-3.7777777777777777,-4.711308479309082
9.555555555555555,3.8026955127716064
-10.22222222222222,-5.3478593826293945
9.0,10.983551025390625
-2.7777777777777777,-1.5985932350158691
-1.5555555555555556,-0.9779336452484131
-1.8888888888888888,-2.489563226699829
2.4444444444444446,1.0061842203140259
-5.222222222222222,-2.4229907989501953
-1.6666666666666667,-1.2367899417877197
5.888888888888889,4.841399669647217
-6.666666666666667,-7.746660232543945
-0.2222222222222222,0.10249045491218567
-6.666666666666667,-6.97120475769043
-5.111111111111111,-1.2751364707946777
0.3333333333333333,-3.7794394493103027
-0.4444444444444444,-1.1295177936553955
-4.444444444444445,-8.774230003356934
3.4444444444444446,4.133713245391846
-0.7777777777777778,1.4286572933197021
-9.555555555555555,-7.173336029052734
-5.333333333333333,-0.15476417541503906
5.222222222222222,5.360645771026611
6.444444444444445,-2.970057487487793
5.111111111111111,-2.14933180809021
4.888888888888889,-6.169833660125732
-6.0,0.4072462320327759
-5.666666666666667,-3.1395647525787354
37.77777777777778,15.425640106201172
-7.111111111111111,-3.9474375247955322
-1.4444444444444444,-4.37318229675293
6.777777777777778,2.8910319805145264
-9.444444444444445,-1.4400920867919922
-6.333333333333333,-10.936027526855469
-0.4444444444444444,2.930570602416992
5.111111111111111,-0.3710337281227112
9.11111111111111,2.1812751293182373
-1.7777777777777777,3.251185417175293
-7.888888888888889,-5.773639678955078
-3.6666666666666665,-2.0501458644866943
-2.888888888888889,-2.1137683391571045
-8.0,-4.597962856292725
-2.4444444444444446,-2.685058355331421
7.888888888888889,6.151494026184082
-0.2222222222222222,-0.26780056953430176
-0.5555555555555556,-2.3497745990753174
-2.7777777777777777,-4.438410758972168
-3.555555555555556,-3.2263550758361816
-0.5555555555555556,0.2593253552913666
-2.111111111111111,-3.5363006591796875
-1.5555555555555556,-1.4213535785675049
2.4444444444444446,1.5955320596694946
-8.11111111111111,-7.139089584350586
-0.6666666666666666,0.3754456043243408
3.0,-1.8959721326828003
-1.4444444444444444,-4.984408378601074
9.666666666666666,1.6742849349975586
3.111111111111111,-0.472903847694397
-12.555555555555555,-5.167386531829834
4.666666666666667,2.529697895050049
-12.0,-14.45488166809082
-10.88888888888889,-8.950547218322754
17.11111111111111,13.5864839553833
9.22222222222222,10.351408958435059
-1.3333333333333333,-0.8698229789733887
5.666666666666667,4.659369468688965
-5.666666666666667,-2.9168450832366943
-3.888888888888889,-8.28161907196045
-8.11111111111111,-8.493581771850586
-9.444444444444445,-4.3598103523254395
-2.7777777777777777,-1.886662244796753
-5.888888888888889,4.143423557281494
8.555555555555555,0.11099958419799805
-3.555555555555556,-1.8220794200897217
2.555555555555556,2.9883949756622314
-25.22222222222222,-6.145888805389404
5.888888888888889,5.106511116027832
-2.7777777777777777,-4.27789831161499
-6.444444444444445,-3.568953514099121
-17.444444444444443,-10.093057632446289
-0.1111111111111111,-1.2333409786224365
-4.666666666666667,-0.33477067947387695
-1.7777777777777777,-2.6715357303619385
-0.2222222222222222,3.372499704360962
6.111111111111111,5.992857456207275
-5.444444444444445,-3.781118154525757
-4.222222222222222,-3.810715436935425
-3.6666666666666665,-3.4003617763519287
-2.4444444444444446,-3.833608627319336
-10.0,-4.3231024742126465
8.333333333333334,-2.308698892593384
25.55555555555556,19.87409019470215
-2.555555555555556,-2.465665102005005
-4.555555555555555,5.948408603668213
-1.3333333333333333,-2.0333187580108643
22.666666666666668,25.256793975830078
3.2222222222222223,5.756678581237793
-3.2222222222222223,-2.580927848815918
-1.2222222222222223,-1.6428780555725098
-1.1111111111111112,-2.432246685028076
-6.111111111111111,-3.2123169898986816
-12.555555555555555,-4.524050712585449
13.11111111111111,8.811712265014648
8.88888888888889,0.6978564262390137
-2.2222222222222223,-3.740374803543091
-8.666666666666666,-8.218147277832031
-11.555555555555555,-2.3431735038757324
-3.2222222222222223,-1.1796844005584717
-2.0,4.754856109619141
-1.5555555555555556,-5.5404157638549805
-6.111111111111111,-0.6083009243011475
2.0,1.3669556379318237
-8.333333333333334,-4.9270501136779785
-2.4444444444444446,-2.3587496280670166
4.222222222222222,1.8149397373199463
26.22222222222222,-2.7084968090057373
-5.0,-3.8831968307495117
-2.2222222222222223,-2.2920801639556885
1.1111111111111112,2.8427894115448
-10.0,-2.9907710552215576
4.555555555555555,0.7540642619132996
3.6666666666666665,1.1447813510894775
-11.666666666666666,-10.314371109008789
12.22222222222222,0.2886366844177246
-0.3333333333333333,-1.3010969161987305
-9.11111111111111,-4.250642776489258
-1.4444444444444444,-2.8492178916931152
-3.4444444444444446,-3.9848649501800537
-10.11111111111111,-3.266237735748291
-2.111111111111111,-0.7007131576538086
15.666666666666666,8.546131134033203
-3.888888888888889,-6.226356029510498
-3.2222222222222223,-2.9251866340637207
2.0,-2.5762250423431396
-4.666666666666667,-2.516836643218994
1.7777777777777777,-3.20975923538208
1.0,-0.7967473268508911
-1.3333333333333333,-4.395550727844238
-5.222222222222222,-7.9986042976379395
-0.2222222222222222,-1.4897856712341309
-3.0,-3.1428160667419434
-6.555555555555555,-11.149458885192871
-1.3333333333333333,-1.9985415935516357
-2.111111111111111,-0.6728911399841309
9.555555555555555,2.614177703857422
0.7777777777777778,-6.832564830780029
38.11111111111112,22.67117691040039
0.0,-0.20858216285705566
-4.222222222222222,-4.2113542556762695
1.3333333333333333,-1.5938562154769897
8.555555555555555,-1.2471873760223389
-3.555555555555556,0.7094511985778809
33.0,26.714893341064453
-4.777777777777778,-1.8558528423309326
29.0,12.025115966796875
-12.555555555555555,-9.66301155090332
2.111111111111111,0.07784676551818848
-3.2222222222222223,-8.075167655944824
-7.111111111111111,-11.787224769592285
-4.222222222222222,-5.037883758544922
-7.444444444444445,-6.657522201538086
-10.0,-3.0891194343566895
7.888888888888889,8.352227210998535
1.6666666666666667,-1.6882928609848022
-4.0,-2.3062946796417236
-2.888888888888889,-1.9953197240829468
0.5555555555555556,-0.6003875732421875
-14.333333333333334,-10.93480110168457
-9.0,-5.029295921325684
-4.888888888888889,-2.9350433349609375
-4.111111111111111,1.2661998271942139
-0.5555555555555556,3.053163528442383
-1.6666666666666667,1.0508408546447754
-1.3333333333333333,-1.5455759763717651
-5.666666666666667,-1.6123783588409424
-6.111111111111111,2.540961980819702
0.8888888888888888,3.641757011413574
-5.0,-3.2112138271331787
-14.77777777777778,-4.337427139282227
0.8888888888888888,-0.4095674157142639
2.2222222222222223,10.102603912353516
2.7777777777777777,3.250670909881592
7.666666666666667,6.453212738037109
-2.555555555555556,2.2096445560455322
-5.111111111111111,-5.908202171325684
-1.1111111111111112,-1.1370397806167603
8.222222222222221,17.024938583374023
9.333333333333334,-1.1458022594451904
7.888888888888889,5.293061256408691
0.3333333333333333,4.628278732299805
-8.0,-4.675896167755127
-7.555555555555555,-8.740702629089355
-4.777777777777778,-2.7287981510162354
-0.3333333333333333,4.026977062225342
-5.333333333333333,-0.26434969902038574
4.333333333333333,-5.880300521850586
-1.4444444444444444,-3.1614673137664795
-2.888888888888889,-4.616998195648193
3.111111111111111,2.569392681121826
17.333333333333332,11.466864585876465
2.0,3.1333160400390625
-13.88888888888889,-11.560046195983887
-4.444444444444445,-4.186368465423584
-11.666666666666666,-7.699749946594238
-4.444444444444445,-6.673521518707275
-4.222222222222222,-9.527321815490723
-7.333333333333333,-4.674256324768066
-3.2222222222222223,-4.463833808898926
-3.4444444444444446,-3.0714685916900635
-3.111111111111111,-1.9715067148208618
-5.333333333333333,-1.2473673820495605
7.888888888888889,10.65184497833252
19.88888888888889,17.0775146484375
-0.1111111111111111,6.799717426300049
-2.555555555555556,-4.680910587310791
-6.888888888888889,-5.416728973388672
-6.111111111111111,-2.9921271800994873
-1.5555555555555556,-0.7339205741882324
-4.333333333333333,-11.822979927062988
0.6666666666666666,-1.8536142110824585
-24.0,-8.29277515411377
-4.222222222222222,-3.119357109069824
-1.0,0.13397395610809326
1.3333333333333333,3.8142600059509277
-12.666666666666666,-5.9395246505737305
-7.0,-5.590775012969971
-1.3333333333333333,1.6216096878051758
-7.0,-2.528125524520874
5.888888888888889,4.5763421058654785
-8.11111111111111,-3.2350709438323975
-5.777777777777778,-3.2789418697357178
-2.888888888888889,-4.012465000152588
-12.77777777777778,-3.377448797225952
-6.444444444444445,-2.7539470195770264
-2.4444444444444446,-4.783881664276123
6.0,3.9700088500976562
-8.666666666666666,0.33517587184906006
-2.111111111111111,-2.903439521789551
11.11111111111111,9.709716796875
5.333333333333333,6.120678901672363
2.4444444444444446,5.331127643585205
-3.7777777777777777,-3.503751039505005
-1.8888888888888888,1.9891729354858398
-0.7777777777777778,-1.2138683795928955
-5.111111111111111,-7.750280857086182
0.6666666666666666,-3.2832343578338623
-1.3333333333333333,-1.1362215280532837
18.77777777777778,26.24889373779297
7.0,6.517138481140137
-22.55555555555556,-15.613091468811035
-5.333333333333333,-1.6525466442108154
-0.7777777777777778,-0.5801687240600586
10.444444444444445,0.2717452645301819
-1.4444444444444444,-3.846850633621216
-0.8888888888888888,-5.81833553314209
10.0,6.546553611755371
23.0,16.112577438354492
0.1111111111111111,4.250211715698242
-1.6666666666666667,1.8447625637054443
-8.88888888888889,-2.1609854698181152
-10.444444444444445,-10.037447929382324
-1.0,-0.8913328647613525
0.6666666666666666,-2.946749448776245
-4.111111111111111,-1.9108185768127441
18.11111111111111,2.5992047786712646
-1.3333333333333333,-7.641179084777832
-6.333333333333333,-3.2418417930603027
-6.666666666666667,-6.883204460144043
-4.111111111111111,-0.24262213706970215
-7.555555555555555,-6.766441822052002
-10.555555555555555,-8.839804649353027
0.5555555555555556,-4.711232662200928
5.555555555555555,6.11363410949707
-0.1111111111111111,-2.1885461807250977
-2.888888888888889,-4.972451210021973
2.4444444444444446,5.263520240783691
-2.888888888888889,-2.1633524894714355
18.666666666666668,24.70219612121582
1.2222222222222223,10.809699058532715
-2.2222222222222223,-4.044234752655029
-1.0,-1.6251250505447388
5.222222222222222,2.6832082271575928
4.222222222222222,1.6821645498275757
-0.2222222222222222,0.7090744972229004
16.444444444444443,-6.600870132446289
-8.0,-4.739651203155518
-11.666666666666666,-11.1507568359375
0.1111111111111111,0.2100534439086914
2.2222222222222223,2.240675687789917
-5.333333333333333,-5.976550102233887
-2.333333333333333,2.787944793701172
-3.555555555555556,-2.0340561866760254
-3.111111111111111,-2.046736001968384
-9.22222222222222,-9.465046882629395
-9.666666666666666,-4.739999771118164
-6.333333333333333,-3.2108776569366455
-8.333333333333334,-11.218242645263672
-11.555555555555555,-4.612222194671631
-8.333333333333334,-13.517417907714844
25.0,20.652198791503906
-5.222222222222222,-5.957338809967041
3.555555555555556,0.4939209222793579
-2.333333333333333,-7.3046722412109375
-13.666666666666666,-7.2485809326171875
-2.333333333333333,-2.3798296451568604
-6.444444444444445,-5.2024617195129395
10.22222222222222,5.311136722564697
-4.888888888888889,-4.869024753570557
6.444444444444445,7.89158821105957
2.0,-1.186083197593689
15.0,7.726180553436279
-10.0,-12.66553020477295
-5.666666666666667,-0.35064497590065
-3.7777777777777777,-3.3550753593444824
1.2222222222222223,-4.415768623352051
-1.4444444444444444,0.5295205116271973
-4.222222222222222,-5.023503303527832
2.4444444444444446,3.286020278930664
2.333333333333333,2.4081506729125977
-7.666666666666667,1.824324131011963
-0.2222222222222222,-0.3029665946960449
0.2222222222222222,1.3634902238845825
1.2222222222222223,-2.825113534927368
-4.888888888888889,-9.984878540039062
-1.2222222222222223,-4.229960918426514
0.7777777777777778,-5.91116189956665
-1.5555555555555556,-9.543142318725586
-4.444444444444445,-6.837222099304199
-1.1111111111111112,-4.433310508728027
-3.111111111111111,-3.9940857887268066
-0.2222222222222222,-6.471399307250977
3.0,-2.6011874675750732
30.0,24.839839935302734
12.88888888888889,14.644719123840332
-0.3333333333333333,-9.898842811584473
41.55555555555556,9.362211227416992
-13.333333333333334,-9.95654296875
-10.555555555555555,-3.769613027572632
0.7777777777777778,-1.445182204246521
0.3333333333333333,-1.845050573348999
-3.555555555555556,-3.7465076446533203
7.222222222222222,9.462968826293945
4.666666666666667,-0.042252540588378906
-9.88888888888889,-10.9031982421875
-6.111111111111111,-5.120425224304199
-3.4444444444444446,-3.751340627670288
7.888888888888889,9.8517484664917
0.2222222222222222,-1.2775137424468994
-0.3333333333333333,-0.9278258085250854
2.4444444444444446,15.915620803833008
0.3333333333333333,-2.565734386444092
-4.777777777777778,-3.115391731262207
-2.111111111111111,-1.4127616882324219
-6.111111111111111,-0.4994124174118042
3.333333333333333,-2.5270464420318604
0.8888888888888888,-1.2987384796142578
-4.777777777777778,-1.9204256534576416
-3.888888888888889,-4.282331466674805
-10.0,-2.8867878913879395
-21.33333333333333,-10.090428352355957
-4.444444444444445,-8.141195297241211
2.0,5.620314598083496
-5.222222222222222,-2.863154411315918
1.2222222222222223,0.846570611000061
-9.666666666666666,-6.895177841186523
-7.222222222222222,-2.8423759937286377
-6.555555555555555,-1.2374532222747803
-8.777777777777779,-6.382874488830566
-8.11111111111111,-5.037266731262207
0.3333333333333333,-1.1100287437438965
0.4444444444444444,3.965320348739624
0.1111111111111111,-0.3784909248352051
13.22222222222222,0.0018696784973144531
-3.888888888888889,-2.547184705734253
-0.8888888888888888,0.1459813117980957
-4.777777777777778,-0.4775327444076538
-9.22222222222222,-6.172426700592041
3.111111111111111,2.7208499908447266
2.2222222222222223,2.274102210998535
-10.555555555555555,-2.2026712894439697
-1.0,-0.17707231640815735
-11.0,-3.81534481048584
-4.666666666666667,-4.731504440307617
-4.0,-1.7585057020187378
3.6666666666666665,0.5570716857910156
-1.0,1.4370430707931519
3.0,-2.0080769062042236
-9.444444444444445,-6.276426792144775
3.333333333333333,3.672454595565796
-4.111111111111111,-3.341757297515869
6.555555555555555,5.482834815979004
3.333333333333333,8.337257385253906
-7.222222222222222,-2.770294189453125
0.4444444444444444,1.1869518756866455
-2.7777777777777777,-2.8997814655303955
-2.2222222222222223,-2.689807891845703
-2.6666666666666665,-4.015603542327881
-1.7777777777777777,5.801192760467529
13.22222222222222,18.22405433654785
-3.2222222222222223,-3.864250898361206
-6.888888888888889,-7.421634674072266
-8.666666666666666,1.6147174835205078
2.0,5.461967468261719
0.0,0.251737117767334
-2.888888888888889,-1.2094874382019043
-5.888888888888889,-4.773859977722168
5.555555555555555,5.423478603363037
-4.0,-3.93501615524292
6.444444444444445,9.54080581665039
-3.555555555555556,-1.370012879371643
-1.3333333333333333,-3.7738137245178223
2.0,2.879850149154663
-6.0,-8.303321838378906
-18.88888888888889,-16.90897560119629
-13.555555555555555,-8.809890747070312
-2.888888888888889,-0.1749066710472107
6.444444444444445,3.104794502258301
-4.111111111111111,-6.259929656982422
-6.555555555555555,-9.289580345153809
-3.111111111111111,-2.6832008361816406
-1.5555555555555556,-2.8625216484069824
-1.7777777777777777,-2.1455254554748535
5.555555555555555,-3.1696972846984863
-1.5555555555555556,-1.4995132684707642
12.77777777777778,9.940413475036621
-7.777777777777778,-7.376148223876953
1.3333333333333333,4.8962812423706055
-2.555555555555556,0.45386576652526855
19.22222222222222,17.59218406677246
4.666666666666667,-3.8301198482513428
-5.888888888888889,-3.5146822929382324
-7.888888888888889,-5.969205856323242
10.77777777777778,-0.304856538772583
32.111111111111114,25.318052291870117
-5.666666666666667,-5.831014156341553
9.11111111111111,8.799678802490234
8.777777777777779,1.7291628122329712
-9.11111111111111,-8.593934059143066
4.555555555555555,7.103060245513916
3.4444444444444446,0.9328134059906006
-11.555555555555555,-4.944380283355713
-3.0,0.8167473673820496
-5.222222222222222,-4.1479010581970215
1.1111111111111112,0.24908697605133057
-9.555555555555555,-8.034104347229004
-3.888888888888889,-4.045576572418213
-0.3333333333333333,-1.9932198524475098
1.6666666666666667,-0.797607958316803
-8.555555555555555,-7.352618217468262
11.333333333333334,11.266398429870605
8.88888888888889,2.795415163040161
-4.222222222222222,-3.642045497894287
-0.6666666666666666,1.270735502243042
-8.333333333333334,-4.978549003601074
-2.888888888888889,-5.588918685913086
-9.77777777777778,-6.61057710647583
-2.4444444444444446,-2.6004106998443604
7.222222222222222,4.364752292633057
-11.11111111111111,-4.148432731628418
-3.2222222222222223,-2.722066879272461
3.555555555555556,4.175808429718018
-1.2222222222222223,-0.18792128562927246
-15.11111111111111,-7.455447196960449
-8.222222222222221,-8.944366455078125
1.5555555555555556,-5.069149017333984
-6.222222222222222,-4.267776966094971
-2.888888888888889,3.6806416511535645
-1.3333333333333333,-2.604923725128174
4.0,-0.6876425743103027
5.666666666666667,10.29299259185791
6.777777777777778,-4.586062908172607
-3.6666666666666665,-4.393998622894287
-5.222222222222222,-2.532383441925049
-6.0,-6.914196491241455
0.4444444444444444,2.641258478164673
-4.444444444444445,-1.9520995616912842
-6.888888888888889,-5.199172496795654
-0.1111111111111111,-3.592268943786621
-5.555555555555555,-8.500396728515625
-8.666666666666666,-0.30629873275756836
3.4444444444444446,-0.09195387363433838
-0.8888888888888888,6.569389820098877
-2.6666666666666665,-4.518885135650635
-1.3333333333333333,-1.66868257522583
2.4444444444444446,-2.5643985271453857
-9.22222222222222,-9.651416778564453
-12.333333333333334,-0.5465329885482788
25.666666666666668,13.721566200256348
2.4444444444444446,-0.9203681349754333
2.2222222222222223,4.0687432289123535
-1.2222222222222223,-5.871188163757324
-2.6666666666666665,-3.624924421310425
-5.333333333333333,-3.709272861480713
0.0,1.8425801992416382
-1.4444444444444444,-0.8713746070861816
-3.555555555555556,-3.2152352333068848
-0.5555555555555556,-3.4684205055236816
-5.222222222222222,-4.035665035247803
-2.0,-0.1485837697982788
3.555555555555556,-0.7528226375579834
3.555555555555556,0.26271116733551025
-1.0,2.070639133453369
5.222222222222222,-3.9914445877075195
-11.11111111111111,-11.975871086120605
-6.222222222222222,-6.039154052734375
-8.11111111111111,-3.9972121715545654
5.333333333333333,3.135411500930786
-1.8888888888888888,-3.5931074619293213
1.7777777777777777,2.662689447402954
-1.4444444444444444,-4.697859287261963
-2.0,-5.036480903625488
-10.22222222222222,-5.036345958709717
2.2222222222222223,-3.2926905155181885
7.111111111111111,2.475594997406006
-5.0,-4.245553493499756
23.33333333333333,12.23828125
2.888888888888889,-3.8912134170532227
-0.3333333333333333,-4.464253902435303
-2.7777777777777777,-4.151757717132568
20.11111111111111,11.782944679260254
-6.555555555555555,-4.9811882972717285
-5.888888888888889,-0.17855960130691528
-13.0,-1.5660470724105835
-2.6666666666666665,-4.4017534255981445
-4.666666666666667,-0.19143271446228027
-0.5555555555555556,0.9817681312561035
1.8888888888888888,-2.1141653060913086
-0.2222222222222222,-3.6007866859436035
-13.666666666666666,-2.015070915222168
1.6666666666666667,1.0292847156524658
6.444444444444445,1.9907573461532593
-5.111111111111111,-6.148975849151611
-1.0,0.22699928283691406
2.6666666666666665,-3.6855831146240234
-4.111111111111111,-4.5519843101501465
-2.2222222222222223,-8.74471664428711
-0.3333333333333333,-1.25694739818573
-4.888888888888889,-3.7121474742889404
25.11111111111111,26.835538864135742
-10.88888888888889,-13.11446475982666
2.555555555555556,-1.3761347532272339
-0.4444444444444444,-2.2051820755004883
-19.55555555555556,-7.977859973907471
-0.8888888888888888,-0.9229639768600464
-6.555555555555555,-5.6258111000061035
-4.222222222222222,-2.8690130710601807
-5.0,-3.889366388320923
-4.444444444444445,-1.2483515739440918
-2.333333333333333,2.333397388458252
-3.888888888888889,-3.806293249130249
-2.111111111111111,-3.544919013977051
-6.111111111111111,-2.6416678428649902
2.2222222222222223,2.358088493347168
-8.88888888888889,-6.909702777862549
1.8888888888888888,-0.5748910903930664
24.77777777777778,25.301589965820312
0.3333333333333333,-4.718441009521484
-2.2222222222222223,-0.7779141664505005
8.555555555555555,3.7231245040893555
-2.7777777777777777,-5.427216529846191
3.4444444444444446,1.4270144701004028
-2.555555555555556,-2.4627304077148438
2.555555555555556,-1.228985071182251
28.88888888888889,17.70302391052246
-18.11111111111111,-2.507380723953247
-5.666666666666667,16.2054500579834
-1.0,-2.8343665599823
0.3333333333333333,2.116734504699707
0.3333333333333333,0.5952670574188232
-1.3333333333333333,2.2590138912200928
-4.888888888888889,0.2547962963581085
-7.555555555555555,-6.66219425201416
-6.888888888888889,0.84808349609375
-4.0,3.0976219177246094
1.6666666666666667,-1.9124724864959717
8.666666666666666,3.173858642578125
1.7777777777777777,-1.7051048278808594
0.1111111111111111,-2.850881576538086
13.88888888888889,14.62781047821045
-0.3333333333333333,-1.188879370689392
8.444444444444445,-0.34874945878982544
-0.2222222222222222,-0.6487165689468384
-6.555555555555555,-0.08408999443054199
2.6666666666666665,14.113075256347656
-4.555555555555555,-0.5155441761016846
-0.5555555555555556,3.7228403091430664
-1.0,-5.224001884460449
14.666666666666666,5.897704124450684
-2.4444444444444446,-9.560787200927734
-1.0,-8.258804321289062
-12.0,-6.727643013000488
-0.5555555555555556,0.277313232421875
-0.8888888888888888,-0.23572778701782227
-6.888888888888889,-2.949537992477417
-4.555555555555555,-5.37335205078125
0.1111111111111111,4.36970329284668
-5.333333333333333,-7.201626777648926
-6.777777777777778,-5.119372844696045
27.88888888888889,21.929126739501953
-7.888888888888889,-6.097968578338623
-0.2222222222222222,-1.5422449111938477
6.222222222222222,5.7670087814331055
-14.444444444444445,-11.491811752319336
-5.555555555555555,-6.874741077423096
-13.555555555555555,-10.545034408569336
-9.88888888888889,-5.797328948974609
-7.333333333333333,-5.246516227722168
0.0,-1.4703627824783325
0.1111111111111111,-2.8940248489379883
-5.555555555555555,4.517239570617676
-8.666666666666666,-7.796595573425293
-4.666666666666667,-3.3929734230041504
0.4444444444444444,0.28591203689575195
0.0,5.323914527893066
-5.444444444444445,-5.707040309906006
0.2222222222222222,0.6483566761016846
-16.555555555555557,-9.284154891967773
5.222222222222222,6.066625595092773
-4.333333333333333,-6.245861053466797
-2.555555555555556,-2.5201616287231445
15.11111111111111,9.412464141845703
-0.6666666666666666,-1.2024712562561035
-0.4444444444444444,-0.047498345375061035
-4.333333333333333,-3.054011344909668
-3.7777777777777777,-5.585371971130371
-2.333333333333333,-0.7585271596908569
2.555555555555556,-4.882152080535889
15.88888888888889,11.903708457946777
-21.88888888888889,-11.180542945861816
21.444444444444443,18.052297592163086
4.333333333333333,2.2460269927978516
-1.2222222222222223,-7.381566524505615
1.2222222222222223,1.3806127309799194
-3.6666666666666665,-3.748098373413086
3.0,-0.26276731491088867
-2.333333333333333,3.6160950660705566
-3.888888888888889,-6.849119663238525
14.444444444444445,0.306093692779541
-4.666666666666667,-2.2561235427856445
-4.0,0.15967440605163574
3.0,-1.8063080310821533
-6.555555555555555,-6.636929035186768
-4.333333333333333,4.470148086547852
6.888888888888889,7.558852195739746
0.4444444444444444,-4.983360767364502
-3.6666666666666665,-5.460868835449219
28.444444444444443,24.593921661376953
3.0,3.2877461910247803
-24.11111111111111,-21.302658081054688
14.22222222222222,14.080000877380371
10.666666666666666,6.516165256500244
3.4444444444444446,2.6321487426757812
-6.888888888888889,-2.4978270530700684
0.0,-2.1974503993988037
9.11111111111111,9.143377304077148
-2.888888888888889,-3.7154181003570557
-11.0,-6.774703502655029
-4.111111111111111,-1.6481540203094482
-4.777777777777778,-1.189030647277832
22.11111111111111,7.814586639404297
8.222222222222221,4.328012943267822
-4.777777777777778,-8.21821117401123
-5.444444444444445,-6.053460597991943
1.5555555555555556,3.1015446186065674
-3.4444444444444446,-4.587213516235352
-2.555555555555556,-2.3170735836029053
-5.111111111111111,-5.695643901824951
-11.333333333333334,-7.52565336227417
-5.777777777777778,-8.233955383300781
-10.555555555555555,-6.078658103942871
-13.666666666666666,-2.7245872020721436
-4.888888888888889,-1.4729156494140625
1.2222222222222223,1.09407377243042
-5.888888888888889,-6.820542335510254
-2.555555555555556,-2.4911491870880127
-9.333333333333334,-7.631038665771484
-9.22222222222222,-3.6457083225250244
-8.333333333333334,-2.4156670570373535
-2.0,4.394131660461426
-5.333333333333333,-4.910855293273926
-0.2222222222222222,-3.916973352432251
0.4444444444444444,-1.8032326698303223
-3.333333333333333,-1.2754204273223877
1.5555555555555556,1.2906641960144043
-2.2222222222222223,-2.8050308227539062
-3.888888888888889,-9.811457633972168
11.444444444444445,12.504203796386719
12.666666666666666,15.954300880432129
1.3333333333333333,2.689182996749878
-5.555555555555555,-4.197751045227051
-2.0,2.6157748699188232
-2.0,-1.9217026233673096
-5.222222222222222,-0.5663769245147705
-0.5555555555555556,-2.426863431930542
9.333333333333334,11.219817161560059
5.333333333333333,-1.7546179294586182
-6.0,-5.180480003356934
-4.777777777777778,0.262016236782074
-5.555555555555555,-5.197498321533203
-7.333333333333333,-7.5560503005981445
9.444444444444445,5.083638668060303
2.555555555555556,-2.387716054916382
-1.2222222222222223,-2.970311164855957
-1.1111111111111112,-0.4721340537071228
-10.0,-10.759347915649414
0.4444444444444444,-2.7742650508880615
-4.444444444444445,-7.062108039855957
-9.666666666666666,-5.2286057472229
1.3333333333333333,-0.04186654090881348
-0.8888888888888888,0.39297211170196533
-1.7777777777777777,-3.862626314163208
2.2222222222222223,2.5389060974121094
-2.2222222222222223,-5.865306854248047
0.5555555555555556,0.7621423006057739
-9.88888888888889,-2.064199924468994
4.444444444444445,15.37221908569336
-1.0,-1.255627155303955
-2.888888888888889,-4.575763702392578
-6.0,-5.782930850982666
-0.2222222222222222,0.8653841018676758
-5.222222222222222,1.024350881576538
-3.0,-3.5344021320343018
0.5555555555555556,-0.9312066435813904
-5.0,-1.1383841037750244
-2.6666666666666665,-4.231257438659668
-10.444444444444445,3.2045578956604004
-0.7777777777777778,-6.15357780456543
7.111111111111111,0.05401349067687988
-4.222222222222222,-5.076066970825195
2.111111111111111,-3.973353385925293
-0.1111111111111111,-0.32941555976867676
42.55555555555556,16.193470001220703
-8.11111111111111,-14.391014099121094
-3.6666666666666665,-0.38320887088775635
-4.777777777777778,-1.8796597719192505
1.7777777777777777,-7.868041515350342
7.222222222222222,2.342205047607422
-2.111111111111111,-5.298373699188232
-9.0,-0.8477675914764404
1.3333333333333333,0.8945885896682739
-1.4444444444444444,-0.9517130851745605
32.44444444444444,23.92417335510254
10.0,9.865397453308105
-5.666666666666667,-9.068733215332031
4.111111111111111,-1.7811353206634521
-9.0,-8.263717651367188
21.22222222222222,18.714927673339844
-6.666666666666667,-4.647367000579834
3.0,2.385854959487915
-1.4444444444444444,0.4819765090942383
-0.2222222222222222,2.9891605377197266
-1.1111111111111112,-1.6573212146759033
-8.555555555555555,-8.641149520874023
0.7777777777777778,0.9513168334960938
4.555555555555555,4.438135147094727
4.222222222222222,2.636279344558716
-41.333333333333336,-31.25490379333496
-4.888888888888889,-4.852910041809082
4.555555555555555,0.6510233879089355
2.2222222222222223,3.350255012512207
-1.5555555555555556,-0.4038490653038025
-0.4444444444444444,-0.7814791202545166
-0.8888888888888888,-0.011269688606262207
10.0,13.881540298461914
-8.222222222222221,-6.569925308227539
18.444444444444443,7.34013032913208
-4.888888888888889,-0.52573561668396
0.1111111111111111,-3.5838687419891357
-5.555555555555555,-5.465987205505371
-2.4444444444444446,-1.2991657257080078
-5.222222222222222,-6.240272045135498
29.666666666666668,12.980772972106934
0.0,-1.1305038928985596
2.2222222222222223,1.9469313621520996
20.88888888888889,14.801359176635742
-2.333333333333333,-6.37568473815918
-4.111111111111111,-3.496610641479492
-10.444444444444445,-11.592195510864258
-10.77777777777778,-5.284219741821289
-4.666666666666667,-6.740272045135498
8.777777777777779,3.05051326751709
-3.2222222222222223,-6.417494773864746
-1.4444444444444444,0.6465377807617188
-1.1111111111111112,-2.8749377727508545
6.888888888888889,4.42734956741333
-5.444444444444445,-5.438483715057373
2.4444444444444446,-1.092707633972168
-12.555555555555555,-11.899394035339355
17.444444444444443,11.51483154296875
0.1111111111111111,-2.968961715698242
9.666666666666666,0.96082603931427
-3.0,1.7253588438034058
3.0,-1.4318158626556396
-0.1111111111111111,1.807762622833252
-10.333333333333334,-3.7200582027435303
1.3333333333333333,0.5453438758850098
-10.77777777777778,-9.540193557739258
0.3333333333333333,-6.436300754547119
2.2222222222222223,-0.44002437591552734
-4.777777777777778,-2.167365312576294
-2.4444444444444446,-2.974137544631958
1.6666666666666667,5.925971031188965
-2.7777777777777777,-2.018320083618164
0.2222222222222222,-0.1234976053237915
-2.555555555555556,-5.204341411590576
2.333333333333333,3.2107698917388916
1.6666666666666667,0.9094125032424927
-1.6666666666666667,-6.829311847686768
-1.8888888888888888,-2.904423475265503
-5.888888888888889,-5.98864221572876
-0.6666666666666666,0.27613937854766846
-0.8888888888888888,-0.7754918336868286
1.5555555555555556,-0.07379412651062012
-4.222222222222222,-5.140664577484131
1.7777777777777777,-0.26666760444641113
-6.111111111111111,-6.616043567657471
-2.4444444444444446,0.4188259243965149
-0.7777777777777778,-1.436495065689087
8.0,5.80049991607666
1.3333333333333333,1.6376616954803467
20.33333333333333,17.608442306518555
1.3333333333333333,1.0597195625305176
-4.222222222222222,-6.749990940093994
-8.777777777777779,-4.452855587005615
-4.333333333333333,-4.934175491333008
-2.7777777777777777,-2.709264039993286
6.0,7.057445049285889
0.1111111111111111,1.0326557159423828
-2.888888888888889,-3.275329351425171
-0.1111111111111111,-0.808910608291626
-2.7777777777777777,-0.8170678615570068
-10.11111111111111,-9.948797225952148
-10.0,-9.226419448852539
-2.555555555555556,-3.2744431495666504
3.4444444444444446,0.35909509658813477
3.4444444444444446,6.907139301300049
-1.6666666666666667,2.408900737762451
-1.6666666666666667,-2.1823511123657227
1.5555555555555556,-1.6415854692459106
5.666666666666667,2.6142585277557373
5.777777777777778,3.1843788623809814
6.666666666666667,3.8011727333068848
5.333333333333333,0.9930732250213623
7.222222222222222,6.806115627288818
-10.333333333333334,-1.879741907119751
0.4444444444444444,3.8536593914031982
8.666666666666666,12.447675704956055
-6.555555555555555,-9.12645435333252
1.7777777777777777,0.7857705354690552
-6.777777777777778,-9.544417381286621
7.111111111111111,2.3999972343444824
-1.6666666666666667,0.015642881393432617
-0.6666666666666666,-2.6153647899627686
8.777777777777779,1.2314274311065674
-0.6666666666666666,-3.254034996032715
-7.777777777777778,-4.145114898681641
5.888888888888889,5.666772842407227
-4.111111111111111,-5.557309627532959
-4.111111111111111,-4.13229513168335
0.6666666666666666,-3.016655921936035
-7.0,-8.183798789978027
-1.0,1.9786721467971802
-0.6666666666666666,2.417710542678833
6.777777777777778,2.6103034019470215
0.5555555555555556,-1.182692050933838
-1.3333333333333333,-1.2005949020385742
-2.111111111111111,-1.3186347484588623
-8.11111111111111,0.2152729034423828
3.4444444444444446,-3.857978582382202
-5.444444444444445,-6.379674911499023
-1.5555555555555556,0.8172510266304016
-3.2222222222222223,-6.7191572189331055
4.444444444444445,0.6881082653999329
-1.3333333333333333,-2.8649847507476807
-8.333333333333334,-6.861094951629639
-5.0,-8.517234802246094
1.0,3.300891160964966
0.8888888888888888,-8.246313095092773
-8.444444444444445,-0.18884062767028809
-5.222222222222222,-5.943906307220459
-4.888888888888889,-6.668508529663086
8.333333333333334,-0.25876742601394653
7.333333333333333,5.242609977722168
1.2222222222222223,-0.9149011373519897
-8.88888888888889,2.0493876934051514
4.333333333333333,0.6460247039794922
-0.6666666666666666,-1.4977211952209473
3.111111111111111,1.0096707344055176
3.555555555555556,-0.2846517562866211
-3.111111111111111,-1.74254310131073
-1.8888888888888888,2.1779463291168213
1.6666666666666667,-5.434675693511963
-7.666666666666667,-1.8658159971237183
-4.111111111111111,-5.70018196105957
3.4444444444444446,-4.304905414581299
-9.333333333333334,-1.2004423141479492
1.5555555555555556,-2.9667253494262695
7.333333333333333,3.652010440826416
-7.111111111111111,-6.355525970458984
-0.2222222222222222,1.7718232870101929
7.333333333333333,-1.5949633121490479
0.6666666666666666,2.7520928382873535
-2.0,-5.439235687255859
-5.888888888888889,0.6807975769042969
-5.666666666666667,-2.1525232791900635
1.7777777777777777,4.1146769523620605
-14.666666666666666,-5.249822616577148
-15.333333333333334,-8.828038215637207
-7.777777777777778,-8.02048397064209
3.6666666666666665,-1.4380791187286377
-6.444444444444445,-1.0714497566223145
-1.3333333333333333,0.023619890213012695
-11.333333333333334,-8.218635559082031
-15.88888888888889,-9.679113388061523
0.3333333333333333,-5.2281293869018555
5.888888888888889,5.444141864776611
-5.555555555555555,0.8253136873245239
-4.222222222222222,-4.793822288513184
-1.3333333333333333,-3.0114758014678955
-3.2222222222222223,-7.364405155181885
-0.1111111111111111,-2.3787424564361572
-6.666666666666667,-5.499867916107178
-7.333333333333333,-0.5699955224990845
-5.111111111111111,-1.4309008121490479
5.222222222222222,6.619348526000977
-7.444444444444445,-7.66822624206543
17.444444444444443,19.355403900146484
-3.4444444444444446,0.7053104043006897
-5.333333333333333,-1.4111156463623047
3.6666666666666665,-2.5724499225616455
-2.4444444444444446,-2.1762876510620117
-21.0,-16.634010314941406
-8.333333333333334,-6.401584148406982
-3.333333333333333,-2.2666029930114746
1.5555555555555556,7.015407562255859
-3.0,-1.3969354629516602
-14.333333333333334,-10.028039932250977
-2.2222222222222223,0.4170982837677002
5.0,12.122246742248535
0.4444444444444444,-0.3997488021850586
-8.222222222222221,-5.6555399894714355
2.7777777777777777,1.511149525642395
-12.444444444444445,-13.868049621582031
5.555555555555555,0.8050804138183594
-2.111111111111111,-4.61884880065918
-1.6666666666666667,2.3781321048736572
-9.88888888888889,-3.7807161808013916
-7.333333333333333,-2.256913423538208
-10.88888888888889,-4.971067905426025
-4.777777777777778,-12.233253479003906
-5.111111111111111,-0.046434879302978516
0.8888888888888888,2.126343011856079
2.333333333333333,4.745881080627441
1.3333333333333333,3.324265956878662
-3.333333333333333,5.470901012420654
5.555555555555555,-3.3144149780273438
-2.6666666666666665,0.3092947006225586
-4.555555555555555,-1.5028340816497803
4.0,-1.1451630592346191
-1.0,-0.1946808099746704
1.3333333333333333,0.7891832590103149
-21.0,-10.549723625183105
-1.6666666666666667,-1.6648629903793335
2.111111111111111,-0.5390387177467346
-7.888888888888889,-7.210629463195801
-0.3333333333333333,-0.8329633474349976
2.0,1.933772087097168
26.11111111111111,26.379945755004883
-0.1111111111111111,-5.773715019226074
-0.7777777777777778,0.6119630336761475
-11.0,-8.692634582519531
4.222222222222222,4.483307361602783
-1.7777777777777777,-1.8674441576004028
-9.0,-7.484108924865723
-4.555555555555555,-5.477987289428711
-5.0,-4.502891540527344
0.7777777777777778,0.1776951551437378
-3.333333333333333,-3.3343868255615234
-3.111111111111111,-2.793301582336426
5.0,2.3982133865356445
-1.2222222222222223,-1.2096247673034668
-7.555555555555555,-9.11336612701416
-3.4444444444444446,-1.3997042179107666
-7.555555555555555,-7.95160436630249
-8.444444444444445,-9.283742904663086
-2.555555555555556,0.7630406618118286
-2.2222222222222223,-0.0919642448425293
-3.4444444444444446,-7.423225402832031
4.888888888888889,3.9762003421783447
4.111111111111111,-2.0684735774993896
-11.22222222222222,-7.727573394775391
-5.0,-6.276626110076904
0.8888888888888888,3.6632273197174072
-0.7777777777777778,-2.1264188289642334
-5.444444444444445,-3.393275022506714
-9.11111111111111,-3.1783194541931152
-0.8888888888888888,3.167203187942505
-2.0,-5.031318664550781
-2.6666666666666665,-1.2928184270858765
21.55555555555556,11.80522632598877
11.77777777777778,3.140570640563965
14.88888888888889,14.00150203704834
-0.8888888888888888,-1.8757658004760742
1.4444444444444444,0.7400473356246948
-2.7777777777777777,-1.7043204307556152
-2.7777777777777777,0.47197747230529785
-8.777777777777779,2.911395788192749
-3.555555555555556,-2.522916316986084
-9.444444444444445,-6.806263446807861
2.0,1.6405603885650635
-7.0,-6.796250820159912
0.1111111111111111,2.085207223892212
-5.888888888888889,-3.261707067489624
-11.444444444444445,-9.587247848510742
-5.777777777777778,-2.6735117435455322
-0.4444444444444444,-6.518656253814697
-1.7777777777777777,-0.6437801122665405
-1.4444444444444444,-1.8635857105255127
-4.333333333333333,-7.686620712280273
-8.555555555555555,-7.153586387634277
-8.222222222222221,-0.770625114440918
0.4444444444444444,0.1788644790649414
-4.555555555555555,-4.258861541748047
-6.0,-4.398524761199951
-1.0,-8.508365631103516
-4.333333333333333,2.8261704444885254
-4.111111111111111,-4.733993053436279
16.0,19.16706085205078
-3.4444444444444446,0.44761693477630615
-3.111111111111111,-2.5024008750915527
10.77777777777778,13.100554466247559
8.222222222222221,7.971565246582031
0.3333333333333333,-0.534651517868042
0.2222222222222222,-0.5790361166000366
-14.88888888888889,-9.781725883483887
3.333333333333333,7.285414695739746
1.0,-0.5420806407928467
0.6666666666666666,-0.5389299392700195
-4.333333333333333,-6.020018577575684
0.3333333333333333,-0.1451086401939392
-4.444444444444445,-3.634071111679077
0.2222222222222222,-2.3870701789855957
5.222222222222222,1.8211281299591064
-2.7777777777777777,-0.9493213891983032
-2.0,-0.7070794105529785
28.444444444444443,21.911596298217773
-6.0,-1.4261484146118164
-6.666666666666667,-0.21249482035636902
-3.888888888888889,0.6024888157844543
-10.11111111111111,-11.680419921875
-4.777777777777778,1.498563289642334
1.4444444444444444,1.0817761421203613
-5.0,-1.6356124877929688
0.1111111111111111,-3.3592259883880615
-6.444444444444445,-7.304648399353027
-2.333333333333333,-2.3977584838867188
-1.6666666666666667,-1.9363216161727905
-4.111111111111111,-8.021632194519043
-10.0,-4.3972907066345215
2.7777777777777777,3.3426547050476074
-1.5555555555555556,-4.314889907836914
-4.666666666666667,-3.003946542739868
-5.444444444444445,2.2746591567993164
2.0,-0.48040878772735596
-6.222222222222222,-1.0793726444244385
-10.11111111111111,-2.8579952716827393
9.555555555555555,6.885529518127441
-10.0,-6.5533061027526855
-6.444444444444445,-3.678306818008423
0.8888888888888888,-0.39199888706207275
-0.5555555555555556,1.6882216930389404
-1.8888888888888888,0.8922373652458191
3.888888888888889,-1.6437761783599854
3.333333333333333,0.45225203037261963
17.0,10.9500732421875
-0.7777777777777778,0.0977211594581604
-3.2222222222222223,-0.4553854465484619
-4.777777777777778,-16.61216163635254
-3.2222222222222223,-4.003027439117432
-4.222222222222222,-7.024725437164307
-9.11111111111111,2.5110461711883545
-6.333333333333333,-11.517559051513672
-4.666666666666667,-2.1114656925201416
9.444444444444445,8.6563720703125
1.6666666666666667,-3.3456740379333496
-3.0,0.6133511066436768
-5.444444444444445,-3.9942588806152344
2.111111111111111,3.24831485748291
-5.888888888888889,8.788036346435547
-1.8888888888888888,-0.6106299161911011
-4.777777777777778,-4.815683364868164
2.111111111111111,-1.6933435201644897
0.5555555555555556,-5.641101360321045
-3.111111111111111,-6.117886066436768
-11.88888888888889,-15.159282684326172
-0.6666666666666666,-2.5421135425567627
12.11111111111111,8.746453285217285
-0.5555555555555556,-4.0102434158325195
0.6666666666666666,2.389167547225952
-4.888888888888889,-1.5717878341674805
-3.111111111111111,-0.2978123426437378
-2.2222222222222223,-2.447322368621826
-3.2222222222222223,-2.589912176132202
-6.888888888888889,-11.723309516906738
3.4444444444444446,-0.4646059274673462
24.11111111111111,13.779769897460938
-0.8888888888888888,1.5385994911193848
0.8888888888888888,-9.763917922973633
-6.555555555555555,-5.775932788848877
-1.3333333333333333,-4.1447296142578125
-4.111111111111111,-4.284014701843262
9.666666666666666,0.4599642753601074
5.111111111111111,4.678332805633545
4.333333333333333,-3.047140598297119
0.4444444444444444,2.681152820587158
-15.444444444444445,-9.65156364440918
-7.0,-2.2797582149505615
1.7777777777777777,3.7418596744537354
6.777777777777778,1.928966760635376
8.0,1.542271375656128
4.777777777777778,6.970844268798828
19.55555555555556,15.224266052246094
-6.777777777777778,-6.917794227600098
-7.222222222222222,-2.870197296142578
0.1111111111111111,-0.9202407598495483
-0.4444444444444444,-1.9926486015319824
-3.555555555555556,-3.375839948654175
10.444444444444445,10.330071449279785
3.4444444444444446,3.348341703414917
-0.1111111111111111,1.3295526504516602
-7.666666666666667,-4.351678848266602
0.1111111111111111,1.9704686403274536
-3.333333333333333,-3.2892980575561523
-4.222222222222222,-2.0515153408050537
-0.7777777777777778,1.9475951194763184
-11.666666666666666,-13.114864349365234
-2.333333333333333,-1.8341107368469238
-0.3333333333333333,-5.541775703430176
17.88888888888889,16.699411392211914
32.55555555555556,23.89422035217285
-11.0,-1.1787877082824707
-4.0,-4.181504249572754
-6.777777777777778,-6.396875858306885
-15.333333333333334,-9.06818962097168
-7.666666666666667,-3.5019495487213135
-3.555555555555556,-2.0390677452087402
-2.7777777777777777,-6.9315009117126465
0.1111111111111111,0.7665828466415405
38.11111111111112,25.694839477539062
-8.0,-0.9977465867996216
-4.222222222222222,-4.565911293029785
0.0,-1.3250250816345215
23.55555555555556,22.53380584716797
1.7777777777777777,-4.154141426086426
-2.7777777777777777,-2.2116587162017822
-5.777777777777778,-3.041020393371582
7.333333333333333,8.127867698669434
-6.555555555555555,-7.614586353302002
-9.333333333333334,-2.716935396194458
5.111111111111111,3.671616315841675
-5.444444444444445,-2.7955758571624756
3.6666666666666665,0.5971393585205078
-6.555555555555555,-7.129777431488037
19.444444444444443,25.250099182128906
-4.777777777777778,-3.0150821208953857
4.888888888888889,2.015692949295044
-3.2222222222222223,-6.648070812225342
-1.6666666666666667,-1.6369351148605347
-7.555555555555555,-4.351194381713867
-3.4444444444444446,-9.412927627563477
1.5555555555555556,-0.2752871513366699
-7.555555555555555,-9.423254013061523
-13.333333333333334,-14.860933303833008
-5.0,-5.144469738006592
-3.111111111111111,2.3457820415496826
-8.777777777777779,-0.9901912212371826
-1.1111111111111112,3.2169289588928223
1.8888888888888888,7.025289058685303
-6.222222222222222,-5.766812324523926
-0.1111111111111111,0.11645728349685669
4.0,6.758806228637695
-18.22222222222222,-9.055208206176758
-1.7777777777777777,-2.4170846939086914
-13.333333333333334,-10.078399658203125
-7.666666666666667,-4.8670477867126465
-1.6666666666666667,-3.5561065673828125
-4.444444444444445,1.3854366540908813
-11.444444444444445,0.02088332176208496
2.888888888888889,1.7335412502288818
27.0,26.71824836730957
1.8888888888888888,3.659416675567627
-8.88888888888889,-0.4607813358306885
-4.888888888888889,0.3617515563964844
-5.888888888888889,-4.0436859130859375
-3.6666666666666665,-3.240644693374634
9.555555555555555,14.105085372924805
-1.6666666666666667,-0.8984408378601074
0.8888888888888888,1.8216431140899658
-13.666666666666666,-14.088141441345215
-3.555555555555556,3.637702226638794
-1.6666666666666667,2.705142021179199
8.88888888888889,15.40273380279541
-4.888888888888889,-5.885984897613525
-3.888888888888889,-3.4037346839904785
-9.88888888888889,-5.582395076751709
-1.5555555555555556,-5.8978376388549805
7.666666666666667,10.276446342468262
3.7777777777777777,4.585226535797119
12.666666666666666,-10.226543426513672
-4.555555555555555,-4.646886348724365
13.555555555555555,13.288525581359863
6.777777777777778,1.1751697063446045
-9.11111111111111,-7.759779930114746
-2.555555555555556,1.1042969226837158
-1.4444444444444444,-2.513291358947754
-6.222222222222222,-5.129183292388916
-7.555555555555555,-3.6708314418792725
1.0,1.1095194816589355
-1.4444444444444444,2.313107967376709
-9.88888888888889,-7.092065334320068
1.2222222222222223,-0.8966052532196045
2.2222222222222223,0.2087787389755249
1.2222222222222223,-0.5205392241477966
8.444444444444445,0.9229326248168945
0.8888888888888888,-2.2386014461517334
-10.444444444444445,-5.017683506011963
4.444444444444445,4.579957485198975
-1.6666666666666667,-0.046783447265625
-3.888888888888889,-2.7673468589782715
3.2222222222222223,-0.028084993362426758
-5.666666666666667,-6.045555591583252
-9.0,-4.94281530380249
8.777777777777779,9.05286693572998
1.5555555555555556,-2.399256944656372
-2.555555555555556,0.49336743354797363
4.777777777777778,1.8629710674285889
-16.11111111111111,-4.90441370010376
-5.555555555555555,-4.447139739990234
-1.8888888888888888,-2.1457924842834473
25.11111111111111,22.98186683654785
-2.555555555555556,-6.193814277648926
-12.0,-9.16294002532959
-10.333333333333334,-9.009770393371582
-7.333333333333333,-3.756727933883667
0.0,-1.3202283382415771
1.8888888888888888,-1.5495762825012207
1.4444444444444444,-0.36589884757995605
19.55555555555556,4.794281005859375
-5.222222222222222,-2.3798792362213135
0.3333333333333333,0.2856883406639099
1.1111111111111112,-5.08609676361084
25.666666666666668,13.311461448669434
-3.0,-0.9287521839141846
3.555555555555556,0.27629852294921875
4.222222222222222,6.6986894607543945
1.7777777777777777,-0.7842421531677246
31.444444444444443,2.7645840644836426
19.33333333333333,1.2120527029037476
-1.6666666666666667,-3.8673949241638184
1.5555555555555556,-0.8132452964782715
7.222222222222222,5.216910362243652
-3.7777777777777777,-4.651401996612549
-1.6666666666666667,-5.487048149108887
0.2222222222222222,-1.7215254306793213
3.7777777777777777,-2.2407608032226562
-2.0,-2.350221872329712
1.6666666666666667,-2.0029947757720947
1.3333333333333333,-2.295422315597534
0.1111111111111111,-1.3774614334106445
-1.0,-2.336162805557251
7.0,3.6796493530273438
-3.111111111111111,-3.4477758407592773
9.11111111111111,0.6438899040222168
3.6666666666666665,1.4159506559371948
-4.888888888888889,-4.021005630493164
-1.6666666666666667,-2.8385820388793945
-3.555555555555556,-7.611258506774902
-1.4444444444444444,0.6938329935073853
-15.0,-6.397923946380615
1.0,-1.9939326047897339
5.333333333333333,-0.2860994338989258
5.444444444444445,3.470193386077881
-3.0,-2.614004135131836
-2.333333333333333,4.762784957885742
-5.111111111111111,-10.957367897033691
-3.6666666666666665,0.8781387805938721
2.7777777777777777,1.1834334135055542
-8.777777777777779,-7.09982967376709
2.333333333333333,-0.3649181127548218
3.4444444444444446,2.9073987007141113
12.333333333333334,6.377850532531738
-1.0,-0.05427587032318115
1.6666666666666667,5.083754539489746
-1.1111111111111112,0.21010422706604004
-5.0,-4.076890468597412
-5.222222222222222,-6.9716973304748535
-4.777777777777778,-14.70522403717041
0.5555555555555556,-3.774656295776367
6.0,7.99090576171875
13.77777777777778,12.325034141540527
6.666666666666667,1.5812151432037354
-1.0,-1.7011439800262451
-3.7777777777777777,0.4699430465698242
-5.777777777777778,-3.478238105773926
-3.555555555555556,-3.830487012863159
0.2222222222222222,1.0354399681091309
-3.888888888888889,10.245504379272461
-3.0,-3.707104444503784
-5.888888888888889,-1.5367076396942139
5.0,6.801667213439941
-10.666666666666666,-11.803325653076172
-3.333333333333333,-6.852102279663086
-9.666666666666666,-8.807960510253906
2.7777777777777777,-5.3361592292785645
-7.333333333333333,-7.884848117828369
19.22222222222222,22.656476974487305
-12.333333333333334,-3.522261142730713
-5.0,-2.193868637084961
-3.555555555555556,-3.8411378860473633
-13.666666666666666,-10.01185417175293
6.777777777777778,16.16878890991211
1.3333333333333333,2.053562879562378
48.22222222222222,18.189970016479492
3.2222222222222223,-2.003368854522705
-4.0,3.275571584701538
10.77777777777778,12.710203170776367
-4.555555555555555,3.510695457458496
10.333333333333334,8.531341552734375
0.8888888888888888,2.5917961597442627
-5.111111111111111,-2.2483437061309814
5.0,5.467585563659668
-25.77777777777778,-13.064848899841309
-6.777777777777778,-3.21372127532959
6.111111111111111,9.236481666564941
-9.22222222222222,-6.952220916748047
-5.111111111111111,-0.968801736831665
1.7777777777777777,-4.08936071395874
4.777777777777778,2.5683653354644775
16.11111111111111,9.922969818115234
-0.8888888888888888,-2.5154623985290527
-2.888888888888889,-8.639162063598633
4.666666666666667,0.9525340795516968
-3.2222222222222223,0.5944595336914062
11.0,10.011611938476562
6.777777777777778,3.9842000007629395
-3.2222222222222223,-6.279722690582275
5.111111111111111,2.121929407119751
-10.22222222222222,-3.8826425075531006
2.333333333333333,-2.503406047821045
2.2222222222222223,-2.1776366233825684
-14.77777777777778,-6.416408061981201
0.8888888888888888,-0.6122500896453857
-8.777777777777779,-5.91123628616333
2.888888888888889,4.364467144012451
-5.333333333333333,-3.7242066860198975
-2.0,-6.2236762046813965
0.1111111111111111,-0.930213987827301
-1.0,-1.0429272651672363
1.2222222222222223,1.0283541679382324
11.444444444444445,0.9265255928039551
-2.0,-2.211920976638794
-1.4444444444444444,0.22452473640441895
-5.333333333333333,-4.942209243774414
-4.777777777777778,-5.450891494750977
-2.7777777777777777,-2.049879312515259
4.333333333333333,3.025636911392212
-0.8888888888888888,-4.753840923309326
7.222222222222222,2.826364040374756
-6.777777777777778,-4.295359134674072
28.22222222222222,27.689393997192383
6.555555555555555,4.39427375793457
0.8888888888888888,5.8981428146362305
-6.555555555555555,-4.406296253204346
1.3333333333333333,0.6528371572494507
-1.5555555555555556,-0.34824681282043457
0.7777777777777778,-4.418895244598389
-1.2222222222222223,3.971794843673706
-7.333333333333333,-11.266724586486816
-4.333333333333333,0.41935694217681885
-0.6666666666666666,-0.9010363817214966
-3.2222222222222223,-4.6725335121154785
-8.11111111111111,-5.0813307762146
6.666666666666667,0.819383978843689
-4.777777777777778,-0.49367856979370117
-7.222222222222222,-6.414325714111328
-4.222222222222222,-2.55562424659729
3.888888888888889,1.5793561935424805
1.7777777777777777,-1.2668342590332031
-2.7777777777777777,-4.596190929412842
0.4444444444444444,-1.5061378479003906
-7.666666666666667,-6.46338415145874
10.0,8.934330940246582
2.0,0.46652746200561523
1.4444444444444444,-2.409162759780884
3.2222222222222223,4.004857540130615
-6.111111111111111,-4.464912414550781
-2.0,-1.7895132303237915
-6.888888888888889,-6.526525497436523
6.222222222222222,7.296517848968506
-5.111111111111111,-6.2292704582214355
-3.4444444444444446,-4.454452037811279
-3.333333333333333,-3.2625210285186768
0.5555555555555556,5.36620569229126
-7.222222222222222,-7.900364398956299
2.111111111111111,2.991856575012207
-1.6666666666666667,-2.5723345279693604
19.88888888888889,14.275577545166016
-5.666666666666667,-7.76503849029541
0.1111111111111111,2.7550318241119385
0.0,-1.9236118793487549
-1.4444444444444444,-0.8015710115432739
-1.4444444444444444,1.1470279693603516
1.1111111111111112,-2.957791566848755
-1.4444444444444444,-2.470958709716797
-4.777777777777778,-0.3318439722061157
-16.88888888888889,-4.990538597106934
-3.2222222222222223,-1.516829490661621
3.6666666666666665,5.239186763763428
-5.555555555555555,-4.957226753234863
0.7777777777777778,-0.056894540786743164
0.4444444444444444,0.2658752202987671
-1.3333333333333333,-5.156955718994141
-1.5555555555555556,1.5763108730316162
-3.2222222222222223,-4.707676410675049
14.88888888888889,10.249885559082031
-1.4444444444444444,-3.7649905681610107
-0.6666666666666666,-2.678598403930664
-1.8888888888888888,-1.5591237545013428
0.4444444444444444,-4.111800193786621
-6.0,-9.668720245361328
-47.22222222222222,-3.091259479522705
40.55555555555556,23.17051887512207
-7.666666666666667,4.598100185394287
2.6666666666666665,-2.968454122543335
-3.0,-4.961325168609619
-1.5555555555555556,-0.010181427001953125
2.7777777777777777,-2.6459834575653076
-3.7777777777777777,-3.751443386077881
-8.555555555555555,-8.911020278930664
-3.7777777777777777,5.464293479919434
-1.7777777777777777,-3.2057411670684814
3.0,-4.575458526611328
16.22222222222222,3.699521064758301
-7.0,-3.809077739715576
-4.666666666666667,-10.929046630859375
4.111111111111111,-2.469348907470703
-1.4444444444444444,-1.3129922151565552
0.0,-0.9055927991867065
-3.111111111111111,-6.053999900817871
1.5555555555555556,1.636238694190979
-1.7777777777777777,0.10735082626342773
-6.222222222222222,-0.47635984420776367
-5.666666666666667,-1.3638169765472412
-1.2222222222222223,-2.385387659072876
-3.555555555555556,-5.270850658416748
-12.77777777777778,-1.8273767232894897
-3.0,-3.786729097366333
-1.2222222222222223,-0.4749107360839844
-10.22222222222222,-0.6404873132705688
12.444444444444445,9.449399948120117
9.22222222222222,8.787625312805176
-5.777777777777778,-5.150138854980469
-5.888888888888889,-5.2137322425842285
0.3333333333333333,-3.5034186840057373
3.6666666666666665,1.8416163921356201
-3.0,-3.0131328105926514
-19.88888888888889,-14.737786293029785
-6.333333333333333,-6.229591369628906
-0.2222222222222222,-2.195854425430298
-4.777777777777778,-3.3161606788635254
-3.888888888888889,-3.4188621044158936
1.4444444444444444,1.6824755668640137
-2.888888888888889,-3.3697702884674072
1.5555555555555556,9.867934226989746
-1.7777777777777777,-5.937680244445801
-12.333333333333334,-6.119594573974609
16.11111111111111,19.735952377319336
-3.888888888888889,-2.2451062202453613
-2.555555555555556,-2.3590495586395264
2.888888888888889,2.567732095718384
-3.2222222222222223,-2.903357982635498
-0.6666666666666666,-5.4523606300354
13.666666666666666,24.038005828857422
11.333333333333334,-2.525872230529785
-7.666666666666667,-10.02340316772461
-15.555555555555555,-11.34045696258545
-3.555555555555556,-2.5153543949127197
-1.4444444444444444,-0.1931559443473816
-1.6666666666666667,-0.36859917640686035
-9.0,-5.9327192306518555
11.666666666666666,15.930593490600586
-20.88888888888889,-7.803936958312988
-5.777777777777778,-3.2510931491851807
3.333333333333333,1.8726093769073486
1.4444444444444444,0.518593430519104
-3.111111111111111,-2.772920608520508
1.2222222222222223,-0.6182929277420044
3.555555555555556,9.906661033630371
-9.444444444444445,-3.8550713062286377
-3.0,-2.5910122394561768
-8.444444444444445,-9.231284141540527
-0.6666666666666666,-2.3747363090515137
-4.555555555555555,-5.887086391448975
-2.2222222222222223,-4.692559242248535
-0.5555555555555556,-5.725750923156738
-4.333333333333333,-7.423921585083008
-2.4444444444444446,-2.8854715824127197
-8.222222222222221,-2.6236233711242676
-0.7777777777777778,-1.1551995277404785
-17.555555555555557,-6.636214733123779
1.1111111111111112,0.8692329525947571
-0.1111111111111111,-4.487154960632324
-3.888888888888889,-9.363310813903809
-5.666666666666667,-5.86484432220459
0.4444444444444444,0.7936437129974365
-11.444444444444445,-10.457868576049805
-5.777777777777778,-3.5442376136779785
-2.4444444444444446,-8.023356437683105
-1.3333333333333333,-2.652822256088257
-2.888888888888889,-2.3038721084594727
-0.2222222222222222,-3.1654787063598633
3.4444444444444446,-1.1276183128356934
-15.77777777777778,-8.030241012573242
-1.8888888888888888,-4.073692798614502
2.111111111111111,-4.26259183883667
2.888888888888889,-0.25615644454956055
4.333333333333333,-3.197174072265625
-4.444444444444445,-8.301733016967773
16.555555555555557,20.43255615234375
0.8888888888888888,-3.892559051513672
-0.4444444444444444,-5.084701061248779
-17.0,-9.828112602233887
-1.7777777777777777,-3.0150086879730225
-5.888888888888889,-5.29438591003418
5.111111111111111,5.089346408843994
-1.2222222222222223,2.8467392921447754
3.7777777777777777,2.7209322452545166
22.77777777777778,19.665891647338867
0.5555555555555556,0.6384024024009705
4.111111111111111,-2.496863603591919
4.0,3.384892225265503
-3.2222222222222223,4.93435001373291
21.33333333333333,12.757969856262207
5.333333333333333,1.7247614860534668
11.11111111111111,5.797849655151367
-3.2222222222222223,4.647023677825928
0.2222222222222222,0.25906798243522644
-2.2222222222222223,-5.305842876434326
-24.33333333333333,-4.270734786987305
-3.333333333333333,-3.616461753845215
5.555555555555555,4.070584774017334
2.2222222222222223,1.501607894897461
-0.3333333333333333,1.0623911619186401
-0.3333333333333333,-1.1262961626052856
-0.1111111111111111,1.4552891254425049
-3.4444444444444446,-0.6117215156555176
-1.1111111111111112,-3.107851266860962
-9.88888888888889,-2.275688409805298
1.4444444444444444,-5.710635185241699
-5.555555555555555,-5.303191184997559
-12.444444444444445,-2.4251441955566406
3.333333333333333,-1.9549386501312256
8.222222222222221,-4.325957298278809
-9.555555555555555,-11.915593147277832
-0.8888888888888888,-3.3172414302825928
-2.333333333333333,-0.3551546335220337
-0.6666666666666666,-5.097985744476318
-1.7777777777777777,-5.789838790893555
17.88888888888889,9.12243366241455
-5.888888888888889,-3.458285093307495
-0.7777777777777778,-7.193518161773682
-3.0,-3.178288221359253
-1.2222222222222223,-5.8033127784729
-6.555555555555555,-3.18460750579834
-5.888888888888889,1.7933540344238281
1.7777777777777777,-4.21752405166626
-8.444444444444445,-11.83340072631836
1.4444444444444444,-2.403733730316162
-0.4444444444444444,0.648012638092041
0.1111111111111111,1.9149211645126343
-5.111111111111111,-4.7365312576293945
-12.0,-6.91328239440918
-3.333333333333333,-5.76556396484375
-3.333333333333333,-2.2133569717407227
5.0,3.9903807640075684
-0.6666666666666666,1.5749105215072632
3.6666666666666665,-0.561379075050354
-6.444444444444445,-8.71767807006836
6.111111111111111,-0.09655904769897461
-6.222222222222222,-4.877048015594482
-3.0,-2.6900434494018555
-0.3333333333333333,-4.077801704406738
-3.555555555555556,-0.31624341011047363
-7.333333333333333,-4.414549350738525
27.55555555555556,18.152437210083008
-8.444444444444445,-7.715760231018066
-0.1111111111111111,-3.489405632019043
2.888888888888889,-5.7814226150512695
-0.5555555555555556,-2.749802350997925
4.777777777777778,7.333974838256836
-2.6666666666666665,-2.8077523708343506
-37.888888888888886,-25.015090942382812
-0.4444444444444444,-0.9499173164367676
-6.888888888888889,2.8906707763671875
-6.0,-2.392550230026245
-2.888888888888889,-1.4744222164154053
4.0,0.12342500686645508
-1.4444444444444444,-4.692920684814453
-2.555555555555556,0.6603909730911255
-3.0,-2.6862316131591797
1.4444444444444444,0.3829536437988281
0.3333333333333333,2.109515428543091
-1.5555555555555556,-1.9466736316680908
-2.888888888888889,-3.3970279693603516
-5.888888888888889,-5.962286949157715
1.7777777777777777,1.9160963296890259
-6.444444444444445,-5.477438926696777
12.333333333333334,17.510345458984375
1.1111111111111112,2.5963335037231445
-2.555555555555556,-0.47169971466064453
-3.111111111111111,-5.033480167388916
-1.4444444444444444,-0.26662421226501465
-12.333333333333334,-4.93930196762085
12.555555555555555,11.598993301391602
-6.777777777777778,-4.658968925476074
-0.8888888888888888,-0.35556459426879883
5.222222222222222,4.241830348968506
-2.111111111111111,-3.2538681030273438
0.0,4.739549160003662
-0.8888888888888888,-0.46859920024871826
1.4444444444444444,-0.22565436363220215
0.4444444444444444,-2.290860176086426
1.3333333333333333,0.48247218132019043
-6.777777777777778,-9.805667877197266
-7.777777777777778,-4.764828681945801
7.555555555555555,1.2583613395690918
-24.55555555555556,-4.373361587524414
32.22222222222222,33.86406326293945
9.333333333333334,7.138574600219727
8.777777777777779,12.26003360748291
-4.777777777777778,-0.28994321823120117
-6.333333333333333,-6.490730285644531
