Score,Pred Score
-0.6666666666666666,1.7554951906204224
7.333333333333333,4.578951835632324
-0.4444444444444444,-0.8188326358795166
-4.111111111111111,-4.5973405838012695
-7.333333333333333,-3.4193952083587646
1.3333333333333333,5.880538463592529
-8.444444444444445,-7.443961143493652
1.6666666666666667,-1.402229905128479
3.333333333333333,1.0189557075500488
2.111111111111111,0.324931800365448
0.1111111111111111,0.15426349639892578
11.22222222222222,1.187705397605896
-3.111111111111111,-0.2128582000732422
-3.888888888888889,-7.093367576599121
14.11111111111111,9.551260948181152
-4.444444444444445,-8.41890811920166
6.0,3.8823599815368652
12.555555555555555,12.835124969482422
-0.8888888888888888,-4.0495710372924805
-4.0,-2.601886749267578
-1.1111111111111112,-0.50433349609375
-3.555555555555556,-6.7567458152771
-10.666666666666666,-10.94784164428711
9.11111111111111,-0.2629038095474243
-1.7777777777777777,-0.9260678291320801
-3.4444444444444446,-5.016260147094727
23.22222222222222,13.075693130493164
0.8888888888888888,-0.7230024337768555
0.3333333333333333,-1.501109004020691
-3.7777777777777777,-4.294149875640869
2.111111111111111,0.860344409942627
-2.2222222222222223,-2.2786262035369873
-2.2222222222222223,-2.0631136894226074
3.111111111111111,5.633090496063232
0.1111111111111111,1.7310314178466797
-2.555555555555556,-3.3985540866851807
-0.2222222222222222,-0.9627828001976013
3.111111111111111,3.048982620239258
-4.444444444444445,-2.850881576538086
-5.222222222222222,-4.787498950958252
4.0,9.918368339538574
-4.777777777777778,-3.7219605445861816
1.0,-0.7657734155654907
-4.111111111111111,1.9413799047470093
-4.777777777777778,-3.7946512699127197
14.11111111111111,5.776918888092041
2.2222222222222223,2.4470012187957764
-4.888888888888889,-2.3865044116973877
-6.888888888888889,-9.575519561767578
-9.444444444444445,-9.532023429870605
13.666666666666666,2.036741018295288
3.4444444444444446,5.810750961303711
-8.222222222222221,-0.5356611013412476
5.777777777777778,1.2735711336135864
0.0,-0.7434160709381104
13.666666666666666,11.687015533447266
-1.0,2.587332010269165
7.333333333333333,0.6257494688034058
-2.888888888888889,-0.5707761645317078
-7.111111111111111,-4.939382076263428
-1.2222222222222223,-4.987429141998291
0.0,-2.1009013652801514
-7.666666666666667,-6.022790431976318
-1.5555555555555556,-1.373833417892456
11.88888888888889,14.855144500732422
-4.666666666666667,-2.61407732963562
-10.333333333333334,-1.3050957918167114
-9.555555555555555,-4.229587554931641
-2.6666666666666665,-2.6668710708618164
-3.333333333333333,-5.167332649230957
1.8888888888888888,-2.4046342372894287
-5.666666666666667,-4.114506244659424
-3.888888888888889,4.461902141571045
-1.5555555555555556,1.551642894744873
-1.8888888888888888,-2.718256711959839
-7.888888888888889,-7.532766819000244
0.4444444444444444,-1.5623929500579834
3.555555555555556,2.724644184112549
-0.8888888888888888,-1.1602874994277954
-5.777777777777778,-5.355504512786865
-2.888888888888889,3.1256282329559326
-2.111111111111111,-1.2673418521881104
46.333333333333336,10.391164779663086
0.8888888888888888,-1.9854583740234375
1.1111111111111112,-0.5543345808982849
0.0,1.139168620109558
10.0,2.9431350231170654
-1.1111111111111112,3.7932724952697754
8.555555555555555,-0.10408759117126465
-4.777777777777778,1.014143466949463
0.2222222222222222,2.6678335666656494
8.222222222222221,10.14582347869873
10.11111111111111,13.59788990020752
-2.555555555555556,2.7706871032714844
-4.888888888888889,-4.353089809417725
20.88888888888889,13.475722312927246
19.33333333333333,15.428497314453125
-1.3333333333333333,0.6701745986938477
-4.111111111111111,-3.003727674484253
-2.7777777777777777,-1.8223698139190674
9.0,11.225834846496582
-6.111111111111111,-0.3135967254638672
-3.7777777777777777,-4.0361552238464355
-5.0,-1.8053147792816162
-3.0,-6.149317741394043
-6.222222222222222,-8.022063255310059
-6.333333333333333,-3.471933603286743
-1.8888888888888888,2.0489864349365234
3.111111111111111,-1.07737398147583
-4.888888888888889,-6.149989604949951
6.777777777777778,1.6370580196380615
-4.444444444444445,-3.8777832984924316
7.666666666666667,7.624545097351074
0.5555555555555556,1.229476809501648
-7.0,-2.9543213844299316
-10.0,-7.080809593200684
-0.5555555555555556,-4.669126510620117
0.1111111111111111,-4.978285312652588
-3.4444444444444446,-2.1219117641448975
6.777777777777778,6.0007147789001465
-6.0,-2.9218571186065674
-3.333333333333333,-5.237384796142578
8.777777777777779,5.878669738769531
-6.333333333333333,-5.7616705894470215
-7.444444444444445,-7.8589630126953125
0.1111111111111111,0.5344836711883545
-4.0,-4.233870506286621
6.222222222222222,5.479420185089111
-3.4444444444444446,-3.827221155166626
4.777777777777778,0.8501777648925781
-2.111111111111111,-2.12865948677063
-4.111111111111111,-0.06844437122344971
11.88888888888889,3.4680275917053223
-0.5555555555555556,5.014064311981201
4.444444444444445,0.06199836730957031
-0.3333333333333333,-5.731685638427734
-4.555555555555555,-2.7601704597473145
-0.7777777777777778,-5.410704612731934
-2.2222222222222223,-5.28151273727417
-5.222222222222222,-3.363492965698242
10.444444444444445,10.266375541687012
-3.4444444444444446,1.3589423894882202
-3.7777777777777777,-1.469611644744873
0.2222222222222222,-0.479709655046463
-4.0,-4.675288200378418
-22.444444444444443,-8.436190605163574
-5.777777777777778,-6.997630596160889
-4.222222222222222,-4.012581825256348
-2.333333333333333,-8.941275596618652
5.555555555555555,-0.5616944432258606
23.0,8.466437339782715
4.777777777777778,4.282180309295654
-18.88888888888889,-10.09862995147705
-10.22222222222222,-8.255168914794922
5.222222222222222,5.023923397064209
-5.0,-3.600750684738159
7.444444444444445,6.036777973175049
6.333333333333333,5.719421863555908
1.4444444444444444,-6.211536884307861
-0.8888888888888888,4.156900882720947
3.111111111111111,-7.951657295227051
0.5555555555555556,-6.303569793701172
-1.8888888888888888,6.205465316772461
-11.77777777777778,-6.303569793701172
-5.555555555555555,-6.04867696762085
-1.3333333333333333,-2.3161208629608154
-1.8888888888888888,-3.932089328765869
0.0,3.9108171463012695
0.8888888888888888,1.38975989818573
5.0,5.2696213722229
2.4444444444444446,0.7499954104423523
-0.1111111111111111,-1.2479746341705322
2.111111111111111,0.031182050704956055
-0.2222222222222222,1.89082670211792
19.444444444444443,24.87827491760254
3.7777777777777777,6.167677402496338
-3.111111111111111,-4.523005485534668
7.555555555555555,12.065924644470215
1.5555555555555556,-1.1457233428955078
-1.1111111111111112,-1.8428878784179688
-1.6666666666666667,-3.6663858890533447
3.111111111111111,6.99317741394043
-1.6666666666666667,1.0589293241500854
1.3333333333333333,-5.293522834777832
-10.555555555555555,-2.928459405899048
-5.333333333333333,-2.354433298110962
-0.8888888888888888,-2.8225865364074707
-6.111111111111111,-4.716357231140137
-12.333333333333334,-8.194396018981934
-6.111111111111111,-5.994275093078613
-6.111111111111111,-6.445773601531982
-10.22222222222222,-6.311473846435547
4.444444444444445,-0.5266845226287842
-2.555555555555556,1.7535074949264526
-8.777777777777779,-4.0252532958984375
-14.555555555555555,-7.016894340515137
-15.0,-2.3491170406341553
31.33333333333333,25.219755172729492
-20.11111111111111,-0.6376451253890991
-3.4444444444444446,-3.9021270275115967
-0.1111111111111111,3.910656690597534
-1.3333333333333333,2.543105125427246
1.6666666666666667,3.217226505279541
-4.888888888888889,-3.571645736694336
2.333333333333333,-4.046385288238525
-13.333333333333334,-12.387142181396484
0.5555555555555556,-3.8063623905181885
1.2222222222222223,4.41157341003418
-8.777777777777779,-1.300959825515747
-0.2222222222222222,1.3227720260620117
3.2222222222222223,2.590022563934326
-2.7777777777777777,-2.9515397548675537
-3.333333333333333,-8.893237113952637
-5.0,-5.324284076690674
-3.333333333333333,-2.8336000442504883
-6.777777777777778,-5.269018650054932
1.0,-1.5725290775299072
-4.444444444444445,-2.7069497108459473
-2.111111111111111,-1.3238389492034912
-20.55555555555556,-15.604279518127441
3.333333333333333,-1.3189619779586792
-4.777777777777778,-2.255842685699463
-1.4444444444444444,-1.3758189678192139
-9.11111111111111,-5.0595574378967285
-12.666666666666666,-10.129725456237793
-21.11111111111111,-3.3001086711883545
3.555555555555556,-7.096595764160156
-4.777777777777778,-2.977132797241211
-5.888888888888889,-6.299911022186279
-7.555555555555555,-0.8818025588989258
-3.555555555555556,-3.9823110103607178
3.0,-2.0255138874053955
4.0,4.59345006942749
-5.333333333333333,-0.9277384281158447
17.444444444444443,14.227794647216797
-11.77777777777778,-9.808589935302734
-4.888888888888889,-0.7014919519424438
6.444444444444445,-0.7420133352279663
4.0,2.8325612545013428
-9.88888888888889,-9.366686820983887
15.77777777777778,11.885003089904785
0.6666666666666666,-1.0215742588043213
-9.444444444444445,-4.786093711853027
-1.7777777777777777,-5.089147567749023
2.333333333333333,10.249070167541504
-4.222222222222222,-3.708660840988159
-8.11111111111111,-6.271144390106201
1.8888888888888888,2.0479185581207275
-12.555555555555555,-9.439655303955078
5.444444444444445,2.3849990367889404
-3.111111111111111,-3.7882940769195557
-2.555555555555556,-3.111157178878784
5.666666666666667,0.9985954761505127
1.4444444444444444,-0.008357822895050049
-3.0,-3.2961676120758057
-0.1111111111111111,-0.8947548866271973
1.1111111111111112,-4.392637252807617
-0.8888888888888888,-1.7611989974975586
-7.333333333333333,1.3302528858184814
-13.77777777777778,3.0917227268218994
0.7777777777777778,0.7080980539321899
-2.6666666666666665,-1.5603203773498535
-19.55555555555556,-7.385931491851807
5.0,1.216555118560791
-2.2222222222222223,1.1005343198776245
1.0,-0.46770596504211426
-3.0,2.8763041496276855
-3.888888888888889,0.006817877292633057
-3.4444444444444446,-4.86403751373291
5.0,6.389357089996338
19.22222222222222,12.83542251586914
-2.4444444444444446,-2.709563970565796
6.222222222222222,-4.839999675750732
-5.333333333333333,-3.4678900241851807
-10.77777777777778,-2.8172953128814697
0.0,-1.791412115097046
1.8888888888888888,3.537830352783203
21.55555555555556,15.015320777893066
-7.777777777777778,-8.497187614440918
-7.222222222222222,-5.060224533081055
-1.7777777777777777,-5.235045433044434
5.444444444444445,-0.7909390926361084
-3.888888888888889,-7.363327503204346
-8.222222222222221,-1.0886647701263428
6.111111111111111,3.299391746520996
2.7777777777777777,-1.3146475553512573
-6.333333333333333,-2.8791916370391846
0.2222222222222222,-0.9877428412437439
-7.777777777777778,-1.973461389541626
1.2222222222222223,-1.1443302631378174
3.4444444444444446,2.3951334953308105
-2.888888888888889,-2.9536001682281494
14.88888888888889,13.20108699798584
-1.7777777777777777,-2.939995765686035
-3.888888888888889,-0.8756566047668457
-5.777777777777778,2.074887990951538
27.11111111111111,15.283689498901367
1.7777777777777777,2.5425140857696533
0.3333333333333333,-0.5216593742370605
-12.77777777777778,-17.025775909423828
27.88888888888889,25.315095901489258
-4.222222222222222,-6.354159355163574
-1.2222222222222223,3.253415822982788
-3.0,-2.7109622955322266
3.6666666666666665,5.271866321563721
-1.5555555555555556,-1.2301522493362427
-4.222222222222222,0.027395129203796387
-0.7777777777777778,-1.4865742921829224
6.777777777777778,14.454533576965332
-0.7777777777777778,1.0250650644302368
-8.777777777777779,-8.139131546020508
0.2222222222222222,-1.5992382764816284
-0.2222222222222222,3.0373878479003906
-8.0,0.8719271421432495
-4.333333333333333,-3.3958020210266113
-3.0,-0.7290773391723633
-7.666666666666667,-2.050570011138916
1.1111111111111112,0.06286618113517761
-0.5555555555555556,-4.325761795043945
-2.111111111111111,-6.854548931121826
-7.555555555555555,-3.71673583984375
17.666666666666668,9.379096984863281
-8.11111111111111,-9.260004997253418
19.55555555555556,10.794418334960938
-6.555555555555555,-0.18178176879882812
10.555555555555555,2.2150213718414307
-14.444444444444445,-7.937937259674072
6.666666666666667,0.34889769554138184
-3.888888888888889,-0.4967987537384033
-6.333333333333333,-0.475375771522522
-6.666666666666667,-5.40016508102417
-4.444444444444445,-6.994421482086182
-2.111111111111111,-5.030026912689209
-10.333333333333334,-7.566883087158203
-6.111111111111111,-4.469588756561279
20.666666666666668,21.629331588745117
-5.444444444444445,-6.281480312347412
7.555555555555555,3.4147300720214844
-1.4444444444444444,-4.447653293609619
-7.222222222222222,-0.6300593614578247
-3.111111111111111,-3.1254191398620605
-3.555555555555556,-5.269396781921387
-2.4444444444444446,-0.9893262386322021
-1.1111111111111112,-2.40920352935791
-7.555555555555555,-4.884650707244873
10.11111111111111,10.681488990783691
-1.4444444444444444,-3.065898895263672
-2.333333333333333,-1.7448444366455078
-1.6666666666666667,-1.2005234956741333
8.88888888888889,13.547456741333008
-3.888888888888889,-2.4565932750701904
-6.222222222222222,-5.118005275726318
-11.88888888888889,-9.877130508422852
-1.5555555555555556,0.7772797346115112
7.111111111111111,8.418070793151855
4.666666666666667,-0.3888363540172577
2.4444444444444446,1.041649341583252
1.5555555555555556,-7.1994547843933105
3.333333333333333,-0.10914790630340576
-10.11111111111111,-8.809149742126465
-8.444444444444445,-3.59621524810791
-2.555555555555556,-2.5592331886291504
2.4444444444444446,0.48886436223983765
2.888888888888889,1.645660400390625
-4.111111111111111,-7.267887115478516
-10.444444444444445,-4.709951400756836
17.666666666666668,10.806652069091797
27.77777777777778,17.236854553222656
-1.7777777777777777,-0.5348658561706543
11.88888888888889,3.4459288120269775
0.5555555555555556,0.39797449111938477
6.444444444444445,2.078413486480713
-4.0,-8.449114799499512
-7.444444444444445,-9.214123725891113
-4.555555555555555,-1.406132698059082
12.333333333333334,10.825435638427734
6.0,9.523504257202148
-2.0,-9.005607604980469
1.6666666666666667,-3.3460941314697266
17.333333333333332,12.700394630432129
10.11111111111111,6.462557792663574
-1.2222222222222223,-0.1717294454574585
5.666666666666667,7.907775402069092
-3.0,-6.024209022521973
-0.2222222222222222,-7.680331230163574
6.888888888888889,5.7715983390808105
1.4444444444444444,1.488081932067871
-1.2222222222222223,-3.828969717025757
-2.333333333333333,-4.478796005249023
-7.888888888888889,-9.775136947631836
20.22222222222222,11.74588394165039
-6.111111111111111,2.536369800567627
-12.444444444444445,-4.880192279815674
-7.888888888888889,-2.546102285385132
1.2222222222222223,-4.421277046203613
-2.888888888888889,-5.3622145652771
-17.333333333333332,-13.107892990112305
0.0,3.909911632537842
5.222222222222222,3.795978307723999
5.111111111111111,-3.384859561920166
-5.444444444444445,-6.137209892272949
10.22222222222222,-0.16121649742126465
-1.6666666666666667,-2.021935224533081
-4.444444444444445,-0.8258029222488403
18.11111111111111,15.447646141052246
-4.777777777777778,-3.663546562194824
5.333333333333333,3.8063206672668457
-2.555555555555556,-2.9153285026550293
5.888888888888889,12.314327239990234
8.11111111111111,-0.530457615852356
-0.4444444444444444,2.195507049560547
-5.444444444444445,-7.419092178344727
-0.6666666666666666,-2.202397584915161
-5.444444444444445,-7.910937309265137
-17.0,-11.21020221710205
-1.0,0.8646461367607117
2.333333333333333,3.397930860519409
0.2222222222222222,-2.1041157245635986
-2.7777777777777777,-0.4585144519805908
-6.777777777777778,-6.256880760192871
0.4444444444444444,2.985161304473877
0.6666666666666666,-2.3597168922424316
-0.7777777777777778,3.0418362617492676
-7.555555555555555,-5.385945796966553
-7.333333333333333,-5.198188304901123
-12.77777777777778,-6.254028797149658
0.2222222222222222,1.995914340019226
9.77777777777778,8.896200180053711
-6.222222222222222,-3.1509058475494385
-4.888888888888889,-6.632293224334717
-10.11111111111111,-8.699464797973633
-8.777777777777779,-9.085516929626465
-2.111111111111111,-1.4140106439590454
1.6666666666666667,3.519243001937866
-0.7777777777777778,1.3716444969177246
-0.1111111111111111,-0.07548141479492188
-0.5555555555555556,-1.1730018854141235
-6.666666666666667,0.2397913932800293
-9.88888888888889,-2.985562562942505
-8.666666666666666,-8.776066780090332
0.6666666666666666,-0.6581097841262817
-0.7777777777777778,-1.8051128387451172
0.3333333333333333,-1.994215488433838
1.3333333333333333,-0.40583139657974243
-2.2222222222222223,-5.549471855163574
-6.444444444444445,0.1704503297805786
2.4444444444444446,1.8870428800582886
-5.555555555555555,-6.829094886779785
-8.444444444444445,-2.097189426422119
15.0,3.8403639793395996
2.2222222222222223,2.207284688949585
2.6666666666666665,-2.137746572494507
-2.7777777777777777,-1.6982102394104004
-5.222222222222222,-5.178174018859863
-8.555555555555555,-4.396589756011963
-3.0,-4.340803146362305
-1.6666666666666667,-7.549520015716553
-1.0,2.284832715988159
-0.4444444444444444,4.284756183624268
37.11111111111112,16.547836303710938
-4.444444444444445,-4.788661479949951
0.5555555555555556,-0.8000249862670898
-16.0,-8.775370597839355
-10.22222222222222,-9.857585906982422
-2.333333333333333,-2.804689884185791
-4.333333333333333,-1.9282076358795166
-1.8888888888888888,0.678681492805481
-4.777777777777778,-2.6420226097106934
-8.666666666666666,-3.8405890464782715
0.5555555555555556,0.2936786413192749
17.333333333333332,17.03440284729004
1.5555555555555556,2.071204423904419
-4.222222222222222,0.2526055574417114
-6.111111111111111,-1.7827978134155273
6.222222222222222,3.132495403289795
-1.3333333333333333,1.045969009399414
6.333333333333333,2.9311811923980713
9.444444444444445,3.507328987121582
-0.1111111111111111,-2.0746841430664062
-6.0,-1.7394542694091797
-4.666666666666667,-4.517818450927734
-6.666666666666667,-0.5251691341400146
12.77777777777778,8.76707935333252
0.2222222222222222,-3.5368900299072266
-14.555555555555555,-3.3627943992614746
-9.333333333333334,-4.1868815422058105
2.6666666666666665,-3.634193181991577
-1.3333333333333333,-5.239062309265137
-12.555555555555555,-2.4918479919433594
-8.777777777777779,-8.752309799194336
2.6666666666666665,2.0449342727661133
-7.222222222222222,-8.630207061767578
2.6666666666666665,0.49184727668762207
-6.444444444444445,-2.252671718597412
-42.55555555555556,-17.44576644897461
4.777777777777778,3.2955753803253174
0.5555555555555556,-3.697059154510498
-9.666666666666666,-9.264969825744629
9.77777777777778,13.996256828308105
9.444444444444445,5.663102626800537
-2.7777777777777777,1.1085737943649292
2.0,1.7389822006225586
-2.111111111111111,-5.325433731079102
-10.666666666666666,-4.501054286956787
-3.888888888888889,-4.60822868347168
-0.6666666666666666,-7.241880893707275
-6.111111111111111,-1.5667415857315063
-2.555555555555556,3.9196667671203613
-5.444444444444445,-2.510895252227783
-3.6666666666666665,-7.9047465324401855
2.555555555555556,4.45080041885376
4.333333333333333,1.575669288635254
-5.555555555555555,-3.3184170722961426
-0.6666666666666666,-2.081580877304077
-1.6666666666666667,-0.3197340965270996
1.5555555555555556,-4.325747013092041
-8.0,-4.7983598709106445
1.2222222222222223,-1.0601624250411987
12.333333333333334,9.501065254211426
0.4444444444444444,-6.8396897315979
0.2222222222222222,-3.948641777038574
0.4444444444444444,1.9493250846862793
0.1111111111111111,-3.252650499343872
0.3333333333333333,1.291442632675171
1.2222222222222223,0.940138578414917
-1.4444444444444444,-5.556638717651367
2.888888888888889,-3.9284520149230957
14.88888888888889,13.885258674621582
0.1111111111111111,-3.052893877029419
-4.888888888888889,-2.971174955368042
19.55555555555556,17.20931625366211
-3.7777777777777777,-3.5181803703308105
-2.7777777777777777,-2.618734359741211
-4.0,-6.0269622802734375
-4.111111111111111,0.4918522834777832
-0.1111111111111111,-7.9837164878845215
2.333333333333333,-1.5418448448181152
0.6666666666666666,5.9521026611328125
1.0,-3.531085729598999
-5.111111111111111,-1.2085115909576416
-1.2222222222222223,4.136578559875488
-3.111111111111111,-6.255817890167236
-16.333333333333332,-6.705685138702393
-7.555555555555555,-4.0782318115234375
-7.777777777777778,-10.868795394897461
-1.5555555555555556,-1.2729324102401733
-7.333333333333333,-6.390011787414551
1.1111111111111112,2.139475107192993
3.333333333333333,-1.7646487951278687
-6.444444444444445,-2.4995954036712646
-6.0,-0.6629315614700317
-1.7777777777777777,-1.350028157234192
3.2222222222222223,6.130023956298828
1.0,-1.9789923429489136
-8.0,-4.247609615325928
0.4444444444444444,0.38637596368789673
1.8888888888888888,-0.7622543573379517
8.88888888888889,0.024558305740356445
-0.5555555555555556,-1.998840570449829
-8.444444444444445,-3.7275993824005127
0.4444444444444444,-6.673422336578369
-2.7777777777777777,-3.5952584743499756
-3.6666666666666665,-6.668994426727295
-5.222222222222222,-3.0971810817718506
-10.555555555555555,-5.711634159088135
0.6666666666666666,-0.9186605215072632
8.0,1.2428176403045654
0.2222222222222222,1.5844911336898804
-2.6666666666666665,-3.6708295345306396
-5.111111111111111,-2.2627365589141846
-9.333333333333334,-8.857535362243652
-0.3333333333333333,-2.469651699066162
2.6666666666666665,-2.328336715698242
-8.88888888888889,-5.055205345153809
-5.555555555555555,-9.777482032775879
1.5555555555555556,-2.9482080936431885
-4.444444444444445,-3.051978826522827
-8.0,-2.9773004055023193
5.222222222222222,2.432232618331909
-1.8888888888888888,-3.4838595390319824
-7.555555555555555,-5.623128890991211
4.0,4.8227925300598145
0.1111111111111111,-1.8033345937728882
1.4444444444444444,-0.1271953582763672
-2.0,-1.6695942878723145
-2.7777777777777777,2.724034070968628
-6.555555555555555,-6.442984580993652
-8.666666666666666,-5.065943717956543
-5.0,-4.249063491821289
-3.7777777777777777,-6.63383674621582
9.555555555555555,3.4709553718566895
-10.22222222222222,-4.868249893188477
9.0,9.144659042358398
-2.7777777777777777,-1.0671913623809814
-1.5555555555555556,-2.3151586055755615
-1.8888888888888888,-2.045762538909912
2.4444444444444446,1.190659761428833
-5.222222222222222,-3.162012815475464
-1.6666666666666667,-1.9058172702789307
5.888888888888889,6.714677810668945
-6.666666666666667,-7.283834457397461
-0.2222222222222222,0.24151912331581116
-6.666666666666667,-6.7632246017456055
-5.111111111111111,-2.0048887729644775
0.3333333333333333,-4.307283401489258
-0.4444444444444444,0.047709569334983826
-4.444444444444445,-8.233147621154785
3.4444444444444446,2.9191348552703857
-0.7777777777777778,0.712198793888092
-9.555555555555555,-7.263909816741943
-5.333333333333333,0.3045133352279663
5.222222222222222,4.514896869659424
6.444444444444445,-2.757082223892212
5.111111111111111,-1.776429295539856
4.888888888888889,-4.4152021408081055
-6.0,-1.3136284351348877
-5.666666666666667,-4.342597007751465
37.77777777777778,13.297760963439941
-7.111111111111111,-2.434840202331543
-1.4444444444444444,-4.2397332191467285
6.777777777777778,3.335254669189453
-9.444444444444445,-1.765219807624817
-6.333333333333333,-10.766797065734863
-0.4444444444444444,1.5766032934188843
5.111111111111111,-1.3496015071868896
9.11111111111111,2.562635898590088
-1.7777777777777777,1.0022785663604736
-7.888888888888889,-8.107019424438477
-3.6666666666666665,-1.1239410638809204
-2.888888888888889,-1.4556636810302734
-8.0,-4.369955062866211
-2.4444444444444446,-3.307765483856201
7.888888888888889,6.282753944396973
-0.2222222222222222,-0.031293392181396484
-0.5555555555555556,-1.5883691310882568
-2.7777777777777777,-4.184695243835449
-3.555555555555556,-1.5438756942749023
-0.5555555555555556,0.15502619743347168
-2.111111111111111,-3.611464500427246
-1.5555555555555556,-1.5306731462478638
2.4444444444444446,2.327291488647461
-8.11111111111111,-6.726534843444824
-0.6666666666666666,-0.07859218120574951
3.0,-1.235817551612854
-1.4444444444444444,-2.431215763092041
9.666666666666666,2.487520456314087
3.111111111111111,0.4501703679561615
-12.555555555555555,-5.440409183502197
4.666666666666667,2.3893234729766846
-12.0,-11.246700286865234
-10.88888888888889,-9.449493408203125
17.11111111111111,15.90301513671875
9.22222222222222,9.674020767211914
-1.3333333333333333,-0.8422809839248657
5.666666666666667,4.645887851715088
-5.666666666666667,-2.410691499710083
-3.888888888888889,-8.647316932678223
-8.11111111111111,-8.59108829498291
-9.444444444444445,-4.087654113769531
-2.7777777777777777,-1.168763279914856
-5.888888888888889,4.617595672607422
8.555555555555555,-0.04693400859832764
-3.555555555555556,-1.8079644441604614
2.555555555555556,3.086311101913452
-25.22222222222222,-4.1455512046813965
5.888888888888889,5.5944504737854
-2.7777777777777777,-4.607473373413086
-6.444444444444445,-2.556281566619873
-17.444444444444443,-10.241059303283691
-0.1111111111111111,-0.5381964445114136
-4.666666666666667,0.06962442398071289
-1.7777777777777777,-2.2160778045654297
-0.2222222222222222,4.126612186431885
6.111111111111111,4.9934186935424805
-5.444444444444445,-4.25732946395874
-4.222222222222222,-3.8598384857177734
-3.6666666666666665,-3.7047507762908936
-2.4444444444444446,-3.3893771171569824
-10.0,-4.376163959503174
8.333333333333334,-2.83012318611145
25.55555555555556,18.2511043548584
-2.555555555555556,-2.3389968872070312
-4.555555555555555,7.149657726287842
-1.3333333333333333,-1.6808395385742188
22.666666666666668,23.034988403320312
3.2222222222222223,6.606685638427734
-3.2222222222222223,-1.646467924118042
-1.2222222222222223,-1.8815476894378662
-1.1111111111111112,-1.5568088293075562
-6.111111111111111,-3.78867506980896
-12.555555555555555,-4.278689384460449
13.11111111111111,6.169601917266846
8.88888888888889,1.1181293725967407
-2.2222222222222223,-3.5187489986419678
-8.666666666666666,-6.7171854972839355
-11.555555555555555,-1.0549297332763672
-3.2222222222222223,0.2218029499053955
-2.0,3.2362284660339355
-1.5555555555555556,-7.341310024261475
-6.111111111111111,-1.4003806114196777
2.0,2.0535924434661865
-8.333333333333334,-6.651126861572266
-2.4444444444444446,-2.649714469909668
4.222222222222222,0.7294222116470337
26.22222222222222,-3.0314903259277344
-5.0,-3.073244094848633
-2.2222222222222223,-1.8826313018798828
1.1111111111111112,2.6078386306762695
-10.0,-3.081488609313965
4.555555555555555,-0.8184642791748047
3.6666666666666665,0.3359198570251465
-11.666666666666666,-9.253719329833984
12.22222222222222,1.374752402305603
-0.3333333333333333,-2.1310970783233643
-9.11111111111111,-4.67380428314209
-1.4444444444444444,-0.6319899559020996
-3.4444444444444446,-1.8129847049713135
-10.11111111111111,-3.1163740158081055
-2.111111111111111,-1.1206645965576172
15.666666666666666,9.269343376159668
-3.888888888888889,-6.996333122253418
-3.2222222222222223,-2.1280322074890137
2.0,-2.139430522918701
-4.666666666666667,-2.7325098514556885
1.7777777777777777,-4.554325580596924
1.0,-0.6453286409378052
-1.3333333333333333,-5.258846759796143
-5.222222222222222,-7.545446872711182
-0.2222222222222222,1.8002467155456543
-3.0,-3.51859188079834
-6.555555555555555,-9.74236011505127
-1.3333333333333333,-1.6202239990234375
-2.111111111111111,-3.172337770462036
9.555555555555555,4.277904510498047
0.7777777777777778,-6.722696304321289
38.11111111111112,22.9669246673584
0.0,0.22552549839019775
-4.222222222222222,-4.648307800292969
1.3333333333333333,-0.8427678346633911
8.555555555555555,-1.8843412399291992
-3.555555555555556,0.6799633502960205
33.0,25.575786590576172
-4.777777777777778,-1.1277457475662231
29.0,12.079977035522461
-12.555555555555555,-10.65630054473877
2.111111111111111,-1.0492982864379883
-3.2222222222222223,-7.412282943725586
-7.111111111111111,-12.766646385192871
-4.222222222222222,-4.9807257652282715
-7.444444444444445,-5.908649921417236
-10.0,-2.3723034858703613
7.888888888888889,8.963006973266602
1.6666666666666667,-3.087453842163086
-4.0,-1.4365054368972778
-2.888888888888889,-2.727799892425537
0.5555555555555556,-1.0231959819793701
-14.333333333333334,-11.052324295043945
-9.0,-4.0175557136535645
-4.888888888888889,-4.820837497711182
-4.111111111111111,1.2408812046051025
-0.5555555555555556,5.497138977050781
-1.6666666666666667,2.447721242904663
-1.3333333333333333,-1.706122875213623
-5.666666666666667,-0.49438953399658203
-6.111111111111111,4.470100402832031
0.8888888888888888,5.0568389892578125
-5.0,-2.2453811168670654
-14.77777777777778,-0.2878096103668213
0.8888888888888888,0.04477071762084961
2.2222222222222223,10.588274955749512
2.7777777777777777,3.171496868133545
7.666666666666667,6.7018723487854
-2.555555555555556,4.336748123168945
-5.111111111111111,-3.9967620372772217
-1.1111111111111112,-0.6960466504096985
8.222222222222221,19.996496200561523
9.333333333333334,-1.4114688634872437
7.888888888888889,6.773266315460205
0.3333333333333333,2.7997660636901855
-8.0,-4.600764751434326
-7.555555555555555,-5.229756832122803
-4.777777777777778,-2.962522268295288
-0.3333333333333333,4.309391498565674
-5.333333333333333,-0.10908627510070801
4.333333333333333,-4.44321346282959
-1.4444444444444444,-2.1711606979370117
-2.888888888888889,-4.008594512939453
3.111111111111111,4.172550678253174
17.333333333333332,8.912646293640137
2.0,3.2631216049194336
-13.88888888888889,-11.639764785766602
-4.444444444444445,-4.239083766937256
-11.666666666666666,-7.042322158813477
-4.444444444444445,-6.573925971984863
-4.222222222222222,-9.22109603881836
-7.333333333333333,-3.3874268531799316
-3.2222222222222223,-3.5849366188049316
-3.4444444444444446,-0.8562726974487305
-3.111111111111111,-1.732932209968567
-5.333333333333333,-0.2955855131149292
7.888888888888889,10.172833442687988
19.88888888888889,17.43828582763672
-0.1111111111111111,3.2672295570373535
-2.555555555555556,-5.141789436340332
-6.888888888888889,-5.467573642730713
-6.111111111111111,2.3946449756622314
-1.5555555555555556,0.027814924716949463
-4.333333333333333,-11.582541465759277
0.6666666666666666,-0.5075492858886719
-24.0,-8.15074348449707
-4.222222222222222,-3.1672279834747314
-1.0,-0.021750330924987793
1.3333333333333333,4.0084052085876465
-12.666666666666666,-6.4591755867004395
-7.0,-5.170238971710205
-1.3333333333333333,2.036146640777588
-7.0,-1.743056297302246
5.888888888888889,3.4094927310943604
-8.11111111111111,-3.436837673187256
-5.777777777777778,-2.617631673812866
-2.888888888888889,-4.286136150360107
-12.77777777777778,-3.7407026290893555
-6.444444444444445,-3.6172549724578857
-2.4444444444444446,-4.660203456878662
6.0,3.218686580657959
-8.666666666666666,0.015246987342834473
-2.111111111111111,-0.8466235995292664
11.11111111111111,11.05770206451416
5.333333333333333,5.259305000305176
2.4444444444444446,2.9278924465179443
-3.7777777777777777,-2.9642765522003174
-1.8888888888888888,0.7312418222427368
-0.7777777777777778,-3.9328784942626953
-5.111111111111111,-7.132462024688721
0.6666666666666666,-2.096703290939331
-1.3333333333333333,-1.166200041770935
18.77777777777778,25.064807891845703
7.0,6.132568836212158
-22.55555555555556,-13.075555801391602
-5.333333333333333,-1.581598162651062
-0.7777777777777778,-1.7435816526412964
10.444444444444445,0.4686456322669983
-1.4444444444444444,-4.700441837310791
-0.8888888888888888,-6.390879154205322
10.0,4.692403793334961
23.0,17.581146240234375
0.1111111111111111,2.3469130992889404
-1.6666666666666667,3.040943145751953
-8.88888888888889,-1.4655299186706543
-10.444444444444445,-10.374567031860352
-1.0,-1.1062142848968506
0.6666666666666666,-2.231835126876831
-4.111111111111111,-2.550645589828491
18.11111111111111,2.53998064994812
-1.3333333333333333,-7.349922180175781
-6.333333333333333,-4.066420555114746
-6.666666666666667,-7.148209571838379
-4.111111111111111,1.207463264465332
-7.555555555555555,-4.688965320587158
-10.555555555555555,-7.9185991287231445
0.5555555555555556,-5.6656494140625
5.555555555555555,7.244748592376709
-0.1111111111111111,-1.705128788948059
-2.888888888888889,-3.02996826171875
2.4444444444444446,7.189554214477539
-2.888888888888889,-3.410989284515381
18.666666666666668,25.701541900634766
1.2222222222222223,10.99137020111084
-2.2222222222222223,-4.10242223739624
-1.0,-1.9331905841827393
5.222222222222222,2.7243707180023193
4.222222222222222,0.14164555072784424
-0.2222222222222222,-0.7349803447723389
16.444444444444443,-6.828492641448975
-8.0,-5.267698287963867
-11.666666666666666,-9.29698371887207
0.1111111111111111,0.41808080673217773
2.2222222222222223,1.981528639793396
-5.333333333333333,-4.614002227783203
-2.333333333333333,0.3540668487548828
-3.555555555555556,-1.1753109693527222
-3.111111111111111,-2.2682714462280273
-9.22222222222222,-9.037214279174805
-9.666666666666666,-4.564368724822998
-6.333333333333333,-1.3388398885726929
-8.333333333333334,-9.871695518493652
-11.555555555555555,-3.8665504455566406
-8.333333333333334,-12.367749214172363
25.0,18.512887954711914
-5.222222222222222,-7.5750346183776855
3.555555555555556,-0.038637757301330566
-2.333333333333333,-6.335226058959961
-13.666666666666666,-4.743175029754639
-2.333333333333333,-2.8263535499572754
-6.444444444444445,-5.836042881011963
10.22222222222222,3.8908088207244873
-4.888888888888889,-4.934627056121826
6.444444444444445,8.174811363220215
2.0,-0.8410401344299316
15.0,5.953896999359131
-10.0,-12.48314094543457
-5.666666666666667,0.3119047284126282
-3.7777777777777777,-4.181837558746338
1.2222222222222223,-3.2713463306427
-1.4444444444444444,0.18133211135864258
-4.222222222222222,-5.8615641593933105
2.4444444444444446,4.03663444519043
2.333333333333333,3.643385410308838
-7.666666666666667,2.6436009407043457
-0.2222222222222222,-0.040293097496032715
0.2222222222222222,1.21979820728302
1.2222222222222223,-1.6416586637496948
-4.888888888888889,-9.662028312683105
-1.2222222222222223,-3.4105489253997803
0.7777777777777778,-2.4763457775115967
-1.5555555555555556,-6.399184703826904
-4.444444444444445,-6.248350620269775
-1.1111111111111112,-5.825240612030029
-3.111111111111111,-4.1695709228515625
-0.2222222222222222,-7.916836738586426
3.0,-1.3374056816101074
30.0,22.920482635498047
12.88888888888889,16.19168472290039
-0.3333333333333333,-9.139900207519531
41.55555555555556,9.20283317565918
-13.333333333333334,-11.527758598327637
-10.555555555555555,-4.033167362213135
0.7777777777777778,-2.319359540939331
0.3333333333333333,-1.6118297576904297
-3.555555555555556,-4.180944442749023
7.222222222222222,7.981323719024658
4.666666666666667,-0.9636294841766357
-9.88888888888889,-11.666074752807617
-6.111111111111111,-4.415349006652832
-3.4444444444444446,-2.8392629623413086
7.888888888888889,7.691415786743164
0.2222222222222222,-1.3946170806884766
-0.3333333333333333,-1.1492846012115479
2.4444444444444446,17.55561637878418
0.3333333333333333,-1.9289952516555786
-4.777777777777778,-4.326753616333008
-2.111111111111111,-1.8375966548919678
-6.111111111111111,-2.139697551727295
3.333333333333333,-2.1145975589752197
0.8888888888888888,-3.0820441246032715
-4.777777777777778,-1.5135178565979004
-3.888888888888889,-3.236435890197754
-10.0,-3.6843879222869873
-21.33333333333333,-9.704035758972168
-4.444444444444445,-9.684859275817871
2.0,5.821741104125977
-5.222222222222222,-2.872281551361084
1.2222222222222223,1.1356735229492188
-9.666666666666666,-6.337185382843018
-7.222222222222222,-2.6310606002807617
-6.555555555555555,-2.5521175861358643
-8.777777777777779,-5.488716125488281
-8.11111111111111,-6.196081161499023
0.3333333333333333,-0.7526017427444458
0.4444444444444444,4.085816860198975
0.1111111111111111,0.44712531566619873
13.22222222222222,-1.3980209827423096
-3.888888888888889,-2.724154233932495
-0.8888888888888888,0.851550817489624
-4.777777777777778,-2.9005022048950195
-9.22222222222222,-6.2050251960754395
3.111111111111111,2.8156723976135254
2.2222222222222223,1.196540355682373
-10.555555555555555,-4.265397548675537
-1.0,-0.8037590384483337
-11.0,-1.8455836772918701
-4.666666666666667,-4.290966033935547
-4.0,-2.1757335662841797
3.6666666666666665,-0.0431370735168457
-1.0,-0.7765843868255615
3.0,0.5499429702758789
-9.444444444444445,-5.5787787437438965
3.333333333333333,2.5246362686157227
-4.111111111111111,-3.2757318019866943
6.555555555555555,5.275315761566162
3.333333333333333,8.729381561279297
-7.222222222222222,-3.680590867996216
0.4444444444444444,0.8953201770782471
-2.7777777777777777,-3.669006586074829
-2.2222222222222223,-3.51686692237854
-2.6666666666666665,-5.942896366119385
-1.7777777777777777,5.743966102600098
13.22222222222222,17.693178176879883
-3.2222222222222223,-4.005551338195801
-6.888888888888889,-7.364943504333496
-8.666666666666666,-0.03489565849304199
2.0,4.513887882232666
0.0,-0.46208512783050537
-2.888888888888889,-0.09908449649810791
-5.888888888888889,-4.705852508544922
5.555555555555555,4.683108329772949
-4.0,-4.204761505126953
6.444444444444445,8.463237762451172
-3.555555555555556,-1.4861958026885986
-1.3333333333333333,-3.4665606021881104
2.0,2.531906843185425
-6.0,-7.321048259735107
-18.88888888888889,-15.344220161437988
-13.555555555555555,-7.0192155838012695
-2.888888888888889,2.2015626430511475
6.444444444444445,2.9906275272369385
-4.111111111111111,-5.853402137756348
-6.555555555555555,-9.308136940002441
-3.111111111111111,-2.280275344848633
-1.5555555555555556,-4.829702854156494
-1.7777777777777777,-2.8740270137786865
5.555555555555555,-3.4170498847961426
-1.5555555555555556,-0.4711381196975708
12.77777777777778,12.572554588317871
-7.777777777777778,-7.4055867195129395
1.3333333333333333,3.8488128185272217
-2.555555555555556,-0.33571410179138184
19.22222222222222,16.48353385925293
4.666666666666667,-4.109375476837158
-5.888888888888889,-4.475425720214844
-7.888888888888889,-3.116400718688965
10.77777777777778,-1.5994532108306885
32.111111111111114,23.44583511352539
-5.666666666666667,-3.564743995666504
9.11111111111111,6.974759101867676
8.777777777777779,0.47486162185668945
-9.11111111111111,-8.474491119384766
4.555555555555555,6.824162006378174
3.4444444444444446,0.29293298721313477
-11.555555555555555,-5.143706798553467
-3.0,0.4099818468093872
-5.222222222222222,-5.123905658721924
1.1111111111111112,-1.1871471405029297
-9.555555555555555,-7.20374870300293
-3.888888888888889,-3.193286180496216
-0.3333333333333333,-2.1560373306274414
1.6666666666666667,-1.5131704807281494
-8.555555555555555,-8.03271484375
11.333333333333334,9.760197639465332
8.88888888888889,2.7254245281219482
-4.222222222222222,-2.806502342224121
-0.6666666666666666,-0.784018874168396
-8.333333333333334,-5.4345855712890625
-2.888888888888889,-5.3369140625
-9.77777777777778,-6.152458190917969
-2.4444444444444446,-3.7716994285583496
7.222222222222222,4.165040493011475
-11.11111111111111,-3.0632503032684326
-3.2222222222222223,-3.1727771759033203
3.555555555555556,2.849046230316162
-1.2222222222222223,-1.32611083984375
-15.11111111111111,-5.004075527191162
-8.222222222222221,-8.826400756835938
1.5555555555555556,-5.689255237579346
-6.222222222222222,-4.991491317749023
-2.888888888888889,3.076622247695923
-1.3333333333333333,-3.9419124126434326
4.0,-0.1169748306274414
5.666666666666667,8.171069145202637
6.777777777777778,-3.815040349960327
-3.6666666666666665,-3.65914249420166
-5.222222222222222,-3.367990732192993
-6.0,-6.947237014770508
0.4444444444444444,1.5372490882873535
-4.444444444444445,-1.6255204677581787
-6.888888888888889,-7.489320755004883
-0.1111111111111111,-4.704123020172119
-5.555555555555555,-7.5886430740356445
-8.666666666666666,-2.463909387588501
3.4444444444444446,0.04271477460861206
-0.8888888888888888,7.818413257598877
-2.6666666666666665,-2.853818416595459
-1.3333333333333333,-1.8753700256347656
2.4444444444444446,-2.508795976638794
-9.22222222222222,-9.707595825195312
-12.333333333333334,-1.4607062339782715
25.666666666666668,13.702383041381836
2.4444444444444446,-0.38899004459381104
2.2222222222222223,2.0919671058654785
-1.2222222222222223,-6.688297271728516
-2.6666666666666665,-1.4505040645599365
-5.333333333333333,-4.500742435455322
0.0,0.753250002861023
-1.4444444444444444,-0.9980207681655884
-3.555555555555556,-3.518803596496582
-0.5555555555555556,-4.430896282196045
-5.222222222222222,-3.9816043376922607
-2.0,-0.8025007247924805
3.555555555555556,-2.451643228530884
3.555555555555556,1.0071054697036743
-1.0,2.0332190990448
5.222222222222222,-3.300924777984619
-11.11111111111111,-11.379226684570312
-6.222222222222222,-6.985962390899658
-8.11111111111111,-4.697521209716797
5.333333333333333,2.4878411293029785
-1.8888888888888888,-3.407827615737915
1.7777777777777777,2.6339855194091797
-1.4444444444444444,-4.4467453956604
-2.0,-4.295736312866211
-10.22222222222222,-5.834725379943848
2.2222222222222223,-2.646634340286255
7.111111111111111,2.7439374923706055
-5.0,-6.516425132751465
23.33333333333333,14.137460708618164
2.888888888888889,-4.731525421142578
-0.3333333333333333,-5.648736476898193
-2.7777777777777777,-3.669328212738037
20.11111111111111,10.479548454284668
-6.555555555555555,-4.859806060791016
-5.888888888888889,1.2145004272460938
-13.0,-1.5373129844665527
-2.6666666666666665,-4.496517658233643
-4.666666666666667,1.0454685688018799
-0.5555555555555556,-0.4711003303527832
1.8888888888888888,-3.0873725414276123
-0.2222222222222222,-3.981630802154541
-13.666666666666666,-3.8246707916259766
1.6666666666666667,1.1369690895080566
6.444444444444445,2.592820882797241
-5.111111111111111,-4.958628177642822
-1.0,1.8532785177230835
2.6666666666666665,-4.680483341217041
-4.111111111111111,-4.738569259643555
-2.2222222222222223,-6.869964599609375
-0.3333333333333333,-1.0674762725830078
-4.888888888888889,-4.108170032501221
25.11111111111111,27.025014877319336
-10.88888888888889,-10.674453735351562
2.555555555555556,-2.1858599185943604
-0.4444444444444444,-2.2753896713256836
-19.55555555555556,-7.916789531707764
-0.8888888888888888,-1.2324520349502563
-6.555555555555555,-5.486671447753906
-4.222222222222222,-1.7630634307861328
-5.0,-3.411257266998291
-4.444444444444445,-1.103438138961792
-2.333333333333333,2.214765787124634
-3.888888888888889,-3.4797871112823486
-2.111111111111111,-3.1311428546905518
-6.111111111111111,-1.407881259918213
2.2222222222222223,3.3180031776428223
-8.88888888888889,-6.256495475769043
1.8888888888888888,-1.610662579536438
24.77777777777778,26.492198944091797
0.3333333333333333,-4.488204479217529
-2.2222222222222223,-1.7126219272613525
8.555555555555555,3.277540683746338
-2.7777777777777777,-4.914543151855469
3.4444444444444446,1.7128496170043945
-2.555555555555556,-2.579176902770996
2.555555555555556,-0.6819143295288086
28.88888888888889,18.795398712158203
-18.11111111111111,-2.178819179534912
-5.666666666666667,17.87285804748535
-1.0,-1.1864312887191772
0.3333333333333333,1.2775726318359375
0.3333333333333333,0.7173236608505249
-1.3333333333333333,3.036773443222046
-4.888888888888889,-0.379363477230072
-7.555555555555555,-6.898782253265381
-6.888888888888889,0.2313605546951294
-4.0,2.759676694869995
1.6666666666666667,-0.02398914098739624
8.666666666666666,2.499790668487549
1.7777777777777777,-0.5701684951782227
0.1111111111111111,-1.6979615688323975
13.88888888888889,12.503209114074707
-0.3333333333333333,-0.8288185000419617
8.444444444444445,0.0893128514289856
-0.2222222222222222,-1.4771182537078857
-6.555555555555555,-0.48995375633239746
2.6666666666666665,14.49666976928711
-4.555555555555555,-0.9183592796325684
-0.5555555555555556,5.463918685913086
-1.0,-5.325837135314941
14.666666666666666,6.215255260467529
-2.4444444444444446,-9.711735725402832
-1.0,-7.31880521774292
-12.0,-8.079418182373047
-0.5555555555555556,0.746894121170044
-0.8888888888888888,0.529212474822998
-6.888888888888889,-3.0945615768432617
-4.555555555555555,-5.55963659286499
0.1111111111111111,5.385756015777588
-5.333333333333333,-7.181102752685547
-6.777777777777778,-3.965327501296997
27.88888888888889,22.303668975830078
-7.888888888888889,-6.805009365081787
-0.2222222222222222,-0.7719650268554688
6.222222222222222,5.536140441894531
-14.444444444444445,-11.870254516601562
-5.555555555555555,-6.350557327270508
-13.555555555555555,-9.186930656433105
-9.88888888888889,-4.956143856048584
-7.333333333333333,-2.6834378242492676
0.0,-1.3067500591278076
0.1111111111111111,-2.1143639087677
-5.555555555555555,1.8659416437149048
-8.666666666666666,-8.00639533996582
-4.666666666666667,-3.821017265319824
0.4444444444444444,-0.8632509708404541
0.0,4.304586887359619
-5.444444444444445,-7.061507701873779
0.2222222222222222,-2.397205352783203
-16.555555555555557,-8.059331893920898
5.222222222222222,5.2465033531188965
-4.333333333333333,-5.5187835693359375
-2.555555555555556,-2.752514123916626
15.11111111111111,9.027336120605469
-0.6666666666666666,-2.241818428039551
-0.4444444444444444,-2.132990837097168
-4.333333333333333,-1.183593511581421
-3.7777777777777777,-5.6022443771362305
-2.333333333333333,-1.206871509552002
2.555555555555556,-4.996377944946289
15.88888888888889,10.633273124694824
-21.88888888888889,-9.251811027526855
21.444444444444443,19.112165451049805
4.333333333333333,3.2475244998931885
-1.2222222222222223,-6.949709415435791
1.2222222222222223,1.2872681617736816
-3.6666666666666665,-3.210015296936035
3.0,-0.5636608600616455
-2.333333333333333,3.0822858810424805
-3.888888888888889,-5.534707546234131
14.444444444444445,-1.4883159399032593
-4.666666666666667,-1.2917051315307617
-4.0,-0.7625291347503662
3.0,-0.11147046089172363
-6.555555555555555,-8.033732414245605
-4.333333333333333,4.678925514221191
6.888888888888889,6.706666946411133
0.4444444444444444,-5.170864105224609
-3.6666666666666665,-4.8339691162109375
28.444444444444443,25.857391357421875
3.0,2.426410436630249
-24.11111111111111,-18.850982666015625
14.22222222222222,15.618874549865723
10.666666666666666,4.831789970397949
3.4444444444444446,2.5005745887756348
-6.888888888888889,1.786496639251709
0.0,-2.396583080291748
9.11111111111111,10.21788215637207
-2.888888888888889,-2.47157883644104
-11.0,-6.087713241577148
-4.111111111111111,-2.34367299079895
-4.777777777777778,-1.4117062091827393
22.11111111111111,5.060312271118164
8.222222222222221,4.668360233306885
-4.777777777777778,-5.626659870147705
-5.444444444444445,-6.3784098625183105
1.5555555555555556,3.113380193710327
-3.4444444444444446,-3.5356552600860596
-2.555555555555556,-0.6242527961730957
-5.111111111111111,-5.706164836883545
-11.333333333333334,-6.515495300292969
-5.777777777777778,-7.820733070373535
-10.555555555555555,-6.6595072746276855
-13.666666666666666,-3.6530237197875977
-4.888888888888889,-1.4852396249771118
1.2222222222222223,0.22782611846923828
-5.888888888888889,-6.005294322967529
-2.555555555555556,-1.9260808229446411
-9.333333333333334,-7.147303104400635
-9.22222222222222,-2.9177112579345703
-8.333333333333334,-0.545403003692627
-2.0,4.405148029327393
-5.333333333333333,-6.067750453948975
-0.2222222222222222,-3.5336036682128906
0.4444444444444444,-2.271233081817627
-3.333333333333333,-1.1336599588394165
1.5555555555555556,0.7407476902008057
-2.2222222222222223,-2.73654842376709
-3.888888888888889,-9.912639617919922
11.444444444444445,15.02070140838623
12.666666666666666,14.720985412597656
1.3333333333333333,2.5534913539886475
-5.555555555555555,-5.381484508514404
-2.0,2.2386507987976074
-2.0,-3.361140489578247
-5.222222222222222,-1.0468790531158447
-0.5555555555555556,-2.842606782913208
9.333333333333334,11.790480613708496
5.333333333333333,-0.0024232864379882812
-6.0,-4.164771556854248
-4.777777777777778,1.302418828010559
-5.555555555555555,-5.28189754486084
-7.333333333333333,-7.500657081604004
9.444444444444445,5.449251651763916
2.555555555555556,-3.555513381958008
-1.2222222222222223,-4.008370399475098
-1.1111111111111112,-1.1627408266067505
-10.0,-12.23955249786377
0.4444444444444444,-3.367976427078247
-4.444444444444445,-6.377913951873779
-9.666666666666666,-6.483916759490967
1.3333333333333333,-1.0864976644515991
-0.8888888888888888,1.2918651103973389
-1.7777777777777777,-2.801704168319702
2.2222222222222223,0.4917638301849365
-2.2222222222222223,-6.911046504974365
0.5555555555555556,-0.4924120008945465
-9.88888888888889,-2.0246689319610596
4.444444444444445,15.998825073242188
-1.0,-5.50772762298584
-2.888888888888889,-3.7091729640960693
-6.0,-6.488107681274414
-0.2222222222222222,0.4904472827911377
-5.222222222222222,0.22419020533561707
-3.0,-4.05213737487793
0.5555555555555556,-0.19541436433792114
-5.0,-2.269568681716919
-2.6666666666666665,-4.563400745391846
-10.444444444444445,1.230482816696167
-0.7777777777777778,-5.068674087524414
7.111111111111111,-1.03797447681427
-4.222222222222222,-4.909937858581543
2.111111111111111,-1.864802360534668
-0.1111111111111111,-0.0755806565284729
42.55555555555556,13.298359870910645
-8.11111111111111,-14.042031288146973
-3.6666666666666665,-1.7000912427902222
-4.777777777777778,-0.5670726299285889
1.7777777777777777,-9.164562225341797
7.222222222222222,1.3748388290405273
-2.111111111111111,-5.482180118560791
-9.0,0.6334347724914551
1.3333333333333333,1.2903523445129395
-1.4444444444444444,-1.8476903438568115
32.44444444444444,22.583871841430664
10.0,11.48299503326416
-5.666666666666667,-8.037568092346191
4.111111111111111,-2.1147449016571045
-9.0,-9.335537910461426
21.22222222222222,16.941429138183594
-6.666666666666667,-4.614601135253906
3.0,3.6610589027404785
-1.4444444444444444,1.2355780601501465
-0.2222222222222222,2.6373519897460938
-1.1111111111111112,-1.0558395385742188
-8.555555555555555,-8.945504188537598
0.7777777777777778,0.339266300201416
4.555555555555555,3.907045841217041
4.222222222222222,2.342038869857788
-41.333333333333336,-27.506393432617188
-4.888888888888889,-6.062671184539795
4.555555555555555,0.8564746379852295
2.2222222222222223,3.4996066093444824
-1.5555555555555556,-0.017032980918884277
-0.4444444444444444,-0.4383203089237213
-0.8888888888888888,0.369434654712677
10.0,13.363982200622559
-8.222222222222221,-8.05252742767334
18.444444444444443,7.426855564117432
-4.888888888888889,0.23720955848693848
0.1111111111111111,-3.582050323486328
-5.555555555555555,-4.2319183349609375
-2.4444444444444446,-2.4425134658813477
-5.222222222222222,-5.654526233673096
29.666666666666668,11.776368141174316
0.0,2.7352914810180664
2.2222222222222223,-1.6118454933166504
20.88888888888889,14.618552207946777
-2.333333333333333,-3.7582411766052246
-4.111111111111111,-2.422053098678589
-10.444444444444445,-10.582626342773438
-10.77777777777778,-4.754291534423828
-4.666666666666667,-5.101428508758545
8.777777777777779,2.8771071434020996
-3.2222222222222223,-6.426634788513184
-1.4444444444444444,-3.5999579429626465
-1.1111111111111112,-3.344601631164551
6.888888888888889,4.09442663192749
-5.444444444444445,-6.244536399841309
2.4444444444444446,-1.1011509895324707
-12.555555555555555,-11.823450088500977
17.444444444444443,10.058496475219727
0.1111111111111111,-3.295109272003174
9.666666666666666,1.5680129528045654
-3.0,1.9018994569778442
3.0,-2.170344114303589
-0.1111111111111111,-1.103190541267395
-10.333333333333334,-5.679506778717041
1.3333333333333333,-0.2763051986694336
-10.77777777777778,-9.473095893859863
0.3333333333333333,-5.465729236602783
2.2222222222222223,-2.0258216857910156
-4.777777777777778,-1.458045244216919
-2.4444444444444446,-2.6604347229003906
1.6666666666666667,6.616919040679932
-2.7777777777777777,-2.121865749359131
0.2222222222222222,0.24524688720703125
-2.555555555555556,-5.373445510864258
2.333333333333333,2.3906259536743164
1.6666666666666667,0.3066675662994385
-1.6666666666666667,-9.109829902648926
-1.8888888888888888,-2.0127320289611816
-5.888888888888889,-4.976070404052734
-0.6666666666666666,-0.2232363224029541
-0.8888888888888888,-0.41828453540802
1.5555555555555556,0.987928032875061
-4.222222222222222,-7.267827033996582
1.7777777777777777,-0.9728455543518066
-6.111111111111111,-7.396975040435791
-2.4444444444444446,1.04783034324646
-0.7777777777777778,-2.7535881996154785
8.0,3.6978557109832764
1.3333333333333333,1.671891689300537
20.33333333333333,17.434019088745117
1.3333333333333333,1.1517267227172852
-4.222222222222222,-6.889481544494629
-8.777777777777779,-4.941658973693848
-4.333333333333333,-4.985442638397217
-2.7777777777777777,-3.0969293117523193
6.0,5.391029357910156
0.1111111111111111,-0.08990061283111572
-2.888888888888889,-2.861359119415283
-0.1111111111111111,0.3031766414642334
-2.7777777777777777,1.2176347970962524
-10.11111111111111,-10.551230430603027
-10.0,-9.746743202209473
-2.555555555555556,-2.3321728706359863
3.4444444444444446,0.6510792970657349
3.4444444444444446,7.013767719268799
-1.6666666666666667,2.9455389976501465
-1.6666666666666667,-2.6744165420532227
1.5555555555555556,-1.286419153213501
5.666666666666667,4.278046607971191
5.777777777777778,2.797680139541626
6.666666666666667,2.987999677658081
5.333333333333333,0.8769102096557617
7.222222222222222,9.055908203125
-10.333333333333334,-0.6972494125366211
0.4444444444444444,3.4692542552948
8.666666666666666,11.12118911743164
-6.555555555555555,-9.68712043762207
1.7777777777777777,1.6623435020446777
-6.777777777777778,-8.824527740478516
7.111111111111111,2.605447292327881
-1.6666666666666667,-0.046238601207733154
-0.6666666666666666,-1.7557133436203003
8.777777777777779,2.750016689300537
-0.6666666666666666,-3.1422271728515625
-7.777777777777778,-3.360919237136841
5.888888888888889,4.106474876403809
-4.111111111111111,-4.040626525878906
-4.111111111111111,-3.041451930999756
0.6666666666666666,-1.956585168838501
-7.0,-8.584484100341797
-1.0,1.9123890399932861
-0.6666666666666666,2.289776086807251
6.777777777777778,4.170472621917725
0.5555555555555556,-1.7016595602035522
-1.3333333333333333,-1.1513667106628418
-2.111111111111111,-1.2921555042266846
-8.11111111111111,-0.2653980255126953
3.4444444444444446,-2.4082934856414795
-5.444444444444445,-6.344751358032227
-1.5555555555555556,1.6806402206420898
-3.2222222222222223,-6.951509952545166
4.444444444444445,0.9419877529144287
-1.3333333333333333,-3.353914260864258
-8.333333333333334,-5.1635966300964355
-5.0,-8.892001152038574
1.0,1.4014112949371338
0.8888888888888888,-7.530600070953369
-8.444444444444445,-0.39186930656433105
-5.222222222222222,-6.46571159362793
-4.888888888888889,-6.144789695739746
8.333333333333334,-0.44507503509521484
7.333333333333333,3.883058547973633
1.2222222222222223,-1.5989900827407837
-8.88888888888889,2.295470952987671
4.333333333333333,1.369672179222107
-0.6666666666666666,-0.9088419675827026
3.111111111111111,1.5448744297027588
3.555555555555556,0.13953560590744019
-3.111111111111111,-2.417306900024414
-1.8888888888888888,0.06338852643966675
1.6666666666666667,-5.929539203643799
-7.666666666666667,-1.0490576028823853
-4.111111111111111,-3.5680346488952637
3.4444444444444446,-3.5783121585845947
-9.333333333333334,1.1540026664733887
1.5555555555555556,-2.8201239109039307
7.333333333333333,3.4402849674224854
-7.111111111111111,-6.41776180267334
-0.2222222222222222,2.1636459827423096
7.333333333333333,-0.9531033039093018
0.6666666666666666,1.7868597507476807
-2.0,-4.607754230499268
-5.888888888888889,-0.10464847087860107
-5.666666666666667,-2.2363474369049072
1.7777777777777777,4.92812442779541
-14.666666666666666,-2.443981170654297
-15.333333333333334,-8.334331512451172
-7.777777777777778,-8.886229515075684
3.6666666666666665,-3.522805690765381
-6.444444444444445,-1.3741884231567383
-1.3333333333333333,0.12574374675750732
-11.333333333333334,-6.244267463684082
-15.88888888888889,-8.128927230834961
0.3333333333333333,-2.8570241928100586
5.888888888888889,4.815299987792969
-5.555555555555555,-0.08991992473602295
-4.222222222222222,-3.611703634262085
-1.3333333333333333,-3.8403754234313965
-3.2222222222222223,-7.563464164733887
-0.1111111111111111,-2.2945525646209717
-6.666666666666667,-4.911360740661621
-7.333333333333333,0.2593580186367035
-5.111111111111111,-1.464708924293518
5.222222222222222,6.282927989959717
-7.444444444444445,-7.805992603302002
17.444444444444443,18.887603759765625
-3.4444444444444446,1.0771933794021606
-5.333333333333333,-0.7059037685394287
3.6666666666666665,-2.1720471382141113
-2.4444444444444446,-2.143047571182251
-21.0,-14.743321418762207
-8.333333333333334,-8.006169319152832
-3.333333333333333,-2.304084539413452
1.5555555555555556,7.123504638671875
-3.0,-2.30295991897583
-14.333333333333334,-8.059592247009277
-2.2222222222222223,0.35255008935928345
5.0,12.420638084411621
0.4444444444444444,-1.3459322452545166
-8.222222222222221,-5.543127536773682
2.7777777777777777,2.2373874187469482
-12.444444444444445,-12.708820343017578
5.555555555555555,1.4123694896697998
-2.111111111111111,-3.8579607009887695
-1.6666666666666667,2.7305734157562256
-9.88888888888889,-3.5909054279327393
-7.333333333333333,-1.9612693786621094
-10.88888888888889,-5.908463001251221
-4.777777777777778,-13.119011878967285
-5.111111111111111,0.7466181516647339
0.8888888888888888,1.4951963424682617
2.333333333333333,4.506412029266357
1.3333333333333333,2.8555126190185547
-3.333333333333333,4.329857349395752
5.555555555555555,-2.7213289737701416
-2.6666666666666665,-1.4976396560668945
-4.555555555555555,-0.2737196683883667
4.0,-1.380043625831604
-1.0,-0.6936063766479492
1.3333333333333333,0.5588741302490234
-21.0,-11.024518966674805
-1.6666666666666667,0.6202462911605835
2.111111111111111,-2.0091800689697266
-7.888888888888889,-7.28380823135376
-0.3333333333333333,-1.3408689498901367
2.0,0.4958091974258423
26.11111111111111,24.455997467041016
-0.1111111111111111,-8.848618507385254
-0.7777777777777778,-0.8091301321983337
-11.0,-9.098006248474121
4.222222222222222,6.426697254180908
-1.7777777777777777,-0.0410003662109375
-9.0,-7.795172214508057
-4.555555555555555,-5.957152366638184
-5.0,-3.7605364322662354
0.7777777777777778,-0.06804800033569336
-3.333333333333333,-4.0907721519470215
-3.111111111111111,-1.4572631120681763
5.0,4.985095977783203
-1.2222222222222223,-1.970105767250061
-7.555555555555555,-9.457180976867676
-3.4444444444444446,-0.043543919920921326
-7.555555555555555,-9.19657039642334
-8.444444444444445,-9.576869010925293
-2.555555555555556,-0.0183374285697937
-2.2222222222222223,-2.4736671447753906
-3.4444444444444446,-7.3178839683532715
4.888888888888889,1.250771164894104
4.111111111111111,-2.684098720550537
-11.22222222222222,-7.340959548950195
-5.0,-5.068671226501465
0.8888888888888888,2.4729506969451904
-0.7777777777777778,-2.381540060043335
-5.444444444444445,-2.391085624694824
-9.11111111111111,-3.5000808238983154
-0.8888888888888888,2.7432477474212646
-2.0,-3.7005016803741455
-2.6666666666666665,-1.5558569431304932
21.55555555555556,12.211286544799805
11.77777777777778,3.735248565673828
14.88888888888889,15.813600540161133
-0.8888888888888888,-0.7640054225921631
1.4444444444444444,0.8821595311164856
-2.7777777777777777,-2.283838987350464
-2.7777777777777777,2.305832862854004
-8.777777777777779,3.2369744777679443
-3.555555555555556,-3.3554723262786865
-9.444444444444445,-6.259577751159668
2.0,1.3305962085723877
-7.0,-7.764548301696777
0.1111111111111111,0.6810030937194824
-5.888888888888889,-0.23620355129241943
-11.444444444444445,-8.524528503417969
-5.777777777777778,-0.5285952091217041
-0.4444444444444444,-9.045920372009277
-1.7777777777777777,1.0672216415405273
-1.4444444444444444,-2.482597589492798
-4.333333333333333,-7.800399303436279
-8.555555555555555,-6.5163187980651855
-8.222222222222221,-1.4744257926940918
0.4444444444444444,-0.5939642190933228
-4.555555555555555,-3.48368763923645
-6.0,-3.867265224456787
-1.0,-7.897462844848633
-4.333333333333333,-0.2532229423522949
-4.111111111111111,-2.9246459007263184
16.0,17.91922378540039
-3.4444444444444446,0.962916374206543
-3.111111111111111,-3.5260374546051025
10.77777777777778,12.213029861450195
8.222222222222221,7.278016090393066
0.3333333333333333,-0.38369667530059814
0.2222222222222222,-1.287420392036438
-14.88888888888889,-8.071069717407227
3.333333333333333,8.30897045135498
1.0,-0.06225001811981201
0.6666666666666666,-0.508110523223877
-4.333333333333333,-9.06860065460205
0.3333333333333333,0.013692498207092285
-4.444444444444445,-2.843979835510254
0.2222222222222222,-2.0981812477111816
5.222222222222222,1.0755140781402588
-2.7777777777777777,-2.215043306350708
-2.0,0.25864481925964355
28.444444444444443,21.188718795776367
-6.0,-1.9758102893829346
-6.666666666666667,-0.6332162022590637
-3.888888888888889,-0.46074727177619934
-10.11111111111111,-12.1749849319458
-4.777777777777778,2.7943952083587646
1.4444444444444444,1.7766005992889404
-5.0,-0.6893854141235352
0.1111111111111111,-3.642479658126831
-6.444444444444445,-6.878884315490723
-2.333333333333333,-1.26542329788208
-1.6666666666666667,-3.1093082427978516
-4.111111111111111,-6.851803779602051
-10.0,-4.0317912101745605
2.7777777777777777,2.896656036376953
-1.5555555555555556,-4.11090087890625
-4.666666666666667,-3.6094443798065186
-5.444444444444445,1.7713147401809692
2.0,1.6414401531219482
-6.222222222222222,1.4630337953567505
-10.11111111111111,-2.3659398555755615
9.555555555555555,3.7489514350891113
-10.0,-5.713249206542969
-6.444444444444445,-1.48378586769104
0.8888888888888888,-2.113577127456665
-0.5555555555555556,1.686482310295105
-1.8888888888888888,0.2408725619316101
3.888888888888889,-2.5659523010253906
3.333333333333333,0.2057909369468689
17.0,10.363605499267578
-0.7777777777777778,-0.4605715274810791
-3.2222222222222223,-1.5534840822219849
-4.777777777777778,-14.042935371398926
-3.2222222222222223,-2.58392333984375
-4.222222222222222,-7.76990270614624
-9.11111111111111,2.104036808013916
-6.333333333333333,-9.858063697814941
-4.666666666666667,-2.3985960483551025
9.444444444444445,7.9163007736206055
1.6666666666666667,-2.9110498428344727
-3.0,0.34028828144073486
-5.444444444444445,-5.073293685913086
2.111111111111111,2.973784923553467
-5.888888888888889,8.955904960632324
-1.8888888888888888,-0.13909786939620972
-4.777777777777778,-5.716157913208008
2.111111111111111,-0.8201772570610046
0.5555555555555556,-6.203932285308838
-3.111111111111111,-6.367765426635742
-11.88888888888889,-15.552031517028809
-0.6666666666666666,-3.0618276596069336
12.11111111111111,6.9132513999938965
-0.5555555555555556,-3.767307996749878
0.6666666666666666,1.3104218244552612
-4.888888888888889,-0.12446856498718262
-3.111111111111111,-0.5004361867904663
-2.2222222222222223,-1.2448673248291016
-3.2222222222222223,-3.0440897941589355
-6.888888888888889,-12.565521240234375
3.4444444444444446,-1.2728372812271118
24.11111111111111,13.105870246887207
-0.8888888888888888,0.01603078842163086
0.8888888888888888,-9.580967903137207
-6.555555555555555,-4.745066165924072
-1.3333333333333333,-4.234432220458984
-4.111111111111111,-3.9327449798583984
9.666666666666666,0.6237506866455078
5.111111111111111,1.8136990070343018
4.333333333333333,-3.823012351989746
0.4444444444444444,2.4305787086486816
-15.444444444444445,-9.002467155456543
-7.0,-2.2963168621063232
1.7777777777777777,3.2121288776397705
6.777777777777778,2.150092840194702
8.0,0.9896764159202576
4.777777777777778,7.217440128326416
19.55555555555556,13.933477401733398
-6.777777777777778,-6.808528900146484
-7.222222222222222,-2.2176153659820557
0.1111111111111111,-0.12503206729888916
-0.4444444444444444,-1.8229167461395264
-3.555555555555556,-4.334954738616943
10.444444444444445,9.99331283569336
3.4444444444444446,2.798393726348877
-0.1111111111111111,1.078104019165039
-7.666666666666667,-4.074105739593506
0.1111111111111111,2.867868661880493
-3.333333333333333,-4.0900397300720215
-4.222222222222222,-2.920950412750244
-0.7777777777777778,0.6420789957046509
-11.666666666666666,-12.74474811553955
-2.333333333333333,-2.40990948677063
-0.3333333333333333,-6.759753227233887
17.88888888888889,16.545907974243164
32.55555555555556,25.76264190673828
-11.0,-0.11149394512176514
-4.0,-4.006759166717529
-6.777777777777778,-5.472431659698486
-15.333333333333334,-7.266878604888916
-7.666666666666667,-1.6351659297943115
-3.555555555555556,-1.5514386892318726
-2.7777777777777777,-4.8799824714660645
0.1111111111111111,-0.9783662557601929
38.11111111111112,26.076866149902344
-8.0,0.5740106105804443
-4.222222222222222,-4.609747886657715
0.0,-2.3444671630859375
23.55555555555556,22.115888595581055
1.7777777777777777,-4.422243118286133
-2.7777777777777777,-2.55743408203125
-5.777777777777778,-2.6717464923858643
7.333333333333333,7.892828941345215
-6.555555555555555,-7.268542289733887
-9.333333333333334,-3.359435558319092
5.111111111111111,2.8159937858581543
-5.444444444444445,-4.741096019744873
3.6666666666666665,1.1517291069030762
-6.555555555555555,-5.5425286293029785
19.444444444444443,24.674985885620117
-4.777777777777778,-2.546788215637207
4.888888888888889,0.2921530604362488
-3.2222222222222223,-6.049232006072998
-1.6666666666666667,0.9710971117019653
-7.555555555555555,-3.5242669582366943
-3.4444444444444446,-7.934609413146973
1.5555555555555556,1.1498198509216309
-7.555555555555555,-9.562771797180176
-13.333333333333334,-13.166705131530762
-5.0,-6.951026439666748
-3.111111111111111,2.445700168609619
-8.777777777777779,-1.3792908191680908
-1.1111111111111112,2.0800628662109375
1.8888888888888888,2.4855222702026367
-6.222222222222222,-6.99880313873291
-0.1111111111111111,-0.8319964408874512
4.0,5.539391040802002
-18.22222222222222,-9.111603736877441
-1.7777777777777777,-3.115286350250244
-13.333333333333334,-10.394000053405762
-7.666666666666667,-5.926072597503662
-1.6666666666666667,-1.841374158859253
-4.444444444444445,0.6932055950164795
-11.444444444444445,0.053436994552612305
2.888888888888889,1.2925266027450562
27.0,25.249719619750977
1.8888888888888888,2.444307804107666
-8.88888888888889,-0.7663673162460327
-4.888888888888889,1.0250399112701416
-5.888888888888889,-4.980310440063477
-3.6666666666666665,-3.615816354751587
9.555555555555555,16.607816696166992
-1.6666666666666667,0.8910513520240784
0.8888888888888888,0.9941006898880005
-13.666666666666666,-13.310752868652344
-3.555555555555556,2.194638967514038
-1.6666666666666667,2.1686627864837646
8.88888888888889,12.40341567993164
-4.888888888888889,-4.450398921966553
-3.888888888888889,-3.6531124114990234
-9.88888888888889,-7.502927303314209
-1.5555555555555556,-4.528002738952637
7.666666666666667,9.094687461853027
3.7777777777777777,4.1335225105285645
12.666666666666666,-9.933513641357422
-4.555555555555555,-4.173377513885498
13.555555555555555,14.179675102233887
6.777777777777778,0.2782193422317505
-9.11111111111111,-7.609394550323486
-2.555555555555556,-1.3054231405258179
-1.4444444444444444,-1.0304945707321167
-6.222222222222222,-5.558821201324463
-7.555555555555555,-4.886274814605713
1.0,1.3459254503250122
-1.4444444444444444,2.8379268646240234
-9.88888888888889,-7.224431991577148
1.2222222222222223,-0.6251130104064941
2.2222222222222223,-0.8850383758544922
1.2222222222222223,-1.889000654220581
8.444444444444445,1.4526958465576172
0.8888888888888888,-2.3805758953094482
-10.444444444444445,-4.838932991027832
4.444444444444445,4.811537742614746
-1.6666666666666667,0.789402961730957
-3.888888888888889,-1.606253743171692
3.2222222222222223,0.4234755039215088
-5.666666666666667,-4.81471061706543
-9.0,-5.064518928527832
8.777777777777779,9.136268615722656
1.5555555555555556,-3.459308624267578
-2.555555555555556,-0.8920785188674927
4.777777777777778,1.6586649417877197
-16.11111111111111,-4.2971343994140625
-5.555555555555555,-3.9604873657226562
-1.8888888888888888,-2.883639335632324
25.11111111111111,22.049463272094727
-2.555555555555556,-6.707283020019531
-12.0,-9.421676635742188
-10.333333333333334,-9.468696594238281
-7.333333333333333,-4.528426647186279
0.0,-1.8850666284561157
1.8888888888888888,0.15075671672821045
1.4444444444444444,-0.9520821571350098
19.55555555555556,2.0590264797210693
-5.222222222222222,-2.468865156173706
0.3333333333333333,-1.6306605339050293
1.1111111111111112,-3.399872303009033
25.666666666666668,13.232057571411133
-3.0,-1.7108832597732544
3.555555555555556,0.6159062385559082
4.222222222222222,7.088314533233643
1.7777777777777777,-3.8970582485198975
31.444444444444443,-0.14139223098754883
19.33333333333333,-0.13758492469787598
-1.6666666666666667,-4.277464866638184
1.5555555555555556,-0.0027626752853393555
7.222222222222222,3.44663143157959
-3.7777777777777777,-5.208033084869385
-1.6666666666666667,-5.928866863250732
0.2222222222222222,-1.9520175457000732
3.7777777777777777,-1.58590829372406
-2.0,-1.8714122772216797
1.6666666666666667,-2.6842880249023438
1.3333333333333333,-2.4728832244873047
0.1111111111111111,-0.35868406295776367
-1.0,-2.2244269847869873
7.0,2.7154815196990967
-3.111111111111111,-2.9159374237060547
9.11111111111111,0.7989088296890259
3.6666666666666665,1.4327244758605957
-4.888888888888889,-2.016749620437622
-1.6666666666666667,-1.4128961563110352
-3.555555555555556,-6.208683967590332
-1.4444444444444444,-0.07859265804290771
-15.0,-6.901549816131592
1.0,-1.8494679927825928
5.333333333333333,-0.47504913806915283
5.444444444444445,4.388512134552002
-3.0,-3.2962584495544434
-2.333333333333333,4.384190082550049
-5.111111111111111,-9.834221839904785
-3.6666666666666665,-2.3261091709136963
2.7777777777777777,-0.6159143447875977
-8.777777777777779,-7.657533645629883
2.333333333333333,-1.159141182899475
3.4444444444444446,3.0127310752868652
12.333333333333334,6.88069486618042
-1.0,-1.04381263256073
1.6666666666666667,3.985159158706665
-1.1111111111111112,0.8567821979522705
-5.0,-5.570293426513672
-5.222222222222222,-7.025763511657715
-4.777777777777778,-12.728548049926758
0.5555555555555556,-2.7392196655273438
6.0,8.430599212646484
13.77777777777778,11.946467399597168
6.666666666666667,0.9271335601806641
-1.0,-2.4830803871154785
-3.7777777777777777,-0.04488635063171387
-5.777777777777778,-4.821562767028809
-3.555555555555556,-2.1163523197174072
0.2222222222222222,1.5307669639587402
-3.888888888888889,12.246916770935059
-3.0,-2.663788318634033
-5.888888888888889,-2.534142255783081
5.0,8.392379760742188
-10.666666666666666,-11.874274253845215
-3.333333333333333,-7.536133766174316
-9.666666666666666,-7.907706260681152
2.7777777777777777,-6.343288421630859
-7.333333333333333,-7.734166622161865
19.22222222222222,23.82265853881836
-12.333333333333334,-0.33936241269111633
-5.0,-2.4299442768096924
-3.555555555555556,-3.6112992763519287
-13.666666666666666,-11.282075881958008
6.777777777777778,16.044076919555664
1.3333333333333333,-0.21687042713165283
48.22222222222222,13.331513404846191
3.2222222222222223,1.0878033638000488
-4.0,0.578311562538147
10.77777777777778,11.0513916015625
-4.555555555555555,2.3197455406188965
10.333333333333334,8.138219833374023
0.8888888888888888,0.8407247066497803
-5.111111111111111,-3.2713069915771484
5.0,5.162802696228027
-25.77777777777778,-12.265130996704102
-6.777777777777778,-3.427852153778076
6.111111111111111,10.107884407043457
-9.22222222222222,-6.661706924438477
-5.111111111111111,-2.108494520187378
1.7777777777777777,-2.877208948135376
4.777777777777778,4.264620304107666
16.11111111111111,9.103839874267578
-0.8888888888888888,-2.3400495052337646
-2.888888888888889,-7.381172180175781
4.666666666666667,1.911574363708496
-3.2222222222222223,1.1323182582855225
11.0,10.678260803222656
6.777777777777778,3.117523670196533
-3.2222222222222223,-6.834554195404053
5.111111111111111,1.4307160377502441
-10.22222222222222,-2.38771653175354
2.333333333333333,-1.7090836763381958
2.2222222222222223,-3.160857677459717
-14.77777777777778,-5.161313533782959
0.8888888888888888,-1.3844454288482666
-8.777777777777779,-6.433268070220947
2.888888888888889,2.3265199661254883
-5.333333333333333,-2.8764777183532715
-2.0,-6.89892053604126
0.1111111111111111,-2.228527784347534
-1.0,-2.480647087097168
1.2222222222222223,2.034453868865967
11.444444444444445,-1.4654219150543213
-2.0,-3.493218421936035
-1.4444444444444444,0.3892543315887451
-5.333333333333333,-5.117024898529053
-4.777777777777778,-5.907782077789307
-2.7777777777777777,-0.2181335687637329
4.333333333333333,3.7426655292510986
-0.8888888888888888,-5.674135208129883
7.222222222222222,3.39656662940979
-6.777777777777778,-3.179877758026123
28.22222222222222,27.449201583862305
6.555555555555555,4.4149322509765625
0.8888888888888888,4.356968402862549
-6.555555555555555,-3.9424054622650146
1.3333333333333333,-0.15696090459823608
-1.5555555555555556,-1.0788257122039795
0.7777777777777778,-2.777489423751831
-1.2222222222222223,3.9950101375579834
-7.333333333333333,-8.904762268066406
-4.333333333333333,1.1393349170684814
-0.6666666666666666,-1.8452779054641724
-3.2222222222222223,-3.713934898376465
-8.11111111111111,-4.624441146850586
6.666666666666667,-0.7973504066467285
-4.777777777777778,-1.4769566059112549
-7.222222222222222,-5.866750240325928
-4.222222222222222,-1.7308460474014282
3.888888888888889,0.9354048371315002
1.7777777777777777,-1.3949941396713257
-2.7777777777777777,-5.0182390213012695
0.4444444444444444,-3.2079553604125977
-7.666666666666667,-4.48886251449585
10.0,7.560215950012207
2.0,0.4103456139564514
1.4444444444444444,-2.820943593978882
3.2222222222222223,5.155064105987549
-6.111111111111111,-2.615079641342163
-2.0,-0.17248952388763428
-6.888888888888889,-5.372845649719238
6.222222222222222,6.023024559020996
-5.111111111111111,-5.974314212799072
-3.4444444444444446,-5.440300941467285
-3.333333333333333,-3.744662284851074
0.5555555555555556,4.176696300506592
-7.222222222222222,-8.966254234313965
2.111111111111111,2.6897990703582764
-1.6666666666666667,-2.004316568374634
19.88888888888889,15.503568649291992
-5.666666666666667,-8.458924293518066
0.1111111111111111,4.394751071929932
0.0,-1.5200755596160889
-1.4444444444444444,0.7351076602935791
-1.4444444444444444,1.7349560260772705
1.1111111111111112,-1.5554900169372559
-1.4444444444444444,-1.9124115705490112
-4.777777777777778,-1.5268663167953491
-16.88888888888889,-7.426694869995117
-3.2222222222222223,-1.438273310661316
3.6666666666666665,3.86342453956604
-5.555555555555555,-5.185337066650391
0.7777777777777778,0.8348376750946045
0.4444444444444444,-0.5783075094223022
-1.3333333333333333,-4.639981269836426
-1.5555555555555556,-0.24591636657714844
-3.2222222222222223,-4.094096660614014
14.88888888888889,10.725911140441895
-1.4444444444444444,-4.733789920806885
-0.6666666666666666,-2.901491165161133
-1.8888888888888888,-0.4978554844856262
0.4444444444444444,-4.060665130615234
-6.0,-8.266151428222656
-47.22222222222222,-1.34028959274292
40.55555555555556,23.95155143737793
-7.666666666666667,4.743166923522949
2.6666666666666665,-2.865427255630493
-3.0,-5.993836879730225
-1.5555555555555556,-0.1017385721206665
2.7777777777777777,-1.80934739112854
-3.7777777777777777,-4.288501262664795
-8.555555555555555,-9.455307006835938
-3.7777777777777777,7.470589637756348
-1.7777777777777777,-2.6246402263641357
3.0,-4.654568195343018
16.22222222222222,3.6059958934783936
-7.0,-3.2021195888519287
-4.666666666666667,-10.75599479675293
4.111111111111111,-1.6000229120254517
-1.4444444444444444,-1.036818027496338
0.0,-3.8669638633728027
-3.111111111111111,-7.183404922485352
1.5555555555555556,-0.5206111669540405
-1.7777777777777777,0.7669405937194824
-6.222222222222222,-1.2660343647003174
-5.666666666666667,-3.1712424755096436
-1.2222222222222223,-1.958063006401062
-3.555555555555556,-6.22180700302124
-12.77777777777778,-0.08236944675445557
-3.0,-4.170993328094482
-1.2222222222222223,-0.06047558784484863
-10.22222222222222,0.02590841054916382
12.444444444444445,9.957440376281738
9.22222222222222,10.280234336853027
-5.777777777777778,-5.596309185028076
-5.888888888888889,-4.438490867614746
0.3333333333333333,-3.054938793182373
3.6666666666666665,2.9609591960906982
-3.0,-3.076361656188965
-19.88888888888889,-13.624306678771973
-6.333333333333333,-7.89674711227417
-0.2222222222222222,-3.3061861991882324
-4.777777777777778,-3.634737253189087
-3.888888888888889,-3.976517915725708
1.4444444444444444,0.41062653064727783
-2.888888888888889,-2.0343945026397705
1.5555555555555556,7.822947025299072
-1.7777777777777777,-5.068124771118164
-12.333333333333334,-5.0570387840271
16.11111111111111,15.260069847106934
-3.888888888888889,-3.786550998687744
-2.555555555555556,-4.065183162689209
2.888888888888889,1.8731344938278198
-3.2222222222222223,-3.1559300422668457
-0.6666666666666666,-5.197969913482666
13.666666666666666,22.24551773071289
11.333333333333334,-0.9408288598060608
-7.666666666666667,-9.3731689453125
-15.555555555555555,-14.185891151428223
-3.555555555555556,-2.8406479358673096
-1.4444444444444444,-0.36216479539871216
-1.6666666666666667,-0.5558890104293823
-9.0,-8.257600784301758
11.666666666666666,16.80018424987793
-20.88888888888889,-6.90535306930542
-5.777777777777778,-4.379203796386719
3.333333333333333,3.3387656211853027
1.4444444444444444,0.38489240407943726
-3.111111111111111,-3.528317451477051
1.2222222222222223,-0.39729857444763184
3.555555555555556,8.791460990905762
-9.444444444444445,-3.2611567974090576
-3.0,-2.1451737880706787
-8.444444444444445,-7.494959831237793
-0.6666666666666666,-0.9158320426940918
-4.555555555555555,-6.011933326721191
-2.2222222222222223,-4.282824516296387
-0.5555555555555556,-5.3803391456604
-4.333333333333333,-5.746188640594482
-2.4444444444444446,-3.5308096408843994
-8.222222222222221,-0.1855146884918213
-0.7777777777777778,-0.5580793619155884
-17.555555555555557,-7.530913829803467
1.1111111111111112,0.14091169834136963
-0.1111111111111111,-4.800223350524902
-3.888888888888889,-9.791431427001953
-5.666666666666667,-6.947425842285156
0.4444444444444444,-0.6195621490478516
-11.444444444444445,-10.01540756225586
-5.777777777777778,-3.879307985305786
-2.4444444444444446,-8.10458755493164
-1.3333333333333333,-1.8844754695892334
-2.888888888888889,-2.4905035495758057
-0.2222222222222222,-2.241969585418701
3.4444444444444446,-1.2217309474945068
-15.77777777777778,-8.782114028930664
-1.8888888888888888,-3.620121955871582
2.111111111111111,-4.480810642242432
2.888888888888889,-0.9162172675132751
4.333333333333333,-0.8459906578063965
-4.444444444444445,-6.985823631286621
16.555555555555557,18.78980827331543
0.8888888888888888,-4.332366943359375
-0.4444444444444444,-3.6490767002105713
-17.0,-7.127429485321045
-1.7777777777777777,-3.9730663299560547
-5.888888888888889,-4.503696918487549
5.111111111111111,5.201508045196533
-1.2222222222222223,1.1268844604492188
3.7777777777777777,3.7786288261413574
22.77777777777778,16.170164108276367
0.5555555555555556,0.6704197525978088
4.111111111111111,-2.042043447494507
4.0,3.663116455078125
-3.2222222222222223,4.390368938446045
21.33333333333333,15.437591552734375
5.333333333333333,1.547487735748291
11.11111111111111,7.037426471710205
-3.2222222222222223,4.066270351409912
0.2222222222222222,-0.39097875356674194
-2.2222222222222223,-3.886035919189453
-24.33333333333333,-3.8246822357177734
-3.333333333333333,-7.715886116027832
5.555555555555555,2.8093881607055664
2.2222222222222223,0.9866548776626587
-0.3333333333333333,1.0621331930160522
-0.3333333333333333,-2.071779251098633
-0.1111111111111111,1.7046732902526855
-3.4444444444444446,-0.4616347551345825
-1.1111111111111112,-2.858539581298828
-9.88888888888889,-1.8161226511001587
1.4444444444444444,-7.01067590713501
-5.555555555555555,-5.745502471923828
-12.444444444444445,-2.3804216384887695
3.333333333333333,-2.8217103481292725
8.222222222222221,-2.6763155460357666
-9.555555555555555,-11.073429107666016
-0.8888888888888888,-1.488356351852417
-2.333333333333333,-0.8749029636383057
-0.6666666666666666,-3.516321897506714
-1.7777777777777777,-5.788476467132568
17.88888888888889,6.454092979431152
-5.888888888888889,-3.4782803058624268
-0.7777777777777778,-5.83343505859375
-3.0,-3.018893003463745
-1.2222222222222223,-4.1950531005859375
-6.555555555555555,-2.29262375831604
-5.888888888888889,3.1698765754699707
1.7777777777777777,-4.25070333480835
-8.444444444444445,-11.87924575805664
1.4444444444444444,-2.139808416366577
-0.4444444444444444,0.5906383991241455
0.1111111111111111,0.9486140012741089
-5.111111111111111,-2.0697836875915527
-12.0,-7.140592098236084
-3.333333333333333,-6.22157621383667
-3.333333333333333,-2.2639145851135254
5.0,4.3553690910339355
-0.6666666666666666,1.8606877326965332
3.6666666666666665,-1.1524014472961426
-6.444444444444445,-10.45193099975586
6.111111111111111,-1.2340774536132812
-6.222222222222222,-3.3335280418395996
-3.0,-2.8350799083709717
-0.3333333333333333,-3.5225541591644287
-3.555555555555556,0.8341725468635559
-7.333333333333333,-4.545639514923096
27.55555555555556,19.84284019470215
-8.444444444444445,-11.659567832946777
-0.1111111111111111,-4.479639053344727
2.888888888888889,-6.877400875091553
-0.5555555555555556,-3.090836524963379
4.777777777777778,7.304965496063232
-2.6666666666666665,-2.9382119178771973
-37.888888888888886,-24.891136169433594
-0.4444444444444444,-0.8595352172851562
-6.888888888888889,3.0916435718536377
-6.0,-2.764535665512085
-2.888888888888889,-1.4202836751937866
4.0,-0.6761291027069092
-1.4444444444444444,-3.653562545776367
-2.555555555555556,1.3866974115371704
-3.0,0.20612022280693054
1.4444444444444444,1.648411750793457
0.3333333333333333,1.459167242050171
-1.5555555555555556,-5.036593437194824
-2.888888888888889,-3.2704343795776367
-5.888888888888889,-5.876286506652832
1.7777777777777777,2.710033416748047
-6.444444444444445,-6.0405988693237305
12.333333333333334,18.506534576416016
1.1111111111111112,5.080370903015137
-2.555555555555556,0.2693805694580078
-3.111111111111111,-4.859074592590332
-1.4444444444444444,-0.3151669502258301
-12.333333333333334,-1.9616975784301758
12.555555555555555,11.147194862365723
-6.777777777777778,-4.628108978271484
-0.8888888888888888,-0.0416521281003952
5.222222222222222,5.231583595275879
-2.111111111111111,-1.4593640565872192
0.0,3.6456589698791504
-0.8888888888888888,-0.5017327070236206
1.4444444444444444,-0.4486989974975586
0.4444444444444444,-1.8291652202606201
1.3333333333333333,-0.3616764545440674
-6.777777777777778,-11.110156059265137
-7.777777777777778,-5.617032051086426
7.555555555555555,2.1130592823028564
-24.55555555555556,-4.062505722045898
32.22222222222222,31.914836883544922
9.333333333333334,6.232124328613281
8.777777777777779,11.669953346252441
-4.777777777777778,-0.9412825107574463
-6.333333333333333,-6.05984354019165
