Score,Pred Score
-0.6666666666666666,-2.202133893966675
7.333333333333333,5.2924275398254395
-0.4444444444444444,-3.3123362064361572
-4.111111111111111,-2.239684581756592
-7.333333333333333,-3.6273245811462402
1.3333333333333333,4.226349353790283
-8.444444444444445,-5.122371673583984
1.6666666666666667,-3.4845242500305176
3.333333333333333,-1.152024507522583
2.111111111111111,3.063706159591675
0.1111111111111111,-3.5150601863861084
11.22222222222222,1.6466349363327026
-3.111111111111111,1.4702221155166626
-3.888888888888889,-4.47472620010376
14.11111111111111,5.557031154632568
-4.444444444444445,-2.690406322479248
6.0,2.407918691635132
12.555555555555555,15.2122802734375
-0.8888888888888888,-0.9235174059867859
-4.0,-1.5201472043991089
-1.1111111111111112,0.05527171492576599
-3.555555555555556,-3.974783420562744
-10.666666666666666,-6.2962646484375
9.11111111111111,1.2945939302444458
-1.7777777777777777,-4.418422698974609
-3.4444444444444446,-1.5008410215377808
23.22222222222222,11.07242202758789
0.8888888888888888,-3.0309677124023438
0.3333333333333333,-4.308415412902832
-3.7777777777777777,-3.6897377967834473
2.111111111111111,-0.9643108248710632
-2.2222222222222223,-3.5067601203918457
-2.2222222222222223,-3.7011544704437256
3.111111111111111,8.018082618713379
0.1111111111111111,7.389693737030029
-2.555555555555556,-3.72403621673584
-0.2222222222222222,-0.7406534552574158
3.111111111111111,2.346158266067505
-4.444444444444445,-0.23603343963623047
-5.222222222222222,-0.12112164497375488
4.0,20.315771102905273
-4.777777777777778,-4.586741924285889
1.0,-1.3230376243591309
-4.111111111111111,0.0801551342010498
-4.777777777777778,-4.344735622406006
14.11111111111111,3.0120253562927246
2.2222222222222223,3.9085805416107178
-4.888888888888889,-3.2724828720092773
-6.888888888888889,-2.9510459899902344
-9.444444444444445,7.0438690185546875
13.666666666666666,0.4331977665424347
3.4444444444444446,12.158681869506836
-8.222222222222221,1.0421756505966187
5.777777777777778,0.5102913975715637
0.0,-0.6974227428436279
13.666666666666666,20.214439392089844
-1.0,0.5529431104660034
7.333333333333333,1.730323314666748
-2.888888888888889,0.507803738117218
-7.111111111111111,-1.7390704154968262
-1.2222222222222223,-2.009483575820923
0.0,1.005022644996643
-7.666666666666667,-5.136209011077881
-1.5555555555555556,6.105154514312744
11.88888888888889,12.629555702209473
-4.666666666666667,-3.3800878524780273
-10.333333333333334,-2.7216079235076904
-9.555555555555555,-3.2069942951202393
-2.6666666666666665,-4.5785651206970215
-3.333333333333333,-5.187459468841553
1.8888888888888888,-3.6597635746002197
-5.666666666666667,-5.786930084228516
-3.888888888888889,3.167191743850708
-1.5555555555555556,2.4902658462524414
-1.8888888888888888,-4.896818161010742
-7.888888888888889,-4.197246551513672
0.4444444444444444,-1.034868597984314
3.555555555555556,1.2516990900039673
-0.8888888888888888,-1.864560604095459
-5.777777777777778,-6.568007946014404
-2.888888888888889,3.201686382293701
-2.111111111111111,-3.1330385208129883
46.333333333333336,3.6682567596435547
0.8888888888888888,-3.6974785327911377
1.1111111111111112,-1.2154796123504639
0.0,-2.1159555912017822
10.0,0.5238548517227173
-1.1111111111111112,-0.09304207563400269
8.555555555555555,-1.7126113176345825
-4.777777777777778,-5.779927730560303
0.2222222222222222,-3.67169189453125
8.222222222222221,4.292229652404785
10.11111111111111,9.841846466064453
-2.555555555555556,-2.514719009399414
-4.888888888888889,-6.997535228729248
20.88888888888889,9.649023056030273
19.33333333333333,14.980146408081055
-1.3333333333333333,0.14404964447021484
-4.111111111111111,1.0558353662490845
-2.7777777777777777,-2.504798412322998
9.0,9.570613861083984
-6.111111111111111,1.5717496871948242
-3.7777777777777777,-6.640355110168457
-5.0,0.13189256191253662
-3.0,-2.4689455032348633
-6.222222222222222,-6.022787094116211
-6.333333333333333,-4.643554210662842
-1.8888888888888888,1.2004231214523315
3.111111111111111,-0.7455426454544067
-4.888888888888889,-7.347306728363037
6.777777777777778,1.5745147466659546
-4.444444444444445,-6.357647895812988
7.666666666666667,3.553396701812744
0.5555555555555556,0.10104608535766602
-7.0,-6.341034412384033
-10.0,-2.5642991065979004
-0.5555555555555556,-2.60806941986084
0.1111111111111111,-0.4301426410675049
-3.4444444444444446,2.030035972595215
6.777777777777778,6.691716194152832
-6.0,-3.6375763416290283
-3.333333333333333,-5.3188910484313965
8.777777777777779,5.266134738922119
-6.333333333333333,-6.522287845611572
-7.444444444444445,-7.794832229614258
0.1111111111111111,1.2792316675186157
-4.0,-4.586969375610352
6.222222222222222,4.026989936828613
-3.4444444444444446,-2.81127667427063
4.777777777777778,-1.1928915977478027
-2.111111111111111,-3.409130573272705
-4.111111111111111,0.04533764719963074
11.88888888888889,-1.5053781270980835
-0.5555555555555556,0.411559522151947
4.444444444444445,-2.820279359817505
-0.3333333333333333,-4.305330276489258
-4.555555555555555,-3.4505884647369385
-0.7777777777777778,-1.6258829832077026
-2.2222222222222223,-1.9557883739471436
-5.222222222222222,-6.19771671295166
10.444444444444445,9.274250030517578
-3.4444444444444446,1.9390814304351807
-3.7777777777777777,0.11667871475219727
0.2222222222222222,-1.9873956441879272
-4.0,-3.918046236038208
-22.444444444444443,-2.182785987854004
-5.777777777777778,-5.860337734222412
-4.222222222222222,-2.293128728866577
-2.333333333333333,-3.630497455596924
5.555555555555555,-0.011408329010009766
23.0,5.016275882720947
4.777777777777778,3.38252329826355
-18.88888888888889,-5.330648899078369
-10.22222222222222,0.9622392654418945
5.222222222222222,2.0856833457946777
-5.0,-2.059291124343872
7.444444444444445,4.247101783752441
6.333333333333333,3.8636369705200195
1.4444444444444444,-4.98004150390625
-0.8888888888888888,2.6973495483398438
3.111111111111111,-6.997748851776123
0.5555555555555556,-0.8306161165237427
-1.8888888888888888,2.5758681297302246
-11.77777777777778,-0.8306161165237427
-5.555555555555555,-4.844365119934082
-1.3333333333333333,-4.455825328826904
-1.8888888888888888,-2.4118006229400635
0.0,1.71049165725708
0.8888888888888888,0.2072809934616089
5.0,2.803955554962158
2.4444444444444446,-0.9000218510627747
-0.1111111111111111,-0.023016691207885742
2.111111111111111,0.01562422513961792
-0.2222222222222222,2.1799535751342773
19.444444444444443,18.11748504638672
3.7777777777777777,9.63334846496582
-3.111111111111111,-1.812450647354126
7.555555555555555,7.348940372467041
1.5555555555555556,-2.9841060638427734
-1.1111111111111112,-3.618185520172119
-1.6666666666666667,-3.6573901176452637
3.111111111111111,6.262130260467529
-1.6666666666666667,1.4176043272018433
1.3333333333333333,-0.5482175350189209
-10.555555555555555,-6.626061916351318
-5.333333333333333,-1.6763083934783936
-0.8888888888888888,-4.261570930480957
-6.111111111111111,-2.632319211959839
-12.333333333333334,-3.576992988586426
-6.111111111111111,-3.8804643154144287
-6.111111111111111,-2.4517438411712646
-10.22222222222222,-4.253434658050537
4.444444444444445,-1.2538950443267822
-2.555555555555556,-0.6518421173095703
-8.777777777777779,-2.243621826171875
-14.555555555555555,-5.85280179977417
-15.0,-2.9859752655029297
31.33333333333333,22.908170700073242
-20.11111111111111,2.5191292762756348
-3.4444444444444446,-5.090357303619385
-0.1111111111111111,-2.6559886932373047
-1.3333333333333333,-0.7772336006164551
1.6666666666666667,-0.3795294761657715
-4.888888888888889,-5.054944038391113
2.333333333333333,-3.103496551513672
-13.333333333333334,-11.671525955200195
0.5555555555555556,-0.04228484630584717
1.2222222222222223,2.555389642715454
-8.777777777777779,-0.2906208038330078
-0.2222222222222222,0.4679248631000519
3.2222222222222223,0.8138701915740967
-2.7777777777777777,-5.529547214508057
-3.333333333333333,-8.899964332580566
-5.0,-5.07640266418457
-3.333333333333333,-0.6207598447799683
-6.777777777777778,-4.7794013023376465
1.0,-2.3555045127868652
-4.444444444444445,-4.693485260009766
-2.111111111111111,-1.2643848657608032
-20.55555555555556,-7.0490241050720215
3.333333333333333,0.162730872631073
-4.777777777777778,0.15414106845855713
-1.4444444444444444,-6.921964645385742
-9.11111111111111,-4.5409345626831055
-12.666666666666666,-7.2861199378967285
-21.11111111111111,-1.2996516227722168
3.555555555555556,-2.9734010696411133
-4.777777777777778,-5.7091522216796875
-5.888888888888889,-5.735466003417969
-7.555555555555555,-0.9083421230316162
-3.555555555555556,-3.6065499782562256
3.0,-5.169994354248047
4.0,2.8589365482330322
-5.333333333333333,0.4510495066642761
17.444444444444443,12.071502685546875
-11.77777777777778,-8.110991477966309
-4.888888888888889,-4.708529949188232
6.444444444444445,-3.3726775646209717
4.0,-0.11285358667373657
-9.88888888888889,-3.922213554382324
15.77777777777778,11.44270133972168
0.6666666666666666,-1.883791208267212
-9.444444444444445,-7.759440898895264
-1.7777777777777777,-6.297135829925537
2.333333333333333,1.5902584791183472
-4.222222222222222,-6.939850807189941
-8.11111111111111,-5.690329074859619
1.8888888888888888,-2.658719062805176
-12.555555555555555,-6.149857521057129
5.444444444444445,4.536678791046143
-3.111111111111111,-2.942654848098755
-2.555555555555556,-4.805465221405029
5.666666666666667,-1.5676767826080322
1.4444444444444444,-2.818783760070801
-3.0,-2.672696113586426
-0.1111111111111111,-1.1103166341781616
1.1111111111111112,-4.752764701843262
-0.8888888888888888,-1.495661973953247
-7.333333333333333,-5.903220176696777
-13.77777777777778,0.638508677482605
0.7777777777777778,-1.9778056144714355
-2.6666666666666665,-2.598700523376465
-19.55555555555556,-8.391877174377441
5.0,-3.2958273887634277
-2.2222222222222223,-1.732261300086975
1.0,0.17794477939605713
-3.0,3.9217543601989746
-3.888888888888889,-3.7792460918426514
-3.4444444444444446,-0.6591906547546387
5.0,5.201672554016113
19.22222222222222,8.573702812194824
-2.4444444444444446,-5.781980037689209
6.222222222222222,-4.682039737701416
-5.333333333333333,-3.043269157409668
-10.77777777777778,-3.0466814041137695
0.0,-3.6239097118377686
1.8888888888888888,1.4649494886398315
21.55555555555556,9.871271133422852
-7.777777777777778,-7.514134407043457
-7.222222222222222,-7.448016166687012
-1.7777777777777777,-4.938043594360352
5.444444444444445,-4.296101093292236
-3.888888888888889,-10.063945770263672
-8.222222222222221,-1.5266591310501099
6.111111111111111,0.13223662972450256
2.7777777777777777,-1.1340510845184326
-6.333333333333333,-2.0859055519104004
0.2222222222222222,-3.809290885925293
-7.777777777777778,-0.732885479927063
1.2222222222222223,-6.844850063323975
3.4444444444444446,0.10804642736911774
-2.888888888888889,-5.976929664611816
14.88888888888889,13.511584281921387
-1.7777777777777777,-3.9281134605407715
-3.888888888888889,-3.0483150482177734
-5.777777777777778,-0.9772234559059143
27.11111111111111,7.56771183013916
1.7777777777777777,1.0934759378433228
0.3333333333333333,-0.6030110716819763
-12.77777777777778,-8.395501136779785
27.88888888888889,21.415498733520508
-4.222222222222222,-2.741673469543457
-1.2222222222222223,0.15171748399734497
-3.0,-0.8286383748054504
3.6666666666666665,2.4983432292938232
-1.5555555555555556,-1.3472994565963745
-4.222222222222222,-2.384705066680908
-0.7777777777777778,2.6993699073791504
6.777777777777778,17.42718505859375
-0.7777777777777778,-1.5055407285690308
-8.777777777777779,-6.225317478179932
0.2222222222222222,-1.0283677577972412
-0.2222222222222222,5.137643337249756
-8.0,3.647533655166626
-4.333333333333333,-4.758002758026123
-3.0,-1.6692856550216675
-7.666666666666667,-1.974433183670044
1.1111111111111112,1.9625890254974365
-0.5555555555555556,-1.1354295015335083
-2.111111111111111,-4.677593231201172
-7.555555555555555,0.01245427131652832
17.666666666666668,6.758798599243164
-8.11111111111111,-5.012637615203857
19.55555555555556,9.280531883239746
-6.555555555555555,1.344508171081543
10.555555555555555,2.156111478805542
-14.444444444444445,-11.367546081542969
6.666666666666667,-0.07092779874801636
-3.888888888888889,-0.2654680013656616
-6.333333333333333,-3.864063262939453
-6.666666666666667,-4.75078821182251
-4.444444444444445,-4.0537896156311035
-2.111111111111111,-7.220674991607666
-10.333333333333334,-3.1963157653808594
-6.111111111111111,-2.365419387817383
20.666666666666668,18.819156646728516
-5.444444444444445,-0.7713778614997864
7.555555555555555,4.850646495819092
-1.4444444444444444,-1.8044798374176025
-7.222222222222222,-3.4889814853668213
-3.111111111111111,-2.457202911376953
-3.555555555555556,-2.797027826309204
-2.4444444444444446,-1.8702064752578735
-1.1111111111111112,-2.5168797969818115
-7.555555555555555,-1.4091836214065552
10.11111111111111,9.140859603881836
-1.4444444444444444,-4.721209526062012
-2.333333333333333,-3.1981470584869385
-1.6666666666666667,-2.31358003616333
8.88888888888889,6.586106777191162
-3.888888888888889,-2.447450637817383
-6.222222222222222,-1.2446402311325073
-11.88888888888889,-8.011844635009766
-1.5555555555555556,-1.9036178588867188
7.111111111111111,1.6001098155975342
4.666666666666667,-2.7070915699005127
2.4444444444444446,-3.8807790279388428
1.5555555555555556,-6.1476922035217285
3.333333333333333,0.6149395704269409
-10.11111111111111,-4.789932727813721
-8.444444444444445,-7.808771133422852
-2.555555555555556,-2.484081506729126
2.4444444444444446,1.1027847528457642
2.888888888888889,-0.33818161487579346
-4.111111111111111,-6.163254261016846
-10.444444444444445,-3.3074114322662354
17.666666666666668,12.083640098571777
27.77777777777778,13.045263290405273
-1.7777777777777777,1.1666356325149536
11.88888888888889,3.258951425552368
0.5555555555555556,-0.13718989491462708
6.444444444444445,3.796842575073242
-4.0,-5.340392112731934
-7.444444444444445,-7.049178123474121
-4.555555555555555,-3.9333150386810303
12.333333333333334,12.166984558105469
6.0,8.992290496826172
-2.0,-1.7871239185333252
1.6666666666666667,-3.5459227561950684
17.333333333333332,16.942649841308594
10.11111111111111,8.626921653747559
-1.2222222222222223,-1.2452950477600098
5.666666666666667,8.491708755493164
-3.0,-2.828977108001709
-0.2222222222222222,0.0153580904006958
6.888888888888889,7.138463973999023
1.4444444444444444,2.162890911102295
-1.2222222222222223,-3.4862558841705322
-2.333333333333333,-3.226290464401245
-7.888888888888889,-7.524690628051758
20.22222222222222,12.182605743408203
-6.111111111111111,1.1844004392623901
-12.444444444444445,-6.45894718170166
-7.888888888888889,-2.384591817855835
1.2222222222222223,-2.509354591369629
-2.888888888888889,-0.5103206634521484
-17.333333333333332,-12.244997024536133
0.0,1.170106053352356
5.222222222222222,1.1641606092453003
5.111111111111111,-2.3366405963897705
-5.444444444444445,-3.9614317417144775
10.22222222222222,-3.846580982208252
-1.6666666666666667,-2.274900436401367
-4.444444444444445,-1.9415481090545654
18.11111111111111,22.194252014160156
-4.777777777777778,-4.325767517089844
5.333333333333333,4.723475933074951
-2.555555555555556,-0.8002015352249146
5.888888888888889,15.875128746032715
8.11111111111111,0.8308749198913574
-0.4444444444444444,0.9869772791862488
-5.444444444444445,-4.773266315460205
-0.6666666666666666,-2.724273204803467
-5.444444444444445,-9.907591819763184
-17.0,-5.76620626449585
-1.0,0.794114351272583
2.333333333333333,0.3596167266368866
0.2222222222222222,-4.42046594619751
-2.7777777777777777,-0.6183924078941345
-6.777777777777778,-3.1633403301239014
0.4444444444444444,1.0957363843917847
0.6666666666666666,-1.593693494796753
-0.7777777777777778,-0.11067838966846466
-7.555555555555555,-3.5440497398376465
-7.333333333333333,-3.767104387283325
-12.77777777777778,-4.882005214691162
0.2222222222222222,-0.17019349336624146
9.77777777777778,5.1552252769470215
-6.222222222222222,-6.469048500061035
-4.888888888888889,-5.0790114402771
-10.11111111111111,6.158838272094727
-8.777777777777779,-5.379899978637695
-2.111111111111111,-1.764912724494934
1.6666666666666667,0.5490015149116516
-0.7777777777777778,0.49332886934280396
-0.1111111111111111,-5.7430830001831055
-0.5555555555555556,2.5862784385681152
-6.666666666666667,-3.5859758853912354
-9.88888888888889,-3.655499219894409
-8.666666666666666,-7.374792575836182
0.6666666666666666,-3.7778000831604004
-0.7777777777777778,0.32474303245544434
0.3333333333333333,-4.300065994262695
1.3333333333333333,-3.3479201793670654
-2.2222222222222223,-1.9217389822006226
-6.444444444444445,-2.6896169185638428
2.4444444444444446,-1.742600917816162
-5.555555555555555,-10.870582580566406
-8.444444444444445,-2.0953574180603027
15.0,6.106712818145752
2.2222222222222223,4.0691022872924805
2.6666666666666665,-2.134315252304077
-2.7777777777777777,-5.324458122253418
-5.222222222222222,-3.9373648166656494
-8.555555555555555,-3.135333776473999
-3.0,-1.8383643627166748
-1.6666666666666667,-2.503469944000244
-1.0,4.173471927642822
-0.4444444444444444,1.2414207458496094
37.11111111111112,13.673626899719238
-4.444444444444445,-6.06693172454834
0.5555555555555556,-4.506453990936279
-16.0,-5.26389217376709
-10.22222222222222,-8.946510314941406
-2.333333333333333,-2.2862348556518555
-4.333333333333333,0.11657744646072388
-1.8888888888888888,-1.890496015548706
-4.777777777777778,-5.607625484466553
-8.666666666666666,-1.7994991540908813
0.5555555555555556,-0.1268823742866516
17.333333333333332,16.302366256713867
1.5555555555555556,0.9458427429199219
-4.222222222222222,-0.5478887557983398
-6.111111111111111,-3.691075325012207
6.222222222222222,0.9015264511108398
-1.3333333333333333,-0.8561619520187378
6.333333333333333,4.374741554260254
9.444444444444445,-0.3330932557582855
-0.1111111111111111,-3.1065049171447754
-6.0,1.661895513534546
-4.666666666666667,-2.4271507263183594
-6.666666666666667,-2.3540894985198975
12.77777777777778,10.313298225402832
0.2222222222222222,-1.7145532369613647
-14.555555555555555,-2.8397035598754883
-9.333333333333334,-4.802010536193848
2.6666666666666665,0.7646808624267578
-1.3333333333333333,-1.7946319580078125
-12.555555555555555,-0.07499587535858154
-8.777777777777779,-8.87384033203125
2.6666666666666665,1.2275023460388184
-7.222222222222222,-5.6590375900268555
2.6666666666666665,-1.0588726997375488
-6.444444444444445,-1.3461471796035767
-42.55555555555556,-10.150242805480957
4.777777777777778,1.583301305770874
0.5555555555555556,-2.9796249866485596
-9.666666666666666,-8.383118629455566
9.77777777777778,15.315351486206055
9.444444444444445,4.167969703674316
-2.7777777777777777,1.1429256200790405
2.0,4.273681163787842
-2.111111111111111,-3.9397389888763428
-10.666666666666666,-3.2513444423675537
-3.888888888888889,-7.790496826171875
-0.6666666666666666,-6.213578224182129
-6.111111111111111,-4.00018835067749
-2.555555555555556,-2.2189879417419434
-5.444444444444445,-1.7661356925964355
-3.6666666666666665,-5.878363132476807
2.555555555555556,2.6272735595703125
4.333333333333333,4.049111843109131
-5.555555555555555,-5.196321964263916
-0.6666666666666666,-4.462719440460205
-1.6666666666666667,-1.7028911113739014
1.5555555555555556,-4.402807235717773
-8.0,-1.8138377666473389
1.2222222222222223,2.5314486026763916
12.333333333333334,5.487139701843262
0.4444444444444444,-4.504894733428955
0.2222222222222222,-2.5703084468841553
0.4444444444444444,1.1019301414489746
0.1111111111111111,-1.6480292081832886
0.3333333333333333,0.05807000398635864
1.2222222222222223,0.3851630687713623
-1.4444444444444444,-5.82729959487915
2.888888888888889,-0.5501990914344788
14.88888888888889,14.514544486999512
0.1111111111111111,1.3795454502105713
-4.888888888888889,-0.06616532802581787
19.55555555555556,9.864660263061523
-3.7777777777777777,-1.9855037927627563
-2.7777777777777777,-3.1510837078094482
-4.0,-5.286617279052734
-4.111111111111111,-1.8471498489379883
-0.1111111111111111,-10.428816795349121
2.333333333333333,-0.6831950545310974
0.6666666666666666,13.608150482177734
1.0,-2.920382499694824
-5.111111111111111,-0.9755935072898865
-1.2222222222222223,1.3660755157470703
-3.111111111111111,-5.15004301071167
-16.333333333333332,-5.184385776519775
-7.555555555555555,-3.5097742080688477
-7.777777777777778,-8.903884887695312
-1.5555555555555556,-3.516571521759033
-7.333333333333333,-6.156778812408447
1.1111111111111112,0.5687932968139648
3.333333333333333,-4.67142391204834
-6.444444444444445,-5.9550089836120605
-6.0,-1.7092822790145874
-1.7777777777777777,-2.535897970199585
3.2222222222222223,4.482081890106201
1.0,-4.514354705810547
-8.0,-1.1858468055725098
0.4444444444444444,-3.6143953800201416
1.8888888888888888,-2.9038889408111572
8.88888888888889,-0.5603170990943909
-0.5555555555555556,-6.480004787445068
-8.444444444444445,-3.851865768432617
0.4444444444444444,-3.4703855514526367
-2.7777777777777777,-2.3471267223358154
-3.6666666666666665,-0.06640994548797607
-5.222222222222222,-4.523064613342285
-10.555555555555555,-4.284367084503174
0.6666666666666666,-1.9257991313934326
8.0,-0.8088522553443909
0.2222222222222222,1.9715919494628906
-2.6666666666666665,-1.4541339874267578
-5.111111111111111,-3.5850205421447754
-9.333333333333334,-7.947774410247803
-0.3333333333333333,0.08465844392776489
2.6666666666666665,-1.272544503211975
-8.88888888888889,-5.947654724121094
-5.555555555555555,-8.617835998535156
1.5555555555555556,-2.283414363861084
-4.444444444444445,-2.1456127166748047
-8.0,-0.6908464431762695
5.222222222222222,2.5904672145843506
-1.8888888888888888,-3.9017093181610107
-7.555555555555555,-0.7259297370910645
4.0,6.086899280548096
0.1111111111111111,-1.4319700002670288
1.4444444444444444,0.9865060448646545
-2.0,-1.0541892051696777
-2.7777777777777777,-1.0558487176895142
-6.555555555555555,-2.8944125175476074
-8.666666666666666,-4.364094257354736
-5.0,-2.156121015548706
-3.7777777777777777,-6.027607440948486
9.555555555555555,1.1881362199783325
-10.22222222222222,-0.8251574635505676
9.0,11.061441421508789
-2.7777777777777777,-4.568291664123535
-1.5555555555555556,-4.2584028244018555
-1.8888888888888888,3.7353875637054443
2.4444444444444446,-0.5383216738700867
-5.222222222222222,-3.9238440990448
-1.6666666666666667,-2.9255893230438232
5.888888888888889,5.258181095123291
-6.666666666666667,-6.5959296226501465
-0.2222222222222222,-0.5284833908081055
-6.666666666666667,-4.43699836730957
-5.111111111111111,-3.765249490737915
0.3333333333333333,-1.107170581817627
-0.4444444444444444,1.877140998840332
-4.444444444444445,-5.5913214683532715
3.4444444444444446,0.08045226335525513
-0.7777777777777778,1.8395631313323975
-9.555555555555555,-5.394845962524414
-5.333333333333333,-2.4281117916107178
5.222222222222222,1.452201247215271
6.444444444444445,-0.31411683559417725
5.111111111111111,-2.6999757289886475
4.888888888888889,-4.104730606079102
-6.0,-0.6868985891342163
-5.666666666666667,-3.25435209274292
37.77777777777778,11.107357025146484
-7.111111111111111,-5.3599324226379395
-1.4444444444444444,-2.484097957611084
6.777777777777778,0.2820289134979248
-9.444444444444445,-1.6497766971588135
-6.333333333333333,-8.177183151245117
-0.4444444444444444,1.762802243232727
5.111111111111111,-2.2017128467559814
9.11111111111111,1.3640804290771484
-1.7777777777777777,-1.4437408447265625
-7.888888888888889,-0.8917480707168579
-3.6666666666666665,-2.7463719844818115
-2.888888888888889,1.488615870475769
-8.0,-5.843201160430908
-2.4444444444444446,-3.984518051147461
7.888888888888889,3.8001785278320312
-0.2222222222222222,3.6908445358276367
-0.5555555555555556,0.33773142099380493
-2.7777777777777777,-5.402012348175049
-3.555555555555556,-2.2037606239318848
-0.5555555555555556,1.4093064069747925
-2.111111111111111,7.639008045196533
-1.5555555555555556,-0.31011390686035156
2.4444444444444446,1.880232572555542
-8.11111111111111,-4.971343517303467
-0.6666666666666666,-0.9555685520172119
3.0,-4.273953437805176
-1.4444444444444444,2.982027769088745
9.666666666666666,1.3450188636779785
3.111111111111111,-1.054865837097168
-12.555555555555555,-3.621844530105591
4.666666666666667,1.4794526100158691
-12.0,-9.57249641418457
-10.88888888888889,-7.132376670837402
17.11111111111111,12.919599533081055
9.22222222222222,6.930911540985107
-1.3333333333333333,-5.401206970214844
5.666666666666667,2.2795252799987793
-5.666666666666667,-1.7160444259643555
-3.888888888888889,-9.853947639465332
-8.11111111111111,-7.30772590637207
-9.444444444444445,-2.294226884841919
-2.7777777777777777,-3.635356903076172
-5.888888888888889,5.4207539558410645
8.555555555555555,-3.323309898376465
-3.555555555555556,-0.09350347518920898
2.555555555555556,1.490826964378357
-25.22222222222222,-1.6140356063842773
5.888888888888889,1.0513107776641846
-2.7777777777777777,2.16447377204895
-6.444444444444445,-6.359814167022705
-17.444444444444443,-11.582076072692871
-0.1111111111111111,0.7729942798614502
-4.666666666666667,1.1922321319580078
-1.7777777777777777,0.5848383903503418
-0.2222222222222222,-1.2692835330963135
6.111111111111111,0.6712732315063477
-5.444444444444445,-6.534178256988525
-4.222222222222222,-4.558894157409668
-3.6666666666666665,-2.1622698307037354
-2.4444444444444446,-3.3008859157562256
-10.0,-4.078601360321045
8.333333333333334,-5.673739433288574
25.55555555555556,20.765188217163086
-2.555555555555556,-5.29254150390625
-4.555555555555555,10.033346176147461
-1.3333333333333333,-3.7017993927001953
22.666666666666668,22.115718841552734
3.2222222222222223,11.982073783874512
-3.2222222222222223,-2.7132978439331055
-1.2222222222222223,-2.9414021968841553
-1.1111111111111112,-1.219087839126587
-6.111111111111111,-6.0509819984436035
-12.555555555555555,-4.474315166473389
13.11111111111111,5.352328300476074
8.88888888888889,-2.142960786819458
-2.2222222222222223,-4.228910446166992
-8.666666666666666,-5.319905757904053
-11.555555555555555,0.25812864303588867
-3.2222222222222223,2.197174072265625
-2.0,1.7461121082305908
-1.5555555555555556,-6.3647565841674805
-6.111111111111111,-1.885504961013794
2.0,3.7164154052734375
-8.333333333333334,-6.7769622802734375
-2.4444444444444446,-2.71244478225708
4.222222222222222,-5.3012614250183105
26.22222222222222,-2.546022891998291
-5.0,-2.0049517154693604
-2.2222222222222223,0.22050130367279053
1.1111111111111112,2.174675703048706
-10.0,-4.301453113555908
4.555555555555555,-1.432879090309143
3.6666666666666665,-0.018386244773864746
-11.666666666666666,-4.481027603149414
12.22222222222222,-0.7819507718086243
-0.3333333333333333,-2.679649591445923
-9.11111111111111,-4.220987796783447
-1.4444444444444444,-5.253654956817627
-3.4444444444444446,-3.7187845706939697
-10.11111111111111,-4.178195953369141
-2.111111111111111,-1.6743725538253784
15.666666666666666,6.690902233123779
-3.888888888888889,-6.2008161544799805
-3.2222222222222223,-2.2378313541412354
2.0,2.1570870876312256
-4.666666666666667,-3.9301843643188477
1.7777777777777777,-3.6652355194091797
1.0,-2.4218146800994873
-1.3333333333333333,-1.0001115798950195
-5.222222222222222,-5.621712684631348
-0.2222222222222222,2.928074359893799
-3.0,-5.160896301269531
-6.555555555555555,-7.06790018081665
-1.3333333333333333,-0.9455944895744324
-2.111111111111111,-3.1986753940582275
9.555555555555555,1.9150183200836182
0.7777777777777778,-8.533829689025879
38.11111111111112,22.793066024780273
0.0,0.49969714879989624
-4.222222222222222,-3.9433956146240234
1.3333333333333333,0.950433075428009
8.555555555555555,-1.380050778388977
-3.555555555555556,-0.3266264498233795
33.0,27.517717361450195
-4.777777777777778,1.5601646900177002
29.0,14.113591194152832
-12.555555555555555,-5.676485538482666
2.111111111111111,-1.538683295249939
-3.2222222222222223,-4.2712721824646
-7.111111111111111,-10.493181228637695
-4.222222222222222,-4.744834899902344
-7.444444444444445,-5.144138813018799
-10.0,-0.4222344756126404
7.888888888888889,10.743874549865723
1.6666666666666667,-3.737143039703369
-4.0,-0.9246026873588562
-2.888888888888889,-6.204520225524902
0.5555555555555556,0.6499553322792053
-14.333333333333334,-5.8722124099731445
-9.0,0.16964590549468994
-4.888888888888889,1.742191195487976
-4.111111111111111,2.4190287590026855
-0.5555555555555556,6.905505657196045
-1.6666666666666667,2.247382164001465
-1.3333333333333333,-1.3053590059280396
-5.666666666666667,2.065477132797241
-6.111111111111111,1.2531133890151978
0.8888888888888888,4.009925842285156
-5.0,4.8880534172058105
-14.77777777777778,2.571789503097534
0.8888888888888888,-1.587489366531372
2.2222222222222223,11.25629711151123
2.7777777777777777,5.636309623718262
7.666666666666667,3.4030826091766357
-2.555555555555556,-0.15741491317749023
-5.111111111111111,-2.1879711151123047
-1.1111111111111112,-0.692767858505249
8.222222222222221,17.397079467773438
9.333333333333334,-2.3879458904266357
7.888888888888889,14.903522491455078
0.3333333333333333,0.08159098029136658
-8.0,-4.168513298034668
-7.555555555555555,-6.382455825805664
-4.777777777777778,-1.157457947731018
-0.3333333333333333,3.882405996322632
-5.333333333333333,-1.8411552906036377
4.333333333333333,-2.6856849193573
-1.4444444444444444,1.592028260231018
-2.888888888888889,-3.426666021347046
3.111111111111111,2.2596182823181152
17.333333333333332,8.361165046691895
2.0,1.545947790145874
-13.88888888888889,-9.093737602233887
-4.444444444444445,-2.5677900314331055
-11.666666666666666,-10.111306190490723
-4.444444444444445,-6.70796537399292
-4.222222222222222,-6.05047082901001
-7.333333333333333,-5.792234420776367
-3.2222222222222223,-4.554289817810059
-3.4444444444444446,-1.021931529045105
-3.111111111111111,-3.5342953205108643
-5.333333333333333,-2.6713216304779053
7.888888888888889,4.258578300476074
19.88888888888889,24.860368728637695
-0.1111111111111111,1.6216013431549072
-2.555555555555556,-3.7037031650543213
-6.888888888888889,-4.809349536895752
-6.111111111111111,5.9471917152404785
-1.5555555555555556,-0.2713473439216614
-4.333333333333333,-12.795963287353516
0.6666666666666666,-2.8591766357421875
-24.0,-4.626347064971924
-4.222222222222222,-3.290604591369629
-1.0,-1.1872268915176392
1.3333333333333333,1.823270320892334
-12.666666666666666,-4.0262346267700195
-7.0,-4.737593173980713
-1.3333333333333333,-0.651581883430481
-7.0,-1.1222715377807617
5.888888888888889,1.942626953125
-8.11111111111111,-6.404087543487549
-5.777777777777778,-6.720424175262451
-2.888888888888889,-2.458738088607788
-12.77777777777778,-4.9456095695495605
-6.444444444444445,-4.342225551605225
-2.4444444444444446,-0.07911348342895508
6.0,-0.027257919311523438
-8.666666666666666,1.8258503675460815
-2.111111111111111,-0.6603415012359619
11.11111111111111,8.772336959838867
5.333333333333333,6.703010082244873
2.4444444444444446,-0.22286587953567505
-3.7777777777777777,-4.596324920654297
-1.8888888888888888,-1.7537153959274292
-0.7777777777777778,-3.815796136856079
-5.111111111111111,-6.40140962600708
0.6666666666666666,0.11099576950073242
-1.3333333333333333,0.7000436186790466
18.77777777777778,20.022705078125
7.0,7.592488765716553
-22.55555555555556,-6.9481425285339355
-5.333333333333333,-4.618643283843994
-0.7777777777777778,-1.96999990940094
10.444444444444445,-2.099344253540039
-1.4444444444444444,-5.202975749969482
-0.8888888888888888,-5.953217506408691
10.0,2.267951726913452
23.0,13.850135803222656
0.1111111111111111,-0.5356299877166748
-1.6666666666666667,2.6211671829223633
-8.88888888888889,0.4954911470413208
-10.444444444444445,-9.167826652526855
-1.0,0.5214335918426514
0.6666666666666666,-2.6662096977233887
-4.111111111111111,-4.839501857757568
18.11111111111111,-0.9592514038085938
-1.3333333333333333,-3.5040957927703857
-6.333333333333333,-6.02103853225708
-6.666666666666667,-5.121090412139893
-4.111111111111111,1.9707077741622925
-7.555555555555555,-3.2010996341705322
-10.555555555555555,-5.859768867492676
0.5555555555555556,-4.373124122619629
5.555555555555555,8.6642484664917
-0.1111111111111111,-3.9789655208587646
-2.888888888888889,-4.165604591369629
2.4444444444444446,5.797863483428955
-2.888888888888889,-4.482132434844971
18.666666666666668,23.096513748168945
1.2222222222222223,5.811376571655273
-2.2222222222222223,-6.076266288757324
-1.0,-2.0315423011779785
5.222222222222222,3.778768301010132
4.222222222222222,-2.2144572734832764
-0.2222222222222222,0.21195447444915771
16.444444444444443,-5.437465190887451
-8.0,-2.762338399887085
-11.666666666666666,-9.732670783996582
0.1111111111111111,-2.3303170204162598
2.2222222222222223,-1.1083595752716064
-5.333333333333333,-5.733615398406982
-2.333333333333333,-2.7593955993652344
-3.555555555555556,0.04772782325744629
-3.111111111111111,-1.862682580947876
-9.22222222222222,-7.860736846923828
-9.666666666666666,0.8365253210067749
-6.333333333333333,-1.6747252941131592
-8.333333333333334,-9.181169509887695
-11.555555555555555,-4.6372175216674805
-8.333333333333334,-6.623722076416016
25.0,12.770359992980957
-5.222222222222222,-4.116390228271484
3.555555555555556,-3.7267000675201416
-2.333333333333333,-5.010537147521973
-13.666666666666666,-2.501027822494507
-2.333333333333333,-3.7943711280822754
-6.444444444444445,-5.0349907875061035
10.22222222222222,1.6422539949417114
-4.888888888888889,-6.971504211425781
6.444444444444445,13.536863327026367
2.0,-1.040099859237671
15.0,3.8370628356933594
-10.0,-10.331372261047363
-5.666666666666667,0.7081091403961182
-3.7777777777777777,-4.143870830535889
1.2222222222222223,-6.116899490356445
-1.4444444444444444,-3.054849624633789
-4.222222222222222,-7.642000198364258
2.4444444444444446,2.1609652042388916
2.333333333333333,1.5861499309539795
-7.666666666666667,4.8529253005981445
-0.2222222222222222,-0.3091990649700165
0.2222222222222222,0.9743809700012207
1.2222222222222223,-0.18965888023376465
-4.888888888888889,-9.926374435424805
-1.2222222222222223,-1.031428575515747
0.7777777777777778,0.5309982299804688
-1.5555555555555556,-5.199779510498047
-4.444444444444445,-0.8621697425842285
-1.1111111111111112,-4.44694185256958
-3.111111111111111,-5.504061698913574
-0.2222222222222222,-5.342286586761475
3.0,-0.44661855697631836
30.0,20.542917251586914
12.88888888888889,23.695585250854492
-0.3333333333333333,-2.2040226459503174
41.55555555555556,5.999722957611084
-13.333333333333334,-7.69037389755249
-10.555555555555555,-1.1568242311477661
0.7777777777777778,-1.5714874267578125
0.3333333333333333,-1.1191418170928955
-3.555555555555556,-4.484570026397705
7.222222222222222,9.788368225097656
4.666666666666667,2.0408730506896973
-9.88888888888889,-9.907031059265137
-6.111111111111111,-4.585508823394775
-3.4444444444444446,-4.489638805389404
7.888888888888889,2.8420519828796387
0.2222222222222222,1.9332729578018188
-0.3333333333333333,-2.4016332626342773
2.4444444444444446,17.001605987548828
0.3333333333333333,-2.8103811740875244
-4.777777777777778,-3.9079949855804443
-2.111111111111111,-0.6353951692581177
-6.111111111111111,-0.8312782645225525
3.333333333333333,-1.84701406955719
0.8888888888888888,-2.2322616577148438
-4.777777777777778,-6.879413604736328
-3.888888888888889,0.014365613460540771
-10.0,-4.757648468017578
-21.33333333333333,-5.722708225250244
-4.444444444444445,-5.366560459136963
2.0,3.0634026527404785
-5.222222222222222,-6.057531833648682
1.2222222222222223,0.9762851595878601
-9.666666666666666,-4.57027530670166
-7.222222222222222,-1.4074668884277344
-6.555555555555555,-6.07150936126709
-8.777777777777779,-5.001148700714111
-8.11111111111111,-4.789988040924072
0.3333333333333333,0.2956273555755615
0.4444444444444444,3.281904935836792
0.1111111111111111,-2.7157437801361084
13.22222222222222,0.34165823459625244
-3.888888888888889,-0.7256945371627808
-0.8888888888888888,0.7395932674407959
-4.777777777777778,-5.948950290679932
-9.22222222222222,-7.129854679107666
3.111111111111111,1.0102969408035278
2.2222222222222223,6.291134834289551
-10.555555555555555,-1.7397950887680054
-1.0,-3.1826040744781494
-11.0,0.7178139090538025
-4.666666666666667,0.7781448364257812
-4.0,-2.315274715423584
3.6666666666666665,-0.3794073164463043
-1.0,4.682107925415039
3.0,1.2317959070205688
-9.444444444444445,-6.7455267906188965
3.333333333333333,0.44574064016342163
-4.111111111111111,-6.149611949920654
6.555555555555555,0.7960913181304932
3.333333333333333,8.684650421142578
-7.222222222222222,-4.0968170166015625
0.4444444444444444,-0.47171711921691895
-2.7777777777777777,-4.175912857055664
-2.2222222222222223,-2.4986109733581543
-2.6666666666666665,-7.569985389709473
-1.7777777777777777,1.53569757938385
13.22222222222222,14.8153715133667
-3.2222222222222223,-3.8831677436828613
-6.888888888888889,-7.709325313568115
-8.666666666666666,-5.082649230957031
2.0,3.2449769973754883
0.0,-2.1797094345092773
-2.888888888888889,-3.00771427154541
-5.888888888888889,-8.074810028076172
5.555555555555555,1.4493190050125122
-4.0,-3.4046614170074463
6.444444444444445,6.138177394866943
-3.555555555555556,-2.757833957672119
-1.3333333333333333,-3.008345365524292
2.0,0.6347436904907227
-6.0,-7.510019302368164
-18.88888888888889,-14.498655319213867
-13.555555555555555,-4.547529697418213
-2.888888888888889,1.5734020471572876
6.444444444444445,-0.03702758252620697
-4.111111111111111,-5.9401044845581055
-6.555555555555555,-9.35655403137207
-3.111111111111111,-0.7772160172462463
-1.5555555555555556,-4.387344837188721
-1.7777777777777777,-1.1978329420089722
5.555555555555555,-7.036099433898926
-1.5555555555555556,-3.1822566986083984
12.77777777777778,10.714934349060059
-7.777777777777778,-3.2334187030792236
1.3333333333333333,2.701082229614258
-2.555555555555556,-0.4563792943954468
19.22222222222222,12.389273643493652
4.666666666666667,-2.7989892959594727
-5.888888888888889,-2.138486385345459
-7.888888888888889,-3.5712673664093018
10.77777777777778,-2.905627727508545
32.111111111111114,16.539180755615234
-5.666666666666667,-4.636134624481201
9.11111111111111,5.586318492889404
8.777777777777779,-0.05674442648887634
-9.11111111111111,-5.473760604858398
4.555555555555555,8.78438663482666
3.4444444444444446,-4.827120780944824
-11.555555555555555,-5.393779754638672
-3.0,-1.015350341796875
-5.222222222222222,-3.537235736846924
1.1111111111111112,-5.294267654418945
-9.555555555555555,-1.3447118997573853
-3.888888888888889,-3.439826488494873
-0.3333333333333333,-6.398932456970215
1.6666666666666667,-1.5440694093704224
-8.555555555555555,-7.561532497406006
11.333333333333334,6.743790149688721
8.88888888888889,3.7701447010040283
-4.222222222222222,-3.585705518722534
-0.6666666666666666,-1.9182847738265991
-8.333333333333334,-5.929001331329346
-2.888888888888889,-3.7023584842681885
-9.77777777777778,-1.2603291273117065
-2.4444444444444446,-2.5930020809173584
7.222222222222222,2.211249828338623
-11.11111111111111,0.9988977909088135
-3.2222222222222223,2.302461862564087
3.555555555555556,2.1949775218963623
-1.2222222222222223,0.27766525745391846
-15.11111111111111,-2.561417818069458
-8.222222222222221,-5.649971008300781
1.5555555555555556,-5.154926300048828
-6.222222222222222,-3.498959541320801
-2.888888888888889,3.4627327919006348
-1.3333333333333333,-4.076779365539551
4.0,0.4801785945892334
5.666666666666667,8.748802185058594
6.777777777777778,2.744873285293579
-3.6666666666666665,-4.281976699829102
-5.222222222222222,-4.3016791343688965
-6.0,-4.277351379394531
0.4444444444444444,-1.7722666263580322
-4.444444444444445,-2.2731685638427734
-6.888888888888889,-1.1223536729812622
-0.1111111111111111,-2.6439146995544434
-5.555555555555555,-8.295147895812988
-8.666666666666666,2.064307451248169
3.4444444444444446,0.9809255003929138
-0.8888888888888888,8.48471450805664
-2.6666666666666665,-4.061999320983887
-1.3333333333333333,-0.7936952114105225
2.4444444444444446,0.564131498336792
-9.22222222222222,-10.452879905700684
-12.333333333333334,-1.8596911430358887
25.666666666666668,15.582402229309082
2.4444444444444446,2.4121408462524414
2.2222222222222223,-0.5037189722061157
-1.2222222222222223,-2.9827523231506348
-2.6666666666666665,-2.1955528259277344
-5.333333333333333,-4.019110202789307
0.0,-2.4801464080810547
-1.4444444444444444,0.06505316495895386
-3.555555555555556,-2.6596829891204834
-0.5555555555555556,-2.370575189590454
-5.222222222222222,-2.89888858795166
-2.0,0.050599515438079834
3.555555555555556,-3.156313896179199
3.555555555555556,-2.1234757900238037
-1.0,1.216827392578125
5.222222222222222,-0.9603946805000305
-11.11111111111111,-11.687405586242676
-6.222222222222222,-5.807992458343506
-8.11111111111111,-6.891912460327148
5.333333333333333,4.049358367919922
-1.8888888888888888,-1.4623380899429321
1.7777777777777777,2.8569252490997314
-1.4444444444444444,-6.8037567138671875
-2.0,-5.165939807891846
-10.22222222222222,-4.236173152923584
2.2222222222222223,-0.5094053149223328
7.111111111111111,2.8166825771331787
-5.0,-6.528504848480225
23.33333333333333,12.045656204223633
2.888888888888889,-5.160441875457764
-0.3333333333333333,-6.140346050262451
-2.7777777777777777,-4.244140148162842
20.11111111111111,6.886224746704102
-6.555555555555555,-6.373993873596191
-5.888888888888889,2.2999439239501953
-13.0,-0.7337138056755066
-2.6666666666666665,-3.94964861869812
-4.666666666666667,2.118349313735962
-0.5555555555555556,-1.197296380996704
1.8888888888888888,-1.0822837352752686
-0.2222222222222222,-1.8432649374008179
-13.666666666666666,-0.5414847135543823
1.6666666666666667,-2.418485164642334
6.444444444444445,3.464496374130249
-5.111111111111111,-7.510241508483887
-1.0,5.500477313995361
2.6666666666666665,-1.5615397691726685
-4.111111111111111,-3.797077178955078
-2.2222222222222223,-6.261270046234131
-0.3333333333333333,-1.4857078790664673
-4.888888888888889,-0.5235169529914856
25.11111111111111,28.782236099243164
-10.88888888888889,-5.506512641906738
2.555555555555556,-0.09435153007507324
-0.4444444444444444,-2.312464475631714
-19.55555555555556,-4.3792548179626465
-0.8888888888888888,-1.1567257642745972
-6.555555555555555,-4.01428747177124
-4.222222222222222,-1.3189291954040527
-5.0,-6.112626552581787
-4.444444444444445,0.31848597526550293
-2.333333333333333,-0.7213730216026306
-3.888888888888889,-3.8323018550872803
-2.111111111111111,-7.627492904663086
-6.111111111111111,-3.0116677284240723
2.2222222222222223,3.5762455463409424
-8.88888888888889,-4.917049884796143
1.8888888888888888,-6.999162197113037
24.77777777777778,26.17120933532715
0.3333333333333333,1.1857638359069824
-2.2222222222222223,-1.1392862796783447
8.555555555555555,2.713836431503296
-2.7777777777777777,-3.787168264389038
3.4444444444444446,1.385353922843933
-2.555555555555556,-0.48968395590782166
2.555555555555556,-1.0287128686904907
28.88888888888889,11.73488998413086
-18.11111111111111,-5.421844482421875
-5.666666666666667,13.880657196044922
-1.0,-3.8475754261016846
0.3333333333333333,-0.6579900979995728
0.3333333333333333,-1.3029165267944336
-1.3333333333333333,1.8591810464859009
-4.888888888888889,-3.4532763957977295
-7.555555555555555,-6.5322065353393555
-6.888888888888889,0.7987433075904846
-4.0,2.0715584754943848
1.6666666666666667,-4.338440895080566
8.666666666666666,-3.7727770805358887
1.7777777777777777,2.5618858337402344
0.1111111111111111,-3.1843581199645996
13.88888888888889,13.147749900817871
-0.3333333333333333,3.3039753437042236
8.444444444444445,-3.6012179851531982
-0.2222222222222222,0.01749100536108017
-6.555555555555555,-3.9232165813446045
2.6666666666666665,15.34900188446045
-4.555555555555555,-2.5230495929718018
-0.5555555555555556,12.667140007019043
-1.0,-1.7791703939437866
14.666666666666666,6.966146469116211
-2.4444444444444446,-7.8627424240112305
-1.0,-5.158501148223877
-12.0,-8.703973770141602
-0.5555555555555556,1.9986592531204224
-0.8888888888888888,1.3766463994979858
-6.888888888888889,-0.8628870844841003
-4.555555555555555,-5.223509788513184
0.1111111111111111,6.938724040985107
-5.333333333333333,-8.49072551727295
-6.777777777777778,-4.1462531089782715
27.88888888888889,13.128493309020996
-7.888888888888889,-4.112621307373047
-0.2222222222222222,-1.6397786140441895
6.222222222222222,6.230874538421631
-14.444444444444445,-4.930963516235352
-5.555555555555555,-5.103575706481934
-13.555555555555555,-6.721830368041992
-9.88888888888889,-3.3292410373687744
-7.333333333333333,-1.9519845247268677
0.0,-1.5068933963775635
0.1111111111111111,-2.2775988578796387
-5.555555555555555,1.0040624141693115
-8.666666666666666,-9.463794708251953
-4.666666666666667,-5.428763389587402
0.4444444444444444,-3.975273847579956
0.0,2.5736124515533447
-5.444444444444445,-8.458377838134766
0.2222222222222222,-8.502235412597656
-16.555555555555557,-6.4459547996521
5.222222222222222,-1.8057832717895508
-4.333333333333333,-5.606658458709717
-2.555555555555556,-3.2523233890533447
15.11111111111111,4.231201648712158
-0.6666666666666666,0.30069589614868164
-0.4444444444444444,-1.8166604042053223
-4.333333333333333,-1.3232921361923218
-3.7777777777777777,-6.6390461921691895
-2.333333333333333,-2.6724395751953125
2.555555555555556,-2.980592727661133
15.88888888888889,10.901288032531738
-21.88888888888889,-5.80181360244751
21.444444444444443,14.670726776123047
4.333333333333333,-2.1819097995758057
-1.2222222222222223,-2.2722373008728027
1.2222222222222223,1.1477112770080566
-3.6666666666666665,-0.9879355430603027
3.0,0.6960759162902832
-2.333333333333333,0.5445230603218079
-3.888888888888889,-6.006044864654541
14.444444444444445,-3.0270743370056152
-4.666666666666667,-4.333554267883301
-4.0,-3.125149965286255
3.0,2.2212212085723877
-6.555555555555555,-2.3774547576904297
-4.333333333333333,5.033843040466309
6.888888888888889,6.722168445587158
0.4444444444444444,-2.989748001098633
-3.6666666666666665,-3.3856201171875
28.444444444444443,17.664648056030273
3.0,3.0016157627105713
-24.11111111111111,-7.815325736999512
14.22222222222222,11.924328804016113
10.666666666666666,3.7182483673095703
3.4444444444444446,0.6638559103012085
-6.888888888888889,8.78878402709961
0.0,-3.9122002124786377
9.11111111111111,12.619868278503418
-2.888888888888889,1.0234684944152832
-11.0,-5.999523162841797
-4.111111111111111,-2.3041815757751465
-4.777777777777778,-2.6034913063049316
22.11111111111111,6.502382755279541
8.222222222222221,-0.33234524726867676
-4.777777777777778,-5.230475902557373
-5.444444444444445,-7.328476905822754
1.5555555555555556,4.386950492858887
-3.4444444444444446,-5.349904537200928
-2.555555555555556,0.2019824981689453
-5.111111111111111,-4.29657506942749
-11.333333333333334,-3.963268518447876
-5.777777777777778,-4.3234381675720215
-10.555555555555555,-5.604217529296875
-13.666666666666666,-1.8084478378295898
-4.888888888888889,-3.3624379634857178
1.2222222222222223,-4.4181365966796875
-5.888888888888889,-4.96478796005249
-2.555555555555556,-1.4533356428146362
-9.333333333333334,-4.661091327667236
-9.22222222222222,-0.5534300208091736
-8.333333333333334,-1.2858421802520752
-2.0,1.9551374912261963
-5.333333333333333,-5.6283793449401855
-0.2222222222222222,-3.942155361175537
0.4444444444444444,-3.506031036376953
-3.333333333333333,0.32208847999572754
1.5555555555555556,-1.414516568183899
-2.2222222222222223,-11.672638893127441
-3.888888888888889,-5.362360000610352
11.444444444444445,16.6140079498291
12.666666666666666,13.475099563598633
1.3333333333333333,-2.2724454402923584
-5.555555555555555,-4.512353897094727
-2.0,1.6583832502365112
-2.0,-1.8304277658462524
-5.222222222222222,-3.460292100906372
-0.5555555555555556,-0.09272152185440063
9.333333333333334,4.464166641235352
5.333333333333333,0.8090733289718628
-6.0,-4.8476080894470215
-4.777777777777778,-0.2283659428358078
-5.555555555555555,-4.5017218589782715
-7.333333333333333,-4.8665385246276855
9.444444444444445,-1.5111124515533447
2.555555555555556,-4.319147109985352
-1.2222222222222223,-2.097522735595703
-1.1111111111111112,-5.013324737548828
-10.0,-7.251842021942139
0.4444444444444444,-1.7131226062774658
-4.444444444444445,-4.937197208404541
-9.666666666666666,-1.884285569190979
1.3333333333333333,-0.7705719470977783
-0.8888888888888888,-3.1289660930633545
-1.7777777777777777,-3.4990999698638916
2.2222222222222223,-0.5360945463180542
-2.2222222222222223,-3.001171827316284
0.5555555555555556,-1.4825124740600586
-9.88888888888889,-3.1664180755615234
4.444444444444445,11.30196475982666
-1.0,2.025264024734497
-2.888888888888889,-1.8895937204360962
-6.0,-4.758241176605225
-0.2222222222222222,2.2890679836273193
-5.222222222222222,-1.890903115272522
-3.0,-5.134384632110596
0.5555555555555556,2.4965152740478516
-5.0,-4.295520305633545
-2.6666666666666665,-4.2111124992370605
-10.444444444444445,-0.1157090961933136
-0.7777777777777778,-6.2203755378723145
7.111111111111111,-0.7352182865142822
-4.222222222222222,0.9500821828842163
2.111111111111111,2.193159580230713
-0.1111111111111111,-0.6715367436408997
42.55555555555556,8.596817970275879
-8.11111111111111,-7.73645544052124
-3.6666666666666665,-3.966615915298462
-4.777777777777778,-3.955458641052246
1.7777777777777777,-7.6904706954956055
7.222222222222222,1.3699226379394531
-2.111111111111111,-9.480460166931152
-9.0,1.3534789085388184
1.3333333333333333,0.18613064289093018
-1.4444444444444444,1.452270269393921
32.44444444444444,16.10187530517578
10.0,9.514505386352539
-5.666666666666667,-2.4054319858551025
4.111111111111111,-3.774954319000244
-9.0,-11.44397258758545
21.22222222222222,15.200726509094238
-6.666666666666667,-1.2179429531097412
3.0,5.723221778869629
-1.4444444444444444,-3.092427968978882
-0.2222222222222222,1.6414258480072021
-1.1111111111111112,-1.694863200187683
-8.555555555555555,-11.623442649841309
0.7777777777777778,-0.9020507335662842
4.555555555555555,5.059721946716309
4.222222222222222,2.3116354942321777
-41.333333333333336,-12.27063274383545
-4.888888888888889,-2.9714159965515137
4.555555555555555,3.6626670360565186
2.2222222222222223,2.6063485145568848
-1.5555555555555556,3.644632339477539
-0.4444444444444444,-0.3743089437484741
-0.8888888888888888,-3.505154609680176
10.0,13.58696460723877
-8.222222222222221,-8.993002891540527
18.444444444444443,6.3245344161987305
-4.888888888888889,-2.5037412643432617
0.1111111111111111,-4.5065131187438965
-5.555555555555555,-2.929198980331421
-2.4444444444444446,-4.225863456726074
-5.222222222222222,-5.259474277496338
29.666666666666668,8.895740509033203
0.0,5.607428550720215
2.2222222222222223,-2.9350690841674805
20.88888888888889,10.046613693237305
-2.333333333333333,2.2274651527404785
-4.111111111111111,-0.9657524824142456
-10.444444444444445,-10.03307056427002
-10.77777777777778,-7.435990333557129
-4.666666666666667,-3.5899319648742676
8.777777777777779,-0.3973654508590698
-3.2222222222222223,-7.514817714691162
-1.4444444444444444,-0.9667038917541504
-1.1111111111111112,-4.162177085876465
6.888888888888889,1.145734190940857
-5.444444444444445,-6.596912860870361
2.4444444444444446,0.7950442433357239
-12.555555555555555,-7.520447254180908
17.444444444444443,13.614177703857422
0.1111111111111111,-1.5775624513626099
9.666666666666666,4.119546890258789
-3.0,-0.9637144804000854
3.0,-6.7865190505981445
-0.1111111111111111,-3.5489563941955566
-10.333333333333334,-4.5204644203186035
1.3333333333333333,-1.171136498451233
-10.77777777777778,-5.445151329040527
0.3333333333333333,-4.300905704498291
2.2222222222222223,3.9884767532348633
-4.777777777777778,-3.363075017929077
-2.4444444444444446,-4.352938175201416
1.6666666666666667,3.12188720703125
-2.7777777777777777,-3.8538639545440674
0.2222222222222222,-3.249100685119629
-2.555555555555556,-4.290948390960693
2.333333333333333,-1.6285232305526733
1.6666666666666667,-1.5406079292297363
-1.6666666666666667,-6.2046942710876465
-1.8888888888888888,-0.5885194540023804
-5.888888888888889,-3.093545913696289
-0.6666666666666666,-0.3619024455547333
-0.8888888888888888,-0.41649413108825684
1.5555555555555556,5.40182638168335
-4.222222222222222,-2.2087268829345703
1.7777777777777777,2.195566177368164
-6.111111111111111,-5.432798862457275
-2.4444444444444446,-0.8774924278259277
-0.7777777777777778,0.5076749324798584
8.0,3.0557188987731934
1.3333333333333333,1.431749939918518
20.33333333333333,17.112529754638672
1.3333333333333333,-1.2556004524230957
-4.222222222222222,-6.483153820037842
-8.777777777777779,-1.464836597442627
-4.333333333333333,-3.879401206970215
-2.7777777777777777,-1.9577877521514893
6.0,5.032614707946777
0.1111111111111111,0.7759220600128174
-2.888888888888889,-2.3472259044647217
-0.1111111111111111,3.8645403385162354
-2.7777777777777777,11.888442039489746
-10.11111111111111,-5.796023368835449
-10.0,-7.124800682067871
-2.555555555555556,-2.389679193496704
3.4444444444444446,1.9154382944107056
3.4444444444444446,5.5434393882751465
-1.6666666666666667,2.9750924110412598
-1.6666666666666667,-1.0012221336364746
1.5555555555555556,-0.7125424742698669
5.666666666666667,-1.7630927562713623
5.777777777777778,1.1511569023132324
6.666666666666667,2.6989636421203613
5.333333333333333,0.5044416189193726
7.222222222222222,8.587594985961914
-10.333333333333334,0.28441619873046875
0.4444444444444444,4.1480913162231445
8.666666666666666,9.359111785888672
-6.555555555555555,-6.2585768699646
1.7777777777777777,-0.8331825733184814
-6.777777777777778,-5.328238010406494
7.111111111111111,2.7901229858398438
-1.6666666666666667,-0.8556153774261475
-0.6666666666666666,-1.2443310022354126
8.777777777777779,1.3880294561386108
-0.6666666666666666,-0.06609523296356201
-7.777777777777778,-2.821875810623169
5.888888888888889,-1.3497875928878784
-4.111111111111111,-1.4365886449813843
-4.111111111111111,-1.8234986066818237
0.6666666666666666,-2.5491230487823486
-7.0,-7.150969505310059
-1.0,0.8438311219215393
-0.6666666666666666,1.683850884437561
6.777777777777778,3.15506649017334
0.5555555555555556,0.2863360345363617
-1.3333333333333333,1.7420263290405273
-2.111111111111111,-1.5324060916900635
-8.11111111111111,-0.36521244049072266
3.4444444444444446,0.23374032974243164
-5.444444444444445,-5.182976722717285
-1.5555555555555556,0.5520216226577759
-3.2222222222222223,-6.196102619171143
4.444444444444445,-0.6576544642448425
-1.3333333333333333,-2.890864372253418
-8.333333333333334,-3.2690751552581787
-5.0,-3.8543272018432617
1.0,0.46282994747161865
0.8888888888888888,-4.364692211151123
-8.444444444444445,3.1561429500579834
-5.222222222222222,0.039502739906311035
-4.888888888888889,0.25294578075408936
8.333333333333334,0.8657242655754089
7.333333333333333,3.0089800357818604
1.2222222222222223,-2.9218015670776367
-8.88888888888889,1.9270561933517456
4.333333333333333,0.4464278817176819
-0.6666666666666666,0.6345048546791077
3.111111111111111,0.8790431022644043
3.555555555555556,0.11110138893127441
-3.111111111111111,1.0702570676803589
-1.8888888888888888,0.4567665159702301
1.6666666666666667,-5.453427314758301
-7.666666666666667,-2.5490012168884277
-4.111111111111111,0.2807220220565796
3.4444444444444446,-3.370480537414551
-9.333333333333334,1.5015076398849487
1.5555555555555556,-1.2492612600326538
7.333333333333333,1.582203984260559
-7.111111111111111,-4.699319839477539
-0.2222222222222222,-1.759965181350708
7.333333333333333,-3.8771543502807617
0.6666666666666666,0.6479356288909912
-2.0,-2.0850186347961426
-5.888888888888889,5.457022190093994
-5.666666666666667,-2.649536371231079
1.7777777777777777,1.863259196281433
-14.666666666666666,-2.0194242000579834
-15.333333333333334,-7.560583591461182
-7.777777777777778,-5.883643627166748
3.6666666666666665,-2.20111346244812
-6.444444444444445,-1.7025868892669678
-1.3333333333333333,0.9440439343452454
-11.333333333333334,-6.4225544929504395
-15.88888888888889,-7.191127300262451
0.3333333333333333,-3.903024435043335
5.888888888888889,0.7133299112319946
-5.555555555555555,-5.954768180847168
-4.222222222222222,0.3197970986366272
-1.3333333333333333,-3.8257055282592773
-3.2222222222222223,-3.9306094646453857
-0.1111111111111111,-3.501347780227661
-6.666666666666667,-0.2903519868850708
-7.333333333333333,-1.786359429359436
-5.111111111111111,-0.2205561399459839
5.222222222222222,4.668126583099365
-7.444444444444445,-8.560019493103027
17.444444444444443,14.954079627990723
-3.4444444444444446,-1.0823280811309814
-5.333333333333333,-2.3752756118774414
3.6666666666666665,-1.7686328887939453
-2.4444444444444446,-1.5771211385726929
-21.0,-11.66100788116455
-8.333333333333334,-5.7816009521484375
-3.333333333333333,-2.4561755657196045
1.5555555555555556,1.997847318649292
-3.0,0.9068073034286499
-14.333333333333334,-10.421387672424316
-2.2222222222222223,-0.5376675128936768
5.0,13.163410186767578
0.4444444444444444,-0.058391451835632324
-8.222222222222221,-5.18347692489624
2.7777777777777777,-0.5505001544952393
-12.444444444444445,-10.988380432128906
5.555555555555555,0.3580707609653473
-2.111111111111111,-2.4008448123931885
-1.6666666666666667,0.5414767861366272
-9.88888888888889,-3.5096001625061035
-7.333333333333333,-7.368709087371826
-10.88888888888889,-9.804481506347656
-4.777777777777778,-14.470610618591309
-5.111111111111111,1.9312702417373657
0.8888888888888888,3.442664384841919
2.333333333333333,3.5758285522460938
1.3333333333333333,1.0011564493179321
-3.333333333333333,-0.4237077236175537
5.555555555555555,-8.265060424804688
-2.6666666666666665,-3.469729423522949
-4.555555555555555,-4.748788833618164
4.0,-6.000468730926514
-1.0,-2.7195191383361816
1.3333333333333333,-2.3663620948791504
-21.0,-11.017180442810059
-1.6666666666666667,-6.052642345428467
2.111111111111111,7.735444068908691
-7.888888888888889,-8.770746231079102
-0.3333333333333333,-5.325980186462402
2.0,-2.1306838989257812
26.11111111111111,19.308197021484375
-0.1111111111111111,-3.1778335571289062
-0.7777777777777778,-2.498828649520874
-11.0,-10.875700950622559
4.222222222222222,3.1438510417938232
-1.7777777777777777,-1.4592052698135376
-9.0,-7.624725341796875
-4.555555555555555,-4.910974025726318
-5.0,-10.154059410095215
0.7777777777777778,-6.328401565551758
-3.333333333333333,-7.017070770263672
-3.111111111111111,-3.0318658351898193
5.0,1.944886326789856
-1.2222222222222223,-2.589437246322632
-7.555555555555555,-6.833383083343506
-3.4444444444444446,0.033236950635910034
-7.555555555555555,-8.720173835754395
-8.444444444444445,-6.499539852142334
-2.555555555555556,-5.1503400802612305
-2.2222222222222223,-0.24651598930358887
-3.4444444444444446,-4.135249614715576
4.888888888888889,2.871640920639038
4.111111111111111,-4.3752665519714355
-11.22222222222222,-6.883191108703613
-5.0,-7.657698154449463
0.8888888888888888,-2.4981088638305664
-0.7777777777777778,-5.194180965423584
-5.444444444444445,-3.6668319702148438
-9.11111111111111,-4.454208850860596
-0.8888888888888888,2.804774045944214
-2.0,-3.643385887145996
-2.6666666666666665,-2.2163028717041016
21.55555555555556,13.076346397399902
11.77777777777778,5.60517692565918
14.88888888888889,12.545808792114258
-0.8888888888888888,0.811454176902771
1.4444444444444444,-0.11924630403518677
-2.7777777777777777,-1.757462739944458
-2.7777777777777777,-0.8085339665412903
-8.777777777777779,1.0875883102416992
-3.555555555555556,-5.58245849609375
-9.444444444444445,-4.4399333000183105
2.0,0.5986617803573608
-7.0,-2.123037338256836
0.1111111111111111,1.8620420694351196
-5.888888888888889,-2.4989829063415527
-11.444444444444445,-3.046229600906372
-5.777777777777778,-2.708387851715088
-0.4444444444444444,-11.249580383300781
-1.7777777777777777,6.136996269226074
-1.4444444444444444,-0.23635876178741455
-4.333333333333333,-4.176240921020508
-8.555555555555555,-7.117619037628174
-8.222222222222221,-0.9511997699737549
0.4444444444444444,0.8109350204467773
-4.555555555555555,-2.663517951965332
-6.0,-1.2866438627243042
-1.0,-8.148578643798828
-4.333333333333333,-3.525235652923584
-4.111111111111111,0.3381378948688507
16.0,15.061363220214844
-3.4444444444444446,1.9896416664123535
-3.111111111111111,-3.865316390991211
10.77777777777778,12.377692222595215
8.222222222222221,6.369141101837158
0.3333333333333333,1.167211651802063
0.2222222222222222,0.07580900192260742
-14.88888888888889,-2.3186192512512207
3.333333333333333,12.282470703125
1.0,-1.3505682945251465
0.6666666666666666,-3.711954355239868
-4.333333333333333,-4.924715042114258
0.3333333333333333,-1.0318852663040161
-4.444444444444445,3.4982717037200928
0.2222222222222222,-3.0601212978363037
5.222222222222222,-0.17498236894607544
-2.7777777777777777,-0.7709270715713501
-2.0,0.022507905960083008
28.444444444444443,26.501001358032227
-6.0,-2.6491942405700684
-6.666666666666667,-0.3927353620529175
-3.888888888888889,-2.265774726867676
-10.11111111111111,-6.047435760498047
-4.777777777777778,2.1656577587127686
1.4444444444444444,-2.9620141983032227
-5.0,-5.839547634124756
0.1111111111111111,-2.7520010471343994
-6.444444444444445,-4.610192775726318
-2.333333333333333,-5.3392653465271
-1.6666666666666667,-4.306980133056641
-4.111111111111111,-1.4300440549850464
-10.0,-5.043396949768066
2.7777777777777777,1.281172513961792
-1.5555555555555556,-3.4959142208099365
-4.666666666666667,-4.558975696563721
-5.444444444444445,-2.330958127975464
2.0,8.836784362792969
-6.222222222222222,3.3257229328155518
-10.11111111111111,-2.352149248123169
9.555555555555555,0.8388988971710205
-10.0,-7.826684951782227
-6.444444444444445,-0.2555397152900696
0.8888888888888888,-7.7876811027526855
-0.5555555555555556,-1.8640618324279785
-1.8888888888888888,-1.3053958415985107
3.888888888888889,-3.0954604148864746
3.333333333333333,-4.401429176330566
17.0,4.9652323722839355
-0.7777777777777778,-2.8510072231292725
-3.2222222222222223,-3.31612229347229
-4.777777777777778,-9.959756851196289
-3.2222222222222223,-3.4881269931793213
-4.222222222222222,-4.593386650085449
-9.11111111111111,2.6150996685028076
-6.333333333333333,-7.072909832000732
-4.666666666666667,-0.654225766658783
9.444444444444445,2.9962868690490723
1.6666666666666667,-3.332218885421753
-3.0,-1.2458736896514893
-5.444444444444445,-5.42446231842041
2.111111111111111,1.2068202495574951
-5.888888888888889,2.9498462677001953
-1.8888888888888888,-3.7549026012420654
-4.777777777777778,-5.352519512176514
2.111111111111111,-3.5794572830200195
0.5555555555555556,-8.383991241455078
-3.111111111111111,-5.1663360595703125
-11.88888888888889,-11.140806198120117
-0.6666666666666666,-0.8248466849327087
12.11111111111111,4.26488733291626
-0.5555555555555556,-3.960233211517334
0.6666666666666666,0.3405609130859375
-4.888888888888889,-3.413853883743286
-3.111111111111111,-4.277073860168457
-2.2222222222222223,-3.2764177322387695
-3.2222222222222223,-4.598148345947266
-6.888888888888889,-10.516831398010254
3.4444444444444446,-0.05319291353225708
24.11111111111111,11.032508850097656
-0.8888888888888888,-0.8264837861061096
0.8888888888888888,-5.264855861663818
-6.555555555555555,-3.504487991333008
-1.3333333333333333,-6.720871448516846
-4.111111111111111,-3.670255422592163
9.666666666666666,0.10702568292617798
5.111111111111111,1.6296002864837646
4.333333333333333,-2.370779275894165
0.4444444444444444,5.727291584014893
-15.444444444444445,-6.849956512451172
-7.0,-1.579236388206482
1.7777777777777777,0.5664801597595215
6.777777777777778,2.425811767578125
8.0,0.07056567072868347
4.777777777777778,7.122313022613525
19.55555555555556,15.51516342163086
-6.777777777777778,-4.467529773712158
-7.222222222222222,-3.700161933898926
0.1111111111111111,-7.837972640991211
-0.4444444444444444,-3.4805099964141846
-3.555555555555556,-5.38271427154541
10.444444444444445,8.154278755187988
3.4444444444444446,3.422355890274048
-0.1111111111111111,6.0976643562316895
-7.666666666666667,-2.8743607997894287
0.1111111111111111,-0.18363618850708008
-3.333333333333333,-5.6770219802856445
-4.222222222222222,0.052520036697387695
-0.7777777777777778,-1.3762356042861938
-11.666666666666666,-7.540450096130371
-2.333333333333333,-1.0050164461135864
-0.3333333333333333,-5.658236503601074
17.88888888888889,8.282299995422363
32.55555555555556,29.11761474609375
-11.0,0.16547203063964844
-4.0,-2.9773154258728027
-6.777777777777778,-0.6705805063247681
-15.333333333333334,-4.326314926147461
-7.666666666666667,0.09172022342681885
-3.555555555555556,-2.6641042232513428
-2.7777777777777777,-2.3658840656280518
0.1111111111111111,0.12512484192848206
38.11111111111112,30.2731990814209
-8.0,-1.82572340965271
-4.222222222222222,-4.768627643585205
0.0,-2.274728298187256
23.55555555555556,30.146381378173828
1.7777777777777777,-7.613651752471924
-2.7777777777777777,-1.8234480619430542
-5.777777777777778,-6.806518077850342
7.333333333333333,9.185066223144531
-6.555555555555555,-6.564356327056885
-9.333333333333334,-1.0585054159164429
5.111111111111111,0.34981203079223633
-5.444444444444445,-3.332334280014038
3.6666666666666665,0.8168947696685791
-6.555555555555555,-6.329176902770996
19.444444444444443,22.334035873413086
-4.777777777777778,-4.965237617492676
4.888888888888889,0.7349324822425842
-3.2222222222222223,-4.424042224884033
-1.6666666666666667,0.4625977873802185
-7.555555555555555,-1.1903477907180786
-3.4444444444444446,-3.99056077003479
1.5555555555555556,7.186310768127441
-7.555555555555555,-7.448399543762207
-13.333333333333334,-12.785049438476562
-5.0,-7.025891304016113
-3.111111111111111,4.361878871917725
-8.777777777777779,-1.7007701396942139
-1.1111111111111112,0.11281788349151611
1.8888888888888888,-0.07958835363388062
-6.222222222222222,-5.745040416717529
-0.1111111111111111,-4.103030204772949
4.0,4.730281829833984
-18.22222222222222,-4.790457725524902
-1.7777777777777777,-4.213099479675293
-13.333333333333334,-9.281930923461914
-7.666666666666667,-5.475743770599365
-1.6666666666666667,-1.9808409214019775
-4.444444444444445,-1.2820494174957275
-11.444444444444445,-4.772345066070557
2.888888888888889,-4.01573371887207
27.0,27.151813507080078
1.8888888888888888,0.17719030380249023
-8.88888888888889,-1.1920318603515625
-4.888888888888889,-1.3232743740081787
-5.888888888888889,-5.264974117279053
-3.6666666666666665,-2.4189352989196777
9.555555555555555,19.79847526550293
-1.6666666666666667,-5.091182231903076
0.8888888888888888,-3.4958274364471436
-13.666666666666666,-8.640024185180664
-3.555555555555556,-0.24548211693763733
-1.6666666666666667,-1.4423595666885376
8.88888888888889,10.631112098693848
-4.888888888888889,-4.412319183349609
-3.888888888888889,-4.803110599517822
-9.88888888888889,-5.819410800933838
-1.5555555555555556,-7.086374759674072
7.666666666666667,5.119716644287109
3.7777777777777777,-0.7736234664916992
12.666666666666666,-8.262128829956055
-4.555555555555555,-8.109925270080566
13.555555555555555,15.964034080505371
6.777777777777778,-3.4861395359039307
-9.11111111111111,-8.674370765686035
-2.555555555555556,-4.892346382141113
-1.4444444444444444,-2.6429731845855713
-6.222222222222222,-4.612642765045166
-7.555555555555555,-4.9415483474731445
1.0,1.0288667678833008
-1.4444444444444444,0.9416970014572144
-9.88888888888889,-7.048436641693115
1.2222222222222223,1.583422303199768
2.2222222222222223,-4.042115688323975
1.2222222222222223,-1.7200672626495361
8.444444444444445,-3.1016170978546143
0.8888888888888888,-5.36769437789917
-10.444444444444445,-4.836170196533203
4.444444444444445,-1.733766794204712
-1.6666666666666667,-0.9480581283569336
-3.888888888888889,-3.9663779735565186
3.2222222222222223,-0.5507031679153442
-5.666666666666667,2.5099198818206787
-9.0,-4.355274200439453
8.777777777777779,12.771234512329102
1.5555555555555556,-7.9929399490356445
-2.555555555555556,-4.312715530395508
4.777777777777778,2.244753122329712
-16.11111111111111,-6.571516036987305
-5.555555555555555,-2.9058072566986084
-1.8888888888888888,-5.485992431640625
25.11111111111111,16.35442352294922
-2.555555555555556,-5.380774974822998
-12.0,-3.591419219970703
-10.333333333333334,-5.676689624786377
-7.333333333333333,-5.419293403625488
0.0,-3.3623061180114746
1.8888888888888888,1.2028729915618896
1.4444444444444444,1.4481151103973389
19.55555555555556,1.3647072315216064
-5.222222222222222,0.04364398121833801
0.3333333333333333,-0.18359482288360596
1.1111111111111112,-1.7951856851577759
25.666666666666668,9.859423637390137
-3.0,-0.5802090764045715
3.555555555555556,-0.22231149673461914
4.222222222222222,2.093860149383545
1.7777777777777777,-3.4586620330810547
31.444444444444443,-6.3137054443359375
19.33333333333333,0.41645920276641846
-1.6666666666666667,-2.1908810138702393
1.5555555555555556,2.285787582397461
7.222222222222222,0.8371422290802002
-3.7777777777777777,-4.579057216644287
-1.6666666666666667,-4.748237133026123
0.2222222222222222,-2.428694725036621
3.7777777777777777,-3.116058349609375
-2.0,-2.1482274532318115
1.6666666666666667,-2.5560169219970703
1.3333333333333333,-0.05632835626602173
0.1111111111111111,2.035653591156006
-1.0,-2.773620367050171
7.0,3.4552927017211914
-3.111111111111111,-0.8143165111541748
9.11111111111111,-0.7792312502861023
3.6666666666666665,-1.2620958089828491
-4.888888888888889,0.8222237229347229
-1.6666666666666667,-0.8112203478813171
-3.555555555555556,-5.804538726806641
-1.4444444444444444,-0.0009349584579467773
-15.0,-4.437844276428223
1.0,-1.476865291595459
5.333333333333333,1.6660139560699463
5.444444444444445,4.439087867736816
-3.0,-3.165461778640747
-2.333333333333333,11.369303703308105
-5.111111111111111,-5.291282653808594
-3.6666666666666665,-2.3223750591278076
2.7777777777777777,1.3587005138397217
-8.777777777777779,-5.788830280303955
2.333333333333333,-0.7581976652145386
3.4444444444444446,4.082645416259766
12.333333333333334,12.052282333374023
-1.0,0.8378294706344604
1.6666666666666667,2.0376369953155518
-1.1111111111111112,4.572626113891602
-5.0,-2.8520548343658447
-5.222222222222222,-2.3689005374908447
-4.777777777777778,-6.459692001342773
0.5555555555555556,-0.13484984636306763
6.0,7.2244110107421875
13.77777777777778,12.591790199279785
6.666666666666667,-0.663629412651062
-1.0,-1.441167950630188
-3.7777777777777777,2.206857919692993
-5.777777777777778,-0.754926860332489
-3.555555555555556,-3.586256265640259
0.2222222222222222,-0.11165022850036621
-3.888888888888889,9.014022827148438
-3.0,-4.409337043762207
-5.888888888888889,-1.664015293121338
5.0,14.839826583862305
-10.666666666666666,-7.460517883300781
-3.333333333333333,-4.924361228942871
-9.666666666666666,-2.9932117462158203
2.7777777777777777,-1.6063926219940186
-7.333333333333333,-2.9836294651031494
19.22222222222222,18.048437118530273
-12.333333333333334,-4.485962390899658
-5.0,-4.993410587310791
-3.555555555555556,-4.940219402313232
-13.666666666666666,-11.764408111572266
6.777777777777778,11.21044635772705
1.3333333333333333,1.857596516609192
48.22222222222222,0.4564545750617981
3.2222222222222223,-4.372089862823486
-4.0,2.914067268371582
10.77777777777778,3.3165650367736816
-4.555555555555555,-0.6457623243331909
10.333333333333334,5.4181389808654785
0.8888888888888888,-0.9066131114959717
-5.111111111111111,-5.384760856628418
5.0,-0.36930418014526367
-25.77777777777778,-5.956748962402344
-6.777777777777778,-3.095806837081909
6.111111111111111,11.194510459899902
-9.22222222222222,-5.8122406005859375
-5.111111111111111,-3.7903823852539062
1.7777777777777777,-3.4647927284240723
4.777777777777778,1.073922038078308
16.11111111111111,5.085951805114746
-0.8888888888888888,-4.050430774688721
-2.888888888888889,-6.128190994262695
4.666666666666667,1.6680742502212524
-3.2222222222222223,2.349635601043701
11.0,9.117741584777832
6.777777777777778,1.6866034269332886
-3.2222222222222223,-4.0595011711120605
5.111111111111111,2.082812786102295
-10.22222222222222,-4.326238632202148
2.333333333333333,-2.8598833084106445
2.2222222222222223,-4.707726955413818
-14.77777777777778,-5.243175983428955
0.8888888888888888,1.0617249011993408
-8.777777777777779,-4.137022972106934
2.888888888888889,-0.9085962772369385
-5.333333333333333,-5.729669094085693
-2.0,-4.233842849731445
0.1111111111111111,-2.2741165161132812
-1.0,-3.7119932174682617
1.2222222222222223,2.177318811416626
11.444444444444445,0.6795763373374939
-2.0,-5.401793479919434
-1.4444444444444444,1.9418808221817017
-5.333333333333333,-5.205104351043701
-4.777777777777778,-2.2302870750427246
-2.7777777777777777,-1.3137733936309814
4.333333333333333,5.628344535827637
-0.8888888888888888,-5.909677982330322
7.222222222222222,0.9635006189346313
-6.777777777777778,-4.890671730041504
28.22222222222222,19.327423095703125
6.555555555555555,4.012868881225586
0.8888888888888888,4.389298439025879
-6.555555555555555,-2.4121830463409424
1.3333333333333333,1.9616552591323853
-1.5555555555555556,-0.05693608522415161
0.7777777777777778,-0.6021085977554321
-1.2222222222222223,3.4756100177764893
-7.333333333333333,-6.4324421882629395
-4.333333333333333,-2.3007304668426514
-0.6666666666666666,-1.6249220371246338
-3.2222222222222223,-3.0695929527282715
-8.11111111111111,-0.5981036424636841
6.666666666666667,-1.5665969848632812
-4.777777777777778,-2.833097457885742
-7.222222222222222,-0.7658313512802124
-4.222222222222222,-4.048654079437256
3.888888888888889,1.022157907485962
1.7777777777777777,-2.36858868598938
-2.7777777777777777,-3.8922531604766846
0.4444444444444444,1.354732632637024
-7.666666666666667,-3.6267876625061035
10.0,5.410983085632324
2.0,1.220748782157898
1.4444444444444444,-2.2976341247558594
3.2222222222222223,5.2069926261901855
-6.111111111111111,-2.76255464553833
-2.0,1.947763204574585
-6.888888888888889,-7.065829753875732
6.222222222222222,3.002476453781128
-5.111111111111111,-2.2819008827209473
-3.4444444444444446,-3.4461843967437744
-3.333333333333333,-3.310159921646118
0.5555555555555556,1.9680795669555664
-7.222222222222222,-7.7131500244140625
2.111111111111111,3.886483907699585
-1.6666666666666667,-0.19243323802947998
19.88888888888889,15.688238143920898
-5.666666666666667,-1.467749834060669
0.1111111111111111,0.8178558349609375
0.0,-0.7108119130134583
-1.4444444444444444,1.0135772228240967
-1.4444444444444444,1.1917598247528076
1.1111111111111112,-1.028302550315857
-1.4444444444444444,-2.8987314701080322
-4.777777777777778,-5.30341100692749
-16.88888888888889,-7.957659721374512
-3.2222222222222223,-6.033071041107178
3.6666666666666665,-0.47754278779029846
-5.555555555555555,-2.1786139011383057
0.7777777777777778,-1.791074514389038
0.4444444444444444,-3.924572467803955
-1.3333333333333333,-3.8695895671844482
-1.5555555555555556,-1.2017149925231934
-3.2222222222222223,-3.749004364013672
14.88888888888889,11.816191673278809
-1.4444444444444444,-4.618847846984863
-0.6666666666666666,-0.565580427646637
-1.8888888888888888,1.8820886611938477
0.4444444444444444,-6.079833984375
-6.0,-5.880034446716309
-47.22222222222222,-2.804299831390381
40.55555555555556,26.561748504638672
-7.666666666666667,2.99088454246521
2.6666666666666665,-2.0077059268951416
-3.0,-4.833492279052734
-1.5555555555555556,0.7622941732406616
2.7777777777777777,-0.0792226791381836
-3.7777777777777777,-1.2099851369857788
-8.555555555555555,-5.062720775604248
-3.7777777777777777,1.4209659099578857
-1.7777777777777777,-1.8943812847137451
3.0,-3.7001259326934814
16.22222222222222,0.20686066150665283
-7.0,-5.5478196144104
-4.666666666666667,-4.694926738739014
4.111111111111111,3.7176129817962646
-1.4444444444444444,-0.35364797711372375
0.0,0.3363730311393738
-3.111111111111111,-4.858748435974121
1.5555555555555556,-0.9907979965209961
-1.7777777777777777,-1.8540047407150269
-6.222222222222222,2.251417875289917
-5.666666666666667,-9.106820106506348
-1.2222222222222223,-0.2575976252555847
-3.555555555555556,-4.309271812438965
-12.77777777777778,7.918485641479492
-3.0,-3.8539764881134033
-1.2222222222222223,-1.0092852115631104
-10.22222222222222,0.5994267463684082
12.444444444444445,6.453084945678711
9.22222222222222,8.964397430419922
-5.777777777777778,-5.05714225769043
-5.888888888888889,-7.161877632141113
0.3333333333333333,-3.015995740890503
3.6666666666666665,1.421037197113037
-3.0,-3.5380866527557373
-19.88888888888889,-9.767844200134277
-6.333333333333333,-2.030717372894287
-0.2222222222222222,-2.8260157108306885
-4.777777777777778,-3.9024441242218018
-3.888888888888889,-1.7927089929580688
1.4444444444444444,-5.5173234939575195
-2.888888888888889,-2.999939441680908
1.5555555555555556,3.2396256923675537
-1.7777777777777777,-4.374337673187256
-12.333333333333334,-4.353301525115967
16.11111111111111,6.780003070831299
-3.888888888888889,-2.278327465057373
-2.555555555555556,-4.830981731414795
2.888888888888889,3.121628761291504
-3.2222222222222223,-4.990416526794434
-0.6666666666666666,-2.5365097522735596
13.666666666666666,22.134071350097656
11.333333333333334,-5.79103422164917
-7.666666666666667,-6.049169063568115
-15.555555555555555,-9.73020076751709
-3.555555555555556,-4.8224568367004395
-1.4444444444444444,-3.7614681720733643
-1.6666666666666667,0.7435472011566162
-9.0,-4.202694892883301
11.666666666666666,20.659194946289062
-20.88888888888889,-0.15910840034484863
-5.777777777777778,-3.8395442962646484
3.333333333333333,1.9314491748809814
1.4444444444444444,1.2157628536224365
-3.111111111111111,-2.630042791366577
1.2222222222222223,-2.083460807800293
3.555555555555556,12.579146385192871
-9.444444444444445,-2.136111259460449
-3.0,-3.1348588466644287
-8.444444444444445,-8.513089179992676
-0.6666666666666666,0.8415663242340088
-4.555555555555555,-3.22161865234375
-2.2222222222222223,-1.7965452671051025
-0.5555555555555556,-3.9628093242645264
-4.333333333333333,-7.681999683380127
-2.4444444444444446,-2.629321575164795
-8.222222222222221,-1.3473000526428223
-0.7777777777777778,0.10429155826568604
-17.555555555555557,-9.692813873291016
1.1111111111111112,0.27943432331085205
-0.1111111111111111,-3.683556079864502
-3.888888888888889,-7.562596321105957
-5.666666666666667,-8.407326698303223
0.4444444444444444,-3.996967315673828
-11.444444444444445,-7.16876220703125
-5.777777777777778,-1.3773307800292969
-2.4444444444444446,-4.393645763397217
-1.3333333333333333,1.705657958984375
-2.888888888888889,-3.1975114345550537
-0.2222222222222222,-4.5218119621276855
3.4444444444444446,-2.7938318252563477
-15.77777777777778,-5.335141658782959
-1.8888888888888888,-4.4322075843811035
2.111111111111111,-5.869197845458984
2.888888888888889,-1.9115161895751953
4.333333333333333,-2.8025383949279785
-4.444444444444445,-8.75992202758789
16.555555555555557,19.817935943603516
0.8888888888888888,-5.065249919891357
-0.4444444444444444,-2.281622886657715
-17.0,-5.699661731719971
-1.7777777777777777,-6.134873867034912
-5.888888888888889,-7.393852710723877
5.111111111111111,5.280900478363037
-1.2222222222222223,-2.3064942359924316
3.7777777777777777,-1.7117220163345337
22.77777777777778,12.178311347961426
0.5555555555555556,10.557222366333008
4.111111111111111,-4.771466255187988
4.0,-1.105076789855957
-3.2222222222222223,0.8290584087371826
21.33333333333333,9.364500999450684
5.333333333333333,1.1951029300689697
11.11111111111111,5.937221527099609
-3.2222222222222223,1.9119012355804443
0.2222222222222222,-1.5845587253570557
-2.2222222222222223,-3.011132001876831
-24.33333333333333,-4.298168659210205
-3.333333333333333,-6.053053855895996
5.555555555555555,0.16541609168052673
2.2222222222222223,-2.5656166076660156
-0.3333333333333333,-1.4360761642456055
-0.3333333333333333,-0.6476113796234131
-0.1111111111111111,-1.1247578859329224
-3.4444444444444446,-2.539032459259033
-1.1111111111111112,-1.8418333530426025
-9.88888888888889,-0.6297295093536377
1.4444444444444444,-8.681754112243652
-5.555555555555555,-2.7486886978149414
-12.444444444444445,-3.8368189334869385
3.333333333333333,-1.2594269514083862
8.222222222222221,-1.5931594371795654
-9.555555555555555,-8.873546600341797
-0.8888888888888888,-1.3279122114181519
-2.333333333333333,-1.5686990022659302
-0.6666666666666666,-1.1225966215133667
-1.7777777777777777,-6.156199932098389
17.88888888888889,4.607769966125488
-5.888888888888889,-0.43044471740722656
-0.7777777777777778,-3.046245574951172
-3.0,-1.032509207725525
-1.2222222222222223,-2.4112908840179443
-6.555555555555555,-2.56565523147583
-5.888888888888889,6.711301803588867
1.7777777777777777,-1.2069246768951416
-8.444444444444445,-4.593684673309326
1.4444444444444444,-4.973832130432129
-0.4444444444444444,0.3270760774612427
0.1111111111111111,1.8806605339050293
-5.111111111111111,-2.19116473197937
-12.0,-5.1853179931640625
-3.333333333333333,-3.6693668365478516
-3.333333333333333,-3.1287641525268555
5.0,2.6268763542175293
-0.6666666666666666,-1.9059717655181885
3.6666666666666665,-3.9373629093170166
-6.444444444444445,-6.855345249176025
6.111111111111111,-0.7366276979446411
-6.222222222222222,-2.2776172161102295
-3.0,-4.460921287536621
-0.3333333333333333,-4.222622394561768
-3.555555555555556,0.5292624831199646
-7.333333333333333,-4.333359241485596
27.55555555555556,15.851631164550781
-8.444444444444445,-5.769504547119141
-0.1111111111111111,-4.25557279586792
2.888888888888889,-4.113583564758301
-0.5555555555555556,-2.8529422283172607
4.777777777777778,9.931180953979492
-2.6666666666666665,-1.1650816202163696
-37.888888888888886,-11.818285942077637
-0.4444444444444444,-0.9622364044189453
-6.888888888888889,4.227475166320801
-6.0,-3.530742645263672
-2.888888888888889,-2.621958017349243
4.0,0.9962431192398071
-1.4444444444444444,-1.2464230060577393
-2.555555555555556,2.108851909637451
-3.0,0.31012487411499023
1.4444444444444444,-3.6914114952087402
0.3333333333333333,-0.5889034271240234
-1.5555555555555556,-5.744866371154785
-2.888888888888889,-4.070415496826172
-5.888888888888889,-0.6472980976104736
1.7777777777777777,3.2620439529418945
-6.444444444444445,-6.6935601234436035
12.333333333333334,17.868972778320312
1.1111111111111112,5.076582908630371
-2.555555555555556,-4.762543201446533
-3.111111111111111,-8.33764362335205
-1.4444444444444444,-3.7074925899505615
-12.333333333333334,-3.7769007682800293
12.555555555555555,9.95141315460205
-6.777777777777778,-4.722692489624023
-0.8888888888888888,-0.8633347153663635
5.222222222222222,3.902311325073242
-2.111111111111111,0.243200421333313
0.0,3.775294542312622
-0.8888888888888888,-3.5438990592956543
1.4444444444444444,-0.9844411015510559
0.4444444444444444,-3.1355087757110596
1.3333333333333333,-1.1738113164901733
-6.777777777777778,-12.440471649169922
-7.777777777777778,-6.002414226531982
7.555555555555555,7.00750732421875
-24.55555555555556,-4.877960681915283
32.22222222222222,31.397676467895508
9.333333333333334,1.471193790435791
8.777777777777779,6.529134750366211
-4.777777777777778,-1.5860472917556763
-6.333333333333333,-3.97891902923584
