Score,Pred Score
-0.6666666666666666,1.1537084579467773
7.333333333333333,4.384685039520264
-0.4444444444444444,-0.9600703716278076
-4.111111111111111,-4.344803810119629
-7.333333333333333,-3.758296012878418
1.3333333333333333,4.442290782928467
-8.444444444444445,-7.377715110778809
1.6666666666666667,-3.232849597930908
3.333333333333333,-0.011556148529052734
2.111111111111111,0.9393799304962158
0.1111111111111111,-1.8731225728988647
11.22222222222222,0.8428400754928589
-3.111111111111111,-0.05947458744049072
-3.888888888888889,-7.6282172203063965
14.11111111111111,7.418928623199463
-4.444444444444445,-8.139036178588867
6.0,4.6096367835998535
12.555555555555555,13.289731979370117
-0.8888888888888888,-3.556654930114746
-4.0,-3.4291787147521973
-1.1111111111111112,-0.20830708742141724
-3.555555555555556,-7.586695194244385
-10.666666666666666,-10.998488426208496
9.11111111111111,-0.44880211353302
-1.7777777777777777,-2.4372758865356445
-3.4444444444444446,-4.46117639541626
23.22222222222222,13.207176208496094
0.8888888888888888,-1.3977351188659668
0.3333333333333333,-2.4315474033355713
-3.7777777777777777,-4.7084126472473145
2.111111111111111,0.8122360706329346
-2.2222222222222223,-3.7474758625030518
-2.2222222222222223,-2.456904649734497
3.111111111111111,5.204422950744629
0.1111111111111111,1.9648241996765137
-2.555555555555556,-3.6843299865722656
-0.2222222222222222,-0.5493397116661072
3.111111111111111,2.1914114952087402
-4.444444444444445,-2.0232059955596924
-5.222222222222222,-4.58920431137085
4.0,10.802066802978516
-4.777777777777778,-4.237317085266113
1.0,-0.45516228675842285
-4.111111111111111,1.4215755462646484
-4.777777777777778,-3.662022590637207
14.11111111111111,5.554227352142334
2.2222222222222223,2.194661855697632
-4.888888888888889,-1.7039730548858643
-6.888888888888889,-8.991068840026855
-9.444444444444445,-7.026381969451904
13.666666666666666,2.3078677654266357
3.4444444444444446,7.663516521453857
-8.222222222222221,-1.0698386430740356
5.777777777777778,0.5736778974533081
0.0,-1.2566699981689453
13.666666666666666,12.215201377868652
-1.0,1.9881603717803955
7.333333333333333,0.534187376499176
-2.888888888888889,-0.3778079152107239
-7.111111111111111,-4.241218090057373
-1.2222222222222223,-4.9504923820495605
0.0,-2.3494889736175537
-7.666666666666667,-4.963979721069336
-1.5555555555555556,-0.5528249740600586
11.88888888888889,16.157814025878906
-4.666666666666667,-2.6754369735717773
-10.333333333333334,-1.1896193027496338
-9.555555555555555,-3.915428876876831
-2.6666666666666665,-2.2666916847229004
-3.333333333333333,-4.769190788269043
1.8888888888888888,-2.5616509914398193
-5.666666666666667,-5.623690605163574
-3.888888888888889,2.494363784790039
-1.5555555555555556,1.708737850189209
-1.8888888888888888,-4.034060955047607
-7.888888888888889,-7.387449264526367
0.4444444444444444,-2.1977787017822266
3.555555555555556,2.003169536590576
-0.8888888888888888,-0.573984682559967
-5.777777777777778,-4.839230537414551
-2.888888888888889,2.4316954612731934
-2.111111111111111,-0.6621391177177429
46.333333333333336,9.133299827575684
0.8888888888888888,-1.6225395202636719
1.1111111111111112,-0.04551994800567627
0.0,0.5904804468154907
10.0,2.686004161834717
-1.1111111111111112,3.7239906787872314
8.555555555555555,-0.3094358444213867
-4.777777777777778,-1.1008529663085938
0.2222222222222222,1.8026295900344849
8.222222222222221,9.066253662109375
10.11111111111111,11.854878425598145
-2.555555555555556,1.6351258754730225
-4.888888888888889,-4.434730052947998
20.88888888888889,13.933178901672363
19.33333333333333,15.16248893737793
-1.3333333333333333,-0.04278898239135742
-4.111111111111111,-1.9711112976074219
-2.7777777777777777,-1.869173526763916
9.0,10.77079963684082
-6.111111111111111,-0.4819377660751343
-3.7777777777777777,-4.855042457580566
-5.0,-2.572554111480713
-3.0,-6.510616302490234
-6.222222222222222,-7.496795177459717
-6.333333333333333,-3.508857250213623
-1.8888888888888888,1.9045794010162354
3.111111111111111,-1.2056910991668701
-4.888888888888889,-6.426808834075928
6.777777777777778,1.551879644393921
-4.444444444444445,-4.209287166595459
7.666666666666667,7.703233242034912
0.5555555555555556,0.7567682266235352
-7.0,-2.7095160484313965
-10.0,-3.937431812286377
-0.5555555555555556,-3.638002395629883
0.1111111111111111,-5.550118446350098
-3.4444444444444446,-1.6326836347579956
6.777777777777778,6.160769939422607
-6.0,-3.232116460800171
-3.333333333333333,-5.915992736816406
8.777777777777779,5.826211929321289
-6.333333333333333,-5.718739032745361
-7.444444444444445,-7.0584893226623535
0.1111111111111111,0.077728271484375
-4.0,-4.29968786239624
6.222222222222222,5.192225456237793
-3.4444444444444446,-3.343346118927002
4.777777777777778,0.4482409954071045
-2.111111111111111,-2.685800313949585
-4.111111111111111,0.7989580035209656
11.88888888888889,2.9115753173828125
-0.5555555555555556,5.466938018798828
4.444444444444445,-0.8027913570404053
-0.3333333333333333,-4.034829616546631
-4.555555555555555,-2.608790874481201
-0.7777777777777778,-5.11614990234375
-2.2222222222222223,-3.8351833820343018
-5.222222222222222,-3.693293333053589
10.444444444444445,10.8816556930542
-3.4444444444444446,2.2010393142700195
-3.7777777777777777,-1.6350860595703125
0.2222222222222222,-0.8871204853057861
-4.0,-3.8733580112457275
-22.444444444444443,-7.47982931137085
-5.777777777777778,-5.498359680175781
-4.222222222222222,-3.5721073150634766
-2.333333333333333,-7.64013147354126
5.555555555555555,-0.18089067935943604
23.0,7.375589370727539
4.777777777777778,4.478229999542236
-18.88888888888889,-8.166921615600586
-10.22222222222222,-10.066856384277344
5.222222222222222,3.686173677444458
-5.0,-3.215785264968872
7.444444444444445,6.046093940734863
6.333333333333333,5.6114583015441895
1.4444444444444444,-5.885200023651123
-0.8888888888888888,4.9400634765625
3.111111111111111,-7.823380947113037
0.5555555555555556,-5.425138473510742
-1.8888888888888888,6.329614639282227
-11.77777777777778,-5.425138473510742
-5.555555555555555,-7.2211594581604
-1.3333333333333333,-2.207064151763916
-1.8888888888888888,-3.7769758701324463
0.0,4.756534099578857
0.8888888888888888,1.7027215957641602
5.0,5.40022087097168
2.4444444444444446,0.6853629350662231
-0.1111111111111111,-0.5881592035293579
2.111111111111111,0.15506118535995483
-0.2222222222222222,3.3981640338897705
19.444444444444443,24.38922882080078
3.7777777777777777,6.0757246017456055
-3.111111111111111,-3.414431571960449
7.555555555555555,10.907214164733887
1.5555555555555556,-1.448256015777588
-1.1111111111111112,-2.109071731567383
-1.6666666666666667,-4.928478240966797
3.111111111111111,7.3050055503845215
-1.6666666666666667,1.847038984298706
1.3333333333333333,-5.802953243255615
-10.555555555555555,-3.6210269927978516
-5.333333333333333,-2.1103644371032715
-0.8888888888888888,-3.6672685146331787
-6.111111111111111,-3.6871728897094727
-12.333333333333334,-6.422191143035889
-6.111111111111111,-5.2340779304504395
-6.111111111111111,-5.496603488922119
-10.22222222222222,-4.8357086181640625
4.444444444444445,-0.5085576772689819
-2.555555555555556,1.2387802600860596
-8.777777777777779,-3.2328035831451416
-14.555555555555555,-7.288087844848633
-15.0,-1.1245007514953613
31.33333333333333,25.016626358032227
-20.11111111111111,0.31260567903518677
-3.4444444444444446,-3.5776281356811523
-0.1111111111111111,4.559431076049805
-1.3333333333333333,2.8962137699127197
1.6666666666666667,2.6150898933410645
-4.888888888888889,-3.3610031604766846
2.333333333333333,-4.568166255950928
-13.333333333333334,-11.097684860229492
0.5555555555555556,-2.5344672203063965
1.2222222222222223,3.476299524307251
-8.777777777777779,-0.6727259159088135
-0.2222222222222222,0.8716515302658081
3.2222222222222223,2.303539991378784
-2.7777777777777777,-4.4433488845825195
-3.333333333333333,-9.596517562866211
-5.0,-4.918499946594238
-3.333333333333333,-2.5171897411346436
-6.777777777777778,-4.240930557250977
1.0,-2.18005633354187
-4.444444444444445,-2.5286154747009277
-2.111111111111111,-0.9321497678756714
-20.55555555555556,-11.477984428405762
3.333333333333333,-1.6174123287200928
-4.777777777777778,-2.7384135723114014
-1.4444444444444444,-2.795548439025879
-9.11111111111111,-5.711177825927734
-12.666666666666666,-10.104850769042969
-21.11111111111111,-2.793942928314209
3.555555555555556,-7.186500549316406
-4.777777777777778,-3.9905195236206055
-5.888888888888889,-7.524358749389648
-7.555555555555555,-1.5743277072906494
-3.555555555555556,-3.492635488510132
3.0,-2.3151352405548096
4.0,3.037774085998535
-5.333333333333333,-1.391613483428955
17.444444444444443,13.491921424865723
-11.77777777777778,-8.888958930969238
-4.888888888888889,-2.2563164234161377
6.444444444444445,-1.659012794494629
4.0,1.8489563465118408
-9.88888888888889,-10.416254043579102
15.77777777777778,11.472917556762695
0.6666666666666666,-1.6184072494506836
-9.444444444444445,-4.2456817626953125
-1.7777777777777777,-5.418708324432373
2.333333333333333,9.251983642578125
-4.222222222222222,-3.7207303047180176
-8.11111111111111,-6.183902740478516
1.8888888888888888,2.286179304122925
-12.555555555555555,-8.773970603942871
5.444444444444445,3.2594566345214844
-3.111111111111111,-3.515583038330078
-2.555555555555556,-3.256720781326294
5.666666666666667,0.4580512046813965
1.4444444444444444,-0.1329403519630432
-3.0,-3.4308865070343018
-0.1111111111111111,-0.5599982738494873
1.1111111111111112,-5.060238838195801
-0.8888888888888888,-1.6302835941314697
-7.333333333333333,-0.021363377571105957
-13.77777777777778,2.4672157764434814
0.7777777777777778,0.7541011571884155
-2.6666666666666665,-1.7513153553009033
-19.55555555555556,-7.487679958343506
5.0,0.9147773385047913
-2.2222222222222223,1.3687763214111328
1.0,-0.232050359249115
-3.0,2.563666343688965
-3.888888888888889,-0.7922285795211792
-3.4444444444444446,-4.683964729309082
5.0,6.5779523849487305
19.22222222222222,11.138864517211914
-2.4444444444444446,-3.1698715686798096
6.222222222222222,-4.352693557739258
-5.333333333333333,-3.545668363571167
-10.77777777777778,-2.5164382457733154
0.0,-2.005833625793457
1.8888888888888888,3.10558819770813
21.55555555555556,13.150337219238281
-7.777777777777778,-9.403982162475586
-7.222222222222222,-4.3028340339660645
-1.7777777777777777,-5.2152509689331055
5.444444444444445,-0.6382186412811279
-3.888888888888889,-8.607917785644531
-8.222222222222221,-1.5001542568206787
6.111111111111111,2.8131661415100098
2.7777777777777777,-2.082961082458496
-6.333333333333333,-2.6332597732543945
0.2222222222222222,-2.3053057193756104
-7.777777777777778,-2.415471315383911
1.2222222222222223,-3.301730155944824
3.4444444444444446,1.1803454160690308
-2.888888888888889,-4.871405601501465
14.88888888888889,13.03233814239502
-1.7777777777777777,-3.582463264465332
-3.888888888888889,-1.6719532012939453
-5.777777777777778,1.0091702938079834
27.11111111111111,12.302515029907227
1.7777777777777777,2.4809935092926025
0.3333333333333333,-1.6093114614486694
-12.77777777777778,-18.146562576293945
27.88888888888889,24.128978729248047
-4.222222222222222,-6.144360065460205
-1.2222222222222223,1.5490871667861938
-3.0,-2.2173101902008057
3.6666666666666665,5.244004726409912
-1.5555555555555556,-0.6432814598083496
-4.222222222222222,-1.0184845924377441
-0.7777777777777778,-0.0067386627197265625
6.777777777777778,13.364944458007812
-0.7777777777777778,0.47731316089630127
-8.777777777777779,-7.936025142669678
0.2222222222222222,-0.9534435272216797
-0.2222222222222222,3.7587504386901855
-8.0,0.5947948098182678
-4.333333333333333,-4.239010810852051
-3.0,-1.590296983718872
-7.666666666666667,-2.2350645065307617
1.1111111111111112,0.33908942341804504
-0.5555555555555556,-4.566586494445801
-2.111111111111111,-6.596471786499023
-7.555555555555555,-3.984666109085083
17.666666666666668,8.02974796295166
-8.11111111111111,-10.505646705627441
19.55555555555556,11.86209774017334
-6.555555555555555,-0.47792482376098633
10.555555555555555,2.314560890197754
-14.444444444444445,-8.891491889953613
6.666666666666667,0.07381927967071533
-3.888888888888889,0.45868897438049316
-6.333333333333333,-0.6790493726730347
-6.666666666666667,-5.1317338943481445
-4.444444444444445,-5.882645130157471
-2.111111111111111,-6.1367316246032715
-10.333333333333334,-7.192008972167969
-6.111111111111111,-4.6502838134765625
20.666666666666668,20.60589027404785
-5.444444444444445,-5.926951885223389
7.555555555555555,4.450328350067139
-1.4444444444444444,-5.431344032287598
-7.222222222222222,-0.6729997992515564
-3.111111111111111,-1.9180469512939453
-3.555555555555556,-4.623685836791992
-2.4444444444444446,-1.4011685848236084
-1.1111111111111112,-2.4966301918029785
-7.555555555555555,-4.737586498260498
10.11111111111111,10.14675235748291
-1.4444444444444444,-3.502668857574463
-2.333333333333333,-2.1221799850463867
-1.6666666666666667,-1.125559687614441
8.88888888888889,13.132579803466797
-3.888888888888889,-4.004039287567139
-6.222222222222222,-5.078670024871826
-11.88888888888889,-10.011687278747559
-1.5555555555555556,0.5634175539016724
7.111111111111111,7.4574432373046875
4.666666666666667,-1.644044041633606
2.4444444444444446,1.187106728553772
1.5555555555555556,-7.6196112632751465
3.333333333333333,-0.4820295572280884
-10.11111111111111,-8.436746597290039
-8.444444444444445,-4.559759140014648
-2.555555555555556,-4.474941253662109
2.4444444444444446,-0.22050327062606812
2.888888888888889,0.8886004686355591
-4.111111111111111,-8.056785583496094
-10.444444444444445,-4.827478408813477
17.666666666666668,10.152985572814941
27.77777777777778,16.882389068603516
-1.7777777777777777,-0.3832402229309082
11.88888888888889,1.8793777227401733
0.5555555555555556,0.41407322883605957
6.444444444444445,2.4624855518341064
-4.0,-9.389593124389648
-7.444444444444445,-8.233838081359863
-4.555555555555555,-1.176277756690979
12.333333333333334,11.949978828430176
6.0,11.145722389221191
-2.0,-7.988536834716797
1.6666666666666667,-3.747004270553589
17.333333333333332,11.25931167602539
10.11111111111111,8.336945533752441
-1.2222222222222223,0.5106549263000488
5.666666666666667,7.499588966369629
-3.0,-6.74463415145874
-0.2222222222222222,-6.711666107177734
6.888888888888889,6.5496625900268555
1.4444444444444444,0.9997380971908569
-1.2222222222222223,-3.356712818145752
-2.333333333333333,-3.8084120750427246
-7.888888888888889,-9.259688377380371
20.22222222222222,11.651995658874512
-6.111111111111111,2.6288442611694336
-12.444444444444445,-5.034768581390381
-7.888888888888889,-1.6196703910827637
1.2222222222222223,-3.3286778926849365
-2.888888888888889,-4.364184379577637
-17.333333333333332,-11.970022201538086
0.0,3.5650582313537598
5.222222222222222,3.056492567062378
5.111111111111111,-3.032381057739258
-5.444444444444445,-5.679862022399902
10.22222222222222,-0.8858480453491211
-1.6666666666666667,-1.319881796836853
-4.444444444444445,-0.5757231712341309
18.11111111111111,15.863067626953125
-4.777777777777778,-3.1172540187835693
5.333333333333333,3.6067254543304443
-2.555555555555556,-1.458858847618103
5.888888888888889,12.462054252624512
8.11111111111111,0.7986944913864136
-0.4444444444444444,2.173322916030884
-5.444444444444445,-6.928377151489258
-0.6666666666666666,-1.60110342502594
-5.444444444444445,-7.399428844451904
-17.0,-9.455997467041016
-1.0,1.0912060737609863
2.333333333333333,2.1865615844726562
0.2222222222222222,-2.0323781967163086
-2.7777777777777777,-1.189892292022705
-6.777777777777778,-5.224019527435303
0.4444444444444444,3.5463922023773193
0.6666666666666666,-1.9134869575500488
-0.7777777777777778,2.4444077014923096
-7.555555555555555,-4.516076564788818
-7.333333333333333,-4.177248954772949
-12.77777777777778,-7.128136157989502
0.2222222222222222,1.2811483144760132
9.77777777777778,8.326770782470703
-6.222222222222222,-1.5046648979187012
-4.888888888888889,-5.515991687774658
-10.11111111111111,-7.1621198654174805
-8.777777777777779,-8.837709426879883
-2.111111111111111,-1.61764395236969
1.6666666666666667,3.1061012744903564
-0.7777777777777778,1.669245958328247
-0.1111111111111111,-0.8351705074310303
-0.5555555555555556,-0.5894249677658081
-6.666666666666667,-0.3293452262878418
-9.88888888888889,-3.2828853130340576
-8.666666666666666,-7.578583240509033
0.6666666666666666,-0.774022102355957
-0.7777777777777778,-1.8523950576782227
0.3333333333333333,-2.146090030670166
1.3333333333333333,-0.08857452869415283
-2.2222222222222223,-4.639373302459717
-6.444444444444445,-0.643647313117981
2.4444444444444446,0.6994370222091675
-5.555555555555555,-7.243270397186279
-8.444444444444445,-3.0814034938812256
15.0,4.478682518005371
2.2222222222222223,3.1557204723358154
2.6666666666666665,-2.6746041774749756
-2.7777777777777777,-2.703925848007202
-5.222222222222222,-5.678632736206055
-8.555555555555555,-4.047624588012695
-3.0,-3.635281801223755
-1.6666666666666667,-7.713637351989746
-1.0,1.8644158840179443
-0.4444444444444444,2.681131362915039
37.11111111111112,16.10114860534668
-4.444444444444445,-5.806530475616455
0.5555555555555556,-1.6477514505386353
-16.0,-7.895057678222656
-10.22222222222222,-10.664422035217285
-2.333333333333333,-2.3789217472076416
-4.333333333333333,-2.7064146995544434
-1.8888888888888888,-0.8451052904129028
-4.777777777777778,-3.6612515449523926
-8.666666666666666,-3.7420003414154053
0.5555555555555556,-0.2791088819503784
17.333333333333332,16.61193084716797
1.5555555555555556,1.5186257362365723
-4.222222222222222,-0.08297109603881836
-6.111111111111111,-1.3659206628799438
6.222222222222222,2.9072647094726562
-1.3333333333333333,0.06976079940795898
6.333333333333333,2.7870960235595703
9.444444444444445,2.4089553356170654
-0.1111111111111111,-2.083552837371826
-6.0,-2.167083263397217
-4.666666666666667,-5.374617099761963
-6.666666666666667,-0.8219034671783447
12.77777777777778,7.95288610458374
0.2222222222222222,-4.316192150115967
-14.555555555555555,-2.3336174488067627
-9.333333333333334,-3.780534505844116
2.6666666666666665,-4.030494689941406
-1.3333333333333333,-5.550107002258301
-12.555555555555555,-2.0585055351257324
-8.777777777777779,-9.297066688537598
2.6666666666666665,1.9440038204193115
-7.222222222222222,-8.820657730102539
2.6666666666666665,1.4440970420837402
-6.444444444444445,-2.3546524047851562
-42.55555555555556,-15.19394302368164
4.777777777777778,2.314824342727661
0.5555555555555556,-3.8660097122192383
-9.666666666666666,-9.0809965133667
9.77777777777778,12.764913558959961
9.444444444444445,4.774414539337158
-2.7777777777777777,1.5206915140151978
2.0,2.289994955062866
-2.111111111111111,-5.3847808837890625
-10.666666666666666,-7.753897666931152
-3.888888888888889,-5.260288715362549
-0.6666666666666666,-8.269732475280762
-6.111111111111111,-2.4410781860351562
-2.555555555555556,2.974220037460327
-5.444444444444445,-1.7676053047180176
-3.6666666666666665,-7.129445552825928
2.555555555555556,4.119970321655273
4.333333333333333,1.9807909727096558
-5.555555555555555,-4.69783353805542
-0.6666666666666666,-2.225186347961426
-1.6666666666666667,-1.1844111680984497
1.5555555555555556,-5.652413368225098
-8.0,-4.737791061401367
1.2222222222222223,-0.06592735648155212
12.333333333333334,8.478541374206543
0.4444444444444444,-6.757267475128174
0.2222222222222222,-4.718273639678955
0.4444444444444444,2.6797659397125244
0.1111111111111111,-3.0994133949279785
0.3333333333333333,1.518039584159851
1.2222222222222223,0.12140774726867676
-1.4444444444444444,-6.585616588592529
2.888888888888889,-4.245687007904053
14.88888888888889,14.138402938842773
0.1111111111111111,-1.986363172531128
-4.888888888888889,-1.7762656211853027
19.55555555555556,17.408588409423828
-3.7777777777777777,-3.5947022438049316
-2.7777777777777777,-3.079707384109497
-4.0,-6.2257466316223145
-4.111111111111111,0.3510311245918274
-0.1111111111111111,-8.161900520324707
2.333333333333333,-2.512417793273926
0.6666666666666666,6.196551322937012
1.0,-4.435976028442383
-5.111111111111111,-1.1551764011383057
-1.2222222222222223,3.281733751296997
-3.111111111111111,-5.783099174499512
-16.333333333333332,-6.131210803985596
-7.555555555555555,-3.359137535095215
-7.777777777777778,-10.903875350952148
-1.5555555555555556,-1.8015748262405396
-7.333333333333333,-6.320959091186523
1.1111111111111112,1.730095386505127
3.333333333333333,-1.9872506856918335
-6.444444444444445,-2.3186488151550293
-6.0,-0.6570460796356201
-1.7777777777777777,-1.5266886949539185
3.2222222222222223,5.603829860687256
1.0,-1.4823613166809082
-8.0,-3.9665615558624268
0.4444444444444444,-0.18446432054042816
1.8888888888888888,-0.3932194709777832
8.88888888888889,-0.042099595069885254
-0.5555555555555556,-5.571016311645508
-8.444444444444445,-3.6579556465148926
0.4444444444444444,-5.710150241851807
-2.7777777777777777,-3.257007360458374
-3.6666666666666665,-5.65690803527832
-5.222222222222222,-3.5709872245788574
-10.555555555555555,-7.463107109069824
0.6666666666666666,-0.2672785520553589
8.0,1.6956775188446045
0.2222222222222222,1.0114127397537231
-2.6666666666666665,-2.9485855102539062
-5.111111111111111,-2.5509064197540283
-9.333333333333334,-9.187090873718262
-0.3333333333333333,-1.3007715940475464
2.6666666666666665,-1.6030597686767578
-8.88888888888889,-5.837245464324951
-5.555555555555555,-9.157166481018066
1.5555555555555556,-2.303280830383301
-4.444444444444445,-2.8290858268737793
-8.0,-2.095067024230957
5.222222222222222,2.3259365558624268
-1.8888888888888888,-2.9651200771331787
-7.555555555555555,-4.4080657958984375
4.0,4.696644306182861
0.1111111111111111,-2.148854970932007
1.4444444444444444,0.5087935924530029
-2.0,-0.5587502717971802
-2.7777777777777777,2.152285575866699
-6.555555555555555,-5.071921348571777
-8.666666666666666,-4.377307415008545
-5.0,-3.3497071266174316
-3.7777777777777777,-7.6760029792785645
9.555555555555555,3.3048105239868164
-10.22222222222222,-4.164368152618408
9.0,8.82092571258545
-2.7777777777777777,-1.5830345153808594
-1.5555555555555556,-2.477421760559082
-1.8888888888888888,0.2086855173110962
2.4444444444444446,1.5244001150131226
-5.222222222222222,-2.9620096683502197
-1.6666666666666667,-1.1429996490478516
5.888888888888889,6.649228096008301
-6.666666666666667,-5.396543979644775
-0.2222222222222222,0.52128005027771
-6.666666666666667,-6.870883941650391
-5.111111111111111,-2.21159029006958
0.3333333333333333,-3.4959285259246826
-0.4444444444444444,0.5810324549674988
-4.444444444444445,-7.923918724060059
3.4444444444444446,2.627739906311035
-0.7777777777777778,0.876754879951477
-9.555555555555555,-7.162699222564697
-5.333333333333333,0.9561352729797363
5.222222222222222,3.4864559173583984
6.444444444444445,-2.144059896469116
5.111111111111111,-2.3413124084472656
4.888888888888889,-3.39310884475708
-6.0,-1.8284482955932617
-5.666666666666667,-6.059569358825684
37.77777777777778,14.518254280090332
-7.111111111111111,-2.6215691566467285
-1.4444444444444444,-3.9109694957733154
6.777777777777778,2.6926774978637695
-9.444444444444445,-2.0051474571228027
-6.333333333333333,-9.468915939331055
-0.4444444444444444,2.0295352935791016
5.111111111111111,-1.8682819604873657
9.11111111111111,2.475023031234741
-1.7777777777777777,0.5499776601791382
-7.888888888888889,-7.8016357421875
-3.6666666666666665,-0.8096593618392944
-2.888888888888889,-1.6099433898925781
-8.0,-5.651120662689209
-2.4444444444444446,-3.6105616092681885
7.888888888888889,6.2722344398498535
-0.2222222222222222,0.8963134288787842
-0.5555555555555556,-1.3044837713241577
-2.7777777777777777,-4.975334167480469
-3.555555555555556,-1.3436250686645508
-0.5555555555555556,0.37212061882019043
-2.111111111111111,-2.3638503551483154
-1.5555555555555556,-0.7568737268447876
2.4444444444444446,2.9313857555389404
-8.11111111111111,-6.248169898986816
-0.6666666666666666,-0.9459564685821533
3.0,-1.1982656717300415
-1.4444444444444444,-1.036257266998291
9.666666666666666,1.7399747371673584
3.111111111111111,0.6295559406280518
-12.555555555555555,-3.2956790924072266
4.666666666666667,3.0976643562316895
-12.0,-12.241986274719238
-10.88888888888889,-9.402338027954102
17.11111111111111,13.840677261352539
9.22222222222222,10.84480094909668
-1.3333333333333333,-1.4208650588989258
5.666666666666667,4.993116855621338
-5.666666666666667,-1.7675645351409912
-3.888888888888889,-9.32910442352295
-8.11111111111111,-8.928993225097656
-9.444444444444445,-3.9427261352539062
-2.7777777777777777,-1.290423035621643
-5.888888888888889,5.016361713409424
8.555555555555555,-0.9033125638961792
-3.555555555555556,-2.020641565322876
2.555555555555556,2.441373825073242
-25.22222222222222,-4.505212306976318
5.888888888888889,6.1425933837890625
-2.7777777777777777,-5.075227737426758
-6.444444444444445,-3.2592148780822754
-17.444444444444443,-8.464155197143555
-0.1111111111111111,-0.23474103212356567
-4.666666666666667,0.08639860153198242
-1.7777777777777777,-1.7739160060882568
-0.2222222222222222,3.375333786010742
6.111111111111111,5.04504919052124
-5.444444444444445,-5.459198951721191
-4.222222222222222,-3.120806932449341
-3.6666666666666665,-4.030102252960205
-2.4444444444444446,-3.567721366882324
-10.0,-3.8508358001708984
8.333333333333334,-3.315081834793091
25.55555555555556,17.456462860107422
-2.555555555555556,-2.707145929336548
-4.555555555555555,8.191450119018555
-1.3333333333333333,-2.5186808109283447
22.666666666666668,22.446561813354492
3.2222222222222223,7.66789436340332
-3.2222222222222223,-1.108647108078003
-1.2222222222222223,-1.5096704959869385
-1.1111111111111112,-2.0679383277893066
-6.111111111111111,-4.462343692779541
-12.555555555555555,-4.692024230957031
13.11111111111111,5.964937686920166
8.88888888888889,0.4995943009853363
-2.2222222222222223,-3.093235731124878
-8.666666666666666,-6.858750343322754
-11.555555555555555,-1.2522414922714233
-3.2222222222222223,-0.08540511131286621
-2.0,3.2397072315216064
-1.5555555555555556,-7.6206583976745605
-6.111111111111111,-1.6480690240859985
2.0,1.8451454639434814
-8.333333333333334,-6.913514137268066
-2.4444444444444446,-2.709848642349243
4.222222222222222,-1.1710121631622314
26.22222222222222,-4.231074810028076
-5.0,-3.375624656677246
-2.2222222222222223,-1.0015277862548828
1.1111111111111112,2.9404072761535645
-10.0,-3.3148205280303955
4.555555555555555,-1.4957225322723389
3.6666666666666665,-0.8693320751190186
-11.666666666666666,-7.3021063804626465
12.22222222222222,1.2028969526290894
-0.3333333333333333,-1.852843999862671
-9.11111111111111,-5.621882915496826
-1.4444444444444444,-1.0965917110443115
-3.4444444444444446,-2.2552549839019775
-10.11111111111111,-3.6272518634796143
-2.111111111111111,-1.8144513368606567
15.666666666666666,8.443671226501465
-3.888888888888889,-6.883593559265137
-3.2222222222222223,-2.27250599861145
2.0,-2.777092933654785
-4.666666666666667,-3.7394165992736816
1.7777777777777777,-5.289063453674316
1.0,-1.0028271675109863
-1.3333333333333333,-5.13320255279541
-5.222222222222222,-7.848493576049805
-0.2222222222222222,0.6394519805908203
-3.0,-2.2492170333862305
-6.555555555555555,-8.726644515991211
-1.3333333333333333,-1.5215704441070557
-2.111111111111111,-3.415984630584717
9.555555555555555,3.8996005058288574
0.7777777777777778,-5.104493618011475
38.11111111111112,23.45409393310547
0.0,0.46146321296691895
-4.222222222222222,-4.416158199310303
1.3333333333333333,-0.5573863983154297
8.555555555555555,-1.6899245977401733
-3.555555555555556,0.7091617584228516
33.0,24.803285598754883
-4.777777777777778,-0.050141096115112305
29.0,12.566168785095215
-12.555555555555555,-10.951749801635742
2.111111111111111,-1.525686502456665
-3.2222222222222223,-6.338348388671875
-7.111111111111111,-12.448670387268066
-4.222222222222222,-3.6752705574035645
-7.444444444444445,-5.569016456604004
-10.0,-1.5867475271224976
7.888888888888889,9.885408401489258
1.6666666666666667,-3.365689277648926
-4.0,-0.6206443905830383
-2.888888888888889,-3.1152215003967285
0.5555555555555556,-0.4946439266204834
-14.333333333333334,-11.022684097290039
-9.0,-3.0941882133483887
-4.888888888888889,-2.782461643218994
-4.111111111111111,2.4125120639801025
-0.5555555555555556,6.047887325286865
-1.6666666666666667,2.843123197555542
-1.3333333333333333,-1.9192562103271484
-5.666666666666667,0.8891611099243164
-6.111111111111111,4.229403972625732
0.8888888888888888,6.168964862823486
-5.0,-2.5498976707458496
-14.77777777777778,1.1746110916137695
0.8888888888888888,0.07518047094345093
2.2222222222222223,10.939449310302734
2.7777777777777777,4.566370487213135
7.666666666666667,6.435564994812012
-2.555555555555556,4.663336753845215
-5.111111111111111,-3.5202763080596924
-1.1111111111111112,-0.7242510318756104
8.222222222222221,21.7622013092041
9.333333333333334,-0.8652192950248718
7.888888888888889,8.500432014465332
0.3333333333333333,3.2642362117767334
-8.0,-3.8881537914276123
-7.555555555555555,-3.8899691104888916
-4.777777777777778,-2.492732286453247
-0.3333333333333333,3.9366841316223145
-5.333333333333333,-0.0037959814071655273
4.333333333333333,-4.798807144165039
-1.4444444444444444,-2.3188490867614746
-2.888888888888889,-5.208241939544678
3.111111111111111,3.1993188858032227
17.333333333333332,8.037434577941895
2.0,2.126211643218994
-13.88888888888889,-11.311477661132812
-4.444444444444445,-4.25051736831665
-11.666666666666666,-7.942348957061768
-4.444444444444445,-6.3979878425598145
-4.222222222222222,-8.752089500427246
-7.333333333333333,-3.7528765201568604
-3.2222222222222223,-2.821397542953491
-3.4444444444444446,-0.15599846839904785
-3.111111111111111,-2.165205478668213
-5.333333333333333,-0.3206946849822998
7.888888888888889,10.479790687561035
19.88888888888889,17.801532745361328
-0.1111111111111111,1.2914201021194458
-2.555555555555556,-4.60708475112915
-6.888888888888889,-5.059006690979004
-6.111111111111111,5.119368076324463
-1.5555555555555556,0.6129288673400879
-4.333333333333333,-12.10982894897461
0.6666666666666666,-1.4166035652160645
-24.0,-7.941112995147705
-4.222222222222222,-2.837559461593628
-1.0,-0.45665132999420166
1.3333333333333333,5.105671405792236
-12.666666666666666,-6.208028316497803
-7.0,-5.326612949371338
-1.3333333333333333,2.093567371368408
-7.0,-2.066643476486206
5.888888888888889,3.1824638843536377
-8.11111111111111,-4.2513275146484375
-5.777777777777778,-3.3443474769592285
-2.888888888888889,-4.048757076263428
-12.77777777777778,-4.6229963302612305
-6.444444444444445,-4.909181594848633
-2.4444444444444446,-4.83319091796875
6.0,2.8511555194854736
-8.666666666666666,0.6886075139045715
-2.111111111111111,-1.0650050640106201
11.11111111111111,11.327875137329102
5.333333333333333,4.8423895835876465
2.4444444444444446,1.6621990203857422
-3.7777777777777777,-3.2315003871917725
-1.8888888888888888,0.268798291683197
-0.7777777777777778,-5.283998012542725
-5.111111111111111,-7.150845050811768
0.6666666666666666,-2.1317758560180664
-1.3333333333333333,-1.6771464347839355
18.77777777777778,24.431385040283203
7.0,6.491121768951416
-22.55555555555556,-12.323589324951172
-5.333333333333333,-2.3953440189361572
-0.7777777777777778,-3.6367318630218506
10.444444444444445,-0.9757957458496094
-1.4444444444444444,-5.9065656661987305
-0.8888888888888888,-6.368000507354736
10.0,3.7024335861206055
23.0,17.238130569458008
0.1111111111111111,2.0073418617248535
-1.6666666666666667,3.236542224884033
-8.88888888888889,-1.144774317741394
-10.444444444444445,-10.708409309387207
-1.0,-1.6002230644226074
0.6666666666666666,-2.2056884765625
-4.111111111111111,-3.5286498069763184
18.11111111111111,1.71608304977417
-1.3333333333333333,-6.193365097045898
-6.333333333333333,-4.520458221435547
-6.666666666666667,-6.846447467803955
-4.111111111111111,1.3404734134674072
-7.555555555555555,-3.6916303634643555
-10.555555555555555,-7.281040191650391
0.5555555555555556,-5.344385623931885
5.555555555555555,8.24242115020752
-0.1111111111111111,-2.133111000061035
-2.888888888888889,-2.5835928916931152
2.4444444444444446,7.546398639678955
-2.888888888888889,-3.7468276023864746
18.666666666666668,27.15513038635254
1.2222222222222223,11.562409400939941
-2.2222222222222223,-5.183871746063232
-1.0,-2.0507023334503174
5.222222222222222,3.608454704284668
4.222222222222222,-1.176173448562622
-0.2222222222222222,-0.21704769134521484
16.444444444444443,-6.4201250076293945
-8.0,-5.916321754455566
-11.666666666666666,-9.645233154296875
0.1111111111111111,0.20600557327270508
2.2222222222222223,1.8870458602905273
-5.333333333333333,-4.315032482147217
-2.333333333333333,-0.1703200340270996
-3.555555555555556,-1.4024922847747803
-3.111111111111111,-1.23540461063385
-9.22222222222222,-9.934057235717773
-9.666666666666666,-3.4455294609069824
-6.333333333333333,-1.434159755706787
-8.333333333333334,-10.307474136352539
-11.555555555555555,-3.887261152267456
-8.333333333333334,-11.306880950927734
25.0,17.39133644104004
-5.222222222222222,-7.0814385414123535
3.555555555555556,-1.32533860206604
-2.333333333333333,-6.496992111206055
-13.666666666666666,-3.350776433944702
-2.333333333333333,-2.4601333141326904
-6.444444444444445,-6.167377948760986
10.22222222222222,3.0719945430755615
-4.888888888888889,-5.031116485595703
6.444444444444445,9.02936840057373
2.0,-0.9952729344367981
15.0,5.429596900939941
-10.0,-12.81689453125
-5.666666666666667,1.4402906894683838
-3.7777777777777777,-3.926678419113159
1.2222222222222223,-2.7181777954101562
-1.4444444444444444,-0.12225067615509033
-4.222222222222222,-6.26282262802124
2.4444444444444446,4.141075134277344
2.333333333333333,2.992574691772461
-7.666666666666667,3.554107666015625
-0.2222222222222222,-0.273137629032135
0.2222222222222222,0.8054332733154297
1.2222222222222223,-0.8944020867347717
-4.888888888888889,-9.973876953125
-1.2222222222222223,-3.685760974884033
0.7777777777777778,-0.9696893692016602
-1.5555555555555556,-6.584367752075195
-4.444444444444445,-6.347933769226074
-1.1111111111111112,-5.5138020515441895
-3.111111111111111,-4.526205062866211
-0.2222222222222222,-8.63107681274414
3.0,-1.4869792461395264
30.0,23.074748992919922
12.88888888888889,17.372554779052734
-0.3333333333333333,-8.058686256408691
41.55555555555556,8.631314277648926
-13.333333333333334,-12.114544868469238
-10.555555555555555,-3.8626325130462646
0.7777777777777778,-2.7091424465179443
0.3333333333333333,-0.8233600854873657
-3.555555555555556,-4.937034606933594
7.222222222222222,9.12635612487793
4.666666666666667,-0.6890009641647339
-9.88888888888889,-10.711078643798828
-6.111111111111111,-4.148494243621826
-3.4444444444444446,-3.2831451892852783
7.888888888888889,6.022399425506592
0.2222222222222222,-1.0417441129684448
-0.3333333333333333,-1.332523226737976
2.4444444444444446,20.010353088378906
0.3333333333333333,-1.3040608167648315
-4.777777777777778,-3.798344612121582
-2.111111111111111,-1.7617483139038086
-6.111111111111111,-1.9575361013412476
3.333333333333333,-2.3169639110565186
0.8888888888888888,-3.3505682945251465
-4.777777777777778,-1.5307886600494385
-3.888888888888889,-3.1571555137634277
-10.0,-3.5543742179870605
-21.33333333333333,-9.399706840515137
-4.444444444444445,-9.795069694519043
2.0,5.216532230377197
-5.222222222222222,-3.11153507232666
1.2222222222222223,0.9164627194404602
-9.666666666666666,-7.1373796463012695
-7.222222222222222,-2.990457057952881
-6.555555555555555,-3.500702142715454
-8.777777777777779,-5.453546524047852
-8.11111111111111,-6.226254463195801
0.3333333333333333,-0.4705991744995117
0.4444444444444444,4.118196964263916
0.1111111111111111,0.1675727367401123
13.22222222222222,-2.4311623573303223
-3.888888888888889,-3.0290415287017822
-0.8888888888888888,0.6552445888519287
-4.777777777777778,-3.9361722469329834
-9.22222222222222,-6.53612756729126
3.111111111111111,2.85485577583313
2.2222222222222223,0.9976022243499756
-10.555555555555555,-4.487696647644043
-1.0,-1.2685778141021729
-11.0,-1.7535486221313477
-4.666666666666667,-3.9872853755950928
-4.0,-3.2794930934906006
3.6666666666666665,0.09440064430236816
-1.0,0.29137706756591797
3.0,0.6930596828460693
-9.444444444444445,-7.284697532653809
3.333333333333333,1.4971284866333008
-4.111111111111111,-4.213749885559082
6.555555555555555,5.2028632164001465
3.333333333333333,9.162375450134277
-7.222222222222222,-4.525045871734619
0.4444444444444444,1.0622767210006714
-2.7777777777777777,-4.2700910568237305
-2.2222222222222223,-4.022111415863037
-2.6666666666666665,-6.656469821929932
-1.7777777777777777,4.7713494300842285
13.22222222222222,18.314044952392578
-3.2222222222222223,-3.727369785308838
-6.888888888888889,-6.659234046936035
-8.666666666666666,-1.3158987760543823
2.0,4.647551536560059
0.0,-0.8987855911254883
-2.888888888888889,-0.8839633464813232
-5.888888888888889,-4.697999000549316
5.555555555555555,3.3972039222717285
-4.0,-4.533014297485352
6.444444444444445,6.372436046600342
-3.555555555555556,-2.178055763244629
-1.3333333333333333,-3.7254676818847656
2.0,0.6628162860870361
-6.0,-7.768362045288086
-18.88888888888889,-14.09716510772705
-13.555555555555555,-5.990199089050293
-2.888888888888889,2.6195600032806396
6.444444444444445,2.392989158630371
-4.111111111111111,-4.975223541259766
-6.555555555555555,-9.14008617401123
-3.111111111111111,-1.878814697265625
-1.5555555555555556,-5.602381229400635
-1.7777777777777777,-2.9961259365081787
5.555555555555555,-4.606359958648682
-1.5555555555555556,-1.224212884902954
12.77777777777778,12.68444538116455
-7.777777777777778,-6.522505760192871
1.3333333333333333,2.460294008255005
-2.555555555555556,-1.0195928812026978
19.22222222222222,16.14409637451172
4.666666666666667,-4.152683734893799
-5.888888888888889,-4.537012577056885
-7.888888888888889,-3.6830453872680664
10.77777777777778,-1.7231664657592773
32.111111111111114,21.93724250793457
-5.666666666666667,-4.009288787841797
9.11111111111111,5.159323692321777
8.777777777777779,0.3727041482925415
-9.11111111111111,-8.80778980255127
4.555555555555555,6.539846420288086
3.4444444444444446,-0.846132755279541
-11.555555555555555,-4.1622090339660645
-3.0,-0.5384844541549683
-5.222222222222222,-6.234734535217285
1.1111111111111112,-3.2732510566711426
-9.555555555555555,-6.27034854888916
-3.888888888888889,-3.658001184463501
-0.3333333333333333,-2.683645009994507
1.6666666666666667,-0.6520015597343445
-8.555555555555555,-8.358658790588379
11.333333333333334,9.26081371307373
8.88888888888889,2.153048038482666
-4.222222222222222,-2.2010669708251953
-0.6666666666666666,0.36518698930740356
-8.333333333333334,-4.398738384246826
-2.888888888888889,-5.151066780090332
-9.77777777777778,-6.447422981262207
-2.4444444444444446,-3.2188334465026855
7.222222222222222,3.122952461242676
-11.11111111111111,-1.7442553043365479
-3.2222222222222223,-2.830296516418457
3.555555555555556,2.7798500061035156
-1.2222222222222223,-2.642216920852661
-15.11111111111111,-5.652928829193115
-8.222222222222221,-8.523012161254883
1.5555555555555556,-6.516849517822266
-6.222222222222222,-4.984957695007324
-2.888888888888889,2.6086742877960205
-1.3333333333333333,-3.476283550262451
4.0,-0.26242876052856445
5.666666666666667,8.114537239074707
6.777777777777778,-2.6067042350769043
-3.6666666666666665,-4.922204971313477
-5.222222222222222,-3.8139472007751465
-6.0,-6.786903381347656
0.4444444444444444,0.573885440826416
-4.444444444444445,-1.7903821468353271
-6.888888888888889,-9.271979331970215
-0.1111111111111111,-4.822412490844727
-5.555555555555555,-8.009602546691895
-8.666666666666666,-2.883857250213623
3.4444444444444446,0.4490692615509033
-0.8888888888888888,8.460762023925781
-2.6666666666666665,-2.8275091648101807
-1.3333333333333333,-1.5320265293121338
2.4444444444444446,-2.912245273590088
-9.22222222222222,-10.147015571594238
-12.333333333333334,-1.6064127683639526
25.666666666666668,13.33371353149414
2.4444444444444446,-0.01965796947479248
2.2222222222222223,2.352724552154541
-1.2222222222222223,-7.339867115020752
-2.6666666666666665,-1.4686148166656494
-5.333333333333333,-4.349797248840332
0.0,-0.1488867998123169
-1.4444444444444444,-1.4359608888626099
-3.555555555555556,-3.519371509552002
-0.5555555555555556,-4.053377628326416
-5.222222222222222,-2.9268805980682373
-2.0,-1.3327845335006714
3.555555555555556,-1.8773717880249023
3.555555555555556,1.2199198007583618
-1.0,2.438356637954712
5.222222222222222,-2.3923654556274414
-11.11111111111111,-11.732229232788086
-6.222222222222222,-7.034714698791504
-8.11111111111111,-5.798172473907471
5.333333333333333,1.216668725013733
-1.8888888888888888,-3.436906337738037
1.7777777777777777,3.4254496097564697
-1.4444444444444444,-3.92874813079834
-2.0,-3.4574530124664307
-10.22222222222222,-6.398019313812256
2.2222222222222223,-1.7289342880249023
7.111111111111111,2.3568572998046875
-5.0,-6.073361396789551
23.33333333333333,14.898360252380371
2.888888888888889,-5.259334564208984
-0.3333333333333333,-6.0271477699279785
-2.7777777777777777,-3.2575817108154297
20.11111111111111,10.402119636535645
-6.555555555555555,-4.762801170349121
-5.888888888888889,1.8999359607696533
-13.0,-1.8653587102890015
-2.6666666666666665,-4.606801986694336
-4.666666666666667,2.1124861240386963
-0.5555555555555556,-0.9644265174865723
1.8888888888888888,-2.690950632095337
-0.2222222222222222,-3.7244040966033936
-13.666666666666666,-3.108020067214966
1.6666666666666667,1.1962213516235352
6.444444444444445,3.558790683746338
-5.111111111111111,-5.516320705413818
-1.0,2.4121291637420654
2.6666666666666665,-4.0567240715026855
-4.111111111111111,-5.075047016143799
-2.2222222222222223,-6.510667324066162
-0.3333333333333333,-0.5184009671211243
-4.888888888888889,-4.022515773773193
25.11111111111111,28.120128631591797
-10.88888888888889,-9.607630729675293
2.555555555555556,-2.5620760917663574
-0.4444444444444444,-1.4099245071411133
-19.55555555555556,-6.7524333000183105
-0.8888888888888888,-1.7300060987472534
-6.555555555555555,-5.148154258728027
-4.222222222222222,-0.8187990188598633
-5.0,-3.244915008544922
-4.444444444444445,-0.4849506616592407
-2.333333333333333,1.568235158920288
-3.888888888888889,-2.347492218017578
-2.111111111111111,-3.61529278755188
-6.111111111111111,-1.6029236316680908
2.2222222222222223,3.986042022705078
-8.88888888888889,-6.365877628326416
1.8888888888888888,-3.490117073059082
24.77777777777778,26.02898406982422
0.3333333333333333,-2.105963945388794
-2.2222222222222223,-1.3995890617370605
8.555555555555555,4.013671398162842
-2.7777777777777777,-3.9500255584716797
3.4444444444444446,1.9297263622283936
-2.555555555555556,-2.598642349243164
2.555555555555556,-0.12676405906677246
28.88888888888889,19.47747230529785
-18.11111111111111,-2.283111095428467
-5.666666666666667,17.837421417236328
-1.0,-0.3404455780982971
0.3333333333333333,1.008070707321167
0.3333333333333333,0.2542543411254883
-1.3333333333333333,2.324410915374756
-4.888888888888889,-0.05851411819458008
-7.555555555555555,-6.1631550788879395
-6.888888888888889,0.12246435880661011
-4.0,3.7415990829467773
1.6666666666666667,0.3083801865577698
8.666666666666666,2.1406562328338623
1.7777777777777777,-1.1759151220321655
0.1111111111111111,-2.024139165878296
13.88888888888889,12.747298240661621
-0.3333333333333333,-0.01958388090133667
8.444444444444445,-0.4950598478317261
-0.2222222222222222,-1.6805511713027954
-6.555555555555555,-1.4241490364074707
2.6666666666666665,13.417871475219727
-4.555555555555555,-1.2840173244476318
-0.5555555555555556,7.148216724395752
-1.0,-5.025038719177246
14.666666666666666,6.12936544418335
-2.4444444444444446,-8.957765579223633
-1.0,-7.034152984619141
-12.0,-9.61361026763916
-0.5555555555555556,0.8464581966400146
-0.8888888888888888,0.48818182945251465
-6.888888888888889,-2.7421343326568604
-4.555555555555555,-5.930148124694824
0.1111111111111111,6.598415374755859
-5.333333333333333,-7.041533946990967
-6.777777777777778,-4.23396635055542
27.88888888888889,22.008583068847656
-7.888888888888889,-6.126007556915283
-0.2222222222222222,-0.9614208936691284
6.222222222222222,5.4693098068237305
-14.444444444444445,-13.004504203796387
-5.555555555555555,-5.465917110443115
-13.555555555555555,-8.160229682922363
-9.88888888888889,-4.667291164398193
-7.333333333333333,-1.5516371726989746
0.0,-2.1527018547058105
0.1111111111111111,-1.3343491554260254
-5.555555555555555,0.3796843886375427
-8.666666666666666,-7.927857398986816
-4.666666666666667,-5.0676445960998535
0.4444444444444444,-1.4453154802322388
0.0,3.7693381309509277
-5.444444444444445,-8.563575744628906
0.2222222222222222,-2.80698561668396
-16.555555555555557,-7.863062381744385
5.222222222222222,4.761435508728027
-4.333333333333333,-4.958192825317383
-2.555555555555556,-3.3416290283203125
15.11111111111111,8.827609062194824
-0.6666666666666666,-2.5707035064697266
-0.4444444444444444,-2.020012617111206
-4.333333333333333,-2.323697328567505
-3.7777777777777777,-6.208806991577148
-2.333333333333333,-1.4730225801467896
2.555555555555556,-5.071815013885498
15.88888888888889,12.833532333374023
-21.88888888888889,-8.80644416809082
21.444444444444443,20.303707122802734
4.333333333333333,2.7960338592529297
-1.2222222222222223,-6.199835777282715
1.2222222222222223,1.1079026460647583
-3.6666666666666665,-3.763096332550049
3.0,0.8378372192382812
-2.333333333333333,3.5029563903808594
-3.888888888888889,-4.605718612670898
14.444444444444445,-1.834693431854248
-4.666666666666667,-1.6355552673339844
-4.0,-0.47807085514068604
3.0,-0.2442549467086792
-6.555555555555555,-8.35708999633789
-4.333333333333333,4.610031604766846
6.888888888888889,8.170855522155762
0.4444444444444444,-4.112048625946045
-3.6666666666666665,-4.388204574584961
28.444444444444443,25.408641815185547
3.0,2.6865389347076416
-24.11111111111111,-17.526281356811523
14.22222222222222,16.289634704589844
10.666666666666666,3.4148643016815186
3.4444444444444446,2.706357002258301
-6.888888888888889,3.451488494873047
0.0,-2.8754525184631348
9.11111111111111,11.027323722839355
-2.888888888888889,-0.8207409381866455
-11.0,-4.918003559112549
-4.111111111111111,-2.211790084838867
-4.777777777777778,-0.8317469358444214
22.11111111111111,3.8700573444366455
8.222222222222221,3.1355926990509033
-4.777777777777778,-3.8321468830108643
-5.444444444444445,-7.129986763000488
1.5555555555555556,4.332056045532227
-3.4444444444444446,-3.4091286659240723
-2.555555555555556,-0.842303991317749
-5.111111111111111,-6.139680862426758
-11.333333333333334,-6.7583417892456055
-5.777777777777778,-9.523475646972656
-10.555555555555555,-6.969404697418213
-13.666666666666666,-2.948909044265747
-4.888888888888889,-0.7379066944122314
1.2222222222222223,-1.6302177906036377
-5.888888888888889,-6.535907745361328
-2.555555555555556,-1.4128718376159668
-9.333333333333334,-6.688120365142822
-9.22222222222222,-2.8961756229400635
-8.333333333333334,-0.16595160961151123
-2.0,3.5232253074645996
-5.333333333333333,-6.240273475646973
-0.2222222222222222,-3.440448522567749
0.4444444444444444,-3.0993456840515137
-3.333333333333333,-0.5299935340881348
1.5555555555555556,0.6972640752792358
-2.2222222222222223,-3.1268818378448486
-3.888888888888889,-8.26703929901123
11.444444444444445,14.64693832397461
12.666666666666666,13.46349048614502
1.3333333333333333,1.8316116333007812
-5.555555555555555,-3.8096442222595215
-2.0,3.002279281616211
-2.0,-3.8887882232666016
-5.222222222222222,-1.9080991744995117
-0.5555555555555556,-3.718135356903076
9.333333333333334,10.81229305267334
5.333333333333333,0.9880644083023071
-6.0,-4.136840343475342
-4.777777777777778,0.816327691078186
-5.555555555555555,-4.490898609161377
-7.333333333333333,-8.264862060546875
9.444444444444445,4.125696182250977
2.555555555555556,-3.769784450531006
-1.2222222222222223,-4.132690906524658
-1.1111111111111112,-2.3893887996673584
-10.0,-11.36584758758545
0.4444444444444444,-3.196018934249878
-4.444444444444445,-6.574131011962891
-9.666666666666666,-5.267565727233887
1.3333333333333333,-1.3702093362808228
-0.8888888888888888,0.8026747703552246
-1.7777777777777777,-2.3046958446502686
2.2222222222222223,-0.8065280914306641
-2.2222222222222223,-6.5044474601745605
0.5555555555555556,-1.069516658782959
-9.88888888888889,-1.679877519607544
4.444444444444445,14.545958518981934
-1.0,-5.889145374298096
-2.888888888888889,-2.2508761882781982
-6.0,-6.097395896911621
-0.2222222222222222,1.3280799388885498
-5.222222222222222,-0.0778743326663971
-3.0,-4.685977458953857
0.5555555555555556,1.1052463054656982
-5.0,-1.7981698513031006
-2.6666666666666665,-4.403207778930664
-10.444444444444445,1.4837419986724854
-0.7777777777777778,-5.172824859619141
7.111111111111111,-2.1810827255249023
-4.222222222222222,-4.709770679473877
2.111111111111111,-1.1082429885864258
-0.1111111111111111,0.19855326414108276
42.55555555555556,11.591758728027344
-8.11111111111111,-14.295281410217285
-3.6666666666666665,-2.589939832687378
-4.777777777777778,-1.156949520111084
1.7777777777777777,-9.729447364807129
7.222222222222222,1.9790226221084595
-2.111111111111111,-6.061723232269287
-9.0,2.436626672744751
1.3333333333333333,1.1910873651504517
-1.4444444444444444,-1.19538152217865
32.44444444444444,19.644718170166016
10.0,10.082202911376953
-5.666666666666667,-7.703682899475098
4.111111111111111,-2.561084508895874
-9.0,-10.096413612365723
21.22222222222222,15.693397521972656
-6.666666666666667,-4.08497953414917
3.0,5.169793605804443
-1.4444444444444444,0.4155822992324829
-0.2222222222222222,1.8629846572875977
-1.1111111111111112,-1.309954285621643
-8.555555555555555,-8.394561767578125
0.7777777777777778,0.2389218807220459
4.555555555555555,3.9038994312286377
4.222222222222222,2.166962146759033
-41.333333333333336,-25.49355125427246
-4.888888888888889,-5.7076287269592285
4.555555555555555,0.7574781179428101
2.2222222222222223,2.375365734100342
-1.5555555555555556,0.2084473967552185
-0.4444444444444444,-0.13538262248039246
-0.8888888888888888,0.47576045989990234
10.0,10.965414047241211
-8.222222222222221,-8.816021919250488
18.444444444444443,6.067314147949219
-4.888888888888889,0.11302894353866577
0.1111111111111111,-3.547719717025757
-5.555555555555555,-3.2497005462646484
-2.4444444444444446,-3.119377613067627
-5.222222222222222,-4.928452491760254
29.666666666666668,12.120207786560059
0.0,3.2085320949554443
2.2222222222222223,-3.6895880699157715
20.88888888888889,14.815571784973145
-2.333333333333333,-2.7432610988616943
-4.111111111111111,-1.9729338884353638
-10.444444444444445,-10.445587158203125
-10.77777777777778,-5.28642463684082
-4.666666666666667,-4.224891185760498
8.777777777777779,2.657454013824463
-3.2222222222222223,-6.621853828430176
-1.4444444444444444,-3.5102720260620117
-1.1111111111111112,-1.902484655380249
6.888888888888889,3.759108543395996
-5.444444444444445,-6.93331241607666
2.4444444444444446,-1.2124382257461548
-12.555555555555555,-11.302111625671387
17.444444444444443,9.561932563781738
0.1111111111111111,-2.6145033836364746
9.666666666666666,2.937603235244751
-3.0,2.3818321228027344
3.0,-2.4199135303497314
-0.1111111111111111,-1.8627278804779053
-10.333333333333334,-5.153992652893066
1.3333333333333333,-1.4765684604644775
-10.77777777777778,-9.978997230529785
0.3333333333333333,-4.989989757537842
2.2222222222222223,-1.0452723503112793
-4.777777777777778,-1.6285213232040405
-2.4444444444444446,-2.7224793434143066
1.6666666666666667,6.588094234466553
-2.7777777777777777,-2.215233087539673
0.2222222222222222,-0.8657736778259277
-2.555555555555556,-4.621415615081787
2.333333333333333,1.4975727796554565
1.6666666666666667,1.2857998609542847
-1.6666666666666667,-8.094452857971191
-1.8888888888888888,-1.1016908884048462
-5.888888888888889,-5.094892978668213
-0.6666666666666666,0.21277201175689697
-0.8888888888888888,-0.49046993255615234
1.5555555555555556,2.5135462284088135
-4.222222222222222,-4.950575828552246
1.7777777777777777,0.43520498275756836
-6.111111111111111,-6.665083408355713
-2.4444444444444446,0.2046559751033783
-0.7777777777777778,-1.7577707767486572
8.0,3.2981252670288086
1.3333333333333333,1.9419000148773193
20.33333333333333,16.226619720458984
1.3333333333333333,0.5964300632476807
-4.222222222222222,-6.94441032409668
-8.777777777777779,-4.580288887023926
-4.333333333333333,-5.718400001525879
-2.7777777777777777,0.06163787841796875
6.0,7.002566814422607
0.1111111111111111,-0.4630070924758911
-2.888888888888889,-2.541811466217041
-0.1111111111111111,1.6687800884246826
-2.7777777777777777,4.0611252784729
-10.11111111111111,-9.62493896484375
-10.0,-9.140206336975098
-2.555555555555556,-1.354771375656128
3.4444444444444446,0.9762861132621765
3.4444444444444446,6.336104393005371
-1.6666666666666667,3.3030951023101807
-1.6666666666666667,-2.4113731384277344
1.5555555555555556,-1.8316571712493896
5.666666666666667,4.115009784698486
5.777777777777778,2.767987012863159
6.666666666666667,3.451096296310425
5.333333333333333,1.5917963981628418
7.222222222222222,9.434149742126465
-10.333333333333334,-0.44776082038879395
0.4444444444444444,4.263714790344238
8.666666666666666,11.000732421875
-6.555555555555555,-8.957636833190918
1.7777777777777777,0.7364197969436646
-6.777777777777778,-8.936851501464844
7.111111111111111,4.49149751663208
-1.6666666666666667,0.18283727765083313
-0.6666666666666666,-1.7150911092758179
8.777777777777779,2.4370663166046143
-0.6666666666666666,-2.467113494873047
-7.777777777777778,-3.415900468826294
5.888888888888889,2.9333112239837646
-4.111111111111111,-4.392427444458008
-4.111111111111111,-2.9332265853881836
0.6666666666666666,-1.567633032798767
-7.0,-8.331966400146484
-1.0,1.561980128288269
-0.6666666666666666,2.4449620246887207
6.777777777777778,4.553488254547119
0.5555555555555556,-2.2435834407806396
-1.3333333333333333,-0.1969914436340332
-2.111111111111111,-1.5313822031021118
-8.11111111111111,-0.4851391315460205
3.4444444444444446,-2.121217727661133
-5.444444444444445,-5.504164695739746
-1.5555555555555556,0.7615388035774231
-3.2222222222222223,-6.594004154205322
4.444444444444445,1.3822511434555054
-1.3333333333333333,-3.176912307739258
-8.333333333333334,-5.283961772918701
-5.0,-8.944469451904297
1.0,1.3070355653762817
0.8888888888888888,-7.041087627410889
-8.444444444444445,0.08283340930938721
-5.222222222222222,-4.865694522857666
-4.888888888888889,-5.079525947570801
8.333333333333334,-0.8493973016738892
7.333333333333333,3.2594592571258545
1.2222222222222223,-1.412487268447876
-8.88888888888889,3.0699493885040283
4.333333333333333,2.119194269180298
-0.6666666666666666,-0.14045369625091553
3.111111111111111,2.083822250366211
3.555555555555556,0.15985266864299774
-3.111111111111111,-1.006698489189148
-1.8888888888888888,-0.12226516008377075
1.6666666666666667,-5.13940954208374
-7.666666666666667,-0.7096407413482666
-4.111111111111111,-1.7023860216140747
3.4444444444444446,-3.369724988937378
-9.333333333333334,4.013908386230469
1.5555555555555556,-1.8699727058410645
7.333333333333333,3.17105770111084
-7.111111111111111,-5.014545917510986
-0.2222222222222222,1.276667594909668
7.333333333333333,-0.8090642690658569
0.6666666666666666,1.9589600563049316
-2.0,-4.622259140014648
-5.888888888888889,0.9047625064849854
-5.666666666666667,-0.5754653215408325
1.7777777777777777,5.298749923706055
-14.666666666666666,-2.219846248626709
-15.333333333333334,-7.997983455657959
-7.777777777777778,-8.94792366027832
3.6666666666666665,-3.588024139404297
-6.444444444444445,-1.122269868850708
-1.3333333333333333,0.2270127534866333
-11.333333333333334,-5.107589244842529
-15.88888888888889,-8.088994026184082
0.3333333333333333,-3.006239652633667
5.888888888888889,4.212050437927246
-5.555555555555555,-1.200057029724121
-4.222222222222222,-0.7989413738250732
-1.3333333333333333,-4.2879719734191895
-3.2222222222222223,-7.143200874328613
-0.1111111111111111,-1.688759446144104
-6.666666666666667,-4.804093360900879
-7.333333333333333,0.03299582004547119
-5.111111111111111,-1.027238368988037
5.222222222222222,6.102975368499756
-7.444444444444445,-8.661538124084473
17.444444444444443,17.352025985717773
-3.4444444444444446,0.793527364730835
-5.333333333333333,-0.5240952968597412
3.6666666666666665,-2.298415184020996
-2.4444444444444446,-2.137998342514038
-21.0,-13.984029769897461
-8.333333333333334,-8.403922080993652
-3.333333333333333,-1.9530253410339355
1.5555555555555556,6.367841720581055
-3.0,-2.660229444503784
-14.333333333333334,-9.353571891784668
-2.2222222222222223,-0.40287402272224426
5.0,13.186203002929688
0.4444444444444444,-1.9027142524719238
-8.222222222222221,-4.49928617477417
2.7777777777777777,1.8631712198257446
-12.444444444444445,-11.092976570129395
5.555555555555555,0.6821041107177734
-2.111111111111111,-4.568531036376953
-1.6666666666666667,1.965146541595459
-9.88888888888889,-3.8747663497924805
-7.333333333333333,-2.758772373199463
-10.88888888888889,-6.344310760498047
-4.777777777777778,-13.650352478027344
-5.111111111111111,0.19518005847930908
0.8888888888888888,0.7165225744247437
2.333333333333333,3.9718542098999023
1.3333333333333333,3.476137161254883
-3.333333333333333,2.846832275390625
5.555555555555555,-3.6238133907318115
-2.6666666666666665,-2.4952235221862793
-4.555555555555555,-0.9255208969116211
4.0,-2.2768313884735107
-1.0,-1.5201314687728882
1.3333333333333333,-0.47051072120666504
-21.0,-11.582894325256348
-1.6666666666666667,0.6291365623474121
2.111111111111111,-2.99519944190979
-7.888888888888889,-7.366619110107422
-0.3333333333333333,-2.111133575439453
2.0,0.633819043636322
26.11111111111111,23.98187828063965
-0.1111111111111111,-10.49232292175293
-0.7777777777777778,-2.115971565246582
-11.0,-10.659683227539062
4.222222222222222,6.162517070770264
-1.7777777777777777,-0.5505929589271545
-9.0,-7.31945276260376
-4.555555555555555,-6.6160407066345215
-5.0,-4.555391311645508
0.7777777777777778,-0.8299728631973267
-3.333333333333333,-5.344562530517578
-3.111111111111111,-3.0154216289520264
5.0,4.044239044189453
-1.2222222222222223,-2.4717650413513184
-7.555555555555555,-9.220938682556152
-3.4444444444444446,-0.5854383707046509
-7.555555555555555,-10.081658363342285
-8.444444444444445,-9.392217636108398
-2.555555555555556,-1.2046033143997192
-2.2222222222222223,-2.4809372425079346
-3.4444444444444446,-7.191691875457764
4.888888888888889,-0.05891293287277222
4.111111111111111,-3.335012912750244
-11.22222222222222,-7.534478664398193
-5.0,-5.403215408325195
0.8888888888888888,0.8779559135437012
-0.7777777777777778,-3.380770683288574
-5.444444444444445,-2.4733524322509766
-9.11111111111111,-4.3375396728515625
-0.8888888888888888,3.3888099193573
-2.0,-2.7218382358551025
-2.6666666666666665,-2.4137609004974365
21.55555555555556,11.953700065612793
11.77777777777778,3.1724791526794434
14.88888888888889,15.54058837890625
-0.8888888888888888,-0.9672329425811768
1.4444444444444444,-0.012937426567077637
-2.7777777777777777,-1.7513200044631958
-2.7777777777777777,1.6976470947265625
-8.777777777777779,3.3491361141204834
-3.555555555555556,-3.150773525238037
-9.444444444444445,-6.199566841125488
2.0,0.44581639766693115
-7.0,-7.324553489685059
0.1111111111111111,0.6465868949890137
-5.888888888888889,-1.4062883853912354
-11.444444444444445,-7.321721076965332
-5.777777777777778,-2.0046658515930176
-0.4444444444444444,-8.754844665527344
-1.7777777777777777,2.671353578567505
-1.4444444444444444,-2.567279100418091
-4.333333333333333,-8.12964916229248
-8.555555555555555,-6.153967380523682
-8.222222222222221,-1.7529534101486206
0.4444444444444444,-0.6994448900222778
-4.555555555555555,-3.8301939964294434
-6.0,-2.940258502960205
-1.0,-8.099895477294922
-4.333333333333333,-1.5882482528686523
-4.111111111111111,-1.92252779006958
16.0,17.317602157592773
-3.4444444444444446,1.492358922958374
-3.111111111111111,-2.5356431007385254
10.77777777777778,13.707969665527344
8.222222222222221,6.459141254425049
0.3333333333333333,0.2028721570968628
0.2222222222222222,-1.3885315656661987
-14.88888888888889,-7.1251301765441895
3.333333333333333,8.114470481872559
1.0,0.29261964559555054
0.6666666666666666,-1.2799246311187744
-4.333333333333333,-10.745477676391602
0.3333333333333333,-0.10816037654876709
-4.444444444444445,-0.7565985918045044
0.2222222222222222,-2.8891243934631348
5.222222222222222,0.9669626355171204
-2.7777777777777777,-2.565167188644409
-2.0,-0.7101931571960449
28.444444444444443,23.680116653442383
-6.0,-1.8120826482772827
-6.666666666666667,-0.9505250453948975
-3.888888888888889,-0.48795661330223083
-10.11111111111111,-11.470593452453613
-4.777777777777778,2.9655747413635254
1.4444444444444444,1.6362377405166626
-5.0,-1.553952693939209
0.1111111111111111,-3.650522232055664
-6.444444444444445,-6.6753435134887695
-2.333333333333333,-1.7932476997375488
-1.6666666666666667,-3.647901773452759
-4.111111111111111,-6.902932167053223
-10.0,-3.491283416748047
2.7777777777777777,1.2302361726760864
-1.5555555555555556,-4.536561489105225
-4.666666666666667,-3.769564151763916
-5.444444444444445,0.9575103521347046
2.0,3.6485776901245117
-6.222222222222222,0.9583309888839722
-10.11111111111111,-2.3131861686706543
9.555555555555555,2.567617654800415
-10.0,-6.416026592254639
-6.444444444444445,-0.005350708961486816
0.8888888888888888,-3.341766834259033
-0.5555555555555556,1.1385318040847778
-1.8888888888888888,0.2275288701057434
3.888888888888889,-2.768955945968628
3.333333333333333,-0.4016432762145996
17.0,10.729398727416992
-0.7777777777777778,-1.197825312614441
-3.2222222222222223,-2.134706735610962
-4.777777777777778,-12.77672004699707
-3.2222222222222223,-2.8503894805908203
-4.222222222222222,-8.31811809539795
-9.11111111111111,2.067211151123047
-6.333333333333333,-10.476980209350586
-4.666666666666667,-2.8502731323242188
9.444444444444445,6.42549991607666
1.6666666666666667,-3.627912759780884
-3.0,0.02100849151611328
-5.444444444444445,-5.904261112213135
2.111111111111111,2.688352584838867
-5.888888888888889,8.420841217041016
-1.8888888888888888,-0.6527899503707886
-4.777777777777778,-6.303391456604004
2.111111111111111,-0.3279861807823181
0.5555555555555556,-7.203953742980957
-3.111111111111111,-6.392890453338623
-11.88888888888889,-15.722917556762695
-0.6666666666666666,-2.9157443046569824
12.11111111111111,6.750518798828125
-0.5555555555555556,-3.8895418643951416
0.6666666666666666,1.1068520545959473
-4.888888888888889,-0.4902900457382202
-3.111111111111111,-1.2330363988876343
-2.2222222222222223,-0.8542840480804443
-3.2222222222222223,-3.6829633712768555
-6.888888888888889,-12.666214942932129
3.4444444444444446,-2.074991464614868
24.11111111111111,10.5379638671875
-0.8888888888888888,-1.4518702030181885
0.8888888888888888,-8.857425689697266
-6.555555555555555,-4.735332489013672
-1.3333333333333333,-5.1110053062438965
-4.111111111111111,-3.035872459411621
9.666666666666666,0.10380315780639648
5.111111111111111,2.144064426422119
4.333333333333333,-4.4784159660339355
0.4444444444444444,3.4412882328033447
-15.444444444444445,-7.2786359786987305
-7.0,-2.2585513591766357
1.7777777777777777,3.4437732696533203
6.777777777777778,2.122966766357422
8.0,0.526073694229126
4.777777777777778,7.489035606384277
19.55555555555556,13.388269424438477
-6.777777777777778,-6.787466049194336
-7.222222222222222,-1.7755801677703857
0.1111111111111111,-0.3928608298301697
-0.4444444444444444,-2.01053524017334
-3.555555555555556,-4.94370698928833
10.444444444444445,8.673201560974121
3.4444444444444446,2.57173228263855
-0.1111111111111111,2.5787062644958496
-7.666666666666667,-3.6649868488311768
0.1111111111111111,2.74013090133667
-3.333333333333333,-4.150128364562988
-4.222222222222222,-2.7900497913360596
-0.7777777777777778,0.40349292755126953
-11.666666666666666,-11.6358003616333
-2.333333333333333,-2.099372148513794
-0.3333333333333333,-7.158463478088379
17.88888888888889,15.722857475280762
32.55555555555556,26.039657592773438
-11.0,1.1549264192581177
-4.0,-4.042637825012207
-6.777777777777778,-4.9986395835876465
-15.333333333333334,-7.456334590911865
-7.666666666666667,-1.4304392337799072
-3.555555555555556,-1.9038809537887573
-2.7777777777777777,-3.636295795440674
0.1111111111111111,-0.7246177196502686
38.11111111111112,26.676498413085938
-8.0,1.2233998775482178
-4.222222222222222,-5.506183624267578
0.0,-1.9147710800170898
23.55555555555556,25.387920379638672
1.7777777777777777,-4.87192964553833
-2.7777777777777777,-2.301780939102173
-5.777777777777778,-3.202681303024292
7.333333333333333,7.294211387634277
-6.555555555555555,-7.191247940063477
-9.333333333333334,-2.751282215118408
5.111111111111111,2.4776949882507324
-5.444444444444445,-3.218111753463745
3.6666666666666665,1.2056894302368164
-6.555555555555555,-5.086081027984619
19.444444444444443,24.95954132080078
-4.777777777777778,-1.7842130661010742
4.888888888888889,0.2039240002632141
-3.2222222222222223,-4.106809139251709
-1.6666666666666667,0.5982561111450195
-7.555555555555555,-3.508542060852051
-3.4444444444444446,-6.642718315124512
1.5555555555555556,1.3872418403625488
-7.555555555555555,-9.230008125305176
-13.333333333333334,-14.63748836517334
-5.0,-8.793832778930664
-3.111111111111111,1.9633278846740723
-8.777777777777779,-1.243438482284546
-1.1111111111111112,1.8496112823486328
1.8888888888888888,0.6008418798446655
-6.222222222222222,-6.928961277008057
-0.1111111111111111,-1.808245301246643
4.0,4.721767902374268
-18.22222222222222,-9.047616958618164
-1.7777777777777777,-3.5584793090820312
-13.333333333333334,-10.057368278503418
-7.666666666666667,-6.544748783111572
-1.6666666666666667,-0.1111905574798584
-4.444444444444445,0.41914963722229004
-11.444444444444445,-0.6448550224304199
2.888888888888889,1.0017707347869873
27.0,25.348209381103516
1.8888888888888888,1.3416962623596191
-8.88888888888889,-0.8453360795974731
-4.888888888888889,1.0301518440246582
-5.888888888888889,-5.042613983154297
-3.6666666666666665,-3.555088758468628
9.555555555555555,17.319944381713867
-1.6666666666666667,-0.5549838542938232
0.8888888888888888,-0.0639570951461792
-13.666666666666666,-12.575139045715332
-3.555555555555556,1.147727131843567
-1.6666666666666667,1.7378480434417725
8.88888888888889,11.414530754089355
-4.888888888888889,-4.531337738037109
-3.888888888888889,-4.476487636566162
-9.88888888888889,-7.761440277099609
-1.5555555555555556,-4.544821739196777
7.666666666666667,8.872928619384766
3.7777777777777777,3.139939308166504
12.666666666666666,-10.801262855529785
-4.555555555555555,-4.821943283081055
13.555555555555555,13.562760353088379
6.777777777777778,-0.8772834539413452
-9.11111111111111,-6.631275653839111
-2.555555555555556,-1.5779701471328735
-1.4444444444444444,-0.4401559829711914
-6.222222222222222,-5.73894739151001
-7.555555555555555,-5.09868860244751
1.0,1.2082188129425049
-1.4444444444444444,3.1951546669006348
-9.88888888888889,-8.149918556213379
1.2222222222222223,-0.42122364044189453
2.2222222222222223,-1.4382697343826294
1.2222222222222223,-2.301813840866089
8.444444444444445,0.3390641212463379
0.8888888888888888,-2.998333215713501
-10.444444444444445,-5.225602149963379
4.444444444444445,4.281900405883789
-1.6666666666666667,1.3087091445922852
-3.888888888888889,-1.3454967737197876
3.2222222222222223,0.20706677436828613
-5.666666666666667,-5.133640766143799
-9.0,-5.485512733459473
8.777777777777779,7.815646171569824
1.5555555555555556,-4.960165500640869
-2.555555555555556,-1.0461721420288086
4.777777777777778,2.428372621536255
-16.11111111111111,-4.161960601806641
-5.555555555555555,-4.659876346588135
-1.8888888888888888,-2.844231605529785
25.11111111111111,21.06744956970215
-2.555555555555556,-7.090531826019287
-12.0,-9.219070434570312
-10.333333333333334,-10.039789199829102
-7.333333333333333,-4.476264476776123
0.0,-2.657395839691162
1.8888888888888888,-0.2634493112564087
1.4444444444444444,-0.7523219585418701
19.55555555555556,1.4553492069244385
-5.222222222222222,-2.1988024711608887
0.3333333333333333,-1.6772170066833496
1.1111111111111112,-2.707911491394043
25.666666666666668,12.354850769042969
-3.0,-2.537041425704956
3.555555555555556,0.34015583992004395
4.222222222222222,6.606349945068359
1.7777777777777777,-4.235010147094727
31.444444444444443,-3.032245635986328
19.33333333333333,0.15743833780288696
-1.6666666666666667,-4.102517127990723
1.5555555555555556,-0.42832863330841064
7.222222222222222,2.3427627086639404
-3.7777777777777777,-4.869411945343018
-1.6666666666666667,-6.049341678619385
0.2222222222222222,-1.6114729642868042
3.7777777777777777,-1.0600652694702148
-2.0,-2.006976842880249
1.6666666666666667,-1.8219006061553955
1.3333333333333333,-1.5981067419052124
0.1111111111111111,0.9227275848388672
-1.0,-1.61270272731781
7.0,2.838486433029175
-3.111111111111111,-2.17008638381958
9.11111111111111,1.0732587575912476
3.6666666666666665,1.3358118534088135
-4.888888888888889,-1.0010032653808594
-1.6666666666666667,-0.8001277446746826
-3.555555555555556,-6.258998394012451
-1.4444444444444444,0.1794794797897339
-15.0,-6.231395244598389
1.0,-1.5617038011550903
5.333333333333333,-0.15062177181243896
5.444444444444445,4.251461029052734
-3.0,-3.0091540813446045
-2.333333333333333,4.928675651550293
-5.111111111111111,-8.45334529876709
-3.6666666666666665,-1.5308787822723389
2.7777777777777777,2.3105764389038086
-8.777777777777779,-7.263441562652588
2.333333333333333,-1.4804413318634033
3.4444444444444446,3.9848453998565674
12.333333333333334,8.233992576599121
-1.0,-0.44957149028778076
1.6666666666666667,4.8016767501831055
-1.1111111111111112,0.6766698360443115
-5.0,-5.084469318389893
-5.222222222222222,-5.85402774810791
-4.777777777777778,-10.537097930908203
0.5555555555555556,-1.336807131767273
6.0,8.724000930786133
13.77777777777778,12.174464225769043
6.666666666666667,1.669590711593628
-1.0,-2.5777947902679443
-3.7777777777777777,1.2766227722167969
-5.777777777777778,-4.589791297912598
-3.555555555555556,-1.8981139659881592
0.2222222222222222,1.8752772808074951
-3.888888888888889,13.31164264678955
-3.0,-2.8918774127960205
-5.888888888888889,-2.911511182785034
5.0,8.98672103881836
-10.666666666666666,-11.396045684814453
-3.333333333333333,-7.171893119812012
-9.666666666666666,-6.260308265686035
2.7777777777777777,-7.432738304138184
-7.333333333333333,-6.881807327270508
19.22222222222222,22.92119789123535
-12.333333333333334,0.12872838973999023
-5.0,-2.5426902770996094
-3.555555555555556,-3.1529464721679688
-13.666666666666666,-10.611664772033691
6.777777777777778,17.449953079223633
1.3333333333333333,-0.2652463912963867
48.22222222222222,10.636758804321289
3.2222222222222223,1.6162190437316895
-4.0,1.32460618019104
10.77777777777778,10.255345344543457
-4.555555555555555,1.6002655029296875
10.333333333333334,8.767736434936523
0.8888888888888888,0.6250920295715332
-5.111111111111111,-4.179861068725586
5.0,4.937390327453613
-25.77777777777778,-11.562297821044922
-6.777777777777778,-3.769721269607544
6.111111111111111,10.917940139770508
-9.22222222222222,-5.9290618896484375
-5.111111111111111,-1.6157455444335938
1.7777777777777777,-2.784486770629883
4.777777777777778,4.430245876312256
16.11111111111111,8.989495277404785
-0.8888888888888888,-2.9258999824523926
-2.888888888888889,-5.974819660186768
4.666666666666667,1.9231146574020386
-3.2222222222222223,1.6497377157211304
11.0,10.30644702911377
6.777777777777778,2.5840003490448
-3.2222222222222223,-5.413151264190674
5.111111111111111,0.6101267337799072
-10.22222222222222,-2.3839433193206787
2.333333333333333,-1.8976527452468872
2.2222222222222223,-3.5241050720214844
-14.77777777777778,-5.252856731414795
0.8888888888888888,-1.4755455255508423
-8.777777777777779,-5.062851428985596
2.888888888888889,1.7750612497329712
-5.333333333333333,-4.531678676605225
-2.0,-6.812390327453613
0.1111111111111111,-3.023867130279541
-1.0,-2.285236358642578
1.2222222222222223,2.5169434547424316
11.444444444444445,-2.7766330242156982
-2.0,-3.7772021293640137
-1.4444444444444444,-1.0149810314178467
-5.333333333333333,-5.560812950134277
-4.777777777777778,-5.567351341247559
-2.7777777777777777,-0.04408383369445801
4.333333333333333,3.199680805206299
-0.8888888888888888,-4.902429580688477
7.222222222222222,3.1963512897491455
-6.777777777777778,-3.787074565887451
28.22222222222222,25.0146541595459
6.555555555555555,4.0508341789245605
0.8888888888888888,3.9314210414886475
-6.555555555555555,-3.88922381401062
1.3333333333333333,0.16411161422729492
-1.5555555555555556,-0.7449159622192383
0.7777777777777778,-2.9274933338165283
-1.2222222222222223,3.7287893295288086
-7.333333333333333,-7.973217010498047
-4.333333333333333,1.0189731121063232
-0.6666666666666666,-2.0202889442443848
-3.2222222222222223,-3.971407651901245
-8.11111111111111,-4.098068714141846
6.666666666666667,-1.0943529605865479
-4.777777777777778,-1.0674636363983154
-7.222222222222222,-5.215395927429199
-4.222222222222222,0.29587626457214355
3.888888888888889,1.1468195915222168
1.7777777777777777,-1.638271689414978
-2.7777777777777777,-5.6311750411987305
0.4444444444444444,-2.944871187210083
-7.666666666666667,-3.6572818756103516
10.0,6.904722213745117
2.0,0.2162175178527832
1.4444444444444444,-2.884194850921631
3.2222222222222223,5.580864906311035
-6.111111111111111,-3.7170252799987793
-2.0,0.18034088611602783
-6.888888888888889,-5.51421594619751
6.222222222222222,5.748526096343994
-5.111111111111111,-4.7575201988220215
-3.4444444444444446,-5.3862481117248535
-3.333333333333333,-3.118242025375366
0.5555555555555556,3.166186809539795
-7.222222222222222,-8.643353462219238
2.111111111111111,3.2227580547332764
-1.6666666666666667,-1.3143354654312134
19.88888888888889,15.470357894897461
-5.666666666666667,-6.59829568862915
0.1111111111111111,4.1797871589660645
0.0,-1.7740979194641113
-1.4444444444444444,2.325941562652588
-1.4444444444444444,2.4197490215301514
1.1111111111111112,-1.1731497049331665
-1.4444444444444444,-1.2853178977966309
-4.777777777777778,-2.131883382797241
-16.88888888888889,-8.396716117858887
-3.2222222222222223,-2.060189962387085
3.6666666666666665,3.431377410888672
-5.555555555555555,-4.179121494293213
0.7777777777777778,0.9486575126647949
0.4444444444444444,-1.3175427913665771
-1.3333333333333333,-4.452725887298584
-1.5555555555555556,-0.996821403503418
-3.2222222222222223,-4.473583698272705
14.88888888888889,11.865550994873047
-1.4444444444444444,-4.011484146118164
-0.6666666666666666,-3.265047311782837
-1.8888888888888888,0.9978835582733154
0.4444444444444444,-4.080434799194336
-6.0,-8.29830265045166
-47.22222222222222,-0.24598506093025208
40.55555555555556,24.141159057617188
-7.666666666666667,3.614424228668213
2.6666666666666665,-2.1976065635681152
-3.0,-5.929324626922607
-1.5555555555555556,0.13406574726104736
2.7777777777777777,-0.9149188995361328
-3.7777777777777777,-3.63020658493042
-8.555555555555555,-9.012256622314453
-3.7777777777777777,5.028169631958008
-1.7777777777777777,-2.1245853900909424
3.0,-4.085296154022217
16.22222222222222,3.7816293239593506
-7.0,-3.4265780448913574
-4.666666666666667,-9.511445045471191
4.111111111111111,-1.8449259996414185
-1.4444444444444444,-1.0658069849014282
0.0,-3.006767511367798
-3.111111111111111,-7.39585018157959
1.5555555555555556,-0.9670906066894531
-1.7777777777777777,0.23121535778045654
-6.222222222222222,-2.4429287910461426
-5.666666666666667,-3.71329927444458
-1.2222222222222223,-1.753299593925476
-3.555555555555556,-6.898025989532471
-12.77777777777778,1.3980053663253784
-3.0,-4.3890700340271
-1.2222222222222223,-0.3045552968978882
-10.22222222222222,-0.9668607711791992
12.444444444444445,8.612602233886719
9.22222222222222,11.880599021911621
-5.777777777777778,-6.71833610534668
-5.888888888888889,-5.603033065795898
0.3333333333333333,-2.523681163787842
3.6666666666666665,3.6478893756866455
-3.0,-3.1600255966186523
-19.88888888888889,-12.74509048461914
-6.333333333333333,-7.671166896820068
-0.2222222222222222,-3.8615031242370605
-4.777777777777778,-4.093946933746338
-3.888888888888889,-3.4542436599731445
1.4444444444444444,-1.537257432937622
-2.888888888888889,-1.8148502111434937
1.5555555555555556,6.251212120056152
-1.7777777777777777,-4.811024188995361
-12.333333333333334,-4.646578788757324
16.11111111111111,13.821981430053711
-3.888888888888889,-3.489558219909668
-2.555555555555556,-4.820035457611084
2.888888888888889,1.9869521856307983
-3.2222222222222223,-3.6458048820495605
-0.6666666666666666,-4.666175842285156
13.666666666666666,21.892349243164062
11.333333333333334,-2.0086159706115723
-7.666666666666667,-8.8447265625
-15.555555555555555,-14.568642616271973
-3.555555555555556,-2.418095827102661
-1.4444444444444444,-0.9552170038223267
-1.6666666666666667,0.4056193232536316
-9.0,-7.832246780395508
11.666666666666666,17.74057388305664
-20.88888888888889,-6.659994125366211
-5.777777777777778,-4.650115489959717
3.333333333333333,4.016809463500977
1.4444444444444444,0.38971978425979614
-3.111111111111111,-3.9127442836761475
1.2222222222222223,-0.3894035816192627
3.555555555555556,10.845202445983887
-9.444444444444445,-3.0715458393096924
-3.0,-3.305973529815674
-8.444444444444445,-6.399120330810547
-0.6666666666666666,-0.7622075080871582
-4.555555555555555,-6.179714679718018
-2.2222222222222223,-3.454025983810425
-0.5555555555555556,-4.979214191436768
-4.333333333333333,-6.1937479972839355
-2.4444444444444446,-3.322418689727783
-8.222222222222221,-0.636361837387085
-0.7777777777777778,0.22595423460006714
-17.555555555555557,-8.059158325195312
1.1111111111111112,-0.2572563588619232
-0.1111111111111111,-4.818106651306152
-3.888888888888889,-9.779385566711426
-5.666666666666667,-7.988668441772461
0.4444444444444444,-1.7464656829833984
-11.444444444444445,-9.75926685333252
-5.777777777777778,-3.372982978820801
-2.4444444444444446,-8.098124504089355
-1.3333333333333333,-0.925003170967102
-2.888888888888889,-2.5273027420043945
-0.2222222222222222,-2.634295701980591
3.4444444444444446,-2.1912660598754883
-15.77777777777778,-8.47037410736084
-1.8888888888888888,-3.0105817317962646
2.111111111111111,-5.348959445953369
2.888888888888889,-1.594459891319275
4.333333333333333,-1.714219093322754
-4.444444444444445,-7.298365116119385
16.555555555555557,17.86941909790039
0.8888888888888888,-4.79495906829834
-0.4444444444444444,-4.089888095855713
-17.0,-6.177792072296143
-1.7777777777777777,-4.344754695892334
-5.888888888888889,-5.374019622802734
5.111111111111111,6.609341144561768
-1.2222222222222223,-0.29125356674194336
3.7777777777777777,3.3967678546905518
22.77777777777778,16.301469802856445
0.5555555555555556,1.5282951593399048
4.111111111111111,-3.0961740016937256
4.0,3.5441200733184814
-3.2222222222222223,4.028402805328369
21.33333333333333,14.11704158782959
5.333333333333333,1.8584918975830078
11.11111111111111,6.505892753601074
-3.2222222222222223,3.88663911819458
0.2222222222222222,-0.16771036386489868
-2.2222222222222223,-3.0605621337890625
-24.33333333333333,-3.6639623641967773
-3.333333333333333,-8.395906448364258
5.555555555555555,2.608675241470337
2.2222222222222223,0.6700568199157715
-0.3333333333333333,1.0429273843765259
-0.3333333333333333,-1.462910771369934
-0.1111111111111111,1.8011760711669922
-3.4444444444444446,-0.5793169736862183
-1.1111111111111112,-2.048269033432007
-9.88888888888889,-1.669596791267395
1.4444444444444444,-6.893069744110107
-5.555555555555555,-5.067327976226807
-12.444444444444445,-2.324838638305664
3.333333333333333,-2.2774064540863037
8.222222222222221,-1.4865920543670654
-9.555555555555555,-10.051507949829102
-0.8888888888888888,-1.7327224016189575
-2.333333333333333,-0.45952123403549194
-0.6666666666666666,-2.2617781162261963
-1.7777777777777777,-6.442101001739502
17.88888888888889,6.413381099700928
-5.888888888888889,-3.033613443374634
-0.7777777777777778,-4.3215765953063965
-3.0,-3.1901679039001465
-1.2222222222222223,-3.302586078643799
-6.555555555555555,-1.7995898723602295
-5.888888888888889,5.018178462982178
1.7777777777777777,-4.294460773468018
-8.444444444444445,-10.89419937133789
1.4444444444444444,-1.9537559747695923
-0.4444444444444444,0.6146531105041504
0.1111111111111111,1.692047119140625
-5.111111111111111,-2.221989870071411
-12.0,-6.420207977294922
-3.333333333333333,-5.793631553649902
-3.333333333333333,-2.3240973949432373
5.0,4.005721092224121
-0.6666666666666666,1.497382402420044
3.6666666666666665,-1.6674021482467651
-6.444444444444445,-9.451868057250977
6.111111111111111,-2.0764331817626953
-6.222222222222222,-3.483163833618164
-3.0,-2.5336649417877197
-0.3333333333333333,-1.1466094255447388
-3.555555555555556,1.460466742515564
-7.333333333333333,-5.477472305297852
27.55555555555556,19.06789779663086
-8.444444444444445,-10.821704864501953
-0.1111111111111111,-4.514003276824951
2.888888888888889,-6.427698612213135
-0.5555555555555556,-2.568882465362549
4.777777777777778,7.298337459564209
-2.6666666666666665,-3.8358588218688965
-37.888888888888886,-22.778913497924805
-0.4444444444444444,-0.999351978302002
-6.888888888888889,3.7274906635284424
-6.0,-3.2516841888427734
-2.888888888888889,-1.482123613357544
4.0,0.059270262718200684
-1.4444444444444444,-2.748255968093872
-2.555555555555556,2.5629680156707764
-3.0,0.27420103549957275
1.4444444444444444,-1.3518614768981934
0.3333333333333333,0.2839057445526123
-1.5555555555555556,-5.828924655914307
-2.888888888888889,-3.8924851417541504
-5.888888888888889,-5.665896892547607
1.7777777777777777,3.3369126319885254
-6.444444444444445,-6.687257289886475
12.333333333333334,18.950876235961914
1.1111111111111112,6.757919788360596
-2.555555555555556,-0.7876987457275391
-3.111111111111111,-5.203101634979248
-1.4444444444444444,0.11028361320495605
-12.333333333333334,-1.647873044013977
12.555555555555555,11.179668426513672
-6.777777777777778,-3.354297161102295
-0.8888888888888888,0.1695898324251175
5.222222222222222,5.0411858558654785
-2.111111111111111,-0.6592190265655518
0.0,3.6845784187316895
-0.8888888888888888,0.4720972776412964
1.4444444444444444,-0.4063701629638672
0.4444444444444444,-2.1127052307128906
1.3333333333333333,-0.4619255065917969
-6.777777777777778,-11.341742515563965
-7.777777777777778,-5.542172431945801
7.555555555555555,2.186856985092163
-24.55555555555556,-4.974396705627441
32.22222222222222,32.10493469238281
9.333333333333334,5.472471714019775
8.777777777777779,10.494630813598633
-4.777777777777778,-2.744472026824951
-6.333333333333333,-5.597935199737549
