Score,Pred Score
-0.6666666666666666,-1.4230197668075562
7.333333333333333,5.803606986999512
-0.4444444444444444,-1.825532078742981
-4.111111111111111,-4.146574020385742
-7.333333333333333,-2.7080137729644775
1.3333333333333333,4.842841148376465
-8.444444444444445,-5.929224491119385
1.6666666666666667,-3.5866732597351074
3.333333333333333,0.2721809148788452
2.111111111111111,2.2388768196105957
0.1111111111111111,-2.095688819885254
11.22222222222222,1.9644906520843506
-3.111111111111111,-0.024106860160827637
-3.888888888888889,-5.556260585784912
14.11111111111111,5.24771785736084
-4.444444444444445,-5.035354137420654
6.0,1.5528028011322021
12.555555555555555,12.844502449035645
-0.8888888888888888,-3.1207709312438965
-4.0,-2.5153191089630127
-1.1111111111111112,-1.473365306854248
-3.555555555555556,-7.0797343254089355
-10.666666666666666,-9.655167579650879
9.11111111111111,1.8941586017608643
-1.7777777777777777,-5.045225143432617
-3.4444444444444446,-3.947413444519043
23.22222222222222,12.88089656829834
0.8888888888888888,-2.5286688804626465
0.3333333333333333,-1.0639199018478394
-3.7777777777777777,-4.035361289978027
2.111111111111111,-0.03208613395690918
-2.2222222222222223,-2.86781907081604
-2.2222222222222223,-3.6547205448150635
3.111111111111111,7.733043670654297
0.1111111111111111,6.608123302459717
-2.555555555555556,-2.7346785068511963
-0.2222222222222222,-0.2837143540382385
3.111111111111111,3.3878173828125
-4.444444444444445,1.0140620470046997
-5.222222222222222,-3.722656011581421
4.0,15.792215347290039
-4.777777777777778,-4.257640361785889
1.0,2.1269471645355225
-4.111111111111111,1.9013986587524414
-4.777777777777778,-2.7328457832336426
14.11111111111111,6.150776386260986
2.2222222222222223,2.1266748905181885
-4.888888888888889,-2.4567720890045166
-6.888888888888889,-5.878360748291016
-9.444444444444445,3.7695305347442627
13.666666666666666,-0.13070273399353027
3.4444444444444446,11.042319297790527
-8.222222222222221,-3.5382332801818848
5.777777777777778,1.551836609840393
0.0,-1.2236528396606445
13.666666666666666,17.890792846679688
-1.0,0.2121201753616333
7.333333333333333,1.1285980939865112
-2.888888888888889,-0.417319118976593
-7.111111111111111,-3.7607040405273438
-1.2222222222222223,-3.9712414741516113
0.0,-0.8982443809509277
-7.666666666666667,-5.321393013000488
-1.5555555555555556,3.747936725616455
11.88888888888889,15.840445518493652
-4.666666666666667,-4.162641525268555
-10.333333333333334,-2.548163890838623
-9.555555555555555,-3.2803351879119873
-2.6666666666666665,-3.60353422164917
-3.333333333333333,-3.72585129737854
1.8888888888888888,-3.7208621501922607
-5.666666666666667,-6.646453857421875
-3.888888888888889,-0.7285599112510681
-1.5555555555555556,1.867314100265503
-1.8888888888888888,-2.937790632247925
-7.888888888888889,-4.315526962280273
0.4444444444444444,-2.4117069244384766
3.555555555555556,1.9524708986282349
-0.8888888888888888,1.2257823944091797
-5.777777777777778,-6.234302043914795
-2.888888888888889,1.0082342624664307
-2.111111111111111,-3.627603769302368
46.333333333333336,6.600051403045654
0.8888888888888888,-1.9045326709747314
1.1111111111111112,-0.9612240791320801
0.0,-2.135347604751587
10.0,-2.8040289878845215
-1.1111111111111112,2.6446456909179688
8.555555555555555,-2.4389898777008057
-4.777777777777778,-4.627443313598633
0.2222222222222222,-0.24691179394721985
8.222222222222221,7.428070545196533
10.11111111111111,10.82994270324707
-2.555555555555556,-0.3709647059440613
-4.888888888888889,-5.1285786628723145
20.88888888888889,11.070735931396484
19.33333333333333,18.775894165039062
-1.3333333333333333,-1.31535005569458
-4.111111111111111,-0.3858572840690613
-2.7777777777777777,-2.5594189167022705
9.0,9.596643447875977
-6.111111111111111,0.8744350075721741
-3.7777777777777777,-5.8843994140625
-5.0,-2.9716122150421143
-3.0,-4.074202060699463
-6.222222222222222,-7.521401882171631
-6.333333333333333,-4.404233455657959
-1.8888888888888888,-0.06468796730041504
3.111111111111111,-2.763042449951172
-4.888888888888889,-5.625188827514648
6.777777777777778,-0.06829583644866943
-4.444444444444445,-4.671987533569336
7.666666666666667,6.186264991760254
0.5555555555555556,1.3828487396240234
-7.0,-3.344895362854004
-10.0,-2.7131247520446777
-0.5555555555555556,-1.9562501907348633
0.1111111111111111,-1.75397789478302
-3.4444444444444446,2.7848281860351562
6.777777777777778,7.955662727355957
-6.0,-3.315802574157715
-3.333333333333333,-5.2412800788879395
8.777777777777779,5.6837382316589355
-6.333333333333333,-6.931544780731201
-7.444444444444445,-6.984978199005127
0.1111111111111111,0.6164161562919617
-4.0,-3.976212501525879
6.222222222222222,5.577517986297607
-3.4444444444444446,-2.0793633460998535
4.777777777777778,-1.1432663202285767
-2.111111111111111,-4.627832412719727
-4.111111111111111,-0.28450214862823486
11.88888888888889,0.1957087516784668
-0.5555555555555556,3.2865283489227295
4.444444444444445,-1.8621025085449219
-0.3333333333333333,-5.017518520355225
-4.555555555555555,-3.720505475997925
-0.7777777777777778,-4.7415008544921875
-2.2222222222222223,-2.8823740482330322
-5.222222222222222,-5.456493377685547
10.444444444444445,10.3255615234375
-3.4444444444444446,1.825822353363037
-3.7777777777777777,-0.7181432247161865
0.2222222222222222,-1.4824000597000122
-4.0,-2.7293105125427246
-22.444444444444443,-3.2432897090911865
-5.777777777777778,-4.92418098449707
-4.222222222222222,-2.3593859672546387
-2.333333333333333,-5.198986053466797
5.555555555555555,-0.06495904922485352
23.0,3.499316453933716
4.777777777777778,4.6201677322387695
-18.88888888888889,-6.1369948387146
-10.22222222222222,-4.512932777404785
5.222222222222222,1.7024195194244385
-5.0,-2.8277692794799805
7.444444444444445,3.8246989250183105
6.333333333333333,3.1182947158813477
1.4444444444444444,-5.1623921394348145
-0.8888888888888888,4.347139358520508
3.111111111111111,-8.432722091674805
0.5555555555555556,-2.894549608230591
-1.8888888888888888,5.884528636932373
-11.77777777777778,-2.894549608230591
-5.555555555555555,-6.5922064781188965
-1.3333333333333333,-3.193350315093994
-1.8888888888888888,-3.0465290546417236
0.0,3.1902825832366943
0.8888888888888888,1.470591425895691
5.0,5.226860523223877
2.4444444444444446,1.115372896194458
-0.1111111111111111,-1.0103449821472168
2.111111111111111,0.735541820526123
-0.2222222222222222,1.4230223894119263
19.444444444444443,20.07792854309082
3.7777777777777777,7.404564380645752
-3.111111111111111,-2.1166486740112305
7.555555555555555,8.07554817199707
1.5555555555555556,-2.220545768737793
-1.1111111111111112,-3.167827844619751
-1.6666666666666667,-5.055935859680176
3.111111111111111,4.400885105133057
-1.6666666666666667,1.4468382596969604
1.3333333333333333,-3.6584253311157227
-10.555555555555555,-5.414431095123291
-5.333333333333333,-2.000178337097168
-0.8888888888888888,-2.659212827682495
-6.111111111111111,-5.528185844421387
-12.333333333333334,-4.599740505218506
-6.111111111111111,-4.2002363204956055
-6.111111111111111,-5.117588043212891
-10.22222222222222,-5.280309200286865
4.444444444444445,-1.7916061878204346
-2.555555555555556,-0.42647719383239746
-8.777777777777779,-4.147998332977295
-14.555555555555555,-8.688529968261719
-15.0,-1.118526816368103
31.33333333333333,22.168594360351562
-20.11111111111111,0.18513131141662598
-3.4444444444444446,-4.101579189300537
-0.1111111111111111,0.16929873824119568
-1.3333333333333333,1.8172035217285156
1.6666666666666667,1.2738889455795288
-4.888888888888889,-4.5595879554748535
2.333333333333333,-2.7876603603363037
-13.333333333333334,-12.889613151550293
0.5555555555555556,0.16274917125701904
1.2222222222222223,2.593322992324829
-8.777777777777779,-0.8073358535766602
-0.2222222222222222,-0.42087554931640625
3.2222222222222223,2.2200331687927246
-2.7777777777777777,-4.691286563873291
-3.333333333333333,-10.792359352111816
-5.0,-5.208636283874512
-3.333333333333333,-1.9558151960372925
-6.777777777777778,-3.7805793285369873
1.0,-3.291818618774414
-4.444444444444445,-4.1031107902526855
-2.111111111111111,-0.5930972099304199
-20.55555555555556,-7.536093711853027
3.333333333333333,0.28503650426864624
-4.777777777777778,-1.6923632621765137
-1.4444444444444444,-3.9654860496520996
-9.11111111111111,-6.523691177368164
-12.666666666666666,-8.979878425598145
-21.11111111111111,-1.1612380743026733
3.555555555555556,-6.64438009262085
-4.777777777777778,-8.083762168884277
-5.888888888888889,-7.288560390472412
-7.555555555555555,-1.7466368675231934
-3.555555555555556,-4.1549530029296875
3.0,-3.8128700256347656
4.0,3.3545918464660645
-5.333333333333333,-0.747755765914917
17.444444444444443,11.616863250732422
-11.77777777777778,-7.68707799911499
-4.888888888888889,-4.731476783752441
6.444444444444445,-1.7228448390960693
4.0,-0.5295990705490112
-9.88888888888889,-8.891347885131836
15.77777777777778,14.154078483581543
0.6666666666666666,-0.6763145327568054
-9.444444444444445,-8.20898151397705
-1.7777777777777777,-6.238950252532959
2.333333333333333,3.8984315395355225
-4.222222222222222,-3.935605049133301
-8.11111111111111,-6.120440483093262
1.8888888888888888,1.4382946491241455
-12.555555555555555,-9.421476364135742
5.444444444444445,4.154844760894775
-3.111111111111111,-3.1347618103027344
-2.555555555555556,-2.5360019207000732
5.666666666666667,-0.9973948001861572
1.4444444444444444,-1.3362051248550415
-3.0,-4.6318840980529785
-0.1111111111111111,-0.5502203702926636
1.1111111111111112,-5.080529689788818
-0.8888888888888888,-1.781123399734497
-7.333333333333333,-2.769294261932373
-13.77777777777778,2.5809969902038574
0.7777777777777778,0.18422943353652954
-2.6666666666666665,-1.4528752565383911
-19.55555555555556,-8.507542610168457
5.0,-0.4058217406272888
-2.2222222222222223,1.6850768327713013
1.0,0.4855813980102539
-3.0,2.0178353786468506
-3.888888888888889,-1.5312607288360596
-3.4444444444444446,-2.8178563117980957
5.0,4.4596428871154785
19.22222222222222,9.292780876159668
-2.4444444444444446,-4.4097442626953125
6.222222222222222,-4.642816066741943
-5.333333333333333,-3.6054742336273193
-10.77777777777778,-2.322498083114624
0.0,-1.5259320735931396
1.8888888888888888,3.1207079887390137
21.55555555555556,8.827938079833984
-7.777777777777778,-11.43461799621582
-7.222222222222222,-4.640348434448242
-1.7777777777777777,-4.263432502746582
5.444444444444445,-3.8049182891845703
-3.888888888888889,-11.12986946105957
-8.222222222222221,-3.143969774246216
6.111111111111111,0.4203636050224304
2.7777777777777777,-0.9005452990531921
-6.333333333333333,-3.70064640045166
0.2222222222222222,-2.5201661586761475
-7.777777777777778,-2.5320146083831787
1.2222222222222223,-5.458059310913086
3.4444444444444446,0.7963141202926636
-2.888888888888889,-6.058163642883301
14.88888888888889,13.188680648803711
-1.7777777777777777,-5.015791416168213
-3.888888888888889,-0.9706013202667236
-5.777777777777778,-0.7202935218811035
27.11111111111111,10.841747283935547
1.7777777777777777,1.6024119853973389
0.3333333333333333,-1.9416508674621582
-12.77777777777778,-12.961465835571289
27.88888888888889,22.418907165527344
-4.222222222222222,-3.139274835586548
-1.2222222222222223,0.8414003252983093
-3.0,-1.1886335611343384
3.6666666666666665,3.4542486667633057
-1.5555555555555556,-0.7577091455459595
-4.222222222222222,-3.340250253677368
-0.7777777777777778,1.5110958814620972
6.777777777777778,15.7756929397583
-0.7777777777777778,-0.03217512369155884
-8.777777777777779,-6.44139289855957
0.2222222222222222,0.12053906917572021
-0.2222222222222222,4.620725154876709
-8.0,3.4645156860351562
-4.333333333333333,-4.569370746612549
-3.0,-1.8158460855484009
-7.666666666666667,-2.5452592372894287
1.1111111111111112,0.3687674403190613
-0.5555555555555556,-3.4733829498291016
-2.111111111111111,-5.254222869873047
-7.555555555555555,-1.1779491901397705
17.666666666666668,2.061690330505371
-8.11111111111111,-7.3397345542907715
19.55555555555556,11.339398384094238
-6.555555555555555,-0.18990802764892578
10.555555555555555,3.437967538833618
-14.444444444444445,-10.207694053649902
6.666666666666667,-1.445146918296814
-3.888888888888889,0.9877054691314697
-6.333333333333333,-2.193016290664673
-6.666666666666667,-4.505505561828613
-4.444444444444445,-3.822964906692505
-2.111111111111111,-7.904893398284912
-10.333333333333334,-4.656329154968262
-6.111111111111111,-4.028894424438477
20.666666666666668,19.0433406829834
-5.444444444444445,-3.9195048809051514
7.555555555555555,5.168367385864258
-1.4444444444444444,-2.1310980319976807
-7.222222222222222,-1.9632567167282104
-3.111111111111111,0.9628026485443115
-3.555555555555556,-3.9239518642425537
-2.4444444444444446,-1.7466613054275513
-1.1111111111111112,-2.480466842651367
-7.555555555555555,-3.7044074535369873
10.11111111111111,8.602177619934082
-1.4444444444444444,-3.8655295372009277
-2.333333333333333,-2.97312331199646
-1.6666666666666667,-0.04867511987686157
8.88888888888889,12.787778854370117
-3.888888888888889,-3.431959867477417
-6.222222222222222,-3.480719566345215
-11.88888888888889,-9.391636848449707
-1.5555555555555556,-0.6712337732315063
7.111111111111111,6.115630149841309
4.666666666666667,-1.679657220840454
2.4444444444444446,0.3793603777885437
1.5555555555555556,-6.250054359436035
3.333333333333333,0.20437633991241455
-10.11111111111111,-6.41645622253418
-8.444444444444445,-6.152027130126953
-2.555555555555556,-4.239558219909668
2.4444444444444446,-0.39708125591278076
2.888888888888889,1.0946167707443237
-4.111111111111111,-8.401532173156738
-10.444444444444445,-3.454545021057129
17.666666666666668,10.506421089172363
27.77777777777778,15.378406524658203
-1.7777777777777777,0.057163238525390625
11.88888888888889,1.2878161668777466
0.5555555555555556,-0.47884348034858704
6.444444444444445,3.181366205215454
-4.0,-7.309228420257568
-7.444444444444445,-6.630282878875732
-4.555555555555555,-1.8513902425765991
12.333333333333334,13.332798957824707
6.0,7.618590831756592
-2.0,-4.0645952224731445
1.6666666666666667,-4.311093330383301
17.333333333333332,12.456326484680176
10.11111111111111,9.126729965209961
-1.2222222222222223,-0.14732897281646729
5.666666666666667,8.643279075622559
-3.0,-6.128103256225586
-0.2222222222222222,-1.2013481855392456
6.888888888888889,7.008774757385254
1.4444444444444444,1.6903547048568726
-1.2222222222222223,-2.4601728916168213
-2.333333333333333,-4.895407199859619
-7.888888888888889,-7.174363136291504
20.22222222222222,11.364849090576172
-6.111111111111111,1.2742540836334229
-12.444444444444445,-4.274580478668213
-7.888888888888889,1.2466747760772705
1.2222222222222223,-2.546743869781494
-2.888888888888889,-4.248406410217285
-17.333333333333332,-12.837433815002441
0.0,3.069281816482544
5.222222222222222,2.9004383087158203
5.111111111111111,-2.278589963912964
-5.444444444444445,-4.089779376983643
10.22222222222222,-3.09101939201355
-1.6666666666666667,-2.535893201828003
-4.444444444444445,-2.3096446990966797
18.11111111111111,18.742694854736328
-4.777777777777778,-2.5636351108551025
5.333333333333333,3.5954015254974365
-2.555555555555556,-1.2934577465057373
5.888888888888889,14.162861824035645
8.11111111111111,1.3718593120574951
-0.4444444444444444,1.5916974544525146
-5.444444444444445,-4.038174629211426
-0.6666666666666666,-2.1706457138061523
-5.444444444444445,-8.640243530273438
-17.0,-7.932206153869629
-1.0,1.5950095653533936
2.333333333333333,1.5495260953903198
0.2222222222222222,-2.8645594120025635
-2.7777777777777777,0.9984778165817261
-6.777777777777778,-3.6359217166900635
0.4444444444444444,4.971709251403809
0.6666666666666666,-1.1037994623184204
-0.7777777777777778,-0.023950934410095215
-7.555555555555555,-4.8071746826171875
-7.333333333333333,-6.652495861053467
-12.77777777777778,-6.193668842315674
0.2222222222222222,1.6678752899169922
9.77777777777778,7.273190021514893
-6.222222222222222,-1.364271640777588
-4.888888888888889,-5.010300159454346
-10.11111111111111,1.0321747064590454
-8.777777777777779,-8.124836921691895
-2.111111111111111,0.1078805923461914
1.6666666666666667,1.7639060020446777
-0.7777777777777778,0.1791154146194458
-0.1111111111111111,-1.8234460353851318
-0.5555555555555556,1.1434030532836914
-6.666666666666667,-2.6597461700439453
-9.88888888888889,-3.7915542125701904
-8.666666666666666,-6.6448445320129395
0.6666666666666666,-2.6084964275360107
-0.7777777777777778,-2.0171265602111816
0.3333333333333333,-2.8724637031555176
1.3333333333333333,-0.7589427828788757
-2.2222222222222223,-4.7218337059021
-6.444444444444445,-2.1043763160705566
2.4444444444444446,1.560630202293396
-5.555555555555555,-8.603879928588867
-8.444444444444445,-3.05702543258667
15.0,6.889568328857422
2.2222222222222223,1.753946304321289
2.6666666666666665,-3.1408803462982178
-2.7777777777777777,-4.138732433319092
-5.222222222222222,-5.856010437011719
-8.555555555555555,-3.4546234607696533
-3.0,-2.3404033184051514
-1.6666666666666667,-4.797504901885986
-1.0,4.252449035644531
-0.4444444444444444,2.1028823852539062
37.11111111111112,16.761463165283203
-4.444444444444445,-4.625693321228027
0.5555555555555556,-4.559706211090088
-16.0,-6.757976055145264
-10.22222222222222,-10.642603874206543
-2.333333333333333,-2.324188232421875
-4.333333333333333,-2.4865410327911377
-1.8888888888888888,-0.880930483341217
-4.777777777777778,-4.066442012786865
-8.666666666666666,-4.161377429962158
0.5555555555555556,-0.17935436964035034
17.333333333333332,14.530152320861816
1.5555555555555556,0.21561646461486816
-4.222222222222222,-0.580645740032196
-6.111111111111111,-0.9418564438819885
6.222222222222222,1.9463744163513184
-1.3333333333333333,-0.9090044498443604
6.333333333333333,3.1611175537109375
9.444444444444445,0.2606101632118225
-0.1111111111111111,-4.644628047943115
-6.0,-2.1985387802124023
-4.666666666666667,-3.9235541820526123
-6.666666666666667,-1.410233736038208
12.77777777777778,8.404594421386719
0.2222222222222222,-0.28961944580078125
-14.555555555555555,-1.4281381368637085
-9.333333333333334,-4.2804155349731445
2.6666666666666665,-0.4156125783920288
-1.3333333333333333,-3.0601491928100586
-12.555555555555555,-1.4536594152450562
-8.777777777777779,-8.747319221496582
2.6666666666666665,2.933687210083008
-7.222222222222222,-7.681555271148682
2.6666666666666665,0.7049355506896973
-6.444444444444445,-1.871160626411438
-42.55555555555556,-10.403579711914062
4.777777777777778,1.8863332271575928
0.5555555555555556,-3.252734422683716
-9.666666666666666,-9.292560577392578
9.77777777777778,14.800311088562012
9.444444444444445,5.56104040145874
-2.7777777777777777,2.321424722671509
2.0,3.927842378616333
-2.111111111111111,-4.536767482757568
-10.666666666666666,-6.508845806121826
-3.888888888888889,-6.127358436584473
-0.6666666666666666,-7.263100624084473
-6.111111111111111,-2.668617010116577
-2.555555555555556,1.584722638130188
-5.444444444444445,-3.747183322906494
-3.6666666666666665,-6.111425399780273
2.555555555555556,4.378777980804443
4.333333333333333,3.7924411296844482
-5.555555555555555,-4.911909103393555
-0.6666666666666666,-3.2351088523864746
-1.6666666666666667,-2.0947582721710205
1.5555555555555556,-3.5093815326690674
-8.0,-4.3605451583862305
1.2222222222222223,1.1417860984802246
12.333333333333334,5.823822021484375
0.4444444444444444,-5.597155570983887
0.2222222222222222,-3.398420572280884
0.4444444444444444,2.3651983737945557
0.1111111111111111,-1.0399470329284668
0.3333333333333333,0.7702219486236572
1.2222222222222223,1.050846815109253
-1.4444444444444444,-6.226150035858154
2.888888888888889,-3.913048028945923
14.88888888888889,15.112491607666016
0.1111111111111111,-0.28398245573043823
-4.888888888888889,-0.8175985813140869
19.55555555555556,13.74325942993164
-3.7777777777777777,-2.0253541469573975
-2.7777777777777777,-2.9698150157928467
-4.0,-4.989682197570801
-4.111111111111111,-1.3826693296432495
-0.1111111111111111,-9.840970993041992
2.333333333333333,0.0973595678806305
0.6666666666666666,6.901060581207275
1.0,-4.870859622955322
-5.111111111111111,0.10603055357933044
-1.2222222222222223,2.692011594772339
-3.111111111111111,-5.709774971008301
-16.333333333333332,-3.932950258255005
-7.555555555555555,-2.5832629203796387
-7.777777777777778,-8.855951309204102
-1.5555555555555556,-3.011263608932495
-7.333333333333333,-6.492716312408447
1.1111111111111112,0.3953796625137329
3.333333333333333,-3.1144251823425293
-6.444444444444445,-3.7609663009643555
-6.0,-1.4952411651611328
-1.7777777777777777,-2.0689499378204346
3.2222222222222223,4.483126640319824
1.0,-2.322244644165039
-8.0,-3.4601733684539795
0.4444444444444444,-1.8935524225234985
1.8888888888888888,-2.4702248573303223
8.88888888888889,-0.31321007013320923
-0.5555555555555556,-9.998923301696777
-8.444444444444445,-3.7495949268341064
0.4444444444444444,-3.3403303623199463
-2.7777777777777777,-2.9742536544799805
-3.6666666666666665,-5.092167377471924
-5.222222222222222,-3.355696201324463
-10.555555555555555,-7.421311855316162
0.6666666666666666,-1.245964765548706
8.0,0.9591785073280334
0.2222222222222222,0.4501323699951172
-2.6666666666666665,-1.6309013366699219
-5.111111111111111,-3.813202381134033
-9.333333333333334,-9.061197280883789
-0.3333333333333333,1.1361929178237915
2.6666666666666665,-1.463515281677246
-8.88888888888889,-6.320445537567139
-5.555555555555555,-6.451632976531982
1.5555555555555556,-1.9211753606796265
-4.444444444444445,-0.29046881198883057
-8.0,-1.424450397491455
5.222222222222222,2.230372190475464
-1.8888888888888888,-2.8535923957824707
-7.555555555555555,-0.9820685386657715
4.0,6.006216049194336
0.1111111111111111,-1.8089524507522583
1.4444444444444444,3.179471015930176
-2.0,0.9180905818939209
-2.7777777777777777,-0.05929672718048096
-6.555555555555555,-2.1509287357330322
-8.666666666666666,-4.730518817901611
-5.0,-2.246415376663208
-3.7777777777777777,-7.442166805267334
9.555555555555555,1.22828209400177
-10.22222222222222,-1.6150010824203491
9.0,9.647608757019043
-2.7777777777777777,-2.8229095935821533
-1.5555555555555556,-3.978673219680786
-1.8888888888888888,1.6882084608078003
2.4444444444444446,1.7230907678604126
-5.222222222222222,-5.7755560874938965
-1.6666666666666667,-1.0125162601470947
5.888888888888889,5.434497356414795
-6.666666666666667,-6.394778251647949
-0.2222222222222222,-1.839382529258728
-6.666666666666667,-4.706412315368652
-5.111111111111111,-4.910337924957275
0.3333333333333333,-1.0977928638458252
-0.4444444444444444,1.556867003440857
-4.444444444444445,-7.365121841430664
3.4444444444444446,1.2146306037902832
-0.7777777777777778,-0.16575460135936737
-9.555555555555555,-6.283936977386475
-5.333333333333333,0.5421392917633057
5.222222222222222,2.5932247638702393
6.444444444444445,-1.290252685546875
5.111111111111111,-2.2864577770233154
4.888888888888889,-2.764660120010376
-6.0,-2.1143863201141357
-5.666666666666667,-7.713920593261719
37.77777777777778,13.212191581726074
-7.111111111111111,-4.7801127433776855
-1.4444444444444444,-2.960209369659424
6.777777777777778,1.2203749418258667
-9.444444444444445,-1.929813265800476
-6.333333333333333,-7.814272403717041
-0.4444444444444444,2.003559112548828
5.111111111111111,-2.722444772720337
9.11111111111111,1.3062491416931152
-1.7777777777777777,-1.680896282196045
-7.888888888888889,-5.858971118927002
-3.6666666666666665,-0.8242762684822083
-2.888888888888889,0.7319051027297974
-8.0,-6.5784525871276855
-2.4444444444444446,-4.312033653259277
7.888888888888889,4.085687160491943
-0.2222222222222222,5.044004440307617
-0.5555555555555556,0.5169087648391724
-2.7777777777777777,-4.812671184539795
-3.555555555555556,-1.2747784852981567
-0.5555555555555556,3.078664779663086
-2.111111111111111,2.9519946575164795
-1.5555555555555556,-0.33664774894714355
2.4444444444444446,2.6655077934265137
-8.11111111111111,-5.983249187469482
-0.6666666666666666,-0.9031162261962891
3.0,-0.41966259479522705
-1.4444444444444444,4.078090190887451
9.666666666666666,1.4390323162078857
3.111111111111111,3.8154146671295166
-12.555555555555555,-1.7492492198944092
4.666666666666667,2.505176544189453
-12.0,-10.910046577453613
-10.88888888888889,-8.685589790344238
17.11111111111111,11.515283584594727
9.22222222222222,6.434087753295898
-1.3333333333333333,-3.2638301849365234
5.666666666666667,4.388578414916992
-5.666666666666667,-1.825714349746704
-3.888888888888889,-10.136609077453613
-8.11111111111111,-7.739318370819092
-9.444444444444445,-3.432436943054199
-2.7777777777777777,-0.9860648512840271
-5.888888888888889,5.325842380523682
8.555555555555555,-2.2517759799957275
-3.555555555555556,-1.9382435083389282
2.555555555555556,2.9347171783447266
-25.22222222222222,-3.489168167114258
5.888888888888889,3.92829966545105
-2.7777777777777777,-2.968059778213501
-6.444444444444445,-4.918839454650879
-17.444444444444443,-11.00119400024414
-0.1111111111111111,0.3582978844642639
-4.666666666666667,-0.5654621124267578
-1.7777777777777777,-0.7896379232406616
-0.2222222222222222,2.05928897857666
6.111111111111111,4.844974994659424
-5.444444444444445,-6.244161605834961
-4.222222222222222,-4.1399359703063965
-3.6666666666666665,-4.359668731689453
-2.4444444444444446,-5.645305156707764
-10.0,-4.892702102661133
8.333333333333334,-4.3897705078125
25.55555555555556,18.0113525390625
-2.555555555555556,-4.265942573547363
-4.555555555555555,8.888519287109375
-1.3333333333333333,-1.7831063270568848
22.666666666666668,22.95841407775879
3.2222222222222223,7.927424907684326
-3.2222222222222223,-1.11203932762146
-1.2222222222222223,-0.7767497301101685
-1.1111111111111112,-2.7633309364318848
-6.111111111111111,-6.219094753265381
-12.555555555555555,-5.157141208648682
13.11111111111111,5.534188747406006
8.88888888888889,0.5867001414299011
-2.2222222222222223,-4.5036139488220215
-8.666666666666666,-7.0707573890686035
-11.555555555555555,-2.858736276626587
-3.2222222222222223,-0.11049365997314453
-2.0,2.1294960975646973
-1.5555555555555556,-7.849518299102783
-6.111111111111111,-2.560943841934204
2.0,1.144669771194458
-8.333333333333334,-6.842122554779053
-2.4444444444444446,-2.849693536758423
4.222222222222222,-4.017846584320068
26.22222222222222,-3.5331404209136963
-5.0,-2.232408285140991
-2.2222222222222223,-1.7884082794189453
1.1111111111111112,4.494449138641357
-10.0,-2.0756983757019043
4.555555555555555,-1.8400542736053467
3.6666666666666665,-1.5565747022628784
-11.666666666666666,-3.7881128787994385
12.22222222222222,0.4948365092277527
-0.3333333333333333,-1.1367361545562744
-9.11111111111111,-5.967336654663086
-1.4444444444444444,-1.399291753768921
-3.4444444444444446,-3.5774667263031006
-10.11111111111111,-2.68133544921875
-2.111111111111111,-1.591675043106079
15.666666666666666,9.745841026306152
-3.888888888888889,-7.605926990509033
-3.2222222222222223,-2.273888111114502
2.0,3.4952471256256104
-4.666666666666667,-4.906588077545166
1.7777777777777777,-5.153812408447266
1.0,-0.7259888052940369
-1.3333333333333333,-3.034799814224243
-5.222222222222222,-5.972578525543213
-0.2222222222222222,3.835374593734741
-3.0,-0.13842010498046875
-6.555555555555555,-5.992849826812744
-1.3333333333333333,-0.8087644577026367
-2.111111111111111,-4.776658535003662
9.555555555555555,1.9790921211242676
0.7777777777777778,-4.064297676086426
38.11111111111112,23.423458099365234
0.0,1.4430001974105835
-4.222222222222222,-5.673903942108154
1.3333333333333333,-0.3378269672393799
8.555555555555555,-2.65712308883667
-3.555555555555556,-0.5720834136009216
33.0,27.978748321533203
-4.777777777777778,-0.9324083924293518
29.0,14.583471298217773
-12.555555555555555,-10.542003631591797
2.111111111111111,-2.368149757385254
-3.2222222222222223,-4.458633899688721
-7.111111111111111,-11.408409118652344
-4.222222222222222,-2.7911596298217773
-7.444444444444445,-5.537395000457764
-10.0,-1.1458746194839478
7.888888888888889,10.120022773742676
1.6666666666666667,-3.8965396881103516
-4.0,-1.0039501190185547
-2.888888888888889,-4.066215515136719
0.5555555555555556,-0.06908392906188965
-14.333333333333334,-7.944941997528076
-9.0,-0.37052154541015625
-4.888888888888889,0.25926631689071655
-4.111111111111111,2.4985737800598145
-0.5555555555555556,6.428542613983154
-1.6666666666666667,3.1171820163726807
-1.3333333333333333,-1.3193153142929077
-5.666666666666667,6.042275428771973
-6.111111111111111,2.670902967453003
0.8888888888888888,3.8919785022735596
-5.0,1.7304959297180176
-14.77777777777778,0.08135581016540527
0.8888888888888888,-0.7781375050544739
2.2222222222222223,11.334136962890625
2.7777777777777777,5.329438209533691
7.666666666666667,4.989825248718262
-2.555555555555556,1.2306138277053833
-5.111111111111111,-3.618093490600586
-1.1111111111111112,-0.4252183437347412
8.222222222222221,22.64550018310547
9.333333333333334,-1.6078078746795654
7.888888888888889,10.656866073608398
0.3333333333333333,1.971648097038269
-8.0,-4.220489025115967
-7.555555555555555,-3.7179620265960693
-4.777777777777778,-1.5060802698135376
-0.3333333333333333,3.278815507888794
-5.333333333333333,-2.706540107727051
4.333333333333333,-3.3415777683258057
-1.4444444444444444,-1.8205091953277588
-2.888888888888889,-5.662228584289551
3.111111111111111,3.3729946613311768
17.333333333333332,9.205015182495117
2.0,1.8036167621612549
-13.88888888888889,-11.524173736572266
-4.444444444444445,-2.189774990081787
-11.666666666666666,-9.25859260559082
-4.444444444444445,-7.427065849304199
-4.222222222222222,-6.819921970367432
-7.333333333333333,-3.9581520557403564
-3.2222222222222223,-2.6634762287139893
-3.4444444444444446,-0.587506890296936
-3.111111111111111,-4.403189659118652
-5.333333333333333,-3.7472798824310303
7.888888888888889,7.199627876281738
19.88888888888889,21.575294494628906
-0.1111111111111111,-0.27803367376327515
-2.555555555555556,-3.8958120346069336
-6.888888888888889,-5.572101593017578
-6.111111111111111,0.8161119222640991
-1.5555555555555556,1.2333892583847046
-4.333333333333333,-12.436822891235352
0.6666666666666666,-2.757699489593506
-24.0,-6.897833347320557
-4.222222222222222,-3.5541107654571533
-1.0,0.9442886114120483
1.3333333333333333,4.733300685882568
-12.666666666666666,-4.933851718902588
-7.0,-3.72845721244812
-1.3333333333333333,0.3601149916648865
-7.0,-2.4611258506774902
5.888888888888889,2.669869899749756
-8.11111111111111,-4.857088088989258
-5.777777777777778,-4.82850456237793
-2.888888888888889,-3.4014289379119873
-12.77777777777778,-4.9626922607421875
-6.444444444444445,-5.8275275230407715
-2.4444444444444446,-3.458150625228882
6.0,-1.529989242553711
-8.666666666666666,3.211519718170166
-2.111111111111111,-1.5817105770111084
11.11111111111111,10.94148063659668
5.333333333333333,6.587558746337891
2.4444444444444446,0.9908517599105835
-3.7777777777777777,-4.784343719482422
-1.8888888888888888,-0.7305527925491333
-0.7777777777777778,-5.004909992218018
-5.111111111111111,-7.233973503112793
0.6666666666666666,-0.6712191700935364
-1.3333333333333333,-0.8221961259841919
18.77777777777778,22.45748519897461
7.0,8.683496475219727
-22.55555555555556,-8.839753150939941
-5.333333333333333,-3.7777962684631348
-0.7777777777777778,-3.1877691745758057
10.444444444444445,-2.0340988636016846
-1.4444444444444444,-4.041907787322998
-0.8888888888888888,-6.498241424560547
10.0,2.3064661026000977
23.0,17.7356014251709
0.1111111111111111,0.9832570552825928
-1.6666666666666667,3.9238317012786865
-8.88888888888889,-0.7483765482902527
-10.444444444444445,-9.50476360321045
-1.0,0.8785753846168518
0.6666666666666666,-2.141251564025879
-4.111111111111111,-4.17657470703125
18.11111111111111,-1.073140263557434
-1.3333333333333333,-4.685366630554199
-6.333333333333333,-6.397156238555908
-6.666666666666667,-6.598838806152344
-4.111111111111111,3.1587882041931152
-7.555555555555555,-3.5042977333068848
-10.555555555555555,-7.996660232543945
0.5555555555555556,-5.552516460418701
5.555555555555555,10.491528511047363
-0.1111111111111111,-3.5774776935577393
-2.888888888888889,-1.1613465547561646
2.4444444444444446,6.790200710296631
-2.888888888888889,-4.79623556137085
18.666666666666668,26.224803924560547
1.2222222222222223,5.0971221923828125
-2.2222222222222223,-5.393626689910889
-1.0,-0.9829356670379639
5.222222222222222,4.780205249786377
4.222222222222222,-1.4236003160476685
-0.2222222222222222,0.22289681434631348
16.444444444444443,-7.99457311630249
-8.0,-5.8329596519470215
-11.666666666666666,-10.600214958190918
0.1111111111111111,-0.6092448234558105
2.2222222222222223,1.654870867729187
-5.333333333333333,-7.424724102020264
-2.333333333333333,0.169389009475708
-3.555555555555556,-0.9364417791366577
-3.111111111111111,-0.9844638705253601
-9.22222222222222,-10.291829109191895
-9.666666666666666,0.06786620616912842
-6.333333333333333,-2.229504346847534
-8.333333333333334,-11.142620086669922
-11.555555555555555,-2.9819252490997314
-8.333333333333334,-8.88037395477295
25.0,17.115997314453125
-5.222222222222222,-4.236096382141113
3.555555555555556,-2.8135294914245605
-2.333333333333333,-6.644907474517822
-13.666666666666666,-2.6200294494628906
-2.333333333333333,-2.2154221534729004
-6.444444444444445,-7.134953498840332
10.22222222222222,3.548828125
-4.888888888888889,-7.998019218444824
6.444444444444445,11.714221000671387
2.0,-1.496683120727539
15.0,5.813975811004639
-10.0,-11.831714630126953
-5.666666666666667,0.2228682041168213
-3.7777777777777777,-4.521251201629639
1.2222222222222223,-5.0661187171936035
-1.4444444444444444,-2.7648983001708984
-4.222222222222222,-4.958428859710693
2.4444444444444446,3.62441349029541
2.333333333333333,0.6579446792602539
-7.666666666666667,3.5899033546447754
-0.2222222222222222,0.42949676513671875
0.2222222222222222,0.2803022861480713
1.2222222222222223,1.4302637577056885
-4.888888888888889,-10.023812294006348
-1.2222222222222223,-2.9523744583129883
0.7777777777777778,0.8408552408218384
-1.5555555555555556,-6.582009792327881
-4.444444444444445,-3.1659440994262695
-1.1111111111111112,-4.565891742706299
-3.111111111111111,-4.563436031341553
-0.2222222222222222,-6.728737831115723
3.0,0.8784310817718506
30.0,18.582426071166992
12.88888888888889,20.94847297668457
-0.3333333333333333,-5.249600887298584
41.55555555555556,6.267833232879639
-13.333333333333334,-9.396913528442383
-10.555555555555555,-2.705183982849121
0.7777777777777778,-2.8132965564727783
0.3333333333333333,-2.566683769226074
-3.555555555555556,-2.4561896324157715
7.222222222222222,8.604292869567871
4.666666666666667,1.8888704776763916
-9.88888888888889,-11.650626182556152
-6.111111111111111,-4.842602729797363
-3.4444444444444446,-6.0174150466918945
7.888888888888889,4.870090007781982
0.2222222222222222,-0.3384026288986206
-0.3333333333333333,-2.8426849842071533
2.4444444444444446,20.22731590270996
0.3333333333333333,-3.420182704925537
-4.777777777777778,-4.464324951171875
-2.111111111111111,0.6709568500518799
-6.111111111111111,-2.395439386367798
3.333333333333333,-2.5605640411376953
0.8888888888888888,-3.4225852489471436
-4.777777777777778,-5.3216328620910645
-3.888888888888889,-2.08445405960083
-10.0,-5.177126884460449
-21.33333333333333,-8.285417556762695
-4.444444444444445,-7.710079193115234
2.0,3.143324136734009
-5.222222222222222,-3.794875383377075
1.2222222222222223,1.456335186958313
-9.666666666666666,-6.545347690582275
-7.222222222222222,-1.849385380744934
-6.555555555555555,-5.748360633850098
-8.777777777777779,-5.094119548797607
-8.11111111111111,-4.749513626098633
0.3333333333333333,1.1932916641235352
0.4444444444444444,4.071983337402344
0.1111111111111111,-0.6816952228546143
13.22222222222222,-0.7092522382736206
-3.888888888888889,-1.7274160385131836
-0.8888888888888888,0.41471314430236816
-4.777777777777778,-2.6870028972625732
-9.22222222222222,-6.651412487030029
3.111111111111111,3.048239231109619
2.2222222222222223,3.7877564430236816
-10.555555555555555,-2.286115884780884
-1.0,-0.9416845440864563
-11.0,0.44160234928131104
-4.666666666666667,0.5725119113922119
-4.0,-1.2958192825317383
3.6666666666666665,-1.0685313940048218
-1.0,4.4741339683532715
3.0,1.7865917682647705
-9.444444444444445,-7.507438659667969
3.333333333333333,-0.3009771704673767
-4.111111111111111,-5.488997936248779
6.555555555555555,3.7478132247924805
3.333333333333333,7.994688987731934
-7.222222222222222,-5.631974220275879
0.4444444444444444,-1.4187381267547607
-2.7777777777777777,-3.7818899154663086
-2.2222222222222223,-3.2886083126068115
-2.6666666666666665,-6.555718421936035
-1.7777777777777777,3.9083316326141357
13.22222222222222,21.002016067504883
-3.2222222222222223,-3.7487270832061768
-6.888888888888889,-5.84454345703125
-8.666666666666666,-3.576524257659912
2.0,4.66762638092041
0.0,-1.3643498420715332
-2.888888888888889,-2.360081911087036
-5.888888888888889,-5.90985631942749
5.555555555555555,1.8712403774261475
-4.0,-2.584094285964966
6.444444444444445,5.498744010925293
-3.555555555555556,-2.1271281242370605
-1.3333333333333333,-2.2881765365600586
2.0,-0.9827925562858582
-6.0,-9.122180938720703
-18.88888888888889,-12.181557655334473
-13.555555555555555,-6.5191216468811035
-2.888888888888889,-0.2687793970108032
6.444444444444445,0.4450993537902832
-4.111111111111111,-5.902647972106934
-6.555555555555555,-8.584610939025879
-3.111111111111111,-2.3379557132720947
-1.5555555555555556,-5.811801433563232
-1.7777777777777777,-1.6080107688903809
5.555555555555555,-5.022080898284912
-1.5555555555555556,-2.6640408039093018
12.77777777777778,9.302878379821777
-7.777777777777778,-5.1782097816467285
1.3333333333333333,2.6005666255950928
-2.555555555555556,-1.7931795120239258
19.22222222222222,17.071212768554688
4.666666666666667,-2.1574885845184326
-5.888888888888889,-3.3262228965759277
-7.888888888888889,-3.491194486618042
10.77777777777778,-2.6797356605529785
32.111111111111114,17.625873565673828
-5.666666666666667,-5.5095133781433105
9.11111111111111,6.5799479484558105
8.777777777777779,-0.3190596103668213
-9.11111111111111,-8.460145950317383
4.555555555555555,7.9442830085754395
3.4444444444444446,-2.579313278198242
-11.555555555555555,-1.984074592590332
-3.0,-3.197615146636963
-5.222222222222222,-2.5502941608428955
1.1111111111111112,-3.9353983402252197
-9.555555555555555,-3.955626964569092
-3.888888888888889,-4.410116195678711
-0.3333333333333333,-6.375453948974609
1.6666666666666667,0.13398873805999756
-8.555555555555555,-10.661606788635254
11.333333333333334,8.270078659057617
8.88888888888889,3.299750566482544
-4.222222222222222,-4.298224449157715
-0.6666666666666666,-0.40650200843811035
-8.333333333333334,-4.780134201049805
-2.888888888888889,-5.706017017364502
-9.77777777777778,-5.899397373199463
-2.4444444444444446,-3.526643991470337
7.222222222222222,2.34926176071167
-11.11111111111111,-0.4211617708206177
-3.2222222222222223,0.39134681224823
3.555555555555556,3.398832321166992
-1.2222222222222223,-2.4454004764556885
-15.11111111111111,-1.2706109285354614
-8.222222222222221,-8.024602890014648
1.5555555555555556,-3.833515167236328
-6.222222222222222,-4.717194080352783
-2.888888888888889,2.7976737022399902
-1.3333333333333333,-3.2515861988067627
4.0,-0.47323668003082275
5.666666666666667,7.661750793457031
6.777777777777778,1.1142359972000122
-3.6666666666666665,-5.249791145324707
-5.222222222222222,-5.860687732696533
-6.0,-4.175541400909424
0.4444444444444444,-2.774014949798584
-4.444444444444445,-1.5053404569625854
-6.888888888888889,-6.886641025543213
-0.1111111111111111,-3.747183322906494
-5.555555555555555,-6.644144535064697
-8.666666666666666,1.5012590885162354
3.4444444444444446,1.194584846496582
-0.8888888888888888,11.7775239944458
-2.6666666666666665,-2.831968307495117
-1.3333333333333333,0.01381981372833252
2.4444444444444446,-1.676147222518921
-9.22222222222222,-10.320249557495117
-12.333333333333334,-3.214709520339966
25.666666666666668,13.818145751953125
2.4444444444444446,2.422950506210327
2.2222222222222223,1.2451189756393433
-1.2222222222222223,-4.974094867706299
-2.6666666666666665,-2.3483963012695312
-5.333333333333333,-4.035745620727539
0.0,-0.909932017326355
-1.4444444444444444,0.8201615810394287
-3.555555555555556,-2.912729263305664
-0.5555555555555556,-3.378906488418579
-5.222222222222222,-1.541947841644287
-2.0,-1.4369670152664185
3.555555555555556,-1.7444961071014404
3.555555555555556,0.11393812298774719
-1.0,1.7010514736175537
5.222222222222222,-1.4796984195709229
-11.11111111111111,-10.850693702697754
-6.222222222222222,-6.313539028167725
-8.11111111111111,-7.587101936340332
5.333333333333333,0.9922016859054565
-1.8888888888888888,-2.8308873176574707
1.7777777777777777,0.958221971988678
-1.4444444444444444,-5.341243743896484
-2.0,-5.058193206787109
-10.22222222222222,-5.548588752746582
2.2222222222222223,1.286288857460022
7.111111111111111,2.8935914039611816
-5.0,-5.319777488708496
23.33333333333333,14.53675365447998
2.888888888888889,-6.199531078338623
-0.3333333333333333,-5.455545902252197
-2.7777777777777777,-4.23768949508667
20.11111111111111,8.014443397521973
-6.555555555555555,-6.687054634094238
-5.888888888888889,2.515997886657715
-13.0,-0.5829023718833923
-2.6666666666666665,-5.1271772384643555
-4.666666666666667,3.8533270359039307
-0.5555555555555556,-1.633528232574463
1.8888888888888888,-0.9495263695716858
-0.2222222222222222,-3.3587188720703125
-13.666666666666666,-0.5225629210472107
1.6666666666666667,1.116854190826416
6.444444444444445,2.966062545776367
-5.111111111111111,-7.222667217254639
-1.0,4.692939758300781
2.6666666666666665,-3.320880651473999
-4.111111111111111,-5.786457061767578
-2.2222222222222223,-5.434813499450684
-0.3333333333333333,-0.41391128301620483
-4.888888888888889,-0.8410297632217407
25.11111111111111,28.83726692199707
-10.88888888888889,-7.849489688873291
2.555555555555556,0.15654577314853668
-0.4444444444444444,-4.160661697387695
-19.55555555555556,-5.918415069580078
-0.8888888888888888,-0.5626285076141357
-6.555555555555555,-4.038734436035156
-4.222222222222222,-0.9550333023071289
-5.0,-4.132641315460205
-4.444444444444445,1.8424160480499268
-2.333333333333333,0.5197510123252869
-3.888888888888889,-3.24892258644104
-2.111111111111111,-3.6456687450408936
-6.111111111111111,-2.589370012283325
2.2222222222222223,4.542367935180664
-8.88888888888889,-4.825686454772949
1.8888888888888888,-6.604178428649902
24.77777777777778,26.551382064819336
0.3333333333333333,-0.9492398500442505
-2.2222222222222223,-0.613152027130127
8.555555555555555,2.3166282176971436
-2.7777777777777777,-3.3857853412628174
3.4444444444444446,0.27711915969848633
-2.555555555555556,-2.106454610824585
2.555555555555556,0.47459423542022705
28.88888888888889,16.733003616333008
-18.11111111111111,-3.4588494300842285
-5.666666666666667,16.923118591308594
-1.0,-1.3710618019104004
0.3333333333333333,-1.070723056793213
0.3333333333333333,0.38609254360198975
-1.3333333333333333,1.7557324171066284
-4.888888888888889,-3.326941728591919
-7.555555555555555,-4.563490867614746
-6.888888888888889,-0.09187602996826172
-4.0,1.6711586713790894
1.6666666666666667,-1.673120379447937
8.666666666666666,-1.3493709564208984
1.7777777777777777,0.2183893322944641
0.1111111111111111,-2.621105194091797
13.88888888888889,14.405306816101074
-0.3333333333333333,3.1583211421966553
8.444444444444445,-0.8580833077430725
-0.2222222222222222,-1.135108232498169
-6.555555555555555,-1.5119857788085938
2.6666666666666665,12.208721160888672
-4.555555555555555,-0.3823438882827759
-0.5555555555555556,8.440916061401367
-1.0,-3.7795469760894775
14.666666666666666,8.00843334197998
-2.4444444444444446,-9.961276054382324
-1.0,-6.381640434265137
-12.0,-11.425896644592285
-0.5555555555555556,1.1587612628936768
-0.8888888888888888,1.0234510898590088
-6.888888888888889,-0.8200110197067261
-4.555555555555555,-5.701693534851074
0.1111111111111111,4.69158411026001
-5.333333333333333,-7.9495954513549805
-6.777777777777778,-3.8198115825653076
27.88888888888889,15.916060447692871
-7.888888888888889,-5.780449867248535
-0.2222222222222222,-2.6168980598449707
6.222222222222222,6.629062652587891
-14.444444444444445,-8.657069206237793
-5.555555555555555,-5.7260518074035645
-13.555555555555555,-5.762130260467529
-9.88888888888889,-3.4492273330688477
-7.333333333333333,1.026044487953186
0.0,-2.6719229221343994
0.1111111111111111,-1.8817453384399414
-5.555555555555555,-0.3785707950592041
-8.666666666666666,-8.87119197845459
-4.666666666666667,-5.672933101654053
0.4444444444444444,-3.413055181503296
0.0,3.0442519187927246
-5.444444444444445,-7.699932098388672
0.2222222222222222,-6.033777236938477
-16.555555555555557,-7.67341423034668
5.222222222222222,1.394970417022705
-4.333333333333333,-5.510819911956787
-2.555555555555556,-3.454758882522583
15.11111111111111,5.697232246398926
-0.6666666666666666,-1.7622506618499756
-0.4444444444444444,-2.3488528728485107
-4.333333333333333,-1.7108070850372314
-3.7777777777777777,-7.359405517578125
-2.333333333333333,-2.780219078063965
2.555555555555556,-4.782444477081299
15.88888888888889,11.958372116088867
-21.88888888888889,-7.61930513381958
21.444444444444443,17.173614501953125
4.333333333333333,1.155294418334961
-1.2222222222222223,-5.0260515213012695
1.2222222222222223,0.05566608905792236
-3.6666666666666665,-3.0583696365356445
3.0,2.4101738929748535
-2.333333333333333,2.2322847843170166
-3.888888888888889,-5.0167622566223145
14.444444444444445,-3.07985782623291
-4.666666666666667,-5.4834442138671875
-4.0,-2.6290814876556396
3.0,0.485005259513855
-6.555555555555555,-4.937475204467773
-4.333333333333333,4.375609397888184
6.888888888888889,10.218449592590332
0.4444444444444444,0.432358980178833
-3.6666666666666665,-4.212596416473389
28.444444444444443,21.614660263061523
3.0,2.974607467651367
-24.11111111111111,-11.987157821655273
14.22222222222222,13.205374717712402
10.666666666666666,4.899267196655273
3.4444444444444446,1.2571382522583008
-6.888888888888889,4.0529561042785645
0.0,-3.3408915996551514
9.11111111111111,13.02032470703125
-2.888888888888889,2.103855609893799
-11.0,-5.7272114753723145
-4.111111111111111,-2.339661121368408
-4.777777777777778,-0.35712289810180664
22.11111111111111,5.069344997406006
8.222222222222221,0.8817623853683472
-4.777777777777778,-2.7852234840393066
-5.444444444444445,-7.271093845367432
1.5555555555555556,4.647799491882324
-3.4444444444444446,-3.292656898498535
-2.555555555555556,-0.7773513793945312
-5.111111111111111,-4.898524761199951
-11.333333333333334,-6.087735176086426
-5.777777777777778,-6.205589771270752
-10.555555555555555,-6.321874141693115
-13.666666666666666,-1.970194697380066
-4.888888888888889,-2.9243760108947754
1.2222222222222223,-2.1141891479492188
-5.888888888888889,-6.486954689025879
-2.555555555555556,-3.39152193069458
-9.333333333333334,-5.721742153167725
-9.22222222222222,-1.6304516792297363
-8.333333333333334,1.2399230003356934
-2.0,3.549933910369873
-5.333333333333333,-5.022914409637451
-0.2222222222222222,-4.09315299987793
0.4444444444444444,-2.4668567180633545
-3.333333333333333,1.0291810035705566
1.5555555555555556,0.5639932155609131
-2.2222222222222223,-11.087320327758789
-3.888888888888889,-7.385018348693848
11.444444444444445,14.517301559448242
12.666666666666666,10.691673278808594
1.3333333333333333,0.17979401350021362
-5.555555555555555,-2.97265362739563
-2.0,1.9358279705047607
-2.0,-4.4401726722717285
-5.222222222222222,-3.006237506866455
-0.5555555555555556,-2.52168607711792
9.333333333333334,9.979762077331543
5.333333333333333,-1.0805690288543701
-6.0,-5.439082622528076
-4.777777777777778,0.17428961396217346
-5.555555555555555,-4.4711151123046875
-7.333333333333333,-6.714771747589111
9.444444444444445,-0.8104731440544128
2.555555555555556,-3.283413887023926
-1.2222222222222223,-4.005630970001221
-1.1111111111111112,-3.990931749343872
-10.0,-8.236900329589844
0.4444444444444444,-3.0594241619110107
-4.444444444444445,-5.281302452087402
-9.666666666666666,-3.604506731033325
1.3333333333333333,1.7537610530853271
-0.8888888888888888,0.3267635107040405
-1.7777777777777777,-3.165407419204712
2.2222222222222223,-1.4221255779266357
-2.2222222222222223,-4.301865100860596
0.5555555555555556,-2.5925989151000977
-9.88888888888889,-2.4571707248687744
4.444444444444445,10.701459884643555
-1.0,-2.0175206661224365
-2.888888888888889,-1.3476309776306152
-6.0,-5.950045585632324
-0.2222222222222222,2.66102933883667
-5.222222222222222,-1.029241681098938
-3.0,-4.374989986419678
0.5555555555555556,2.5394346714019775
-5.0,-2.6201345920562744
-2.6666666666666665,-4.622806072235107
-10.444444444444445,0.6935864686965942
-0.7777777777777778,-4.121130466461182
7.111111111111111,-2.2475428581237793
-4.222222222222222,-5.362528324127197
2.111111111111111,-0.7756741046905518
-0.1111111111111111,0.572666585445404
42.55555555555556,9.79929256439209
-8.11111111111111,-7.28850793838501
-3.6666666666666665,-4.277215957641602
-4.777777777777778,-2.425297498703003
1.7777777777777777,-9.230536460876465
7.222222222222222,1.3987903594970703
-2.111111111111111,-8.242844581604004
-9.0,2.6179039478302
1.3333333333333333,0.7268997430801392
-1.4444444444444444,-1.8155392408370972
32.44444444444444,15.861912727355957
10.0,9.845914840698242
-5.666666666666667,-5.666130065917969
4.111111111111111,-3.4588027000427246
-9.0,-10.434919357299805
21.22222222222222,14.703118324279785
-6.666666666666667,-2.0841729640960693
3.0,5.835740089416504
-1.4444444444444444,-2.6999852657318115
-0.2222222222222222,2.8151865005493164
-1.1111111111111112,-0.7197431325912476
-8.555555555555555,-8.814528465270996
0.7777777777777778,-0.38054919242858887
4.555555555555555,3.438079595565796
4.222222222222222,1.75717031955719
-41.333333333333336,-17.98015594482422
-4.888888888888889,-5.0653486251831055
4.555555555555555,0.27225419878959656
2.2222222222222223,0.557478666305542
-1.5555555555555556,2.7788918018341064
-0.4444444444444444,-0.5860792994499207
-0.8888888888888888,-3.514492988586426
10.0,13.123169898986816
-8.222222222222221,-9.551556587219238
18.444444444444443,5.098379135131836
-4.888888888888889,-1.77401864528656
0.1111111111111111,-4.844963073730469
-5.555555555555555,-2.670067548751831
-2.4444444444444446,-2.7356021404266357
-5.222222222222222,-5.725707530975342
29.666666666666668,12.995911598205566
0.0,1.9348645210266113
2.2222222222222223,-4.649695873260498
20.88888888888889,15.074371337890625
-2.333333333333333,-2.054257869720459
-4.111111111111111,-2.9699740409851074
-10.444444444444445,-9.402175903320312
-10.77777777777778,-6.90854549407959
-4.666666666666667,-4.1972222328186035
8.777777777777779,0.9854521751403809
-3.2222222222222223,-8.27469539642334
-1.4444444444444444,-3.5204200744628906
-1.1111111111111112,-1.5545940399169922
6.888888888888889,2.0941379070281982
-5.444444444444445,-6.537008285522461
2.4444444444444446,-1.3612819910049438
-12.555555555555555,-8.589101791381836
17.444444444444443,16.102819442749023
0.1111111111111111,-3.1016898155212402
9.666666666666666,3.7685799598693848
-3.0,-0.38612812757492065
3.0,-4.555542945861816
-0.1111111111111111,-3.6266727447509766
-10.333333333333334,-3.2909724712371826
1.3333333333333333,-1.5178680419921875
-10.77777777777778,-7.990707874298096
0.3333333333333333,-3.1890246868133545
2.2222222222222223,-1.5654335021972656
-4.777777777777778,-1.8941017389297485
-2.4444444444444446,-2.7842748165130615
1.6666666666666667,3.331171989440918
-2.7777777777777777,-3.556933879852295
0.2222222222222222,-2.2452242374420166
-2.555555555555556,-2.973515748977661
2.333333333333333,0.5752025246620178
1.6666666666666667,-1.7265210151672363
-1.6666666666666667,-6.221955299377441
-1.8888888888888888,-0.1290644407272339
-5.888888888888889,-3.8722777366638184
-0.6666666666666666,1.2378112077713013
-0.8888888888888888,0.7685742378234863
1.5555555555555556,4.056002616882324
-4.222222222222222,-0.5811284780502319
1.7777777777777777,3.1743884086608887
-6.111111111111111,-7.68282413482666
-2.4444444444444446,0.9921671152114868
-0.7777777777777778,-0.5750174522399902
8.0,4.051383972167969
1.3333333333333333,2.2399799823760986
20.33333333333333,13.676679611206055
1.3333333333333333,0.4243311882019043
-4.222222222222222,-6.750245094299316
-8.777777777777779,-3.378114938735962
-4.333333333333333,-3.04361629486084
-2.7777777777777777,0.8543671369552612
6.0,6.301554203033447
0.1111111111111111,2.3761708736419678
-2.888888888888889,-2.3926727771759033
-0.1111111111111111,2.323310375213623
-2.7777777777777777,7.542283058166504
-10.11111111111111,-6.2802815437316895
-10.0,-6.596343517303467
-2.555555555555556,-1.5754575729370117
3.4444444444444446,1.3391119241714478
3.4444444444444446,5.077888011932373
-1.6666666666666667,2.249582290649414
-1.6666666666666667,-1.9598283767700195
1.5555555555555556,-2.7185006141662598
5.666666666666667,3.1698668003082275
5.777777777777778,1.7915198802947998
6.666666666666667,4.511580944061279
5.333333333333333,0.06468713283538818
7.222222222222222,5.888466835021973
-10.333333333333334,0.2419443130493164
0.4444444444444444,4.430515766143799
8.666666666666666,8.646894454956055
-6.555555555555555,-7.139413356781006
1.7777777777777777,0.4136795997619629
-6.777777777777778,-9.09823989868164
7.111111111111111,2.5385661125183105
-1.6666666666666667,-1.7394636869430542
-0.6666666666666666,-0.6188121438026428
8.777777777777779,2.2887279987335205
-0.6666666666666666,-1.034623146057129
-7.777777777777778,-2.361133337020874
5.888888888888889,0.8912167549133301
-4.111111111111111,-3.1713380813598633
-4.111111111111111,-2.9434378147125244
0.6666666666666666,-3.5398216247558594
-7.0,-8.072722434997559
-1.0,1.042897343635559
-0.6666666666666666,2.5988540649414062
6.777777777777778,4.232847690582275
0.5555555555555556,-1.2992908954620361
-1.3333333333333333,0.7828707695007324
-2.111111111111111,-1.5593152046203613
-8.11111111111111,-0.7744232416152954
3.4444444444444446,0.663973331451416
-5.444444444444445,-5.235080242156982
-1.5555555555555556,2.526972770690918
-3.2222222222222223,-6.433935642242432
4.444444444444445,-0.32930290699005127
-1.3333333333333333,-3.2879350185394287
-8.333333333333334,-5.564835548400879
-5.0,-5.655027389526367
1.0,0.012250304222106934
0.8888888888888888,-6.6618852615356445
-8.444444444444445,2.0809216499328613
-5.222222222222222,-1.5211071968078613
-4.888888888888889,0.5645129680633545
8.333333333333334,0.059954941272735596
7.333333333333333,2.605351448059082
1.2222222222222223,-2.047334671020508
-8.88888888888889,2.0822038650512695
4.333333333333333,1.0780116319656372
-0.6666666666666666,1.867737889289856
3.111111111111111,3.1265838146209717
3.555555555555556,-0.09634473919868469
-3.111111111111111,1.3485572338104248
-1.8888888888888888,1.0318702459335327
1.6666666666666667,-5.788854598999023
-7.666666666666667,-1.4231756925582886
-4.111111111111111,-0.33189308643341064
3.4444444444444446,-3.6293892860412598
-9.333333333333334,2.1560022830963135
1.5555555555555556,-0.9789780378341675
7.333333333333333,2.9813742637634277
-7.111111111111111,-3.454481363296509
-0.2222222222222222,0.04944610595703125
7.333333333333333,-2.2754967212677
0.6666666666666666,-0.8554474115371704
-2.0,-4.1878275871276855
-5.888888888888889,5.7915802001953125
-5.666666666666667,-3.2643489837646484
1.7777777777777777,5.558476448059082
-14.666666666666666,-2.6118245124816895
-15.333333333333334,-7.179442405700684
-7.777777777777778,-7.639973163604736
3.6666666666666665,-4.460212707519531
-6.444444444444445,-0.4291341304779053
-1.3333333333333333,-0.784028172492981
-11.333333333333334,-6.319756984710693
-15.88888888888889,-7.890613555908203
0.3333333333333333,-3.2192611694335938
5.888888888888889,2.4856820106506348
-5.555555555555555,-4.8582305908203125
-4.222222222222222,2.9414474964141846
-1.3333333333333333,-5.690463542938232
-3.2222222222222223,-6.317974090576172
-0.1111111111111111,-3.831373691558838
-6.666666666666667,-2.4797773361206055
-7.333333333333333,-1.9779397249221802
-5.111111111111111,-0.2847222685813904
5.222222222222222,4.3454742431640625
-7.444444444444445,-9.420372009277344
17.444444444444443,15.054521560668945
-3.4444444444444446,-0.6916108727455139
-5.333333333333333,-1.871659278869629
3.6666666666666665,-2.5666868686676025
-2.4444444444444446,-3.3400020599365234
-21.0,-14.420243263244629
-8.333333333333334,-5.943487644195557
-3.333333333333333,-0.25974762439727783
1.5555555555555556,4.31227970123291
-3.0,-2.2525017261505127
-14.333333333333334,-10.82146167755127
-2.2222222222222223,-0.09670820832252502
5.0,12.546930313110352
0.4444444444444444,-0.9658454656600952
-8.222222222222221,-5.570277690887451
2.7777777777777777,1.450717806816101
-12.444444444444445,-11.721571922302246
5.555555555555555,-0.22059988975524902
-2.111111111111111,-2.12068510055542
-1.6666666666666667,1.2941263914108276
-9.88888888888889,-3.638653516769409
-7.333333333333333,-6.833119869232178
-10.88888888888889,-6.753725528717041
-4.777777777777778,-14.400079727172852
-5.111111111111111,1.760720133781433
0.8888888888888888,4.106880187988281
2.333333333333333,2.8666508197784424
1.3333333333333333,4.199460983276367
-3.333333333333333,0.7904870510101318
5.555555555555555,-6.6913580894470215
-2.6666666666666665,-4.024124622344971
-4.555555555555555,-3.252453565597534
4.0,-5.671963691711426
-1.0,-2.6129090785980225
1.3333333333333333,-0.20698332786560059
-21.0,-10.91413402557373
-1.6666666666666667,-1.9090931415557861
2.111111111111111,4.890693187713623
-7.888888888888889,-7.929497718811035
-0.3333333333333333,-4.238532066345215
2.0,1.9847913980484009
26.11111111111111,24.711566925048828
-0.1111111111111111,-8.63925838470459
-0.7777777777777778,-3.2153379917144775
-11.0,-11.157980918884277
4.222222222222222,4.292913913726807
-1.7777777777777777,-2.715373992919922
-9.0,-7.0472846031188965
-4.555555555555555,-5.9673662185668945
-5.0,-6.863712787628174
0.7777777777777778,-4.949516773223877
-3.333333333333333,-6.3177995681762695
-3.111111111111111,-4.302093505859375
5.0,2.31380558013916
-1.2222222222222223,-3.515073537826538
-7.555555555555555,-8.699915885925293
-3.4444444444444446,-0.5261598825454712
-7.555555555555555,-10.536152839660645
-8.444444444444445,-7.683941841125488
-2.555555555555556,-2.2155020236968994
-2.2222222222222223,-2.010937452316284
-3.4444444444444446,-6.111860275268555
4.888888888888889,1.7350225448608398
4.111111111111111,-2.984541654586792
-11.22222222222222,-7.488039493560791
-5.0,-7.369941234588623
0.8888888888888888,-0.08305048942565918
-0.7777777777777778,-3.4703164100646973
-5.444444444444445,-2.631338357925415
-9.11111111111111,-4.794938564300537
-0.8888888888888888,1.735823392868042
-2.0,-3.6748993396759033
-2.6666666666666665,-3.2467739582061768
21.55555555555556,12.685370445251465
11.77777777777778,4.335993766784668
14.88888888888889,16.777231216430664
-0.8888888888888888,0.44277822971343994
1.4444444444444444,0.6648998260498047
-2.7777777777777777,-1.1075854301452637
-2.7777777777777777,1.26220703125
-8.777777777777779,3.5460689067840576
-3.555555555555556,-4.507003307342529
-9.444444444444445,-6.273624897003174
2.0,1.2051560878753662
-7.0,-3.5953853130340576
0.1111111111111111,1.6671403646469116
-5.888888888888889,-0.8499417304992676
-11.444444444444445,-5.990467071533203
-5.777777777777778,-3.7422783374786377
-0.4444444444444444,-8.044198989868164
-1.7777777777777777,5.238959789276123
-1.4444444444444444,-1.4637961387634277
-4.333333333333333,-6.584081172943115
-8.555555555555555,-6.543079376220703
-8.222222222222221,-1.8423736095428467
0.4444444444444444,-0.7947437763214111
-4.555555555555555,-4.138220310211182
-6.0,-1.7993056774139404
-1.0,-9.152881622314453
-4.333333333333333,-2.999086380004883
-4.111111111111111,-0.1836451292037964
16.0,15.51343822479248
-3.4444444444444446,2.3313076496124268
-3.111111111111111,-2.7816669940948486
10.77777777777778,15.28333568572998
8.222222222222221,7.40003776550293
0.3333333333333333,-0.06896376609802246
0.2222222222222222,0.2943153381347656
-14.88888888888889,-6.509902477264404
3.333333333333333,8.987170219421387
1.0,-1.6727495193481445
0.6666666666666666,-0.3043254613876343
-4.333333333333333,-8.193012237548828
0.3333333333333333,-0.9497013092041016
-4.444444444444445,-3.731769561767578
0.2222222222222222,-3.2112128734588623
5.222222222222222,-0.5386828184127808
-2.7777777777777777,-3.061732053756714
-2.0,-1.6646537780761719
28.444444444444443,26.17034912109375
-6.0,-2.2299928665161133
-6.666666666666667,-0.3023986220359802
-3.888888888888889,0.06986129283905029
-10.11111111111111,-11.008578300476074
-4.777777777777778,2.051997661590576
1.4444444444444444,-0.2943369746208191
-5.0,-1.1415297985076904
0.1111111111111111,-3.5710155963897705
-6.444444444444445,-4.6970648765563965
-2.333333333333333,-3.085897922515869
-1.6666666666666667,-3.6154098510742188
-4.111111111111111,-3.2183780670166016
-10.0,-3.311675548553467
2.7777777777777777,0.20869988203048706
-1.5555555555555556,-3.8220300674438477
-4.666666666666667,-3.5582571029663086
-5.444444444444445,-0.09768468141555786
2.0,6.5714921951293945
-6.222222222222222,0.449634313583374
-10.11111111111111,0.09252142906188965
9.555555555555555,0.1351076364517212
-10.0,-6.433143138885498
-6.444444444444445,-0.5432254076004028
0.8888888888888888,-6.475550651550293
-0.5555555555555556,-0.5226209163665771
-1.8888888888888888,-1.261538028717041
3.888888888888889,-4.2259392738342285
3.333333333333333,-2.589568853378296
17.0,10.11328411102295
-0.7777777777777778,-0.780160129070282
-3.2222222222222223,-2.3488144874572754
-4.777777777777778,-10.346742630004883
-3.2222222222222223,-3.840449810028076
-4.222222222222222,-6.724471569061279
-9.11111111111111,2.0906662940979004
-6.333333333333333,-10.386768341064453
-4.666666666666667,-2.2725911140441895
9.444444444444445,5.048618316650391
1.6666666666666667,-3.3040590286254883
-3.0,1.363377332687378
-5.444444444444445,-6.5984673500061035
2.111111111111111,3.3346219062805176
-5.888888888888889,7.730446815490723
-1.8888888888888888,-1.5483579635620117
-4.777777777777778,-6.205288887023926
2.111111111111111,-2.1921443939208984
0.5555555555555556,-8.49138069152832
-3.111111111111111,-7.59236478805542
-11.88888888888889,-13.705055236816406
-0.6666666666666666,-1.4793920516967773
12.11111111111111,7.265166759490967
-0.5555555555555556,-3.759204626083374
0.6666666666666666,0.9217996001243591
-4.888888888888889,-2.8537580966949463
-3.111111111111111,-3.087059736251831
-2.2222222222222223,-3.195622444152832
-3.2222222222222223,-2.8618862628936768
-6.888888888888889,-12.95855712890625
3.4444444444444446,-0.8682140707969666
24.11111111111111,11.033700942993164
-0.8888888888888888,-2.2369275093078613
0.8888888888888888,-5.50656795501709
-6.555555555555555,-2.5677490234375
-1.3333333333333333,-6.352533340454102
-4.111111111111111,-2.244659662246704
9.666666666666666,0.4127473831176758
5.111111111111111,1.8415392637252808
4.333333333333333,-3.87556529045105
0.4444444444444444,5.09849739074707
-15.444444444444445,-7.481178283691406
-7.0,-1.5785163640975952
1.7777777777777777,2.43623423576355
6.777777777777778,1.4389634132385254
8.0,-0.7759673595428467
4.777777777777778,6.687098979949951
19.55555555555556,15.142672538757324
-6.777777777777778,-5.928130626678467
-7.222222222222222,-3.0849649906158447
0.1111111111111111,-3.1612558364868164
-0.4444444444444444,-3.033425807952881
-3.555555555555556,-4.801901340484619
10.444444444444445,9.092997550964355
3.4444444444444446,2.0110981464385986
-0.1111111111111111,5.777499198913574
-7.666666666666667,-3.6383473873138428
0.1111111111111111,0.027942121028900146
-3.333333333333333,-4.048969745635986
-4.222222222222222,1.1789120435714722
-0.7777777777777778,0.16528403759002686
-11.666666666666666,-10.728012084960938
-2.333333333333333,-1.2755718231201172
-0.3333333333333333,-5.943599700927734
17.88888888888889,9.962800979614258
32.55555555555556,29.813804626464844
-11.0,1.1885789632797241
-4.0,-3.1039185523986816
-6.777777777777778,-2.6589746475219727
-15.333333333333334,-4.945896625518799
-7.666666666666667,-0.8766305446624756
-3.555555555555556,-1.5574475526809692
-2.7777777777777777,-4.992035865783691
0.1111111111111111,-0.8833134174346924
38.11111111111112,30.725364685058594
-8.0,-0.4574754238128662
-4.222222222222222,-5.990317344665527
0.0,-3.1299262046813965
23.55555555555556,28.75141716003418
1.7777777777777777,-5.693130016326904
-2.7777777777777777,-1.190930962562561
-5.777777777777778,-5.954890727996826
7.333333333333333,5.1428327560424805
-6.555555555555555,-5.945687294006348
-9.333333333333334,-0.8664574027061462
5.111111111111111,0.0033884048461914062
-5.444444444444445,-2.6825003623962402
3.6666666666666665,2.1580986976623535
-6.555555555555555,-6.660617351531982
19.444444444444443,24.215709686279297
-4.777777777777778,-2.5110714435577393
4.888888888888889,0.4944905638694763
-3.2222222222222223,-3.7308647632598877
-1.6666666666666667,-0.7549175024032593
-7.555555555555555,-2.754412889480591
-3.4444444444444446,-4.16155481338501
1.5555555555555556,2.8077008724212646
-7.555555555555555,-8.092331886291504
-13.333333333333334,-14.131224632263184
-5.0,-7.057034492492676
-3.111111111111111,3.9566500186920166
-8.777777777777779,1.1603280305862427
-1.1111111111111112,1.5465881824493408
1.8888888888888888,1.8321183919906616
-6.222222222222222,-4.980992317199707
-0.1111111111111111,-3.6948623657226562
4.0,5.758015155792236
-18.22222222222222,-6.131793022155762
-1.7777777777777777,-4.503156661987305
-13.333333333333334,-8.092138290405273
-7.666666666666667,-6.760545253753662
-1.6666666666666667,-2.1006698608398438
-4.444444444444445,-0.8931444883346558
-11.444444444444445,-4.136134624481201
2.888888888888889,-0.6607948541641235
27.0,25.234519958496094
1.8888888888888888,-1.9904370307922363
-8.88888888888889,-0.8892664909362793
-4.888888888888889,-0.02856731414794922
-5.888888888888889,-4.528385162353516
-3.6666666666666665,-3.1561148166656494
9.555555555555555,19.404436111450195
-1.6666666666666667,0.1490323543548584
0.8888888888888888,-2.088959217071533
-13.666666666666666,-11.200418472290039
-3.555555555555556,-0.2245137095451355
-1.6666666666666667,-0.9091891050338745
8.88888888888889,11.35971736907959
-4.888888888888889,-3.664933204650879
-3.888888888888889,-4.705312728881836
-9.88888888888889,-7.147529602050781
-1.5555555555555556,-4.396478176116943
7.666666666666667,7.066549777984619
3.7777777777777777,-0.7057676315307617
12.666666666666666,-12.01931381225586
-4.555555555555555,-6.008840560913086
13.555555555555555,13.932915687561035
6.777777777777778,-2.4540374279022217
-9.11111111111111,-7.6492133140563965
-2.555555555555556,-3.702188491821289
-1.4444444444444444,-1.6057859659194946
-6.222222222222222,-5.036514759063721
-7.555555555555555,-4.223663806915283
1.0,1.2681554555892944
-1.4444444444444444,1.4466488361358643
-9.88888888888889,-6.806478977203369
1.2222222222222223,1.6731276512145996
2.2222222222222223,-3.478337049484253
1.2222222222222223,-1.4889533519744873
8.444444444444445,-1.764719009399414
0.8888888888888888,-4.508871555328369
-10.444444444444445,-5.685092449188232
4.444444444444445,3.0920515060424805
-1.6666666666666667,0.7039170265197754
-3.888888888888889,-2.3052546977996826
3.2222222222222223,-1.7674776315689087
-5.666666666666667,-1.584841012954712
-9.0,-3.9406254291534424
8.777777777777779,10.044363975524902
1.5555555555555556,-7.249743461608887
-2.555555555555556,-2.8046765327453613
4.777777777777778,5.082832336425781
-16.11111111111111,-6.393579483032227
-5.555555555555555,-6.193981170654297
-1.8888888888888888,-4.958675861358643
25.11111111111111,18.677400588989258
-2.555555555555556,-7.866104602813721
-12.0,-4.482221603393555
-10.333333333333334,-8.231751441955566
-7.333333333333333,-6.088705062866211
0.0,-6.34460973739624
1.8888888888888888,-1.0805541276931763
1.4444444444444444,-1.0041509866714478
19.55555555555556,1.1907610893249512
-5.222222222222222,-1.5850275754928589
0.3333333333333333,-0.9337373375892639
1.1111111111111112,-1.895806074142456
25.666666666666668,10.424403190612793
-3.0,-2.765653610229492
3.555555555555556,0.02784144878387451
4.222222222222222,4.478050231933594
1.7777777777777777,-5.211031436920166
31.444444444444443,-6.714889049530029
19.33333333333333,-1.0330313444137573
-1.6666666666666667,-0.4547238349914551
1.5555555555555556,0.9798794388771057
7.222222222222222,0.9335930347442627
-3.7777777777777777,-4.831238269805908
-1.6666666666666667,-5.3525238037109375
0.2222222222222222,-0.18427526950836182
3.7777777777777777,-2.524608850479126
-2.0,-2.523973226547241
1.6666666666666667,-3.0081958770751953
1.3333333333333333,-1.0264286994934082
0.1111111111111111,1.7679407596588135
-1.0,-1.2924662828445435
7.0,3.4391376972198486
-3.111111111111111,-1.3158745765686035
9.11111111111111,-0.6413537263870239
3.6666666666666665,1.0953274965286255
-4.888888888888889,0.6312720775604248
-1.6666666666666667,0.3033740520477295
-3.555555555555556,-5.991316318511963
-1.4444444444444444,-1.7255336046218872
-15.0,-6.755852222442627
1.0,-1.7320152521133423
5.333333333333333,-0.11206328868865967
5.444444444444445,5.1110382080078125
-3.0,-2.5020415782928467
-2.333333333333333,12.295175552368164
-5.111111111111111,-8.732152938842773
-3.6666666666666665,-2.5949885845184326
2.7777777777777777,-1.4519774913787842
-8.777777777777779,-5.689337730407715
2.333333333333333,-1.353814959526062
3.4444444444444446,5.080869197845459
12.333333333333334,8.586600303649902
-1.0,-0.6341896057128906
1.6666666666666667,3.8930320739746094
-1.1111111111111112,2.5250675678253174
-5.0,-4.1515069007873535
-5.222222222222222,-4.602146148681641
-4.777777777777778,-9.960132598876953
0.5555555555555556,-0.6438419818878174
6.0,7.512325286865234
13.77777777777778,10.791321754455566
6.666666666666667,0.08360745012760162
-1.0,0.14467668533325195
-3.7777777777777777,4.195169448852539
-5.777777777777778,-2.330796718597412
-3.555555555555556,-2.4326252937316895
0.2222222222222222,2.4413111209869385
-3.888888888888889,15.346110343933105
-3.0,-2.17910099029541
-5.888888888888889,-2.897371768951416
5.0,10.226458549499512
-10.666666666666666,-10.95587158203125
-3.333333333333333,-5.11900520324707
-9.666666666666666,-2.703970432281494
2.7777777777777777,-4.778149127960205
-7.333333333333333,-4.478039741516113
19.22222222222222,22.099855422973633
-12.333333333333334,-1.720232605934143
-5.0,-2.991640329360962
-3.555555555555556,-4.15363883972168
-13.666666666666666,-12.739356994628906
6.777777777777778,14.881690979003906
1.3333333333333333,1.9033185243606567
48.22222222222222,7.02382755279541
3.2222222222222223,-3.6677026748657227
-4.0,1.247214674949646
10.77777777777778,8.969277381896973
-4.555555555555555,0.20956873893737793
10.333333333333334,7.883363723754883
0.8888888888888888,-0.7847714424133301
-5.111111111111111,-5.023786544799805
5.0,3.3684897422790527
-25.77777777777778,-7.817349433898926
-6.777777777777778,-2.9910640716552734
6.111111111111111,11.130082130432129
-9.22222222222222,-5.85031270980835
-5.111111111111111,-3.4922680854797363
1.7777777777777777,-2.8799643516540527
4.777777777777778,4.287534236907959
16.11111111111111,7.166540622711182
-0.8888888888888888,-3.1631858348846436
-2.888888888888889,-8.665046691894531
4.666666666666667,2.346020221710205
-3.2222222222222223,3.5912203788757324
11.0,10.319953918457031
6.777777777777778,0.5776777267456055
-3.2222222222222223,-2.7243008613586426
5.111111111111111,1.2819921970367432
-10.22222222222222,-2.963660478591919
2.333333333333333,-2.167937755584717
2.2222222222222223,-6.35537052154541
-14.77777777777778,-5.063509464263916
0.8888888888888888,0.5101416110992432
-8.777777777777779,-3.094045639038086
2.888888888888889,1.0947872400283813
-5.333333333333333,-4.704020023345947
-2.0,-4.8310866355896
0.1111111111111111,-2.3361732959747314
-1.0,-4.812922477722168
1.2222222222222223,1.6152129173278809
11.444444444444445,0.44751209020614624
-2.0,-5.083280563354492
-1.4444444444444444,0.13157683610916138
-5.333333333333333,-5.1061530113220215
-4.777777777777778,-5.379187107086182
-2.7777777777777777,-0.9475314617156982
4.333333333333333,3.7349109649658203
-0.8888888888888888,-5.176827430725098
7.222222222222222,3.553187370300293
-6.777777777777778,-3.696812152862549
28.22222222222222,22.23134994506836
6.555555555555555,4.406140327453613
0.8888888888888888,4.705256938934326
-6.555555555555555,-4.969695091247559
1.3333333333333333,0.7648351192474365
-1.5555555555555556,-1.6084601879119873
0.7777777777777778,-1.400465726852417
-1.2222222222222223,2.0501344203948975
-7.333333333333333,-6.152896881103516
-4.333333333333333,0.26829683780670166
-0.6666666666666666,-1.952833652496338
-3.2222222222222223,-3.49833345413208
-8.11111111111111,-2.517904043197632
6.666666666666667,-1.759277105331421
-4.777777777777778,-2.063209295272827
-7.222222222222222,-2.828465223312378
-4.222222222222222,-1.5948293209075928
3.888888888888889,2.0181047916412354
1.7777777777777777,-5.437442302703857
-2.7777777777777777,-4.665828227996826
0.4444444444444444,-1.5758097171783447
-7.666666666666667,-3.263885259628296
10.0,6.570058822631836
2.0,0.9968974590301514
1.4444444444444444,-2.503649950027466
3.2222222222222223,6.912919521331787
-6.111111111111111,-3.3914923667907715
-2.0,0.5075583457946777
-6.888888888888889,-4.636033535003662
6.222222222222222,5.549304008483887
-5.111111111111111,-2.086310863494873
-3.4444444444444446,-2.705171585083008
-3.333333333333333,-2.056330680847168
0.5555555555555556,2.4698948860168457
-7.222222222222222,-7.280941963195801
2.111111111111111,3.7240352630615234
-1.6666666666666667,-1.2316280603408813
19.88888888888889,15.583850860595703
-5.666666666666667,-1.7715975046157837
0.1111111111111111,1.8920083045959473
0.0,-0.6410576701164246
-1.4444444444444444,0.9563618302345276
-1.4444444444444444,0.9385362863540649
1.1111111111111112,-0.4635591506958008
-1.4444444444444444,-1.388100028038025
-4.777777777777778,-3.1790454387664795
-16.88888888888889,-5.3134284019470215
-3.2222222222222223,-3.865309953689575
3.6666666666666665,2.721498489379883
-5.555555555555555,-2.967836856842041
0.7777777777777778,0.27946925163269043
0.4444444444444444,-1.686203956604004
-1.3333333333333333,-5.406137466430664
-1.5555555555555556,-2.014507293701172
-3.2222222222222223,-4.353851795196533
14.88888888888889,10.590595245361328
-1.4444444444444444,-2.6796443462371826
-0.6666666666666666,-1.6729817390441895
-1.8888888888888888,1.5448781251907349
0.4444444444444444,-4.114312171936035
-6.0,-7.918118476867676
-47.22222222222222,-0.5672299861907959
40.55555555555556,26.047868728637695
-7.666666666666667,3.1059749126434326
2.6666666666666665,-2.087000846862793
-3.0,-6.07175350189209
-1.5555555555555556,1.3270909786224365
2.7777777777777777,0.7753028869628906
-3.7777777777777777,-3.3936638832092285
-8.555555555555555,-7.875191688537598
-3.7777777777777777,1.8433623313903809
-1.7777777777777777,-3.944568157196045
3.0,-3.7062575817108154
16.22222222222222,2.7188239097595215
-7.0,-5.729829788208008
-4.666666666666667,-6.536413669586182
4.111111111111111,1.1476794481277466
-1.4444444444444444,-1.5201197862625122
0.0,-2.2165589332580566
-3.111111111111111,-7.925519943237305
1.5555555555555556,-2.702913522720337
-1.7777777777777777,0.06190156936645508
-6.222222222222222,2.7237048149108887
-5.666666666666667,-8.605721473693848
-1.2222222222222223,-1.283294677734375
-3.555555555555556,-5.262755393981934
-12.77777777777778,4.221399307250977
-3.0,-3.9872186183929443
-1.2222222222222223,0.1169232726097107
-10.22222222222222,0.2538939118385315
12.444444444444445,5.071634769439697
9.22222222222222,14.93421745300293
-5.777777777777778,-6.418808460235596
-5.888888888888889,-2.498896360397339
0.3333333333333333,-1.660434603691101
3.6666666666666665,3.3181638717651367
-3.0,-2.9814624786376953
-19.88888888888889,-12.534268379211426
-6.333333333333333,-6.173303127288818
-0.2222222222222222,-3.9480948448181152
-4.777777777777778,-4.488042831420898
-3.888888888888889,-3.6167585849761963
1.4444444444444444,-4.308149337768555
-2.888888888888889,-2.1931471824645996
1.5555555555555556,2.8377411365509033
-1.7777777777777777,-4.473661422729492
-12.333333333333334,-6.279280185699463
16.11111111111111,11.814543724060059
-3.888888888888889,-2.1627278327941895
-2.555555555555556,-5.0774335861206055
2.888888888888889,3.7969493865966797
-3.2222222222222223,-4.486870288848877
-0.6666666666666666,-3.3312957286834717
13.666666666666666,19.260944366455078
11.333333333333334,-5.024364948272705
-7.666666666666667,-7.160280227661133
-15.555555555555555,-13.3981294631958
-3.555555555555556,-4.203172206878662
-1.4444444444444444,-2.2447667121887207
-1.6666666666666667,0.6953417062759399
-9.0,-5.418903350830078
11.666666666666666,20.0773983001709
-20.88888888888889,-6.75330924987793
-5.777777777777778,-4.914242267608643
3.333333333333333,2.5085346698760986
1.4444444444444444,0.34576863050460815
-3.111111111111111,-3.0403106212615967
1.2222222222222223,-1.4357742071151733
3.555555555555556,12.015759468078613
-9.444444444444445,-3.1172072887420654
-3.0,-3.2717440128326416
-8.444444444444445,-8.961346626281738
-0.6666666666666666,0.27032387256622314
-4.555555555555555,-5.0376081466674805
-2.2222222222222223,-2.452540874481201
-0.5555555555555556,-4.331965446472168
-4.333333333333333,-8.589702606201172
-2.4444444444444446,-3.5952186584472656
-8.222222222222221,-1.066662073135376
-0.7777777777777778,0.6896011829376221
-17.555555555555557,-8.419901847839355
1.1111111111111112,0.3125704526901245
-0.1111111111111111,-3.4358599185943604
-3.888888888888889,-8.823601722717285
-5.666666666666667,-9.547332763671875
0.4444444444444444,-1.9298802614212036
-11.444444444444445,-7.904542922973633
-5.777777777777778,-1.2512017488479614
-2.4444444444444446,-5.940136909484863
-1.3333333333333333,-0.9822660684585571
-2.888888888888889,-2.774768829345703
-0.2222222222222222,-2.4338512420654297
3.4444444444444446,-2.307858467102051
-15.77777777777778,-8.49889087677002
-1.8888888888888888,-4.408583164215088
2.111111111111111,-6.300737380981445
2.888888888888889,-1.9251612424850464
4.333333333333333,-1.28590726852417
-4.444444444444445,-9.403936386108398
16.555555555555557,17.889402389526367
0.8888888888888888,-4.660429000854492
-0.4444444444444444,-3.0093605518341064
-17.0,-8.463159561157227
-1.7777777777777777,-5.25348424911499
-5.888888888888889,-6.830417633056641
5.111111111111111,7.450734615325928
-1.2222222222222223,-2.348839044570923
3.7777777777777777,1.6065400838851929
22.77777777777778,17.55303192138672
0.5555555555555556,7.429193496704102
4.111111111111111,-5.978569507598877
4.0,1.2643101215362549
-3.2222222222222223,1.7509112358093262
21.33333333333333,9.581629753112793
5.333333333333333,2.046173334121704
11.11111111111111,5.874425888061523
-3.2222222222222223,5.089020729064941
0.2222222222222222,-2.216228485107422
-2.2222222222222223,-3.20097017288208
-24.33333333333333,-3.9324238300323486
-3.333333333333333,-7.610302448272705
5.555555555555555,0.9112948179244995
2.2222222222222223,-1.1195520162582397
-0.3333333333333333,-0.7447271943092346
-0.3333333333333333,-1.096311330795288
-0.1111111111111111,0.6673667430877686
-3.4444444444444446,-1.919592261314392
-1.1111111111111112,-0.8444986343383789
-9.88888888888889,-1.4873048067092896
1.4444444444444444,-9.034969329833984
-5.555555555555555,-3.96909499168396
-12.444444444444445,-0.8198840618133545
3.333333333333333,-1.5623464584350586
8.222222222222221,-1.533307433128357
-9.555555555555555,-7.465126991271973
-0.8888888888888888,0.22081279754638672
-2.333333333333333,-0.8507066369056702
-0.6666666666666666,-0.8763295412063599
-1.7777777777777777,-5.760712146759033
17.88888888888889,4.5758748054504395
-5.888888888888889,1.0718227624893188
-0.7777777777777778,-2.4317195415496826
-3.0,-2.437488555908203
-1.2222222222222223,-3.5749917030334473
-6.555555555555555,-2.3859689235687256
-5.888888888888889,5.302340030670166
1.7777777777777777,-1.8060543537139893
-8.444444444444445,-7.357543468475342
1.4444444444444444,-2.224675416946411
-0.4444444444444444,0.3298208713531494
0.1111111111111111,3.428083896636963
-5.111111111111111,1.281899333000183
-12.0,-5.331728458404541
-3.333333333333333,-5.178838729858398
-3.333333333333333,-3.5306198596954346
5.0,3.9362452030181885
-0.6666666666666666,0.40926992893218994
3.6666666666666665,-3.1018741130828857
-6.444444444444445,-6.573130130767822
6.111111111111111,-1.8696653842926025
-6.222222222222222,-2.017967700958252
-3.0,-4.427142143249512
-0.3333333333333333,-2.3830368518829346
-3.555555555555556,1.1160626411437988
-7.333333333333333,-5.040298938751221
27.55555555555556,17.379074096679688
-8.444444444444445,-7.868462085723877
-0.1111111111111111,-5.093805313110352
2.888888888888889,-6.185905933380127
-0.5555555555555556,-2.362933874130249
4.777777777777778,8.077301979064941
-2.6666666666666665,-2.640735626220703
-37.888888888888886,-15.887535095214844
-0.4444444444444444,-1.4392597675323486
-6.888888888888889,2.804563045501709
-6.0,-4.079956531524658
-2.888888888888889,-1.427657961845398
4.0,-1.0880775451660156
-1.4444444444444444,-3.055495262145996
-2.555555555555556,2.2524125576019287
-3.0,-0.1790304183959961
1.4444444444444444,-4.134147644042969
0.3333333333333333,-2.4632582664489746
-1.5555555555555556,-6.923110008239746
-2.888888888888889,-3.701237916946411
-5.888888888888889,-4.730311393737793
1.7777777777777777,3.8436155319213867
-6.444444444444445,-7.995838642120361
12.333333333333334,18.284889221191406
1.1111111111111112,7.289037227630615
-2.555555555555556,-2.8481616973876953
-3.111111111111111,-4.742804527282715
-1.4444444444444444,-1.5013984441757202
-12.333333333333334,-4.206100940704346
12.555555555555555,10.58156967163086
-6.777777777777778,-3.398411273956299
-0.8888888888888888,-0.7120986580848694
5.222222222222222,2.955129384994507
-2.111111111111111,0.7451199293136597
0.0,1.1508774757385254
-0.8888888888888888,0.2429727166891098
1.4444444444444444,-1.9111175537109375
0.4444444444444444,-2.9608473777770996
1.3333333333333333,-1.482426643371582
-6.777777777777778,-13.221284866333008
-7.777777777777778,-5.078853607177734
7.555555555555555,4.711465358734131
-24.55555555555556,-4.625023365020752
32.22222222222222,34.76877212524414
9.333333333333334,4.582047939300537
8.777777777777779,5.660010814666748
-4.777777777777778,-3.7156684398651123
-6.333333333333333,-5.604158401489258
