Score,Pred Score
-0.6666666666666666,1.291725516319275
7.333333333333333,3.868668794631958
-0.4444444444444444,0.0014041513204574585
-4.111111111111111,-5.15067720413208
-7.333333333333333,-2.7622592449188232
1.3333333333333333,5.113440036773682
-8.444444444444445,-7.011784076690674
1.6666666666666667,0.5985662937164307
3.333333333333333,1.3185999393463135
2.111111111111111,1.5762841701507568
0.1111111111111111,0.4415912628173828
11.22222222222222,1.3801263570785522
-3.111111111111111,-2.750776767730713
-3.888888888888889,-5.604471683502197
14.11111111111111,10.647903442382812
-4.444444444444445,-7.615681171417236
6.0,3.4803903102874756
12.555555555555555,13.631064414978027
-0.8888888888888888,-4.430953025817871
-4.0,-3.313523292541504
-1.1111111111111112,0.20687571167945862
-3.555555555555556,-7.553450107574463
-10.666666666666666,-13.03569221496582
9.11111111111111,0.13119196891784668
-1.7777777777777777,-1.3063397407531738
-3.4444444444444446,-3.6129913330078125
23.22222222222222,14.064912796020508
0.8888888888888888,-0.42848560214042664
0.3333333333333333,-0.17133617401123047
-3.7777777777777777,-3.4580180644989014
2.111111111111111,1.0400466918945312
-2.2222222222222223,-2.540936231613159
-2.2222222222222223,-2.701894521713257
3.111111111111111,5.505338668823242
0.1111111111111111,1.0825772285461426
-2.555555555555556,-3.6815502643585205
-0.2222222222222222,-0.19116485118865967
3.111111111111111,4.806337356567383
-4.444444444444445,-2.4899485111236572
-5.222222222222222,-5.7861833572387695
4.0,7.756506443023682
-4.777777777777778,-4.831296443939209
1.0,-1.2758203744888306
-4.111111111111111,2.118180751800537
-4.777777777777778,-3.5730819702148438
14.11111111111111,6.249711036682129
2.2222222222222223,1.5653544664382935
-4.888888888888889,-2.498546600341797
-6.888888888888889,-10.47000503540039
-9.444444444444445,-9.904930114746094
13.666666666666666,2.155034303665161
3.4444444444444446,4.620031833648682
-8.222222222222221,-1.6472755670547485
5.777777777777778,1.3679840564727783
0.0,0.3539010286331177
13.666666666666666,12.6021089553833
-1.0,3.261549711227417
7.333333333333333,0.6687912344932556
-2.888888888888889,-1.496130347251892
-7.111111111111111,-5.906176567077637
-1.2222222222222223,-4.881784915924072
0.0,-3.0501952171325684
-7.666666666666667,-6.530572891235352
-1.5555555555555556,-2.008748769760132
11.88888888888889,13.634747505187988
-4.666666666666667,-3.998932361602783
-10.333333333333334,-1.908867597579956
-9.555555555555555,-4.004554748535156
-2.6666666666666665,-2.067810297012329
-3.333333333333333,-4.84890604019165
1.8888888888888888,-2.880889892578125
-5.666666666666667,-4.064206123352051
-3.888888888888889,5.582820415496826
-1.5555555555555556,1.8247239589691162
-1.8888888888888888,-1.605576515197754
-7.888888888888889,-7.629438877105713
0.4444444444444444,-1.0841234922409058
3.555555555555556,2.390296459197998
-0.8888888888888888,-2.166327476501465
-5.777777777777778,-4.909397125244141
-2.888888888888889,5.802548885345459
-2.111111111111111,-2.5366928577423096
46.333333333333336,11.984524726867676
0.8888888888888888,-2.495718240737915
1.1111111111111112,-0.6289106607437134
0.0,0.21655642986297607
10.0,5.553003311157227
-1.1111111111111112,2.8462677001953125
8.555555555555555,-0.481065034866333
-4.777777777777778,0.260922908782959
0.2222222222222222,2.932018756866455
8.222222222222221,10.361388206481934
10.11111111111111,16.356700897216797
-2.555555555555556,2.456237316131592
-4.888888888888889,-4.348103046417236
20.88888888888889,15.525714874267578
19.33333333333333,16.51278305053711
-1.3333333333333333,1.8271137475967407
-4.111111111111111,-2.5214786529541016
-2.7777777777777777,-2.2969908714294434
9.0,10.705445289611816
-6.111111111111111,0.3817847967147827
-3.7777777777777777,-4.459802627563477
-5.0,-2.411137819290161
-3.0,-6.982623100280762
-6.222222222222222,-7.604779243469238
-6.333333333333333,-4.488251686096191
-1.8888888888888888,2.832979440689087
3.111111111111111,-0.6567599773406982
-4.888888888888889,-5.5235595703125
6.777777777777778,0.9572577476501465
-4.444444444444445,-4.168593883514404
7.666666666666667,6.567543983459473
0.5555555555555556,1.8136234283447266
-7.0,-4.37249231338501
-10.0,-8.562451362609863
-0.5555555555555556,-5.617156028747559
0.1111111111111111,-3.8087973594665527
-3.4444444444444446,-2.9323315620422363
6.777777777777778,5.883257865905762
-6.0,-2.536708116531372
-3.333333333333333,-5.306062698364258
8.777777777777779,5.232265472412109
-6.333333333333333,-6.110531806945801
-7.444444444444445,-7.634764194488525
0.1111111111111111,0.2771340608596802
-4.0,-3.2671358585357666
6.222222222222222,4.814802646636963
-3.4444444444444446,-4.475654125213623
4.777777777777778,1.5641965866088867
-2.111111111111111,-2.4786906242370605
-4.111111111111111,-0.23394286632537842
11.88888888888889,4.379889011383057
-0.5555555555555556,5.278434753417969
4.444444444444445,2.004462718963623
-0.3333333333333333,-7.65062141418457
-4.555555555555555,-2.1711902618408203
-0.7777777777777778,-5.596395969390869
-2.2222222222222223,-5.746426582336426
-5.222222222222222,-5.278248310089111
10.444444444444445,11.56978988647461
-3.4444444444444446,0.25803816318511963
-3.7777777777777777,-2.0932345390319824
0.2222222222222222,-0.7016652822494507
-4.0,-3.4014158248901367
-22.444444444444443,-8.028987884521484
-5.777777777777778,-7.006192207336426
-4.222222222222222,-5.447408199310303
-2.333333333333333,-8.34021282196045
5.555555555555555,-0.3529464602470398
23.0,9.915005683898926
4.777777777777778,2.826141119003296
-18.88888888888889,-10.95666790008545
-10.22222222222222,-6.304157257080078
5.222222222222222,6.6360015869140625
-5.0,-3.4108047485351562
7.444444444444445,7.231645584106445
6.333333333333333,4.521953105926514
1.4444444444444444,-6.136073112487793
-0.8888888888888888,3.665178060531616
3.111111111111111,-6.820529937744141
0.5555555555555556,-5.310906410217285
-1.8888888888888888,6.665807247161865
-11.77777777777778,-5.310906410217285
-5.555555555555555,-5.838126182556152
-1.3333333333333333,-2.0491769313812256
-1.8888888888888888,-4.463274002075195
0.0,2.2380740642547607
0.8888888888888888,1.294579029083252
5.0,3.6103246212005615
2.4444444444444446,-2.3227365016937256
-0.1111111111111111,-2.8455846309661865
2.111111111111111,-1.171586275100708
-0.2222222222222222,0.8693190813064575
19.444444444444443,26.865644454956055
3.7777777777777777,6.9878034591674805
-3.111111111111111,-3.6861181259155273
7.555555555555555,11.985323905944824
1.5555555555555556,-0.8177447319030762
-1.1111111111111112,-0.7422752380371094
-1.6666666666666667,-3.985365390777588
3.111111111111111,6.099404811859131
-1.6666666666666667,0.0738745927810669
1.3333333333333333,-4.331419467926025
-10.555555555555555,-3.0937743186950684
-5.333333333333333,-2.5686137676239014
-0.8888888888888888,-3.3743538856506348
-6.111111111111111,-4.8868513107299805
-12.333333333333334,-9.903578758239746
-6.111111111111111,-6.624855995178223
-6.111111111111111,-6.761228084564209
-10.22222222222222,-7.625612735748291
4.444444444444445,0.6631960868835449
-2.555555555555556,2.352830171585083
-8.777777777777779,-4.428751468658447
-14.555555555555555,-7.55388879776001
-15.0,-2.0811574459075928
31.33333333333333,27.594507217407227
-20.11111111111111,-2.107970952987671
-3.4444444444444446,-2.13350510597229
-0.1111111111111111,2.830963373184204
-1.3333333333333333,4.630949020385742
1.6666666666666667,2.664616823196411
-4.888888888888889,-6.735610008239746
2.333333333333333,-3.4331350326538086
-13.333333333333334,-13.67921257019043
0.5555555555555556,-4.056668758392334
1.2222222222222223,4.620115280151367
-8.777777777777779,-3.7131600379943848
-0.2222222222222222,1.3187570571899414
3.2222222222222223,2.897562265396118
-2.7777777777777777,-1.300297498703003
-3.333333333333333,-10.609355926513672
-5.0,-5.5573811531066895
-3.333333333333333,-3.1219029426574707
-6.777777777777778,-5.92772912979126
1.0,-1.8366403579711914
-4.444444444444445,-2.5373353958129883
-2.111111111111111,-1.0689996480941772
-20.55555555555556,-18.25428581237793
3.333333333333333,0.5415127277374268
-4.777777777777778,-0.1126810610294342
-1.4444444444444444,-1.7671403884887695
-9.11111111111111,-4.579390048980713
-12.666666666666666,-10.914111137390137
-21.11111111111111,-4.237100601196289
3.555555555555556,-6.944875717163086
-4.777777777777778,-2.276667594909668
-5.888888888888889,-5.968242168426514
-7.555555555555555,-1.063324213027954
-3.555555555555556,-4.672610282897949
3.0,-3.8088135719299316
4.0,4.378406524658203
-5.333333333333333,-1.1115553379058838
17.444444444444443,14.581424713134766
-11.77777777777778,-10.80309772491455
-4.888888888888889,1.168732762336731
6.444444444444445,-0.38027262687683105
4.0,3.6016149520874023
-9.88888888888889,-8.471511840820312
15.77777777777778,12.515400886535645
0.6666666666666666,-1.0861932039260864
-9.444444444444445,-6.986017227172852
-1.7777777777777777,-3.9577245712280273
2.333333333333333,10.638976097106934
-4.222222222222222,-3.484912633895874
-8.11111111111111,-5.663084506988525
1.8888888888888888,-1.0321651697158813
-12.555555555555555,-8.893060684204102
5.444444444444445,2.2332193851470947
-3.111111111111111,-3.4513471126556396
-2.555555555555556,-2.7467286586761475
5.666666666666667,3.1408004760742188
1.4444444444444444,0.43128037452697754
-3.0,-3.6215877532958984
-0.1111111111111111,-1.5587971210479736
1.1111111111111112,-3.764906406402588
-0.8888888888888888,-2.2588753700256348
-7.333333333333333,0.800127387046814
-13.77777777777778,2.44242525100708
0.7777777777777778,0.6254519820213318
-2.6666666666666665,-1.3806511163711548
-19.55555555555556,-6.3497090339660645
5.0,0.3526264429092407
-2.2222222222222223,-0.4679616689682007
1.0,-0.18006300926208496
-3.0,1.820760726928711
-3.888888888888889,-0.926756739616394
-3.4444444444444446,-4.843934535980225
5.0,7.580000400543213
19.22222222222222,13.069433212280273
-2.4444444444444446,-0.9103095531463623
6.222222222222222,-5.265854358673096
-5.333333333333333,-2.838083267211914
-10.77777777777778,-5.330812931060791
0.0,-2.736297130584717
1.8888888888888888,3.296753406524658
21.55555555555556,16.480636596679688
-7.777777777777778,-6.929749965667725
-7.222222222222222,-5.254481315612793
-1.7777777777777777,-5.204418182373047
5.444444444444445,-0.33794283866882324
-3.888888888888889,-6.770769119262695
-8.222222222222221,-1.1133313179016113
6.111111111111111,4.67666482925415
2.7777777777777777,-1.0743457078933716
-6.333333333333333,-5.317798137664795
0.2222222222222222,-0.6119105815887451
-7.777777777777778,-1.3366332054138184
1.2222222222222223,0.1376323699951172
3.4444444444444446,2.3327300548553467
-2.888888888888889,-0.3001682758331299
14.88888888888889,15.268186569213867
-1.7777777777777777,-2.159956693649292
-3.888888888888889,-1.9820938110351562
-5.777777777777778,1.4769169092178345
27.11111111111111,19.153491973876953
1.7777777777777777,1.7637531757354736
0.3333333333333333,-0.9631834030151367
-12.77777777777778,-15.251230239868164
27.88888888888889,25.91940689086914
-4.222222222222222,-5.470048427581787
-1.2222222222222223,3.6545310020446777
-3.0,-1.7923016548156738
3.6666666666666665,5.774534702301025
-1.5555555555555556,-0.19745004177093506
-4.222222222222222,-0.16106027364730835
-0.7777777777777778,-1.0283794403076172
6.777777777777778,13.56139087677002
-0.7777777777777778,1.1362353563308716
-8.777777777777779,-9.264455795288086
0.2222222222222222,-1.0465232133865356
-0.2222222222222222,2.330549716949463
-8.0,-1.0687419176101685
-4.333333333333333,-3.8080334663391113
-3.0,-1.3184187412261963
-7.666666666666667,-3.667217969894409
1.1111111111111112,0.23019814491271973
-0.5555555555555556,-3.7496132850646973
-2.111111111111111,-6.919555187225342
-7.555555555555555,-3.3821656703948975
17.666666666666668,8.672712326049805
-8.11111111111111,-8.191093444824219
19.55555555555556,11.029125213623047
-6.555555555555555,0.09060335159301758
10.555555555555555,3.5919697284698486
-14.444444444444445,-7.09718132019043
6.666666666666667,0.8368203043937683
-3.888888888888889,0.05254960060119629
-6.333333333333333,-2.0176515579223633
-6.666666666666667,-6.160982608795166
-4.444444444444445,-6.3566060066223145
-2.111111111111111,-4.354247570037842
-10.333333333333334,-8.38796329498291
-6.111111111111111,-5.7438554763793945
20.666666666666668,22.255699157714844
-5.444444444444445,-5.542465686798096
7.555555555555555,3.2581939697265625
-1.4444444444444444,-4.097269058227539
-7.222222222222222,-1.815280556678772
-3.111111111111111,-3.974641799926758
-3.555555555555556,-4.887429237365723
-2.4444444444444446,-0.933588981628418
-1.1111111111111112,-3.5472412109375
-7.555555555555555,-4.229498863220215
10.11111111111111,12.168339729309082
-1.4444444444444444,-2.81852126121521
-2.333333333333333,-1.9567164182662964
-1.6666666666666667,-0.9753581285476685
8.88888888888889,12.303522109985352
-3.888888888888889,-1.9392797946929932
-6.222222222222222,-4.708415508270264
-11.88888888888889,-10.29334545135498
-1.5555555555555556,0.21755194664001465
7.111111111111111,7.735269069671631
4.666666666666667,-0.3013402223587036
2.4444444444444446,0.5731204152107239
1.5555555555555556,-7.315757751464844
3.333333333333333,-0.19850850105285645
-10.11111111111111,-8.2737398147583
-8.444444444444445,-3.3325634002685547
-2.555555555555556,-2.630086660385132
2.4444444444444446,-0.054821133613586426
2.888888888888889,2.2320544719696045
-4.111111111111111,-5.631803035736084
-10.444444444444445,-5.917966365814209
17.666666666666668,11.743727684020996
27.77777777777778,15.552674293518066
-1.7777777777777777,0.05177462100982666
11.88888888888889,7.062694072723389
0.5555555555555556,1.255314588546753
6.444444444444445,2.403675079345703
-4.0,-7.997211933135986
-7.444444444444445,-9.718708992004395
-4.555555555555555,-2.047057628631592
12.333333333333334,11.815563201904297
6.0,10.727673530578613
-2.0,-6.794312953948975
1.6666666666666667,-3.353956460952759
17.333333333333332,12.561429977416992
10.11111111111111,6.6308770179748535
-1.2222222222222223,-1.0617592334747314
5.666666666666667,7.475621223449707
-3.0,-6.625639915466309
-0.2222222222222222,-5.547136306762695
6.888888888888889,3.7635951042175293
1.4444444444444444,1.542049765586853
-1.2222222222222223,-4.009256839752197
-2.333333333333333,-3.300010919570923
-7.888888888888889,-9.518637657165527
20.22222222222222,13.079264640808105
-6.111111111111111,2.3879623413085938
-12.444444444444445,-5.9464192390441895
-7.888888888888889,-5.590786933898926
1.2222222222222223,-4.853496551513672
-2.888888888888889,-6.563050746917725
-17.333333333333332,-12.350032806396484
0.0,4.274572372436523
5.222222222222222,4.733758449554443
5.111111111111111,0.3715322017669678
-5.444444444444445,-6.432923793792725
10.22222222222222,0.8743128776550293
-1.6666666666666667,-1.1010018587112427
-4.444444444444445,-0.44532012939453125
18.11111111111111,16.03167724609375
-4.777777777777778,-3.7714009284973145
5.333333333333333,3.715890645980835
-2.555555555555556,-2.9252023696899414
5.888888888888889,12.8434419631958
8.11111111111111,-1.3745328187942505
-0.4444444444444444,2.91805100440979
-5.444444444444445,-7.417723655700684
-0.6666666666666666,-2.643183946609497
-5.444444444444445,-6.916468620300293
-17.0,-11.724479675292969
-1.0,0.34560853242874146
2.333333333333333,3.3015878200531006
0.2222222222222222,-2.877408742904663
-2.7777777777777777,-0.1707291603088379
-6.777777777777778,-5.019242763519287
0.4444444444444444,2.4089503288269043
0.6666666666666666,-2.4523391723632812
-0.7777777777777778,2.384816884994507
-7.555555555555555,-6.141355514526367
-7.333333333333333,-6.755053997039795
-12.77777777777778,-6.53164529800415
0.2222222222222222,2.5827314853668213
9.77777777777778,7.341798305511475
-6.222222222222222,-5.392679691314697
-4.888888888888889,-7.993175506591797
-10.11111111111111,-8.548290252685547
-8.777777777777779,-8.700663566589355
-2.111111111111111,-0.43182191252708435
1.6666666666666667,3.2485239505767822
-0.7777777777777778,0.38238823413848877
-0.1111111111111111,-0.2146141529083252
-0.5555555555555556,-0.5558042526245117
-6.666666666666667,1.2431976795196533
-9.88888888888889,-3.0833334922790527
-8.666666666666666,-8.937742233276367
0.6666666666666666,0.16064922511577606
-0.7777777777777778,-2.5846610069274902
0.3333333333333333,-2.4761393070220947
1.3333333333333333,-0.5157865285873413
-2.2222222222222223,-5.352447986602783
-6.444444444444445,0.10936665534973145
2.4444444444444446,1.561037302017212
-5.555555555555555,-6.516929626464844
-8.444444444444445,-3.967003107070923
15.0,3.641230344772339
2.2222222222222223,3.0022642612457275
2.6666666666666665,-2.649567127227783
-2.7777777777777777,-0.7570542097091675
-5.222222222222222,-5.695213317871094
-8.555555555555555,-4.543957710266113
-3.0,-4.678177833557129
-1.6666666666666667,-8.352082252502441
-1.0,2.6412978172302246
-0.4444444444444444,5.119633674621582
37.11111111111112,17.527185440063477
-4.444444444444445,-4.7297844886779785
0.5555555555555556,0.4060370922088623
-16.0,-11.565376281738281
-10.22222222222222,-9.529239654541016
-2.333333333333333,-2.2810449600219727
-4.333333333333333,-1.2962857484817505
-1.8888888888888888,-1.9705071449279785
-4.777777777777778,-3.723585605621338
-8.666666666666666,-4.888445854187012
0.5555555555555556,-0.05440446734428406
17.333333333333332,17.434972763061523
1.5555555555555556,1.605650544166565
-4.222222222222222,0.24201738834381104
-6.111111111111111,-2.7717700004577637
6.222222222222222,2.056774139404297
-1.3333333333333333,0.14978265762329102
6.333333333333333,2.2744154930114746
9.444444444444445,5.417062759399414
-0.1111111111111111,-2.3434343338012695
-6.0,-3.2833571434020996
-4.666666666666667,-3.7510318756103516
-6.666666666666667,-0.335241436958313
12.77777777777778,10.782877922058105
0.2222222222222222,-1.9959771633148193
-14.555555555555555,-3.8043339252471924
-9.333333333333334,-4.613506317138672
2.6666666666666665,-3.3074123859405518
-1.3333333333333333,-5.489310264587402
-12.555555555555555,-3.5769400596618652
-8.777777777777779,-8.102287292480469
2.6666666666666665,2.3563339710235596
-7.222222222222222,-8.4915189743042
2.6666666666666665,-0.7922704219818115
-6.444444444444445,-1.1847169399261475
-42.55555555555556,-19.6461181640625
4.777777777777778,4.402186870574951
0.5555555555555556,-2.776642322540283
-9.666666666666666,-9.911335945129395
9.77777777777778,13.10519790649414
9.444444444444445,6.755680084228516
-2.7777777777777777,0.5986330509185791
2.0,2.099553346633911
-2.111111111111111,-4.02677583694458
-10.666666666666666,-3.364084005355835
-3.888888888888889,-2.4819960594177246
-0.6666666666666666,-5.38219690322876
-6.111111111111111,-2.0343549251556396
-2.555555555555556,3.8664915561676025
-5.444444444444445,-3.521946668624878
-3.6666666666666665,-9.237112045288086
2.555555555555556,4.003080368041992
4.333333333333333,2.5248610973358154
-5.555555555555555,-3.4251511096954346
-0.6666666666666666,-2.607476234436035
-1.6666666666666667,-0.9892034530639648
1.5555555555555556,-2.8721446990966797
-8.0,-4.625782012939453
1.2222222222222223,-1.1363348960876465
12.333333333333334,9.396167755126953
0.4444444444444444,-7.625244617462158
0.2222222222222222,-3.9453465938568115
0.4444444444444444,1.538564682006836
0.1111111111111111,-3.4303102493286133
0.3333333333333333,2.3905551433563232
1.2222222222222223,2.4455628395080566
-1.4444444444444444,-4.943601608276367
2.888888888888889,-2.908403158187866
14.88888888888889,13.92303466796875
0.1111111111111111,-3.283883810043335
-4.888888888888889,-2.7485949993133545
19.55555555555556,16.48343276977539
-3.7777777777777777,-1.9107041358947754
-2.7777777777777777,-3.193875312805176
-4.0,-6.287689685821533
-4.111111111111111,-0.04693502187728882
-0.1111111111111111,-7.634697437286377
2.333333333333333,-0.8768404126167297
0.6666666666666666,5.514373779296875
1.0,-3.883788585662842
-5.111111111111111,-2.335209608078003
-1.2222222222222223,3.5200579166412354
-3.111111111111111,-5.349952220916748
-16.333333333333332,-7.825092792510986
-7.555555555555555,-5.4173173904418945
-7.777777777777778,-10.681163787841797
-1.5555555555555556,-1.7490642070770264
-7.333333333333333,-7.2452168464660645
1.1111111111111112,2.4217817783355713
3.333333333333333,-1.1747347116470337
-6.444444444444445,-4.352579593658447
-6.0,-0.3244384527206421
-1.7777777777777777,-1.0686484575271606
3.2222222222222223,6.942921161651611
1.0,-0.7938898801803589
-8.0,-4.101850986480713
0.4444444444444444,1.0801234245300293
1.8888888888888888,-0.2809802293777466
8.88888888888889,0.7329833507537842
-0.5555555555555556,-0.36293256282806396
-8.444444444444445,-5.4351654052734375
0.4444444444444444,-7.377255916595459
-2.7777777777777777,-2.581390142440796
-3.6666666666666665,-7.294137477874756
-5.222222222222222,-1.2581430673599243
-10.555555555555555,-4.854732513427734
0.6666666666666666,-0.018417656421661377
8.0,1.833451509475708
0.2222222222222222,-0.538861870765686
-2.6666666666666665,-2.9935834407806396
-5.111111111111111,-1.072401762008667
-9.333333333333334,-5.997523307800293
-0.3333333333333333,-2.1290981769561768
2.6666666666666665,-3.226792812347412
-8.88888888888889,-4.266336917877197
-5.555555555555555,-11.165509223937988
1.5555555555555556,-3.6722710132598877
-4.444444444444445,-3.8271267414093018
-8.0,-2.3634629249572754
5.222222222222222,3.4151718616485596
-1.8888888888888888,-4.2462944984436035
-7.555555555555555,-5.846765995025635
4.0,7.852938652038574
0.1111111111111111,-1.363053321838379
1.4444444444444444,-0.28647375106811523
-2.0,-2.081838369369507
-2.7777777777777777,0.9671840667724609
-6.555555555555555,-4.481788158416748
-8.666666666666666,-5.371395587921143
-5.0,-4.804567813873291
-3.7777777777777777,-4.763948440551758
9.555555555555555,3.8292171955108643
-10.22222222222222,-5.357288360595703
9.0,10.980772018432617
-2.7777777777777777,-1.467618465423584
-1.5555555555555556,-1.1058580875396729
-1.8888888888888888,-2.503122091293335
2.4444444444444446,1.060434341430664
-5.222222222222222,-2.3758838176727295
-1.6666666666666667,-1.4201710224151611
5.888888888888889,5.525317192077637
-6.666666666666667,-7.547910690307617
-0.2222222222222222,0.11555293202400208
-6.666666666666667,-7.2480950355529785
-5.111111111111111,-1.7664127349853516
0.3333333333333333,-3.7094085216522217
-0.4444444444444444,-0.5289784669876099
-4.444444444444445,-8.066705703735352
3.4444444444444446,4.4283552169799805
-0.7777777777777778,1.33181893825531
-9.555555555555555,-6.778979778289795
-5.333333333333333,-0.15090858936309814
5.222222222222222,5.3083319664001465
6.444444444444445,-2.519179105758667
5.111111111111111,-1.9456785917282104
4.888888888888889,-6.125285625457764
-6.0,0.399344801902771
-5.666666666666667,-3.8968310356140137
37.77777777777778,14.8290376663208
-7.111111111111111,-3.8366661071777344
-1.4444444444444444,-4.28688383102417
6.777777777777778,2.746335029602051
-9.444444444444445,-1.7545404434204102
-6.333333333333333,-10.92908763885498
-0.4444444444444444,2.6154370307922363
5.111111111111111,-0.37531858682632446
9.11111111111111,2.1191093921661377
-1.7777777777777777,2.404576063156128
-7.888888888888889,-6.372201442718506
-3.6666666666666665,-1.885246992111206
-2.888888888888889,-1.8507473468780518
-8.0,-4.635429859161377
-2.4444444444444446,-2.6284849643707275
7.888888888888889,6.216195583343506
-0.2222222222222222,-0.03634142875671387
-0.5555555555555556,-2.279005289077759
-2.7777777777777777,-4.3408894538879395
-3.555555555555556,-3.059377908706665
-0.5555555555555556,0.026263922452926636
-2.111111111111111,-3.332167387008667
-1.5555555555555556,-1.4965476989746094
2.4444444444444446,1.54951012134552
-8.11111111111111,-7.690931797027588
-0.6666666666666666,0.25943875312805176
3.0,-1.7445133924484253
-1.4444444444444444,-4.6768622398376465
9.666666666666666,1.8029900789260864
3.111111111111111,-0.2889723479747772
-12.555555555555555,-5.759860515594482
4.666666666666667,2.3756163120269775
-12.0,-13.765572547912598
-10.88888888888889,-9.186820983886719
17.11111111111111,14.318817138671875
9.22222222222222,10.352374076843262
-1.3333333333333333,-1.0493063926696777
5.666666666666667,4.530289649963379
-5.666666666666667,-3.39951753616333
-3.888888888888889,-8.249481201171875
-8.11111111111111,-8.611398696899414
-9.444444444444445,-4.29049015045166
-2.7777777777777777,-1.6784559488296509
-5.888888888888889,4.272787094116211
8.555555555555555,-0.01719045639038086
-3.555555555555556,-1.7291290760040283
2.555555555555556,2.9038498401641846
-25.22222222222222,-5.832272529602051
5.888888888888889,4.997246742248535
-2.7777777777777777,-4.2775559425354
-6.444444444444445,-3.53271746635437
-17.444444444444443,-10.394444465637207
-0.1111111111111111,-1.4073902368545532
-4.666666666666667,-0.25774145126342773
-1.7777777777777777,-2.6734344959259033
-0.2222222222222222,3.4725327491760254
6.111111111111111,6.203220367431641
-5.444444444444445,-3.7751567363739014
-4.222222222222222,-3.7889328002929688
-3.6666666666666665,-3.503574848175049
-2.4444444444444446,-3.719632625579834
-10.0,-4.374582767486572
8.333333333333334,-2.5831806659698486
25.55555555555556,19.732532501220703
-2.555555555555556,-2.6652591228485107
-4.555555555555555,6.319279193878174
-1.3333333333333333,-1.7253057956695557
22.666666666666668,24.80277442932129
3.2222222222222223,5.92437744140625
-3.2222222222222223,-2.288386344909668
-1.2222222222222223,-1.621515154838562
-1.1111111111111112,-2.3871910572052
-6.111111111111111,-3.39841890335083
-12.555555555555555,-4.844791412353516
13.11111111111111,8.357718467712402
8.88888888888889,0.3810521960258484
-2.2222222222222223,-3.7231268882751465
-8.666666666666666,-7.574935436248779
-11.555555555555555,-2.1653192043304443
-3.2222222222222223,-0.9458733797073364
-2.0,4.586298942565918
-1.5555555555555556,-5.918848037719727
-6.111111111111111,-0.8305082321166992
2.0,1.3372256755828857
-8.333333333333334,-4.841550350189209
-2.4444444444444446,-2.389749050140381
4.222222222222222,1.52780282497406
26.22222222222222,-2.683922529220581
-5.0,-4.001273155212402
-2.2222222222222223,-2.0323426723480225
1.1111111111111112,2.589667320251465
-10.0,-3.023174524307251
4.555555555555555,0.6854041218757629
3.6666666666666665,1.3031790256500244
-11.666666666666666,-10.326480865478516
12.22222222222222,0.5869185924530029
-0.3333333333333333,-1.1423944234848022
-9.11111111111111,-4.178271293640137
-1.4444444444444444,-2.4862260818481445
-3.4444444444444446,-4.017385959625244
-10.11111111111111,-3.460885524749756
-2.111111111111111,-0.74407958984375
15.666666666666666,8.8570556640625
-3.888888888888889,-6.379976749420166
-3.2222222222222223,-3.1182143688201904
2.0,-2.100302219390869
-4.666666666666667,-2.5401554107666016
1.7777777777777777,-3.34663987159729
1.0,-0.37273234128952026
-1.3333333333333333,-4.450132369995117
-5.222222222222222,-7.944792747497559
-0.2222222222222222,-0.9881178736686707
-3.0,-3.411891460418701
-6.555555555555555,-11.073616027832031
-1.3333333333333333,-2.0207512378692627
-2.111111111111111,-0.9162849187850952
9.555555555555555,2.880380153656006
0.7777777777777778,-6.9073686599731445
38.11111111111112,22.86542510986328
0.0,-0.25970935821533203
-4.222222222222222,-4.307625770568848
1.3333333333333333,-1.442612886428833
8.555555555555555,-1.2703779935836792
-3.555555555555556,0.6007177829742432
33.0,26.584877014160156
-4.777777777777778,-2.0884578227996826
29.0,11.98751163482666
-12.555555555555555,-10.100135803222656
2.111111111111111,-0.24355816841125488
-3.2222222222222223,-8.109435081481934
-7.111111111111111,-12.249456405639648
-4.222222222222222,-5.246763229370117
-7.444444444444445,-6.747832775115967
-10.0,-2.979675054550171
7.888888888888889,8.618302345275879
1.6666666666666667,-2.197317600250244
-4.0,-2.473217725753784
-2.888888888888889,-2.526872396469116
0.5555555555555556,-1.0421407222747803
-14.333333333333334,-10.581557273864746
-9.0,-4.970821380615234
-4.888888888888889,-3.7905385494232178
-4.111111111111111,1.2221230268478394
-0.5555555555555556,3.5365185737609863
-1.6666666666666667,1.2856431007385254
-1.3333333333333333,-1.4352184534072876
-5.666666666666667,-1.6427998542785645
-6.111111111111111,2.4272735118865967
0.8888888888888888,3.790036916732788
-5.0,-3.133787155151367
-14.77777777777778,-3.9257876873016357
0.8888888888888888,-0.4682161808013916
2.2222222222222223,10.095412254333496
2.7777777777777777,2.89888334274292
7.666666666666667,6.1239495277404785
-2.555555555555556,2.771451234817505
-5.111111111111111,-5.7745680809021
-1.1111111111111112,-1.353011965751648
8.222222222222221,17.29965591430664
9.333333333333334,-1.355298399925232
7.888888888888889,5.565140724182129
0.3333333333333333,4.338949203491211
-8.0,-4.633408069610596
-7.555555555555555,-8.096700668334961
-4.777777777777778,-2.751462936401367
-0.3333333333333333,3.760490894317627
-5.333333333333333,-0.08932304382324219
4.333333333333333,-5.481478691101074
-1.4444444444444444,-3.20866322517395
-2.888888888888889,-4.4438018798828125
3.111111111111111,3.3830716609954834
17.333333333333332,11.478972434997559
2.0,3.1620845794677734
-13.88888888888889,-11.404172897338867
-4.444444444444445,-4.58430814743042
-11.666666666666666,-7.38694429397583
-4.444444444444445,-6.605579853057861
-4.222222222222222,-9.545727729797363
-7.333333333333333,-4.830644607543945
-3.2222222222222223,-4.667562484741211
-3.4444444444444446,-2.789897918701172
-3.111111111111111,-2.063537359237671
-5.333333333333333,-0.8549093008041382
7.888888888888889,11.134612083435059
19.88888888888889,17.274560928344727
-0.1111111111111111,5.826071739196777
-2.555555555555556,-5.514187812805176
-6.888888888888889,-5.374205112457275
-6.111111111111111,-2.016132116317749
-1.5555555555555556,-0.5128194093704224
-4.333333333333333,-11.794844627380371
0.6666666666666666,-1.3650046586990356
-24.0,-8.431893348693848
-4.222222222222222,-2.974165201187134
-1.0,0.09341120719909668
1.3333333333333333,3.7426538467407227
-12.666666666666666,-6.058259963989258
-7.0,-5.364595413208008
-1.3333333333333333,1.6152957677841187
-7.0,-2.734921932220459
5.888888888888889,4.504769325256348
-8.11111111111111,-3.31750750541687
-5.777777777777778,-3.04436993598938
-2.888888888888889,-4.166530609130859
-12.77777777777778,-3.3768374919891357
-6.444444444444445,-3.06258225440979
-2.4444444444444446,-4.808288097381592
6.0,3.602914571762085
-8.666666666666666,0.4473472833633423
-2.111111111111111,-2.6777238845825195
11.11111111111111,9.688364028930664
5.333333333333333,5.70727014541626
2.4444444444444446,5.0320305824279785
-3.7777777777777777,-3.6910221576690674
-1.8888888888888888,1.7660791873931885
-0.7777777777777778,-1.35365891456604
-5.111111111111111,-7.69918155670166
0.6666666666666666,-3.292452812194824
-1.3333333333333333,-0.9196561574935913
18.77777777777778,26.313968658447266
7.0,6.532978534698486
-22.55555555555556,-14.725956916809082
-5.333333333333333,-1.7402297258377075
-0.7777777777777778,-0.40859049558639526
10.444444444444445,0.4090498983860016
-1.4444444444444444,-3.7952651977539062
-0.8888888888888888,-5.933695316314697
10.0,5.955690383911133
23.0,16.7680721282959
0.1111111111111111,3.8105969429016113
-1.6666666666666667,2.023327112197876
-8.88888888888889,-2.012387990951538
-10.444444444444445,-10.171585083007812
-1.0,-0.6978151202201843
0.6666666666666666,-2.618133783340454
-4.111111111111111,-1.9714970588684082
18.11111111111111,2.5909998416900635
-1.3333333333333333,-8.096689224243164
-6.333333333333333,-3.714552879333496
-6.666666666666667,-6.769947052001953
-4.111111111111111,0.2931472063064575
-7.555555555555555,-6.456027507781982
-10.555555555555555,-8.561007499694824
0.5555555555555556,-4.781754493713379
5.555555555555555,6.062571048736572
-0.1111111111111111,-2.0783655643463135
-2.888888888888889,-4.660574913024902
2.4444444444444446,5.626255035400391
-2.888888888888889,-2.2276201248168945
18.666666666666668,24.896886825561523
1.2222222222222223,10.858414649963379
-2.2222222222222223,-3.939901351928711
-1.0,-1.6694979667663574
5.222222222222222,2.7529640197753906
4.222222222222222,1.5197803974151611
-0.2222222222222222,0.25508666038513184
16.444444444444443,-6.71665096282959
-8.0,-4.525140762329102
-11.666666666666666,-10.70052433013916
0.1111111111111111,0.21795225143432617
2.2222222222222223,2.363157033920288
-5.333333333333333,-5.691124439239502
-2.333333333333333,2.804647445678711
-3.555555555555556,-1.5365939140319824
-3.111111111111111,-2.020428419113159
-9.22222222222222,-9.407380104064941
-9.666666666666666,-4.606001853942871
-6.333333333333333,-3.086212396621704
-8.333333333333334,-11.585395812988281
-11.555555555555555,-4.710803985595703
-8.333333333333334,-13.362789154052734
25.0,20.36826515197754
-5.222222222222222,-5.988744735717773
3.555555555555556,0.4155385494232178
-2.333333333333333,-7.297240257263184
-13.666666666666666,-6.544241905212402
-2.333333333333333,-2.571091413497925
-6.444444444444445,-5.584905624389648
10.22222222222222,5.741434574127197
-4.888888888888889,-4.569267749786377
6.444444444444445,7.881663799285889
2.0,-1.4606844186782837
15.0,7.401830673217773
-10.0,-12.615821838378906
-5.666666666666667,-0.02866700291633606
-3.7777777777777777,-3.546590566635132
1.2222222222222223,-4.397570610046387
-1.4444444444444444,0.4425380229949951
-4.222222222222222,-5.236011981964111
2.4444444444444446,3.1280996799468994
2.333333333333333,2.598705768585205
-7.666666666666667,1.7040094137191772
-0.2222222222222222,-0.29474008083343506
0.2222222222222222,1.383463978767395
1.2222222222222223,-2.7252607345581055
-4.888888888888889,-9.859445571899414
-1.2222222222222223,-4.2048797607421875
0.7777777777777778,-5.611695289611816
-1.5555555555555556,-8.981072425842285
-4.444444444444445,-7.145444393157959
-1.1111111111111112,-4.596063613891602
-3.111111111111111,-4.1028218269348145
-0.2222222222222222,-6.4439005851745605
3.0,-2.2683024406433105
30.0,24.876941680908203
12.88888888888889,14.745849609375
-0.3333333333333333,-9.601839065551758
41.55555555555556,8.908445358276367
-13.333333333333334,-10.25028133392334
-10.555555555555555,-3.820495367050171
0.7777777777777778,-1.7748477458953857
0.3333333333333333,-1.9789247512817383
-3.555555555555556,-3.8633341789245605
7.222222222222222,8.872122764587402
4.666666666666667,-0.1879638433456421
-9.88888888888889,-11.084094047546387
-6.111111111111111,-5.2515106201171875
-3.4444444444444446,-3.2302932739257812
7.888888888888889,9.744950294494629
0.2222222222222222,-1.4106450080871582
-0.3333333333333333,-1.297540545463562
2.4444444444444446,16.427370071411133
0.3333333333333333,-2.7731680870056152
-4.777777777777778,-3.3466787338256836
-2.111111111111111,-1.4759416580200195
-6.111111111111111,-0.9997904300689697
3.333333333333333,-2.435581922531128
0.8888888888888888,-1.6002020835876465
-4.777777777777778,-2.0999438762664795
-3.888888888888889,-3.990687847137451
-10.0,-3.2167282104492188
-21.33333333333333,-10.099796295166016
-4.444444444444445,-8.235971450805664
2.0,5.770526885986328
-5.222222222222222,-2.6425907611846924
1.2222222222222223,0.6624095439910889
-9.666666666666666,-6.8072028160095215
-7.222222222222222,-3.059018135070801
-6.555555555555555,-1.198731541633606
-8.777777777777779,-6.193129539489746
-8.11111111111111,-4.764782905578613
0.3333333333333333,-1.095174789428711
0.4444444444444444,3.63179087638855
0.1111111111111111,-0.31874966621398926
13.22222222222222,-0.03222954273223877
-3.888888888888889,-2.4408650398254395
-0.8888888888888888,0.2335289716720581
-4.777777777777778,-1.1141448020935059
-9.22222222222222,-6.298217296600342
3.111111111111111,2.588034152984619
2.2222222222222223,2.2822041511535645
-10.555555555555555,-2.587498426437378
-1.0,-0.26658931374549866
-11.0,-3.5272128582000732
-4.666666666666667,-4.605595111846924
-4.0,-1.9771151542663574
3.6666666666666665,0.31373900175094604
-1.0,1.868513822555542
3.0,-1.9669551849365234
-9.444444444444445,-6.191400527954102
3.333333333333333,3.7820422649383545
-4.111111111111111,-3.123704195022583
6.555555555555555,5.37758207321167
3.333333333333333,8.61678409576416
-7.222222222222222,-2.86635422706604
0.4444444444444444,1.387087345123291
-2.7777777777777777,-2.987623453140259
-2.2222222222222223,-2.8425254821777344
-2.6666666666666665,-4.3013176918029785
-1.7777777777777777,5.5652265548706055
13.22222222222222,18.19056510925293
-3.2222222222222223,-4.387375354766846
-6.888888888888889,-7.428758144378662
-8.666666666666666,1.4907617568969727
2.0,4.944273948669434
0.0,0.0342789888381958
-2.888888888888889,-1.1334102153778076
-5.888888888888889,-4.9335150718688965
5.555555555555555,5.450238227844238
-4.0,-3.8352506160736084
6.444444444444445,9.468721389770508
-3.555555555555556,-1.1000510454177856
-1.3333333333333333,-3.75026535987854
2.0,2.744997978210449
-6.0,-8.205239295959473
-18.88888888888889,-16.530513763427734
-13.555555555555555,-8.374663352966309
-2.888888888888889,0.3591512441635132
6.444444444444445,3.038529396057129
-4.111111111111111,-6.501808166503906
-6.555555555555555,-9.247925758361816
-3.111111111111111,-2.7325451374053955
-1.5555555555555556,-3.0319364070892334
-1.7777777777777777,-2.541797161102295
5.555555555555555,-3.106173515319824
-1.5555555555555556,-1.4279918670654297
12.77777777777778,10.19092082977295
-7.777777777777778,-7.825631141662598
1.3333333333333333,4.769850730895996
-2.555555555555556,0.16190838813781738
19.22222222222222,17.685115814208984
4.666666666666667,-3.737238645553589
-5.888888888888889,-3.3580760955810547
-7.888888888888889,-5.151767730712891
10.77777777777778,-0.6256848573684692
32.111111111111114,25.333723068237305
-5.666666666666667,-5.472428321838379
9.11111111111111,8.505342483520508
8.777777777777779,1.604254126548767
-9.11111111111111,-8.642562866210938
4.555555555555555,7.2385454177856445
3.4444444444444446,1.073063611984253
-11.555555555555555,-5.002065658569336
-3.0,0.7292733788490295
-5.222222222222222,-4.146236419677734
1.1111111111111112,0.7210206985473633
-9.555555555555555,-7.90004825592041
-3.888888888888889,-3.806926727294922
-0.3333333333333333,-1.931502103805542
1.6666666666666667,-0.6829667687416077
-8.555555555555555,-7.596278190612793
11.333333333333334,11.136954307556152
8.88888888888889,2.803424596786499
-4.222222222222222,-3.6241893768310547
-0.6666666666666666,1.1141254901885986
-8.333333333333334,-5.097836494445801
-2.888888888888889,-5.491748809814453
-9.77777777777778,-6.502822399139404
-2.4444444444444446,-3.241701364517212
7.222222222222222,4.4731340408325195
-11.11111111111111,-4.046168804168701
-3.2222222222222223,-2.6199419498443604
3.555555555555556,4.114078521728516
-1.2222222222222223,0.0060613155364990234
-15.11111111111111,-6.636486053466797
-8.222222222222221,-8.971871376037598
1.5555555555555556,-5.413756847381592
-6.222222222222222,-4.277177810668945
-2.888888888888889,3.44401216506958
-1.3333333333333333,-2.807152271270752
4.0,-0.9415490627288818
5.666666666666667,9.655305862426758
6.777777777777778,-4.639847278594971
-3.6666666666666665,-4.152677536010742
-5.222222222222222,-2.8675222396850586
-6.0,-7.317212104797363
0.4444444444444444,2.1514217853546143
-4.444444444444445,-1.8147106170654297
-6.888888888888889,-5.418516635894775
-0.1111111111111111,-3.7454612255096436
-5.555555555555555,-8.383416175842285
-8.666666666666666,-0.913794755935669
3.4444444444444446,-0.06472259759902954
-0.8888888888888888,7.043833255767822
-2.6666666666666665,-3.9299819469451904
-1.3333333333333333,-1.6802080869674683
2.4444444444444446,-2.5847151279449463
-9.22222222222222,-9.627820014953613
-12.333333333333334,-0.4352725148200989
25.666666666666668,13.73563003540039
2.4444444444444446,-0.8493350744247437
2.2222222222222223,3.627380609512329
-1.2222222222222223,-6.031937122344971
-2.6666666666666665,-3.8364639282226562
-5.333333333333333,-3.7196695804595947
0.0,2.0107996463775635
-1.4444444444444444,-0.6745940446853638
-3.555555555555556,-3.3174071311950684
-0.5555555555555556,-3.633754014968872
-5.222222222222222,-4.220853328704834
-2.0,-0.07380139827728271
3.555555555555556,-1.3052133321762085
3.555555555555556,0.3835384249687195
-1.0,1.8933839797973633
5.222222222222222,-3.6611273288726807
-11.11111111111111,-11.179396629333496
-6.222222222222222,-6.046103000640869
-8.11111111111111,-4.16300630569458
5.333333333333333,2.8187718391418457
-1.8888888888888888,-3.2212533950805664
1.7777777777777777,2.468813180923462
-1.4444444444444444,-4.533708095550537
-2.0,-5.043125629425049
-10.22222222222222,-5.1735687255859375
2.2222222222222223,-3.5563013553619385
7.111111111111111,2.842906951904297
-5.0,-4.612339019775391
23.33333333333333,12.512414932250977
2.888888888888889,-4.076785564422607
-0.3333333333333333,-4.360519886016846
-2.7777777777777777,-4.0493388175964355
20.11111111111111,11.491848945617676
-6.555555555555555,-4.7501220703125
-5.888888888888889,0.16147774457931519
-13.0,-1.6314997673034668
-2.6666666666666665,-4.159887313842773
-4.666666666666667,-0.2281177043914795
-0.5555555555555556,0.8058352470397949
1.8888888888888888,-2.3831164836883545
-0.2222222222222222,-3.460200786590576
-13.666666666666666,-2.194561719894409
1.6666666666666667,1.11983060836792
6.444444444444445,2.093717575073242
-5.111111111111111,-6.446788787841797
-1.0,0.7145764827728271
2.6666666666666665,-3.52609920501709
-4.111111111111111,-4.645359992980957
-2.2222222222222223,-8.346233367919922
-0.3333333333333333,-1.3065884113311768
-4.888888888888889,-3.7982165813446045
25.11111111111111,26.710433959960938
-10.88888888888889,-13.211360931396484
2.555555555555556,-1.4159042835235596
-0.4444444444444444,-2.528789520263672
-19.55555555555556,-7.806639671325684
-0.8888888888888888,-1.4327377080917358
-6.555555555555555,-5.326284885406494
-4.222222222222222,-3.0181846618652344
-5.0,-4.2459492683410645
-4.444444444444445,-0.933321475982666
-2.333333333333333,2.3601064682006836
-3.888888888888889,-4.265824317932129
-2.111111111111111,-3.334022283554077
-6.111111111111111,-2.180431365966797
2.2222222222222223,2.547091007232666
-8.88888888888889,-6.7248029708862305
1.8888888888888888,-1.1982845067977905
24.77777777777778,25.435529708862305
0.3333333333333333,-4.793928623199463
-2.2222222222222223,-0.607357382774353
8.555555555555555,3.575425863265991
-2.7777777777777777,-5.091786861419678
3.4444444444444446,1.536044716835022
-2.555555555555556,-2.359363555908203
2.555555555555556,-1.2196240425109863
28.88888888888889,17.731922149658203
-18.11111111111111,-2.4987235069274902
-5.666666666666667,16.77056312561035
-1.0,-2.5834012031555176
0.3333333333333333,1.937882900238037
0.3333333333333333,0.6993634700775146
-1.3333333333333333,2.4375202655792236
-4.888888888888889,0.14981809258460999
-7.555555555555555,-6.921431541442871
-6.888888888888889,0.8905109763145447
-4.0,3.293067216873169
1.6666666666666667,-1.6188695430755615
8.666666666666666,3.135024070739746
1.7777777777777777,-1.5246270895004272
0.1111111111111111,-2.9055023193359375
13.88888888888889,13.827713966369629
-0.3333333333333333,-1.0874418020248413
8.444444444444445,-0.24560177326202393
-0.2222222222222222,-0.7195818424224854
-6.555555555555555,-0.23487091064453125
2.6666666666666665,14.347880363464355
-4.555555555555555,-0.6853136420249939
-0.5555555555555556,3.813514471054077
-1.0,-5.1357879638671875
14.666666666666666,6.016763210296631
-2.4444444444444446,-9.807971954345703
-1.0,-8.152277946472168
-12.0,-6.955397605895996
-0.5555555555555556,0.010514020919799805
-0.8888888888888888,-0.04416370391845703
-6.888888888888889,-3.325740337371826
-4.555555555555555,-5.282588481903076
0.1111111111111111,4.52136754989624
-5.333333333333333,-7.011877536773682
-6.777777777777778,-4.63494873046875
27.88888888888889,21.771499633789062
-7.888888888888889,-6.163434028625488
-0.2222222222222222,-1.6224898099899292
6.222222222222222,5.8139328956604
-14.444444444444445,-11.351038932800293
-5.555555555555555,-6.813482761383057
-13.555555555555555,-10.57613468170166
-9.88888888888889,-5.345884799957275
-7.333333333333333,-4.847398281097412
0.0,-1.4842346906661987
0.1111111111111111,-2.76235032081604
-5.555555555555555,3.601841449737549
-8.666666666666666,-7.7512664794921875
-4.666666666666667,-3.3556759357452393
0.4444444444444444,0.1519550085067749
0.0,5.472887992858887
-5.444444444444445,-5.8060784339904785
0.2222222222222222,0.38220423460006714
-16.555555555555557,-9.121878623962402
5.222222222222222,5.901769161224365
-4.333333333333333,-6.271241664886475
-2.555555555555556,-2.6015424728393555
15.11111111111111,9.531086921691895
-0.6666666666666666,-1.497167944908142
-0.4444444444444444,-0.2619527578353882
-4.333333333333333,-2.9916601181030273
-3.7777777777777777,-5.239217281341553
-2.333333333333333,-0.5564275979995728
2.555555555555556,-4.889405250549316
15.88888888888889,11.377433776855469
-21.88888888888889,-10.947713851928711
21.444444444444443,18.076438903808594
4.333333333333333,2.630673885345459
-1.2222222222222223,-7.349764823913574
1.2222222222222223,1.6923305988311768
-3.6666666666666665,-3.9780097007751465
3.0,-0.007109284400939941
-2.333333333333333,3.6520192623138428
-3.888888888888889,-6.698982238769531
14.444444444444445,-0.30440500378608704
-4.666666666666667,-2.446506977081299
-4.0,-0.1243443489074707
3.0,-1.7284939289093018
-6.555555555555555,-6.4633612632751465
-4.333333333333333,4.3528218269348145
6.888888888888889,7.573718547821045
0.4444444444444444,-4.780939102172852
-3.6666666666666665,-5.225031852722168
28.444444444444443,24.538352966308594
3.0,3.1076622009277344
-24.11111111111111,-20.78000831604004
14.22222222222222,14.869928359985352
10.666666666666666,6.559080123901367
3.4444444444444446,2.355816125869751
-6.888888888888889,-1.5928032398223877
0.0,-1.8682374954223633
9.11111111111111,8.946513175964355
-2.888888888888889,-3.6550076007843018
-11.0,-6.6945037841796875
-4.111111111111111,-1.5886131525039673
-4.777777777777778,-0.8943781852722168
22.11111111111111,7.577400207519531
8.222222222222221,4.427303791046143
-4.777777777777778,-8.091715812683105
-5.444444444444445,-6.401769161224365
1.5555555555555556,2.549764394760132
-3.4444444444444446,-4.381045818328857
-2.555555555555556,-1.9383175373077393
-5.111111111111111,-5.990199565887451
-11.333333333333334,-7.6178998947143555
-5.777777777777778,-8.882513999938965
-10.555555555555555,-6.29107141494751
-13.666666666666666,-2.8443386554718018
-4.888888888888889,-1.4494211673736572
1.2222222222222223,1.2453805208206177
-5.888888888888889,-6.780471324920654
-2.555555555555556,-2.82106351852417
-9.333333333333334,-7.643584251403809
-9.22222222222222,-3.7535903453826904
-8.333333333333334,-2.124011993408203
-2.0,4.303771018981934
-5.333333333333333,-5.285310745239258
-0.2222222222222222,-3.766420364379883
0.4444444444444444,-1.9235482215881348
-3.333333333333333,-1.106624960899353
1.5555555555555556,0.9327129125595093
-2.2222222222222223,-3.14776611328125
-3.888888888888889,-9.77035140991211
11.444444444444445,13.149566650390625
12.666666666666666,15.790765762329102
1.3333333333333333,2.673846483230591
-5.555555555555555,-4.632787704467773
-2.0,2.561020612716675
-2.0,-2.331437826156616
-5.222222222222222,-0.7387528419494629
-0.5555555555555556,-2.036492109298706
9.333333333333334,11.48610782623291
5.333333333333333,-1.3084274530410767
-6.0,-4.8913140296936035
-4.777777777777778,0.3222360610961914
-5.555555555555555,-5.330684185028076
-7.333333333333333,-7.210361003875732
9.444444444444445,5.173389434814453
2.555555555555556,-2.43468976020813
-1.2222222222222223,-3.0805296897888184
-1.1111111111111112,-0.24809527397155762
-10.0,-11.160435676574707
0.4444444444444444,-2.9351272583007812
-4.444444444444445,-7.083721160888672
-9.666666666666666,-5.176070690155029
1.3333333333333333,-0.26099586486816406
-0.8888888888888888,1.0344476699829102
-1.7777777777777777,-3.362529754638672
2.2222222222222223,2.0345377922058105
-2.2222222222222223,-5.828373908996582
0.5555555555555556,0.4088354706764221
-9.88888888888889,-2.191406488418579
4.444444444444445,15.2714204788208
-1.0,-1.9453206062316895
-2.888888888888889,-4.79403018951416
-6.0,-6.03873872756958
-0.2222222222222222,0.7701171636581421
-5.222222222222222,1.2748894691467285
-3.0,-3.740574836730957
0.5555555555555556,-1.048892617225647
-5.0,-1.458143711090088
-2.6666666666666665,-4.342498302459717
-10.444444444444445,2.8189423084259033
-0.7777777777777778,-6.056769847869873
7.111111111111111,-0.25069916248321533
-4.222222222222222,-5.099313259124756
2.111111111111111,-3.4319794178009033
-0.1111111111111111,-0.7204849720001221
42.55555555555556,15.819007873535156
-8.11111111111111,-14.53257942199707
-3.6666666666666665,-0.5583792924880981
-4.777777777777778,-1.704729437828064
1.7777777777777777,-8.208245277404785
7.222222222222222,2.1489245891571045
-2.111111111111111,-6.016382217407227
-9.0,-0.8144056797027588
1.3333333333333333,0.9427109956741333
-1.4444444444444444,-1.007669448852539
32.44444444444444,23.85707664489746
10.0,10.189277648925781
-5.666666666666667,-8.314459800720215
4.111111111111111,-2.0195529460906982
-9.0,-8.093072891235352
21.22222222222222,18.445449829101562
-6.666666666666667,-4.669923305511475
3.0,2.418501615524292
-1.4444444444444444,0.3618425130844116
-0.2222222222222222,2.997250556945801
-1.1111111111111112,-1.6107358932495117
-8.555555555555555,-8.607494354248047
0.7777777777777778,0.7882587909698486
4.555555555555555,4.09639310836792
4.222222222222222,2.5836455821990967
-41.333333333333336,-30.88220977783203
-4.888888888888889,-5.100189208984375
4.555555555555555,0.5860567092895508
2.2222222222222223,3.5629630088806152
-1.5555555555555556,-0.43665117025375366
-0.4444444444444444,-0.7560505867004395
-0.8888888888888888,-0.37785065174102783
10.0,13.795881271362305
-8.222222222222221,-7.025793075561523
18.444444444444443,7.685091972351074
-4.888888888888889,-0.3737778663635254
0.1111111111111111,-3.510648012161255
-5.555555555555555,-5.2430620193481445
-2.4444444444444446,-1.4666823148727417
-5.222222222222222,-6.498898506164551
29.666666666666668,12.654043197631836
0.0,-0.5220752954483032
2.2222222222222223,1.582023024559021
20.88888888888889,14.400992393493652
-2.333333333333333,-5.96535587310791
-4.111111111111111,-3.5848095417022705
-10.444444444444445,-11.655159950256348
-10.77777777777778,-5.643750190734863
-4.666666666666667,-6.650232791900635
8.777777777777779,2.8483638763427734
-3.2222222222222223,-6.616665840148926
-1.4444444444444444,-0.20312261581420898
-1.1111111111111112,-3.3294503688812256
6.888888888888889,4.286734580993652
-5.444444444444445,-5.8340654373168945
2.4444444444444446,-1.0065805912017822
-12.555555555555555,-11.7968111038208
17.444444444444443,11.207931518554688
0.1111111111111111,-3.1318726539611816
9.666666666666666,0.7615140676498413
-3.0,1.354231834411621
3.0,-1.3524761199951172
-0.1111111111111111,1.3430191278457642
-10.333333333333334,-4.054166793823242
1.3333333333333333,0.5358819961547852
-10.77777777777778,-9.445372581481934
0.3333333333333333,-6.3040242195129395
2.2222222222222223,-0.6496877670288086
-4.777777777777778,-2.1227407455444336
-2.4444444444444446,-2.774169445037842
1.6666666666666667,5.987295150756836
-2.7777777777777777,-2.041569709777832
0.2222222222222222,0.09292173385620117
-2.555555555555556,-5.128777503967285
2.333333333333333,2.8836417198181152
1.6666666666666667,1.0743441581726074
-1.6666666666666667,-6.989717960357666
-1.8888888888888888,-2.9313204288482666
-5.888888888888889,-5.649360179901123
-0.6666666666666666,0.269195556640625
-0.8888888888888888,-0.8109800815582275
1.5555555555555556,0.005692243576049805
-4.222222222222222,-5.574651718139648
1.7777777777777777,-0.5613915920257568
-6.111111111111111,-6.771283149719238
-2.4444444444444446,0.6831202507019043
-0.7777777777777778,-1.5736162662506104
8.0,5.527584075927734
1.3333333333333333,1.4974892139434814
20.33333333333333,17.473243713378906
1.3333333333333333,1.0400776863098145
-4.222222222222222,-6.869200706481934
-8.777777777777779,-4.597609996795654
-4.333333333333333,-4.768416404724121
-2.7777777777777777,-2.9413673877716064
6.0,6.763436794281006
0.1111111111111111,1.0858901739120483
-2.888888888888889,-3.49662446975708
-0.1111111111111111,-0.8419016599655151
-2.7777777777777777,-0.5735942125320435
-10.11111111111111,-10.250825881958008
-10.0,-9.196802139282227
-2.555555555555556,-3.120147943496704
3.4444444444444446,0.3702244162559509
3.4444444444444446,6.870306491851807
-1.6666666666666667,2.389718770980835
-1.6666666666666667,-2.3058953285217285
1.5555555555555556,-1.5716962814331055
5.666666666666667,2.994839668273926
5.777777777777778,2.8216240406036377
6.666666666666667,3.1865322589874268
5.333333333333333,0.8743987083435059
7.222222222222222,7.0849690437316895
-10.333333333333334,-1.537778615951538
0.4444444444444444,3.6727190017700195
8.666666666666666,12.486865997314453
-6.555555555555555,-9.352775573730469
1.7777777777777777,0.9307501316070557
-6.777777777777778,-9.41364860534668
7.111111111111111,2.5863070487976074
-1.6666666666666667,-0.09209609031677246
-0.6666666666666666,-2.5748372077941895
8.777777777777779,1.3209446668624878
-0.6666666666666666,-3.2536044120788574
-7.777777777777778,-3.9819414615631104
5.888888888888889,5.739190101623535
-4.111111111111111,-5.662400245666504
-4.111111111111111,-4.171806812286377
0.6666666666666666,-3.0797088146209717
-7.0,-8.4674072265625
-1.0,1.958357334136963
-0.6666666666666666,2.5467140674591064
6.777777777777778,2.517956018447876
0.5555555555555556,-1.4940824508666992
-1.3333333333333333,-1.1839351654052734
-2.111111111111111,-0.9727519750595093
-8.11111111111111,0.2389737367630005
3.4444444444444446,-3.709822416305542
-5.444444444444445,-6.600183486938477
-1.5555555555555556,1.017453670501709
-3.2222222222222223,-6.7898149490356445
4.444444444444445,0.7186663150787354
-1.3333333333333333,-2.893094778060913
-8.333333333333334,-6.709524154663086
-5.0,-8.577696800231934
1.0,3.30531907081604
0.8888888888888888,-7.750394821166992
-8.444444444444445,-0.2969374656677246
-5.222222222222222,-6.309680461883545
-4.888888888888889,-6.83535099029541
8.333333333333334,-0.36509478092193604
7.333333333333333,5.040571689605713
1.2222222222222223,-0.8167614936828613
-8.88888888888889,2.4612021446228027
4.333333333333333,0.69893479347229
-0.6666666666666666,-1.506158709526062
3.111111111111111,1.1900012493133545
3.555555555555556,-0.3284968137741089
-3.111111111111111,-1.7038099765777588
-1.8888888888888888,1.6607805490493774
1.6666666666666667,-5.425024032592773
-7.666666666666667,-1.8189852237701416
-4.111111111111111,-5.460306167602539
3.4444444444444446,-4.078245162963867
-9.333333333333334,-1.2863719463348389
1.5555555555555556,-3.1668214797973633
7.333333333333333,3.410353660583496
-7.111111111111111,-6.399402141571045
-0.2222222222222222,1.9395582675933838
7.333333333333333,-1.6944520473480225
0.6666666666666666,2.319901466369629
-2.0,-5.449892044067383
-5.888888888888889,0.9497455358505249
-5.666666666666667,-2.195960521697998
1.7777777777777777,4.402631759643555
-14.666666666666666,-4.579511642456055
-15.333333333333334,-8.601752281188965
-7.777777777777778,-7.925008296966553
3.6666666666666665,-1.5654281377792358
-6.444444444444445,-1.4654061794281006
-1.3333333333333333,-0.2606792449951172
-11.333333333333334,-7.847230434417725
-15.88888888888889,-9.633770942687988
0.3333333333333333,-5.170410633087158
5.888888888888889,5.320515155792236
-5.555555555555555,0.6136705875396729
-4.222222222222222,-4.710871696472168
-1.3333333333333333,-2.9868767261505127
-3.2222222222222223,-7.275437355041504
-0.1111111111111111,-2.593548059463501
-6.666666666666667,-5.182596206665039
-7.333333333333333,-0.36563268303871155
-5.111111111111111,-1.3054248094558716
5.222222222222222,6.688632488250732
-7.444444444444445,-7.635161399841309
17.444444444444443,19.183677673339844
-3.4444444444444446,0.7447136044502258
-5.333333333333333,-1.266000747680664
3.6666666666666665,-2.580312967300415
-2.4444444444444446,-2.1542444229125977
-21.0,-16.701080322265625
-8.333333333333334,-6.945953845977783
-3.333333333333333,-2.310492753982544
1.5555555555555556,7.41718864440918
-3.0,-1.6545054912567139
-14.333333333333334,-9.566843032836914
-2.2222222222222223,0.633520781993866
5.0,11.531363487243652
0.4444444444444444,-0.6695785522460938
-8.222222222222221,-5.62158203125
2.7777777777777777,1.8290300369262695
-12.444444444444445,-13.90488338470459
5.555555555555555,0.8658500909805298
-2.111111111111111,-4.7326130867004395
-1.6666666666666667,2.423797369003296
-9.88888888888889,-3.5042052268981934
-7.333333333333333,-2.6694631576538086
-10.88888888888889,-4.762554168701172
-4.777777777777778,-12.593751907348633
-5.111111111111111,0.093375563621521
0.8888888888888888,1.8708693981170654
2.333333333333333,4.3376030921936035
1.3333333333333333,3.4264979362487793
-3.333333333333333,5.419478893280029
5.555555555555555,-3.005981206893921
-2.6666666666666665,-0.30397462844848633
-4.555555555555555,-1.1316001415252686
4.0,-0.9513884782791138
-1.0,-0.04642343521118164
1.3333333333333333,1.5094290971755981
-21.0,-10.792524337768555
-1.6666666666666667,-1.2176464796066284
2.111111111111111,-0.9189122915267944
-7.888888888888889,-7.119539737701416
-0.3333333333333333,-0.7143470048904419
2.0,2.1204028129577637
26.11111111111111,26.24115753173828
-0.1111111111111111,-6.161520004272461
-0.7777777777777778,0.7620851993560791
-11.0,-8.255714416503906
4.222222222222222,4.7891950607299805
-1.7777777777777777,-1.8847163915634155
-9.0,-7.513646125793457
-4.555555555555555,-5.595478057861328
-5.0,-4.234410762786865
0.7777777777777778,0.22610723972320557
-3.333333333333333,-3.351104497909546
-3.111111111111111,-2.6774778366088867
5.0,2.4027271270751953
-1.2222222222222223,-1.0645850896835327
-7.555555555555555,-8.781795501708984
-3.4444444444444446,-1.3630666732788086
-7.555555555555555,-8.531072616577148
-8.444444444444445,-9.468178749084473
-2.555555555555556,0.5768548250198364
-2.2222222222222223,-0.6221950054168701
-3.4444444444444446,-7.466770648956299
4.888888888888889,2.9758996963500977
4.111111111111111,-1.972353458404541
-11.22222222222222,-7.7467498779296875
-5.0,-6.189369201660156
0.8888888888888888,2.983208417892456
-0.7777777777777778,-2.245854139328003
-5.444444444444445,-2.8371810913085938
-9.11111111111111,-2.750084400177002
-0.8888888888888888,3.058443784713745
-2.0,-4.65751314163208
-2.6666666666666665,-1.307550072669983
21.55555555555556,12.117961883544922
11.77777777777778,3.250718116760254
14.88888888888889,14.47309398651123
-0.8888888888888888,-1.3700218200683594
1.4444444444444444,0.6277390122413635
-2.7777777777777777,-1.9601150751113892
-2.7777777777777777,0.6838066577911377
-8.777777777777779,3.0558626651763916
-3.555555555555556,-2.645785093307495
-9.444444444444445,-6.63320255279541
2.0,1.6077990531921387
-7.0,-6.9272074699401855
0.1111111111111111,1.691413402557373
-5.888888888888889,-2.6780972480773926
-11.444444444444445,-9.188395500183105
-5.777777777777778,-2.2507333755493164
-0.4444444444444444,-6.893326282501221
-1.7777777777777777,-0.10585618019104004
-1.4444444444444444,-2.029005289077759
-4.333333333333333,-7.612626075744629
-8.555555555555555,-6.8476881980896
-8.222222222222221,-0.6099015474319458
0.4444444444444444,0.04055356979370117
-4.555555555555555,-3.9781494140625
-6.0,-4.190010070800781
-1.0,-8.420246124267578
-4.333333333333333,2.530392646789551
-4.111111111111111,-4.569423675537109
16.0,18.969154357910156
-3.4444444444444446,0.13316774368286133
-3.111111111111111,-2.3187179565429688
10.77777777777778,12.771221160888672
8.222222222222221,7.5177202224731445
0.3333333333333333,-0.5786595344543457
0.2222222222222222,-1.0550241470336914
-14.88888888888889,-9.60470199584961
3.333333333333333,7.877881050109863
1.0,-0.6085536479949951
0.6666666666666666,-0.49219363927841187
-4.333333333333333,-6.3413872718811035
0.3333333333333333,-0.3821339011192322
-4.444444444444445,-3.450000524520874
0.2222222222222222,-2.28037166595459
5.222222222222222,1.5012407302856445
-2.7777777777777777,-1.0966360569000244
-2.0,-0.10338068008422852
28.444444444444443,21.757505416870117
-6.0,-1.441528558731079
-6.666666666666667,-0.21669864654541016
-3.888888888888889,0.27393534779548645
-10.11111111111111,-11.76729965209961
-4.777777777777778,1.5752391815185547
1.4444444444444444,1.393707036972046
-5.0,-1.40985107421875
0.1111111111111111,-3.4420828819274902
-6.444444444444445,-7.280099391937256
-2.333333333333333,-2.2128968238830566
-1.6666666666666667,-2.213989019393921
-4.111111111111111,-7.6312665939331055
-10.0,-4.242843151092529
2.7777777777777777,3.5335988998413086
-1.5555555555555556,-4.297957897186279
-4.666666666666667,-2.927361488342285
-5.444444444444445,2.1529440879821777
2.0,-0.0860525369644165
-6.222222222222222,-0.4446526765823364
-10.11111111111111,-2.7390189170837402
9.555555555555555,5.934056758880615
-10.0,-6.290853500366211
-6.444444444444445,-3.4919633865356445
0.8888888888888888,-0.5758863687515259
-0.5555555555555556,1.892392873764038
-1.8888888888888888,0.7371737957000732
3.888888888888889,-1.6670782566070557
3.333333333333333,0.3029494285583496
17.0,10.709155082702637
-0.7777777777777778,-0.07923305034637451
-3.2222222222222223,-0.577732264995575
-4.777777777777778,-16.043983459472656
-3.2222222222222223,-3.7019646167755127
-4.222222222222222,-6.929234981536865
-9.11111111111111,2.5104801654815674
-6.333333333333333,-11.248518943786621
-4.666666666666667,-2.026975154876709
9.444444444444445,8.442944526672363
1.6666666666666667,-3.223182201385498
-3.0,0.5516551733016968
-5.444444444444445,-3.894838333129883
2.111111111111111,3.1386756896972656
-5.888888888888889,8.530218124389648
-1.8888888888888888,-0.33027732372283936
-4.777777777777778,-4.725240230560303
2.111111111111111,-1.4595186710357666
0.5555555555555556,-5.5771284103393555
-3.111111111111111,-6.0370097160339355
-11.88888888888889,-15.160379409790039
-0.6666666666666666,-2.8326008319854736
12.11111111111111,8.445808410644531
-0.5555555555555556,-3.8483188152313232
0.6666666666666666,2.4786365032196045
-4.888888888888889,-1.3907418251037598
-3.111111111111111,-0.3238801956176758
-2.2222222222222223,-2.3383564949035645
-3.2222222222222223,-2.526557683944702
-6.888888888888889,-11.909335136413574
3.4444444444444446,-0.4639303684234619
24.11111111111111,13.787518501281738
-0.8888888888888888,1.516894817352295
0.8888888888888888,-9.631953239440918
-6.555555555555555,-5.643651962280273
-1.3333333333333333,-4.162569522857666
-4.111111111111111,-4.303577899932861
9.666666666666666,0.3205547332763672
5.111111111111111,4.612887382507324
4.333333333333333,-3.217226028442383
0.4444444444444444,2.3973512649536133
-15.444444444444445,-9.90459156036377
-7.0,-2.202573537826538
1.7777777777777777,3.892589807510376
6.777777777777778,1.9059003591537476
8.0,1.4052908420562744
4.777777777777778,7.0976643562316895
19.55555555555556,15.174821853637695
-6.777777777777778,-6.793462753295898
-7.222222222222222,-2.685232162475586
0.1111111111111111,-0.7256042957305908
-0.4444444444444444,-2.055765151977539
-3.555555555555556,-3.2349047660827637
10.444444444444445,10.348284721374512
3.4444444444444446,3.461695909500122
-0.1111111111111111,1.299729824066162
-7.666666666666667,-4.320608615875244
0.1111111111111111,2.20857834815979
-3.333333333333333,-3.354869842529297
-4.222222222222222,-2.3171775341033936
-0.7777777777777778,1.8214060068130493
-11.666666666666666,-13.231973648071289
-2.333333333333333,-2.025688648223877
-0.3333333333333333,-5.803656578063965
17.88888888888889,16.84489631652832
32.55555555555556,24.374792098999023
-11.0,-1.2204186916351318
-4.0,-3.96779465675354
-6.777777777777778,-6.412119388580322
-15.333333333333334,-8.747803688049316
-7.666666666666667,-2.9781174659729004
-3.555555555555556,-1.630501389503479
-2.7777777777777777,-7.005643367767334
0.1111111111111111,0.2832638621330261
38.11111111111112,25.319307327270508
-8.0,-1.0608545541763306
-4.222222222222222,-4.503427505493164
0.0,-1.7228641510009766
23.55555555555556,22.257431030273438
1.7777777777777777,-4.401559829711914
-2.7777777777777777,-2.1990153789520264
-5.777777777777778,-2.965080976486206
7.333333333333333,7.811587333679199
-6.555555555555555,-7.56136417388916
-9.333333333333334,-2.6769988536834717
5.111111111111111,3.664339780807495
-5.444444444444445,-2.732530117034912
3.6666666666666665,0.8294968605041504
-6.555555555555555,-6.959235668182373
19.444444444444443,24.79644203186035
-4.777777777777778,-3.1369469165802
4.888888888888889,2.1375670433044434
-3.2222222222222223,-6.553851127624512
-1.6666666666666667,-1.344315767288208
-7.555555555555555,-4.274935245513916
-3.4444444444444446,-9.125479698181152
1.5555555555555556,-0.8126757144927979
-7.555555555555555,-9.572491645812988
-13.333333333333334,-14.452982902526855
-5.0,-5.630465984344482
-3.111111111111111,2.4336776733398438
-8.777777777777779,-0.7379803657531738
-1.1111111111111112,3.114245891571045
1.8888888888888888,6.579905033111572
-6.222222222222222,-6.292738437652588
-0.1111111111111111,-0.07241702079772949
4.0,6.249872207641602
-18.22222222222222,-8.786385536193848
-1.7777777777777777,-2.411263942718506
-13.333333333333334,-9.78154182434082
-7.666666666666667,-4.856370449066162
-1.6666666666666667,-3.645930290222168
-4.444444444444445,1.2350380420684814
-11.444444444444445,0.19111275672912598
2.888888888888889,2.0970606803894043
27.0,26.966873168945312
1.8888888888888888,3.4589905738830566
-8.88888888888889,-0.19927191734313965
-4.888888888888889,0.28911852836608887
-5.888888888888889,-4.284438610076904
-3.6666666666666665,-3.2052526473999023
9.555555555555555,14.962645530700684
-1.6666666666666667,-0.4369664788246155
0.8888888888888888,2.087050199508667
-13.666666666666666,-13.846826553344727
-3.555555555555556,3.4618332386016846
-1.6666666666666667,2.816351890563965
8.88888888888889,15.52149772644043
-4.888888888888889,-5.37401008605957
-3.888888888888889,-3.5290207862854004
-9.88888888888889,-6.055459022521973
-1.5555555555555556,-5.567497253417969
7.666666666666667,10.037206649780273
3.7777777777777777,4.5910444259643555
12.666666666666666,-10.087339401245117
-4.555555555555555,-4.351195812225342
13.555555555555555,13.322571754455566
6.777777777777778,1.008108139038086
-9.11111111111111,-7.895120620727539
-2.555555555555556,0.7853186130523682
-1.4444444444444444,-2.6149954795837402
-6.222222222222222,-5.077432632446289
-7.555555555555555,-3.6725943088531494
1.0,1.5719236135482788
-1.4444444444444444,2.8451738357543945
-9.88888888888889,-6.879843711853027
1.2222222222222223,-0.7815756797790527
2.2222222222222223,0.0016001462936401367
1.2222222222222223,-0.34749913215637207
8.444444444444445,0.9132671356201172
0.8888888888888888,-2.776554822921753
-10.444444444444445,-4.963094711303711
4.444444444444445,5.0925374031066895
-1.6666666666666667,0.34572315216064453
-3.888888888888889,-2.4884324073791504
3.2222222222222223,-0.22435927391052246
-5.666666666666667,-6.007219314575195
-9.0,-4.7491135597229
8.777777777777779,8.472472190856934
1.5555555555555556,-2.734340190887451
-2.555555555555556,0.36611104011535645
4.777777777777778,1.7861337661743164
-16.11111111111111,-5.018858909606934
-5.555555555555555,-4.056360721588135
-1.8888888888888888,-2.200507402420044
25.11111111111111,22.342018127441406
-2.555555555555556,-6.298914432525635
-12.0,-8.815047264099121
-10.333333333333334,-9.158560752868652
-7.333333333333333,-3.755038022994995
0.0,-1.4312405586242676
1.8888888888888888,-1.2576847076416016
1.4444444444444444,-0.2464437484741211
19.55555555555556,4.670703887939453
-5.222222222222222,-2.1844260692596436
0.3333333333333333,0.41785120964050293
1.1111111111111112,-4.791967391967773
25.666666666666668,13.55591869354248
-3.0,-1.2771656513214111
3.555555555555556,0.20288681983947754
4.222222222222222,6.588686943054199
1.7777777777777777,-1.5112768411636353
31.444444444444443,2.420618772506714
19.33333333333333,1.5272637605667114
-1.6666666666666667,-3.5897257328033447
1.5555555555555556,-0.5806043148040771
7.222222222222222,5.268359184265137
-3.7777777777777777,-4.793093681335449
-1.6666666666666667,-5.463129997253418
0.2222222222222222,-1.7336586713790894
3.7777777777777777,-2.195802927017212
-2.0,-2.058974027633667
1.6666666666666667,-2.463887929916382
1.3333333333333333,-2.1429240703582764
0.1111111111111111,-1.6120059490203857
-1.0,-2.3156211376190186
7.0,3.5608887672424316
-3.111111111111111,-3.0752522945404053
9.11111111111111,0.8191632628440857
3.6666666666666665,1.6437914371490479
-4.888888888888889,-3.534236431121826
-1.6666666666666667,-2.4010541439056396
-3.555555555555556,-7.380928993225098
-1.4444444444444444,0.3758082389831543
-15.0,-6.543888092041016
1.0,-1.8524775505065918
5.333333333333333,-0.773895263671875
5.444444444444445,3.31748628616333
-3.0,-2.6037745475769043
-2.333333333333333,4.417268753051758
-5.111111111111111,-10.573264122009277
-3.6666666666666665,0.25315165519714355
2.7777777777777777,0.016741693019866943
-8.777777777777779,-7.443870544433594
2.333333333333333,-0.2823820114135742
3.4444444444444446,3.1286089420318604
12.333333333333334,6.633978843688965
-1.0,-0.4799603223800659
1.6666666666666667,4.82568359375
-1.1111111111111112,-0.0689048171043396
-5.0,-4.205595970153809
-5.222222222222222,-7.303307056427002
-4.777777777777778,-14.62575626373291
0.5555555555555556,-3.3155314922332764
6.0,8.009259223937988
13.77777777777778,12.051761627197266
6.666666666666667,1.3350298404693604
-1.0,-1.5464825630187988
-3.7777777777777777,0.2754964828491211
-5.777777777777778,-3.4270315170288086
-3.555555555555556,-3.69053316116333
0.2222222222222222,1.14373779296875
-3.888888888888889,10.777911186218262
-3.0,-3.6700286865234375
-5.888888888888889,-1.6911051273345947
5.0,7.309816360473633
-10.666666666666666,-11.956042289733887
-3.333333333333333,-6.986297607421875
-9.666666666666666,-8.627084732055664
2.7777777777777777,-5.456149578094482
-7.333333333333333,-7.923276424407959
19.22222222222222,22.915300369262695
-12.333333333333334,-3.1162848472595215
-5.0,-2.269406795501709
-3.555555555555556,-3.5792860984802246
-13.666666666666666,-10.138452529907227
6.777777777777778,15.890531539916992
1.3333333333333333,1.5815777778625488
48.22222222222222,17.18496322631836
3.2222222222222223,-1.8131091594696045
-4.0,2.718559741973877
10.77777777777778,12.329805374145508
-4.555555555555555,3.3186607360839844
10.333333333333334,8.532510757446289
0.8888888888888888,2.484685182571411
-5.111111111111111,-2.4002327919006348
5.0,5.700545787811279
-25.77777777777778,-12.815468788146973
-6.777777777777778,-3.5619022846221924
6.111111111111111,9.42936897277832
-9.22222222222222,-6.6711626052856445
-5.111111111111111,-1.2340259552001953
1.7777777777777777,-4.027249813079834
4.777777777777778,3.0257742404937744
16.11111111111111,9.790407180786133
-0.8888888888888888,-2.480138063430786
-2.888888888888889,-8.677416801452637
4.666666666666667,1.69998037815094
-3.2222222222222223,0.7482877969741821
11.0,11.041160583496094
6.777777777777778,4.074059963226318
-3.2222222222222223,-6.378112316131592
5.111111111111111,1.449373483657837
-10.22222222222222,-3.3741962909698486
2.333333333333333,-2.2808072566986084
2.2222222222222223,-2.545948028564453
-14.77777777777778,-6.020599365234375
0.8888888888888888,-0.8700692653656006
-8.777777777777779,-5.977380275726318
2.888888888888889,4.367542743682861
-5.333333333333333,-3.2874176502227783
-2.0,-6.541271209716797
0.1111111111111111,-1.0164885520935059
-1.0,-1.3140712976455688
1.2222222222222223,0.7487771511077881
11.444444444444445,0.5954253673553467
-2.0,-2.491272449493408
-1.4444444444444444,0.34847044944763184
-5.333333333333333,-4.76855993270874
-4.777777777777778,-5.408998489379883
-2.7777777777777777,-1.8398637771606445
4.333333333333333,2.765002489089966
-0.8888888888888888,-4.94441556930542
7.222222222222222,2.838376045227051
-6.777777777777778,-4.2374267578125
28.22222222222222,27.868608474731445
6.555555555555555,4.447292327880859
0.8888888888888888,5.895566940307617
-6.555555555555555,-4.2862958908081055
1.3333333333333333,-0.04881328344345093
-1.5555555555555556,-0.6881362199783325
0.7777777777777778,-3.6736600399017334
-1.2222222222222223,3.211325168609619
-7.333333333333333,-10.860198974609375
-4.333333333333333,0.6697053909301758
-0.6666666666666666,-1.214362621307373
-3.2222222222222223,-4.444626808166504
-8.11111111111111,-4.946259021759033
6.666666666666667,0.485603928565979
-4.777777777777778,-1.1593680381774902
-7.222222222222222,-6.383283615112305
-4.222222222222222,-2.810319662094116
3.888888888888889,1.5785822868347168
1.7777777777777777,-1.6108218431472778
-2.7777777777777777,-4.627902984619141
0.4444444444444444,-1.9334323406219482
-7.666666666666667,-5.970517158508301
10.0,8.823405265808105
2.0,0.023531794548034668
1.4444444444444444,-2.6603832244873047
3.2222222222222223,4.097081184387207
-6.111111111111111,-4.308084964752197
-2.0,-1.239715814590454
-6.888888888888889,-6.177565574645996
6.222222222222222,7.137056350708008
-5.111111111111111,-6.374133110046387
-3.4444444444444446,-4.149873733520508
-3.333333333333333,-3.389009952545166
0.5555555555555556,5.289527416229248
-7.222222222222222,-8.050238609313965
2.111111111111111,2.704627752304077
-1.6666666666666667,-2.4780778884887695
19.88888888888889,14.868025779724121
-5.666666666666667,-7.7755584716796875
0.1111111111111111,3.134732723236084
0.0,-1.880433201789856
-1.4444444444444444,-0.34216535091400146
-1.4444444444444444,1.1602287292480469
1.1111111111111112,-2.865215301513672
-1.4444444444444444,-2.438326358795166
-4.777777777777778,-0.602329671382904
-16.88888888888889,-5.275515079498291
-3.2222222222222223,-1.3202253580093384
3.6666666666666665,4.651682376861572
-5.555555555555555,-4.740478992462158
0.7777777777777778,-0.2200336456298828
0.4444444444444444,-0.08290314674377441
-1.3333333333333333,-5.046281337738037
-1.5555555555555556,1.3759121894836426
-3.2222222222222223,-4.51152229309082
14.88888888888889,10.408926010131836
-1.4444444444444444,-4.1090874671936035
-0.6666666666666666,-2.742006301879883
-1.8888888888888888,-1.4127143621444702
0.4444444444444444,-3.9709115028381348
-6.0,-9.075072288513184
-47.22222222222222,-2.9573376178741455
40.55555555555556,23.440534591674805
-7.666666666666667,4.358205795288086
2.6666666666666665,-2.81107497215271
-3.0,-5.118437767028809
-1.5555555555555556,-0.3479121923446655
2.7777777777777777,-2.54954195022583
-3.7777777777777777,-3.654470920562744
-8.555555555555555,-8.654541969299316
-3.7777777777777777,6.117306709289551
-1.7777777777777777,-2.8088176250457764
3.0,-4.507950305938721
16.22222222222222,3.5505058765411377
-7.0,-3.5731759071350098
-4.666666666666667,-11.16951847076416
4.111111111111111,-2.3639278411865234
-1.4444444444444444,-1.157027006149292
0.0,-0.9833567142486572
-3.111111111111111,-6.156064987182617
1.5555555555555556,1.0074368715286255
-1.7777777777777777,-0.07670032978057861
-6.222222222222222,-0.48201704025268555
-5.666666666666667,-1.6010369062423706
-1.2222222222222223,-2.4753708839416504
-3.555555555555556,-5.708249568939209
-12.77777777777778,-1.4116593599319458
-3.0,-3.673837184906006
-1.2222222222222223,-0.425537109375
-10.22222222222222,-0.32934248447418213
12.444444444444445,9.479270935058594
9.22222222222222,8.979841232299805
-5.777777777777778,-4.969286918640137
-5.888888888888889,-5.099216461181641
0.3333333333333333,-3.7427682876586914
3.6666666666666665,1.9303241968154907
-3.0,-3.279400587081909
-19.88888888888889,-15.353693962097168
-6.333333333333333,-6.549617290496826
-0.2222222222222222,-2.7686378955841064
-4.777777777777778,-3.427213430404663
-3.888888888888889,-3.616774559020996
1.4444444444444444,1.5787335634231567
-2.888888888888889,-3.0987401008605957
1.5555555555555556,9.260071754455566
-1.7777777777777777,-5.625101566314697
-12.333333333333334,-6.083557605743408
16.11111111111111,18.753021240234375
-3.888888888888889,-3.000131607055664
-2.555555555555556,-2.7381489276885986
2.888888888888889,2.1597468852996826
-3.2222222222222223,-3.1345670223236084
-0.6666666666666666,-5.40241813659668
13.666666666666666,24.244447708129883
11.333333333333334,-2.5091423988342285
-7.666666666666667,-9.542206764221191
-15.555555555555555,-11.953845977783203
-3.555555555555556,-2.5729315280914307
-1.4444444444444444,-0.034806668758392334
-1.6666666666666667,-0.1721266508102417
-9.0,-5.833070278167725
11.666666666666666,16.27004623413086
-20.88888888888889,-7.8781514167785645
-5.777777777777778,-3.377718925476074
3.333333333333333,2.000098466873169
1.4444444444444444,0.7310167551040649
-3.111111111111111,-2.626400947570801
1.2222222222222223,-0.8690530061721802
3.555555555555556,10.583039283752441
-9.444444444444445,-3.7402114868164062
-3.0,-2.2205591201782227
-8.444444444444445,-9.038107872009277
-0.6666666666666666,-1.9246554374694824
-4.555555555555555,-5.568469047546387
-2.2222222222222223,-4.490875244140625
-0.5555555555555556,-5.628712177276611
-4.333333333333333,-7.405423164367676
-2.4444444444444446,-2.897615671157837
-8.222222222222221,-2.6143548488616943
-0.7777777777777778,-1.0623037815093994
-17.555555555555557,-6.539319038391113
1.1111111111111112,0.7565087080001831
-0.1111111111111111,-4.682104110717773
-3.888888888888889,-9.529282569885254
-5.666666666666667,-5.744226455688477
0.4444444444444444,0.3761512041091919
-11.444444444444445,-9.951458930969238
-5.777777777777778,-3.6483843326568604
-2.4444444444444446,-7.896152019500732
-1.3333333333333333,-2.827313184738159
-2.888888888888889,-2.3172531127929688
-0.2222222222222222,-2.966723918914795
3.4444444444444446,-0.6951586008071899
-15.77777777777778,-7.928879261016846
-1.8888888888888888,-3.9702556133270264
2.111111111111111,-4.381461143493652
2.888888888888889,-0.44896626472473145
4.333333333333333,-2.8114306926727295
-4.444444444444445,-8.318852424621582
16.555555555555557,20.42328453063965
0.8888888888888888,-4.258907794952393
-0.4444444444444444,-4.604190826416016
-17.0,-9.776741981506348
-1.7777777777777777,-3.246847629547119
-5.888888888888889,-5.008943557739258
5.111111111111111,4.814071178436279
-1.2222222222222223,2.709089756011963
3.7777777777777777,2.7065200805664062
22.77777777777778,19.608083724975586
0.5555555555555556,0.7745262384414673
4.111111111111111,-2.579207420349121
4.0,3.1437597274780273
-3.2222222222222223,4.604763031005859
21.33333333333333,12.642619132995605
5.333333333333333,1.4632471799850464
11.11111111111111,5.682054042816162
-3.2222222222222223,4.728020191192627
0.2222222222222222,-0.05267620086669922
-2.2222222222222223,-5.0180463790893555
-24.33333333333333,-4.027593612670898
-3.333333333333333,-4.587836265563965
5.555555555555555,3.841651678085327
2.2222222222222223,1.427443265914917
-0.3333333333333333,1.013088583946228
-0.3333333333333333,-1.0315836668014526
-0.1111111111111111,1.2877171039581299
-3.4444444444444446,-0.8502289056777954
-1.1111111111111112,-3.157693386077881
-9.88888888888889,-2.309335231781006
1.4444444444444444,-6.150309085845947
-5.555555555555555,-5.466134548187256
-12.444444444444445,-2.4718546867370605
3.333333333333333,-1.873316764831543
8.222222222222221,-3.937262773513794
-9.555555555555555,-11.495940208435059
-0.8888888888888888,-3.0106866359710693
-2.333333333333333,-0.3221965432167053
-0.6666666666666666,-5.143590927124023
-1.7777777777777777,-6.1104536056518555
17.88888888888889,8.94736099243164
-5.888888888888889,-3.1693708896636963
-0.7777777777777778,-7.280750751495361
-3.0,-3.1977014541625977
-1.2222222222222223,-5.745045185089111
-6.555555555555555,-3.2384512424468994
-5.888888888888889,1.874023199081421
1.7777777777777777,-4.44727897644043
-8.444444444444445,-11.80008602142334
1.4444444444444444,-2.0371181964874268
-0.4444444444444444,0.5135605335235596
0.1111111111111111,2.277550220489502
-5.111111111111111,-4.608282566070557
-12.0,-7.062402725219727
-3.333333333333333,-5.7346038818359375
-3.333333333333333,-2.154919385910034
5.0,3.8554389476776123
-0.6666666666666666,1.5423333644866943
3.6666666666666665,-0.7232012748718262
-6.444444444444445,-9.123984336853027
6.111111111111111,-0.38411903381347656
-6.222222222222222,-4.3450117111206055
-3.0,-2.804901599884033
-0.3333333333333333,-3.8771512508392334
-3.555555555555556,-0.437710165977478
-7.333333333333333,-4.29595947265625
27.55555555555556,18.649808883666992
-8.444444444444445,-8.692527770996094
-0.1111111111111111,-3.9048945903778076
2.888888888888889,-6.172994136810303
-0.5555555555555556,-2.95727801322937
4.777777777777778,7.3253679275512695
-2.6666666666666665,-3.088947057723999
-37.888888888888886,-25.06814956665039
-0.4444444444444444,-1.1140291690826416
-6.888888888888889,2.8638365268707275
-6.0,-2.6811604499816895
-2.888888888888889,-1.521748423576355
4.0,-0.29864561557769775
-1.4444444444444444,-4.624386310577393
-2.555555555555556,0.5997062921524048
-3.0,-2.0912041664123535
1.4444444444444444,0.5446017980575562
0.3333333333333333,1.995058298110962
-1.5555555555555556,-2.271235466003418
-2.888888888888889,-3.1991751194000244
-5.888888888888889,-5.9692769050598145
1.7777777777777777,1.9873641729354858
-6.444444444444445,-5.460605144500732
12.333333333333334,17.77985191345215
1.1111111111111112,2.830460548400879
-2.555555555555556,-0.5878424644470215
-3.111111111111111,-4.910381317138672
-1.4444444444444444,-0.1111607551574707
-12.333333333333334,-4.382065296173096
12.555555555555555,11.481454849243164
-6.777777777777778,-4.535105228424072
-0.8888888888888888,-0.42109358310699463
5.222222222222222,4.51289176940918
-2.111111111111111,-3.1351559162139893
0.0,4.5253801345825195
-0.8888888888888888,0.02617013454437256
1.4444444444444444,-0.22671717405319214
0.4444444444444444,-2.182328224182129
1.3333333333333333,0.5135297179222107
-6.777777777777778,-9.931468963623047
-7.777777777777778,-5.125692844390869
7.555555555555555,1.4856023788452148
-24.55555555555556,-4.269233226776123
32.22222222222222,34.271690368652344
9.333333333333334,7.5293755531311035
8.777777777777779,12.23029613494873
-4.777777777777778,-0.266848087310791
-6.333333333333333,-6.570285320281982
