Score,Pred Score
8.88888888888889,-0.6608107089996338
-0.5555555555555556,-5.51946496963501
-8.444444444444445,-0.5056246519088745
0.4444444444444444,-2.525861978530884
-2.7777777777777777,-1.4243659973144531
-3.6666666666666665,1.6185142993927002
-5.222222222222222,-2.6691384315490723
-10.555555555555555,2.097212553024292
0.6666666666666666,-4.428694725036621
8.0,1.1922388076782227
0.2222222222222222,6.990143299102783
-2.6666666666666665,-2.0808520317077637
-5.111111111111111,0.23597049713134766
-9.333333333333334,-4.002038478851318
-0.3333333333333333,-2.5744378566741943
2.6666666666666665,-3.6116538047790527
-8.88888888888889,-9.652584075927734
-5.555555555555555,-3.288834810256958
1.5555555555555556,-1.1666247844696045
-4.444444444444445,-2.133023262023926
-8.0,-4.317246913909912
5.222222222222222,-0.6546361446380615
-1.8888888888888888,-0.7815946936607361
-7.555555555555555,-2.1853370666503906
4.0,-1.9290772676467896
0.1111111111111111,-1.5739848613739014
1.4444444444444444,-2.963921308517456
-2.0,2.708327531814575
-2.7777777777777777,-4.12642240524292
-6.555555555555555,-1.9472736120224
-8.666666666666666,-6.298136234283447
-5.0,0.44576048851013184
-3.7777777777777777,-4.802160739898682
9.555555555555555,4.60130500793457
-10.22222222222222,-2.547563314437866
9.0,6.581287384033203
-2.7777777777777777,-2.9498183727264404
-1.5555555555555556,-0.7115853428840637
-1.8888888888888888,-2.4041507244110107
2.4444444444444446,-1.9947645664215088
-5.222222222222222,0.3816859722137451
-1.6666666666666667,-1.401441216468811
5.888888888888889,-2.8075523376464844
-6.666666666666667,-6.146298885345459
-0.2222222222222222,-3.0086724758148193
-6.666666666666667,-3.6383860111236572
-5.111111111111111,-1.452613115310669
0.3333333333333333,0.6826889514923096
-0.4444444444444444,-2.0808186531066895
-4.444444444444445,-4.32731294631958
3.4444444444444446,-3.294816255569458
-0.7777777777777778,-1.3893232345581055
-9.555555555555555,-8.998888969421387
-5.333333333333333,-4.865484237670898
5.222222222222222,-1.1017065048217773
6.444444444444445,5.117373466491699
5.111111111111111,-0.3093377351760864
4.888888888888889,-3.1536993980407715
-6.0,1.168097734451294
-5.666666666666667,-1.8494915962219238
37.77777777777778,7.64959716796875
-7.111111111111111,-2.4380292892456055
-1.4444444444444444,3.7300562858581543
6.777777777777778,1.4526381492614746
-9.444444444444445,-6.113475799560547
-6.333333333333333,3.6814184188842773
-0.4444444444444444,0.6808918118476868
5.111111111111111,-1.040149211883545
9.11111111111111,-4.876368999481201
-1.7777777777777777,1.2631220817565918
-7.888888888888889,-1.962618350982666
-3.6666666666666665,1.16066575050354
-2.888888888888889,6.970790386199951
-8.0,-6.07467794418335
-2.4444444444444446,-6.328026294708252
7.888888888888889,9.274703025817871
-0.2222222222222222,3.3804140090942383
-0.5555555555555556,-6.110589027404785
-2.7777777777777777,-3.7089099884033203
-3.555555555555556,-2.102583169937134
-0.5555555555555556,-4.1987199783325195
-2.111111111111111,2.6382992267608643
-1.5555555555555556,0.18002033233642578
2.4444444444444446,-2.499248743057251
-8.11111111111111,-3.368589401245117
-0.6666666666666666,-7.011186599731445
3.0,-1.5805168151855469
-1.4444444444444444,-2.460205316543579
9.666666666666666,-0.7564250230789185
3.111111111111111,-1.2042546272277832
-12.555555555555555,-2.840226411819458
4.666666666666667,1.7344419956207275
-12.0,1.8472537994384766
-10.88888888888889,-4.071314811706543
17.11111111111111,3.7289321422576904
9.22222222222222,5.979854106903076
-1.3333333333333333,-6.524763584136963
5.666666666666667,-1.7570741176605225
-5.666666666666667,-4.7340545654296875
-3.888888888888889,-6.920010566711426
-8.11111111111111,-1.952324390411377
-9.444444444444445,-2.660548210144043
-2.7777777777777777,-5.360586643218994
-5.888888888888889,7.8461127281188965
8.555555555555555,-2.5852370262145996
-3.555555555555556,-3.224148988723755
2.555555555555556,-2.1304991245269775
-25.22222222222222,-4.821601390838623
5.888888888888889,3.2157955169677734
-2.7777777777777777,0.8093863725662231
-6.444444444444445,-3.905879497528076
-17.444444444444443,1.5145882368087769
-0.1111111111111111,-1.8264918327331543
-4.666666666666667,-0.8359127044677734
-1.7777777777777777,0.18100976943969727
-0.2222222222222222,-1.6085832118988037
6.111111111111111,-0.02054274082183838
-5.444444444444445,-1.8808889389038086
-4.222222222222222,0.1406591236591339
-3.6666666666666665,-0.24035143852233887
-2.4444444444444446,1.7423374652862549
-10.0,-7.414737701416016
8.333333333333334,2.672210454940796
25.55555555555556,21.745071411132812
-2.555555555555556,-4.55864953994751
-4.555555555555555,3.916764497756958
-1.3333333333333333,0.6026743650436401
22.666666666666668,12.330004692077637
3.2222222222222223,6.819386959075928
-3.2222222222222223,-4.190005302429199
-1.2222222222222223,-0.18610930442810059
-1.1111111111111112,-5.180109024047852
-6.111111111111111,-3.326695203781128
-12.555555555555555,-5.183684825897217
13.11111111111111,1.0356494188308716
8.88888888888889,-1.8702912330627441
-2.2222222222222223,-5.450324058532715
-8.666666666666666,-5.2099738121032715
-11.555555555555555,-1.8478083610534668
-3.2222222222222223,5.937687873840332
-2.0,-1.0607887506484985
-1.5555555555555556,-5.463034152984619
-6.111111111111111,2.7887229919433594
2.0,-2.875701427459717
-8.333333333333334,-5.202980995178223
-2.4444444444444446,-3.7265894412994385
4.222222222222222,-7.647737503051758
26.22222222222222,-1.1759560108184814
-5.0,-7.3916144371032715
-2.2222222222222223,-1.2579604387283325
1.1111111111111112,-3.70373797416687
-10.0,-3.6508874893188477
4.555555555555555,-0.4346787929534912
3.6666666666666665,-2.576727867126465
-11.666666666666666,-6.444412708282471
12.22222222222222,2.71484375
-0.3333333333333333,-2.883824586868286
-9.11111111111111,-6.1221022605896
-1.4444444444444444,-2.486982583999634
-3.4444444444444446,0.6770503520965576
-10.11111111111111,-0.09804320335388184
-2.111111111111111,-0.39322829246520996
15.666666666666666,10.116778373718262
-3.888888888888889,-4.6155219078063965
-3.2222222222222223,-1.1477771997451782
2.0,4.243359088897705
-4.666666666666667,-3.1014697551727295
1.7777777777777777,-4.107405185699463
1.0,-5.185873031616211
-1.3333333333333333,-3.252242088317871
-5.222222222222222,-7.494797706604004
-0.2222222222222222,2.769619941711426
-3.0,4.548605442047119
-6.555555555555555,-7.199776649475098
-1.3333333333333333,-8.026457786560059
-2.111111111111111,-1.570173978805542
9.555555555555555,-2.0717010498046875
0.7777777777777778,-3.4349894523620605
38.11111111111112,17.977243423461914
0.0,-1.8297724723815918
-4.222222222222222,-1.9175338745117188
1.3333333333333333,-0.7164056301116943
8.555555555555555,0.6488833427429199
-3.555555555555556,-3.6314845085144043
33.0,17.74712562561035
-4.777777777777778,-2.521925926208496
29.0,7.950824737548828
-12.555555555555555,2.1691958904266357
2.111111111111111,1.7507641315460205
-3.2222222222222223,-3.0097525119781494
-7.111111111111111,-5.092463970184326
-4.222222222222222,-4.095663547515869
-7.444444444444445,-4.799893856048584
-10.0,-4.305712699890137
7.888888888888889,3.5001420974731445
1.6666666666666667,-1.368950366973877
-4.0,-6.5089874267578125
-2.888888888888889,-5.7734785079956055
0.5555555555555556,4.730965614318848
-14.333333333333334,-3.5484988689422607
-9.0,-0.7419878244400024
-4.888888888888889,-3.641364097595215
-4.111111111111111,-3.7342967987060547
-0.5555555555555556,1.812483549118042
-1.6666666666666667,-3.320789098739624
-1.3333333333333333,2.6310300827026367
-5.666666666666667,7.914752960205078
-6.111111111111111,3.244267225265503
0.8888888888888888,-0.44544148445129395
-5.0,3.4288785457611084
-14.77777777777778,0.7824971675872803
0.8888888888888888,1.4406423568725586
2.2222222222222223,13.084260940551758
2.7777777777777777,-1.8936563730239868
7.666666666666667,-0.30394625663757324
-2.555555555555556,4.164097785949707
-5.111111111111111,1.8600279092788696
-1.1111111111111112,-3.2958385944366455
8.222222222222221,16.11337661743164
9.333333333333334,-5.670337677001953
7.888888888888889,16.641714096069336
0.3333333333333333,-2.8499157428741455
-8.0,-6.298784255981445
-7.555555555555555,5.302751064300537
-4.777777777777778,-4.211140155792236
-0.3333333333333333,1.8867515325546265
-5.333333333333333,-0.14940232038497925
4.333333333333333,-0.041495323181152344
-1.4444444444444444,-0.404983788728714
-2.888888888888889,-6.349617004394531
3.111111111111111,-4.23568058013916
17.333333333333332,9.750054359436035
2.0,1.7443583011627197
-13.88888888888889,-9.191003799438477
-4.444444444444445,-0.05265307426452637
-11.666666666666666,-8.582061767578125
-4.444444444444445,-4.591147422790527
-4.222222222222222,1.4885048866271973
-7.333333333333333,-2.6822433471679688
-3.2222222222222223,-12.144247055053711
-3.4444444444444446,-0.5860691070556641
-3.111111111111111,-1.028611183166504
-5.333333333333333,-3.957901954650879
7.888888888888889,3.2612464427948
19.88888888888889,25.317092895507812
-0.1111111111111111,0.8885793685913086
-2.555555555555556,1.463447093963623
-6.888888888888889,0.156139075756073
-6.111111111111111,14.271430969238281
-1.5555555555555556,-0.38344669342041016
-4.333333333333333,-12.58481502532959
0.6666666666666666,-4.417477607727051
-24.0,-4.953277111053467
-4.222222222222222,-1.0156373977661133
-1.0,1.5063285827636719
1.3333333333333333,-4.586692810058594
-12.666666666666666,-8.070510864257812
-7.0,-5.261148929595947
-1.3333333333333333,-0.26298952102661133
-7.0,-5.186361312866211
5.888888888888889,-2.992039680480957
-8.11111111111111,3.448307514190674
-5.777777777777778,-5.750110149383545
-2.888888888888889,-1.5125353336334229
-12.77777777777778,-2.6860969066619873
-6.444444444444445,-6.71478271484375
-2.4444444444444446,-4.454198837280273
6.0,3.76883602142334
-8.666666666666666,2.7498905658721924
-2.111111111111111,2.911336898803711
11.11111111111111,-2.523289203643799
5.333333333333333,-2.4216272830963135
2.4444444444444446,-3.55830717086792
-3.7777777777777777,-6.1161417961120605
-1.8888888888888888,3.9107985496520996
-0.7777777777777778,-7.616178512573242
-5.111111111111111,-8.188532829284668
0.6666666666666666,-0.9418911933898926
-1.3333333333333333,5.845289707183838
18.77777777777778,14.409220695495605
7.0,2.532668352127075
-22.55555555555556,-1.7957528829574585
-5.333333333333333,-0.29428911209106445
-0.7777777777777778,-2.1166417598724365
10.444444444444445,-5.1313557624816895
-1.4444444444444444,-6.695991516113281
-0.8888888888888888,-5.04674768447876
10.0,-2.0036275386810303
23.0,8.162330627441406
0.1111111111111111,-0.931725263595581
-1.6666666666666667,-1.346128225326538
-8.88888888888889,-2.6661906242370605
-10.444444444444445,-5.541463851928711
-1.0,-1.3931493759155273
0.6666666666666666,-2.710064172744751
-4.111111111111111,-5.7648420333862305
18.11111111111111,0.18073797225952148
-1.3333333333333333,-2.064807176589966
-6.333333333333333,-8.128199577331543
-6.666666666666667,-5.464198112487793
-4.111111111111111,2.208491086959839
-7.555555555555555,-4.922260284423828
-10.555555555555555,-3.487870216369629
0.5555555555555556,-1.7884316444396973
5.555555555555555,-3.5199999809265137
-0.1111111111111111,-7.292428970336914
-2.888888888888889,-1.664406418800354
2.4444444444444446,-2.4768319129943848
-2.888888888888889,-5.078128814697266
18.666666666666668,11.881819725036621
1.2222222222222223,1.4567676782608032
-2.2222222222222223,-4.767891883850098
-1.0,-3.217844009399414
5.222222222222222,3.8825738430023193
4.222222222222222,2.3243942260742188
-0.2222222222222222,-2.0153517723083496
16.444444444444443,-2.559431552886963
-8.0,-5.513944149017334
-11.666666666666666,-10.195981979370117
0.1111111111111111,3.990213394165039
2.2222222222222223,1.8492631912231445
-5.333333333333333,-7.790170192718506
-2.333333333333333,0.18680089712142944
-3.555555555555556,-2.386230230331421
-3.111111111111111,0.7728781700134277
-9.22222222222222,0.03232014179229736
-9.666666666666666,-9.841578483581543
-6.333333333333333,-2.8231568336486816
-8.333333333333334,-1.126582384109497
-11.555555555555555,-8.3839750289917
-8.333333333333334,-1.0081603527069092
25.0,4.995390892028809
-5.222222222222222,-3.279623508453369
3.555555555555556,2.940687656402588
-2.333333333333333,-4.7436041831970215
-13.666666666666666,-1.0104432106018066
-2.333333333333333,-3.869439125061035
-6.444444444444445,-4.72313928604126
10.22222222222222,1.262951135635376
-4.888888888888889,-4.030309677124023
6.444444444444445,8.978043556213379
2.0,-5.22490119934082
15.0,-1.7468152046203613
-10.0,0.4007844924926758
-5.666666666666667,-2.5759501457214355
-3.7777777777777777,-4.500246524810791
1.2222222222222223,-0.13782215118408203
-1.4444444444444444,-3.181035280227661
-4.222222222222222,-3.8723700046539307
2.4444444444444446,4.107518196105957
2.333333333333333,-1.182474136352539
-7.666666666666667,0.7951258420944214
-0.2222222222222222,0.23108863830566406
0.2222222222222222,0.2119293212890625
1.2222222222222223,-7.103592872619629
-4.888888888888889,0.0021632909774780273
-1.2222222222222223,-1.205906629562378
0.7777777777777778,-3.5931618213653564
-1.5555555555555556,-4.9828033447265625
-4.444444444444445,-3.2401692867279053
-1.1111111111111112,-4.195949554443359
-3.111111111111111,-5.017060279846191
-0.2222222222222222,-0.12222027778625488
3.0,2.2355165481567383
30.0,15.580886840820312
12.88888888888889,23.948509216308594
-0.3333333333333333,-2.341148614883423
41.55555555555556,-3.3064353466033936
-13.333333333333334,-4.766629695892334
-10.555555555555555,-9.691856384277344
0.7777777777777778,-4.694865703582764
0.3333333333333333,-2.795079231262207
-3.555555555555556,-0.9407086372375488
7.222222222222222,2.8657166957855225
4.666666666666667,3.892838954925537
-9.88888888888889,-4.121119022369385
-6.111111111111111,-4.298018455505371
-3.4444444444444446,-5.488420486450195
7.888888888888889,9.251944541931152
0.2222222222222222,-3.131474494934082
-0.3333333333333333,-7.0989813804626465
2.4444444444444446,9.717781066894531
0.3333333333333333,0.8015952110290527
-4.777777777777778,-12.997193336486816
-2.111111111111111,-1.4065492153167725
-6.111111111111111,-1.6301193237304688
3.333333333333333,4.241231441497803
0.8888888888888888,-3.1287925243377686
-4.777777777777778,-0.06266295909881592
-3.888888888888889,-2.1117794513702393
-10.0,-3.7925591468811035
-21.33333333333333,-2.868705987930298
-4.444444444444445,1.9438461065292358
2.0,2.755800485610962
-5.222222222222222,-3.338068723678589
1.2222222222222223,1.0684082508087158
-9.666666666666666,-2.936713457107544
-7.222222222222222,-0.2887916564941406
-6.555555555555555,-3.3218626976013184
-8.777777777777779,-3.9495725631713867
-8.11111111111111,0.6785731911659241
0.3333333333333333,-3.5999364852905273
0.4444444444444444,0.28233885765075684
0.1111111111111111,-3.1235852241516113
13.22222222222222,4.019202709197998
-3.888888888888889,-2.573509454727173
-0.8888888888888888,1.9689793586730957
-4.777777777777778,-3.157350778579712
-9.22222222222222,-1.0845232009887695
3.111111111111111,-1.0016072988510132
2.2222222222222223,4.847006320953369
-10.555555555555555,-4.129885673522949
-1.0,-2.61726975440979
-11.0,1.813713788986206
-4.666666666666667,-2.350682258605957
-4.0,1.1636351346969604
3.6666666666666665,-3.5842978954315186
-1.0,0.508721649646759
3.0,-0.36641669273376465
-9.444444444444445,0.4595223069190979
3.333333333333333,5.553493499755859
-4.111111111111111,-0.9531574249267578
6.555555555555555,5.088372230529785
3.333333333333333,10.50706672668457
-7.222222222222222,-0.5545451641082764
0.4444444444444444,0.5348343849182129
-2.7777777777777777,-3.0516114234924316
-2.2222222222222223,-1.6020214557647705
-2.6666666666666665,-7.581803798675537
-1.7777777777777777,-4.154088020324707
13.22222222222222,20.374296188354492
-3.2222222222222223,5.1210103034973145
-6.888888888888889,-6.166031360626221
-8.666666666666666,-4.127285480499268
2.0,-0.07660484313964844
0.0,1.782158374786377
-2.888888888888889,0.5553765296936035
-5.888888888888889,-4.27529239654541
5.555555555555555,0.9404785633087158
-4.0,-0.9784812927246094
6.444444444444445,4.181887149810791
-3.555555555555556,1.4729759693145752
-1.3333333333333333,-1.3809653520584106
2.0,-1.9104607105255127
-6.0,-5.1976518630981445
-18.88888888888889,-0.5336288809776306
-13.555555555555555,-4.405205726623535
-2.888888888888889,1.764136552810669
6.444444444444445,-1.0585505962371826
-4.111111111111111,-2.873351812362671
-6.555555555555555,-1.8060076236724854
-3.111111111111111,-3.5905144214630127
-1.5555555555555556,-6.701229572296143
-1.7777777777777777,-4.105493545532227
5.555555555555555,-3.0752859115600586
-1.5555555555555556,-0.0005171298980712891
12.77777777777778,3.370079517364502
-7.777777777777778,-1.1603174209594727
1.3333333333333333,-1.9161672592163086
-2.555555555555556,-3.4239306449890137
19.22222222222222,16.957347869873047
4.666666666666667,-2.165205240249634
-5.888888888888889,-0.998559296131134
-7.888888888888889,-3.9593665599823
10.77777777777778,-3.2595951557159424
32.111111111111114,13.41767692565918
-5.666666666666667,-3.657775640487671
9.11111111111111,-2.616844415664673
8.777777777777779,-1.5749149322509766
-9.11111111111111,-2.3413374423980713
4.555555555555555,-2.4316868782043457
3.4444444444444446,1.6883442401885986
-11.555555555555555,-3.8971688747406006
-3.0,-3.7623748779296875
-5.222222222222222,-3.242342233657837
1.1111111111111112,-4.116293907165527
-9.555555555555555,-5.042278289794922
-3.888888888888889,-0.5089527368545532
-0.3333333333333333,-1.8857166767120361
1.6666666666666667,-4.708540439605713
-8.555555555555555,-0.40842223167419434
11.333333333333334,1.7931195497512817
8.88888888888889,-3.0500082969665527
-4.222222222222222,3.3575000762939453
-0.6666666666666666,0.6658032536506653
-8.333333333333334,-4.490466594696045
-2.888888888888889,-1.3228175640106201
-9.77777777777778,-5.784420490264893
-2.4444444444444446,-4.41481876373291
7.222222222222222,0.9649931192398071
-11.11111111111111,-4.022050857543945
-3.2222222222222223,-1.7096786499023438
3.555555555555556,-0.15912163257598877
-1.2222222222222223,-4.332663536071777
-15.11111111111111,3.463137149810791
-8.222222222222221,-2.3327441215515137
1.5555555555555556,-3.9567887783050537
-6.222222222222222,-4.212028980255127
-2.888888888888889,-0.809847354888916
-1.3333333333333333,-0.25624704360961914
4.0,-3.318192720413208
5.666666666666667,13.170023918151855
6.777777777777778,5.554708480834961
-3.6666666666666665,-2.1739659309387207
-5.222222222222222,-0.08871936798095703
-6.0,-4.649550914764404
0.4444444444444444,-2.049659252166748
-4.444444444444445,0.23482394218444824
-6.888888888888889,0.40361547470092773
-0.1111111111111111,-2.610833168029785
-5.555555555555555,-2.669851541519165
-8.666666666666666,0.8723218441009521
3.4444444444444446,-1.5255334377288818
-0.8888888888888888,-1.2902976274490356
-2.6666666666666665,-0.3715529441833496
-1.3333333333333333,-5.172695636749268
2.4444444444444446,0.14896023273468018
-9.22222222222222,-7.927338123321533
-12.333333333333334,-1.3994712829589844
25.666666666666668,3.678480863571167
2.4444444444444446,-2.747537612915039
2.2222222222222223,-0.05174815654754639
-1.2222222222222223,0.8657234907150269
-2.6666666666666665,-2.4465434551239014
-5.333333333333333,-14.192794799804688
0.0,2.2877423763275146
-1.4444444444444444,-5.793693542480469
-3.555555555555556,0.6845805048942566
-0.5555555555555556,-4.826509952545166
-5.222222222222222,2.1290037631988525
-2.0,0.8459991216659546
3.555555555555556,-2.236809015274048
3.555555555555556,0.8617062568664551
-1.0,0.3774421215057373
5.222222222222222,0.19082319736480713
-11.11111111111111,-2.0920259952545166
-6.222222222222222,-4.781473636627197
-8.11111111111111,-0.7257928848266602
5.333333333333333,-2.847805976867676
-1.8888888888888888,-0.011725902557373047
1.7777777777777777,0.9728593826293945
-1.4444444444444444,-3.680927038192749
-2.0,-6.4747514724731445
-10.22222222222222,-2.2381629943847656
2.2222222222222223,-0.615604817867279
7.111111111111111,3.3394722938537598
-5.0,-4.691720008850098
23.33333333333333,3.324613332748413
2.888888888888889,-0.9561293125152588
-0.3333333333333333,0.016843318939208984
-2.7777777777777777,-2.0747063159942627
20.11111111111111,2.458437204360962
-6.555555555555555,-3.832899332046509
-5.888888888888889,-0.515860915184021
-13.0,-4.23313570022583
-2.6666666666666665,-3.2942636013031006
-4.666666666666667,-0.9738807678222656
0.8888888888888888,-1.2991631031036377
-2.111111111111111,-1.8160557746887207
21.55555555555556,12.369492530822754
4.444444444444445,-3.9144904613494873
1.2222222222222223,-4.400705814361572
13.333333333333334,12.13508129119873
-17.22222222222222,-5.068976879119873
13.11111111111111,-1.300029993057251
3.555555555555556,0.24282145500183105
-3.4444444444444446,-6.027771472930908
11.22222222222222,1.5407514572143555
-4.555555555555555,3.1567740440368652
1.4444444444444444,-2.4778380393981934
-5.0,-2.3291702270507812
15.22222222222222,14.912050247192383
4.444444444444445,-4.080190658569336
-7.666666666666667,-3.0393810272216797
-3.111111111111111,-0.5710741281509399
-6.666666666666667,-2.116030216217041
0.4444444444444444,-4.244332313537598
-4.111111111111111,-3.827887535095215
-2.2222222222222223,-4.115414619445801
16.88888888888889,14.310420989990234
-4.0,-5.1978631019592285
-11.333333333333334,-0.0840291976928711
0.5555555555555556,-4.118898391723633
8.777777777777779,12.181249618530273
1.0,-2.0522005558013916
-3.2222222222222223,-2.9486961364746094
0.0,1.2381139993667603
3.2222222222222223,3.3656463623046875
1.2222222222222223,10.571953773498535
-4.111111111111111,-1.0151727199554443
-2.4444444444444446,0.8695418834686279
2.0,-2.031686782836914
-4.444444444444445,-2.2231109142303467
-8.666666666666666,-4.607321262359619
-1.7777777777777777,2.8394923210144043
-4.333333333333333,-1.6559944152832031
-5.333333333333333,-2.0538063049316406
2.0,1.7716007232666016
-0.2222222222222222,-0.6758284568786621
4.222222222222222,-0.44511961936950684
6.444444444444445,0.3506190776824951
-15.88888888888889,-3.9524590969085693
21.0,17.61446189880371
9.444444444444445,12.20164680480957
1.2222222222222223,3.825315237045288
-7.888888888888889,-2.488205909729004
-2.4444444444444446,-5.374095916748047
4.111111111111111,-3.216642379760742
3.888888888888889,4.608417987823486
-4.111111111111111,-1.3690268993377686
-5.333333333333333,-2.0437839031219482
31.22222222222222,-1.2127413749694824
-4.888888888888889,-5.075862407684326
-5.777777777777778,-5.272411346435547
-1.8888888888888888,0.4855074882507324
19.55555555555556,4.496621131896973
-2.0,-6.669793605804443
3.111111111111111,1.9049632549285889
-1.1111111111111112,-3.9167392253875732
11.22222222222222,-1.2160794734954834
3.555555555555556,-3.085639476776123
-0.8888888888888888,-5.253735065460205
24.88888888888889,13.63205623626709
-4.111111111111111,2.116825819015503
13.88888888888889,23.376625061035156
-1.5555555555555556,-3.178408145904541
-7.111111111111111,-4.626926422119141
-15.666666666666666,-6.496359348297119
-22.88888888888889,-2.2432069778442383
9.666666666666666,1.6100332736968994
2.2222222222222223,12.745190620422363
-3.4444444444444446,-2.5737998485565186
-6.555555555555555,-3.7486205101013184
-14.0,-2.1708195209503174
2.2222222222222223,6.811230659484863
1.2222222222222223,0.869936466217041
-5.333333333333333,4.215827465057373
-6.333333333333333,-1.3531219959259033
-4.0,-1.4645390510559082
-3.2222222222222223,-3.0173020362854004
-1.8888888888888888,-1.5474011898040771
0.3333333333333333,-1.1199984550476074
7.777777777777778,0.009990334510803223
-1.0,-8.19171142578125
-1.6666666666666667,-0.16466069221496582
-17.22222222222222,-4.829168319702148
-2.333333333333333,-2.0197792053222656
11.666666666666666,8.111366271972656
-0.6666666666666666,1.5838407278060913
1.2222222222222223,-3.5615715980529785
19.33333333333333,0.23192822933197021
-3.888888888888889,-2.6466214656829834
9.333333333333334,-4.092199802398682
-2.555555555555556,-0.5932304859161377
-7.555555555555555,-1.8236420154571533
-0.1111111111111111,-2.045982599258423
3.888888888888889,-2.195481300354004
-7.888888888888889,-2.7323989868164062
-1.0,2.1974759101867676
-1.2222222222222223,3.3002545833587646
-6.222222222222222,-3.132120370864868
-1.3333333333333333,-3.467871904373169
-3.4444444444444446,-0.21506118774414062
0.7777777777777778,-0.17470097541809082
-6.333333333333333,-6.018308639526367
-8.666666666666666,-1.9663305282592773
-0.3333333333333333,-5.543125629425049
1.1111111111111112,1.0376791954040527
3.7777777777777777,9.369922637939453
-4.888888888888889,1.940750002861023
7.666666666666667,6.337287902832031
7.333333333333333,4.624467372894287
10.11111111111111,-1.6320102214813232
-2.7777777777777777,0.7282567024230957
-3.555555555555556,3.0930118560791016
-4.0,-6.3986711502075195
-5.333333333333333,0.41528695821762085
1.6666666666666667,-1.4967544078826904
-2.555555555555556,-4.125293731689453
12.22222222222222,9.27803897857666
-2.888888888888889,-6.236719608306885
-4.444444444444445,-0.9794460535049438
-3.6666666666666665,-4.590061187744141
-0.7777777777777778,-5.143966197967529
6.333333333333333,-2.711125612258911
-9.555555555555555,0.3008294105529785
-6.111111111111111,-3.1652092933654785
0.8888888888888888,-2.539534330368042
4.222222222222222,-0.6660115718841553
-26.0,0.8549219369888306
12.88888888888889,2.8540120124816895
-4.444444444444445,-3.705883502960205
-3.6666666666666665,-3.1832189559936523
2.0,-0.8485226631164551
-8.11111111111111,-9.298736572265625
-0.2222222222222222,-4.820675373077393
4.888888888888889,-0.06661903858184814
-4.888888888888889,-3.866389036178589
-3.555555555555556,0.2794466018676758
6.888888888888889,3.515181064605713
13.333333333333334,5.589718341827393
1.5555555555555556,-1.7222778797149658
-3.4444444444444446,-0.8062785863876343
0.1111111111111111,-1.0265977382659912
3.2222222222222223,-5.6457672119140625
-6.222222222222222,-1.6281721591949463
-7.0,-2.063809871673584
4.333333333333333,3.4296000003814697
0.7777777777777778,-3.771611452102661
2.4444444444444446,-2.0002317428588867
-0.2222222222222222,1.8315494060516357
7.333333333333333,-2.3209924697875977
0.3333333333333333,-0.3664994239807129
-2.6666666666666665,1.260502576828003
0.2222222222222222,5.643884658813477
-2.555555555555556,-2.6810483932495117
-2.2222222222222223,-3.608433723449707
-1.2222222222222223,5.798893928527832
8.777777777777779,-2.230780601501465
-1.3333333333333333,-1.9591902494430542
5.222222222222222,-3.121796131134033
0.1111111111111111,-2.908761501312256
-3.333333333333333,-5.910158634185791
2.6666666666666665,-2.1797609329223633
-6.555555555555555,-7.200329303741455
-17.88888888888889,-3.0260114669799805
5.555555555555555,-1.907464861869812
6.333333333333333,2.019548177719116
4.777777777777778,0.0021207332611083984
11.22222222222222,2.854912519454956
1.6666666666666667,8.390389442443848
-11.22222222222222,-6.701657295227051
-4.555555555555555,-4.225593090057373
-4.222222222222222,-5.77224588394165
0.5555555555555556,-4.347884654998779
-8.11111111111111,-5.82499885559082
10.0,4.498172760009766
3.888888888888889,-1.8793091773986816
-2.555555555555556,-2.460416078567505
-3.333333333333333,-1.477516531944275
0.7777777777777778,-2.1868929862976074
-4.0,-8.869251251220703
-2.333333333333333,0.5868053436279297
1.8888888888888888,-5.279117584228516
19.88888888888889,-1.9942970275878906
-12.333333333333334,8.322312355041504
-5.222222222222222,4.346635818481445
-7.777777777777778,-2.8888907432556152
0.6666666666666666,3.802274227142334
0.7777777777777778,-11.017998695373535
4.444444444444445,-3.3041441440582275
-5.111111111111111,4.291879653930664
-3.333333333333333,-0.5174442529678345
-14.77777777777778,-5.303852558135986
5.0,2.6009011268615723
-2.0,-3.3812499046325684
-1.6666666666666667,-2.0897531509399414
-1.5555555555555556,1.088322639465332
-2.4444444444444446,-3.7984423637390137
7.777777777777778,6.5133867263793945
1.2222222222222223,-0.20812439918518066
-9.11111111111111,-3.479495048522949
-1.8888888888888888,-7.3152947425842285
-5.555555555555555,-1.8648399114608765
1.3333333333333333,-2.046069622039795
-0.5555555555555556,0.7270388603210449
-7.222222222222222,0.6391139030456543
15.444444444444445,9.120018005371094
-13.22222222222222,-1.1048686504364014
-6.111111111111111,-3.75032114982605
-0.7777777777777778,-2.3528172969818115
-13.0,3.109342098236084
-7.111111111111111,-3.906813859939575
-5.777777777777778,-0.008701741695404053
-2.111111111111111,-2.852485418319702
-5.444444444444445,-4.41943359375
-3.333333333333333,-1.4732129573822021
0.0,-1.1092404127120972
3.0,0.9004912376403809
26.444444444444443,10.260109901428223
2.6666666666666665,-0.1914505958557129
-6.555555555555555,0.9004912376403809
-4.777777777777778,3.5728321075439453
5.222222222222222,4.065715789794922
-16.666666666666668,-3.673231840133667
5.888888888888889,-0.48162364959716797
-5.0,-3.191093683242798
-4.555555555555555,-1.2053114175796509
-4.555555555555555,-4.26613712310791
2.2222222222222223,-5.129545211791992
1.5555555555555556,0.08665978908538818
-0.8888888888888888,-2.131762742996216
-8.444444444444445,-2.8181755542755127
-2.7777777777777777,1.5629839897155762
4.0,-1.6076626777648926
-0.1111111111111111,-0.3768237829208374
7.555555555555555,3.2898383140563965
-2.333333333333333,-0.8683689832687378
-4.333333333333333,-4.322800636291504
0.3333333333333333,-2.3357901573181152
-3.0,0.45546960830688477
3.333333333333333,-3.64863920211792
-4.555555555555555,-1.9854649305343628
1.3333333333333333,-1.3085263967514038
1.6666666666666667,1.9637928009033203
-4.555555555555555,-6.216877460479736
15.22222222222222,7.95808744430542
-3.7777777777777777,-3.9059929847717285
-0.3333333333333333,-1.9883873462677002
-2.111111111111111,0.9248747825622559
-1.7777777777777777,2.2497990131378174
-0.7777777777777778,0.16106683015823364
-4.888888888888889,-2.8691766262054443
-3.111111111111111,-0.8371880054473877
-1.4444444444444444,-2.8625271320343018
-5.777777777777778,3.7829935550689697
16.88888888888889,8.584404945373535
0.1111111111111111,-1.2500137090682983
-4.888888888888889,-2.6371281147003174
3.4444444444444446,-1.5716972351074219
-2.555555555555556,-6.7430644035339355
0.0,-2.3705780506134033
0.8888888888888888,1.806549310684204
-20.0,-4.264974594116211
3.333333333333333,-4.581679821014404
-2.4444444444444446,-6.3181071281433105
-8.777777777777779,0.8698149919509888
-6.666666666666667,0.8437878489494324
-2.888888888888889,-2.980689525604248
-5.444444444444445,-3.880697011947632
-8.555555555555555,4.556769371032715
-0.4444444444444444,-3.4868717193603516
-2.111111111111111,-1.9144219160079956
3.4444444444444446,-1.29639732837677
-7.333333333333333,-3.2731873989105225
-1.4444444444444444,-2.6430280208587646
-11.88888888888889,1.8093113899230957
-5.555555555555555,2.374917984008789
-6.333333333333333,3.4661500453948975
-1.0,-2.3612220287323
0.4444444444444444,5.168802261352539
-11.444444444444445,-5.148015022277832
7.222222222222222,-0.8486912250518799
-2.333333333333333,5.283570289611816
-8.222222222222221,-1.5731432437896729
1.7777777777777777,2.3134782314300537
-11.333333333333334,0.6703414916992188
-4.333333333333333,4.8159284591674805
-9.555555555555555,-3.1553070545196533
0.4444444444444444,12.591891288757324
-8.777777777777779,-4.855430603027344
-8.333333333333334,-1.5105516910552979
-2.333333333333333,-2.3502042293548584
19.55555555555556,1.6451748609542847
-7.222222222222222,-3.672562837600708
-2.888888888888889,-1.996940016746521
-19.77777777777778,-6.254212856292725
7.111111111111111,-3.3638923168182373
-4.0,-8.969749450683594
-8.444444444444445,-3.3218488693237305
6.444444444444445,-1.1809282302856445
13.11111111111111,5.533792018890381
-1.6666666666666667,0.5684248208999634
1.7777777777777777,0.13028812408447266
-3.6666666666666665,-2.9498374462127686
15.444444444444445,18.751741409301758
-0.3333333333333333,5.380410671234131
37.0,6.554617404937744
-4.666666666666667,-2.838961601257324
-6.0,-7.458717346191406
34.55555555555556,21.893272399902344
-1.7777777777777777,12.20423698425293
-3.888888888888889,2.9166224002838135
20.77777777777778,8.515778541564941
-4.777777777777778,-1.7510548830032349
-4.555555555555555,-1.2901504039764404
-10.88888888888889,-4.000277042388916
-19.88888888888889,0.3380718231201172
0.3333333333333333,-3.2403080463409424
-0.6666666666666666,-0.18063616752624512
-11.444444444444445,0.973851203918457
-6.666666666666667,0.2496633529663086
23.666666666666668,2.0937867164611816
2.0,6.678056716918945
-4.222222222222222,-4.273150444030762
-3.2222222222222223,0.23932337760925293
-2.555555555555556,-3.796814441680908
-0.6666666666666666,-0.863023042678833
-6.222222222222222,2.99834942817688
2.888888888888889,-2.42179274559021
-0.8888888888888888,0.21808934211730957
0.1111111111111111,-1.383974313735962
0.6666666666666666,-2.843258857727051
-23.88888888888889,-2.468146324157715
-2.555555555555556,-1.3360782861709595
0.5555555555555556,15.549264907836914
-3.0,-5.155775547027588
-10.555555555555555,-5.673034191131592
3.333333333333333,3.2678956985473633
3.111111111111111,11.05508041381836
0.2222222222222222,-2.0410749912261963
-2.7777777777777777,-5.296082019805908
-1.3333333333333333,-4.105452060699463
-2.6666666666666665,-0.6720983982086182
-10.555555555555555,1.8126119375228882
-2.0,-7.164040565490723
-1.7777777777777777,-2.0432567596435547
-1.4444444444444444,0.8166977763175964
-12.88888888888889,-2.772986888885498
-5.666666666666667,9.438630104064941
23.0,23.479602813720703
0.2222222222222222,-7.073637962341309
14.666666666666666,5.589260101318359
5.0,-0.5354647040367126
-4.222222222222222,-1.186432957649231
-8.0,-3.97820782661438
1.5555555555555556,3.0448267459869385
0.1111111111111111,3.446485996246338
2.333333333333333,-0.03548896312713623
-3.7777777777777777,-1.8662772178649902
-0.2222222222222222,-1.2836024761199951
2.555555555555556,-0.5090198516845703
-10.333333333333334,-9.560166358947754
0.3333333333333333,-2.707395553588867
-7.0,-7.150951385498047
-9.88888888888889,-6.196786880493164
4.666666666666667,1.2355542182922363
-1.8888888888888888,1.7452588081359863
-3.888888888888889,-2.384065628051758
-13.0,2.390974283218384
4.333333333333333,4.49587869644165
-2.7777777777777777,-0.09989523887634277
-2.4444444444444446,-0.6081938743591309
9.444444444444445,13.509889602661133
14.666666666666666,3.3757667541503906
-5.555555555555555,-3.725198268890381
-3.4444444444444446,-2.641763687133789
-9.333333333333334,-6.9408464431762695
-1.8888888888888888,-1.1372566223144531
-2.333333333333333,-3.9757845401763916
5.555555555555555,2.9839065074920654
-3.111111111111111,1.377603530883789
11.88888888888889,8.524191856384277
-10.22222222222222,-4.391725540161133
2.888888888888889,0.9762844443321228
9.555555555555555,-1.1159040927886963
-0.4444444444444444,-1.7239398956298828
-7.333333333333333,1.2115287780761719
-8.666666666666666,-4.285696029663086
-5.777777777777778,-4.192761421203613
6.777777777777778,-4.043179035186768
-7.444444444444445,-8.211507797241211
-0.5555555555555556,-0.9645090103149414
-2.7777777777777777,-3.8830466270446777
-4.222222222222222,-3.892655849456787
-3.555555555555556,-3.1842777729034424
0.4444444444444444,3.1172139644622803
2.6666666666666665,11.290278434753418
15.444444444444445,15.051093101501465
0.8888888888888888,-1.657315731048584
-3.0,-2.791071891784668
-3.888888888888889,-3.0161828994750977
-2.888888888888889,-5.818684101104736
-8.333333333333334,-0.12351822853088379
-5.333333333333333,-10.409297943115234
-2.0,-5.592171669006348
-5.111111111111111,-5.411371231079102
-1.6666666666666667,-1.1656551361083984
1.8888888888888888,-1.2550368309020996
-6.0,-3.084625482559204
3.6666666666666665,4.017947196960449
4.444444444444445,-3.7440733909606934
-6.333333333333333,-4.847628593444824
-5.0,-5.925837993621826
-4.222222222222222,-6.444389820098877
-4.111111111111111,-1.4305267333984375
-0.7777777777777778,-6.443200588226318
0.3333333333333333,-0.5250014066696167
-2.888888888888889,-0.8839492797851562
-2.7777777777777777,-6.146636486053467
5.666666666666667,-1.8083574771881104
-2.7777777777777777,-5.8085198402404785
0.3333333333333333,-0.3366670608520508
0.6666666666666666,2.7838075160980225
-10.666666666666666,-0.3976724147796631
-8.88888888888889,-1.0944315195083618
2.4444444444444446,-3.980921506881714
-13.555555555555555,-3.839310884475708
2.4444444444444446,14.699235916137695
-1.6666666666666667,-2.0939102172851562
18.444444444444443,2.4834351539611816
-3.333333333333333,-2.3039655685424805
-2.888888888888889,-4.403483867645264
-4.222222222222222,-8.736197471618652
-1.1111111111111112,3.965851306915283
-3.7777777777777777,1.471604347229004
31.11111111111111,3.9450533390045166
-2.2222222222222223,-1.0197590589523315
-3.555555555555556,-7.496288299560547
-3.888888888888889,-0.7836611270904541
-6.666666666666667,-3.553112506866455
-1.5555555555555556,-4.690534591674805
0.5555555555555556,-4.868741989135742
-4.222222222222222,-3.561295509338379
-18.22222222222222,-7.197623252868652
-2.333333333333333,-9.60511589050293
0.2222222222222222,-5.0534987449646
3.2222222222222223,-1.1294876337051392
3.4444444444444446,-2.5037055015563965
-2.333333333333333,0.3281404972076416
2.7777777777777777,3.418638229370117
1.3333333333333333,-3.7056174278259277
-4.777777777777778,-6.160821914672852
-8.11111111111111,-6.603079319000244
-0.7777777777777778,-2.691767692565918
-7.444444444444445,-8.506928443908691
1.3333333333333333,5.238742351531982
-3.111111111111111,-3.4596450328826904
13.444444444444445,7.063702583312988
13.77777777777778,8.552480697631836
-2.888888888888889,4.498144149780273
-3.111111111111111,-1.779378890991211
-4.333333333333333,-5.6941142082214355
3.2222222222222223,4.806908130645752
-0.1111111111111111,-8.903220176696777
0.3333333333333333,-0.8729109764099121
0.0,-0.5448373556137085
7.111111111111111,-0.16299289464950562
24.22222222222222,9.2442045211792
-6.0,-8.826971054077148
-11.0,-2.590693712234497
-2.111111111111111,0.6354697942733765
-2.4444444444444446,0.07388436794281006
-2.2222222222222223,-0.9170623421669006
4.222222222222222,-1.6690622568130493
-9.22222222222222,-3.6903624534606934
10.333333333333334,4.404058456420898
-3.555555555555556,-0.1663791537284851
17.555555555555557,10.785367012023926
1.8888888888888888,-2.3611390590667725
1.8888888888888888,-0.31454408168792725
-5.666666666666667,-3.1445937156677246
14.88888888888889,12.219724655151367
0.6666666666666666,-2.360260248184204
1.1111111111111112,0.5025197863578796
-3.333333333333333,-0.09837064146995544
3.4444444444444446,-3.832087516784668
-6.555555555555555,-3.2229902744293213
-6.888888888888889,-4.483273983001709
-2.888888888888889,-2.4671216011047363
-2.2222222222222223,-2.241547107696533
2.333333333333333,0.20104575157165527
-4.666666666666667,-1.8596022129058838
-2.888888888888889,-5.804631233215332
-0.7777777777777778,-4.945994853973389
-9.77777777777778,3.5953779220581055
-4.111111111111111,-3.95731782913208
-7.777777777777778,-4.999212265014648
-4.111111111111111,-5.249320983886719
0.8888888888888888,-0.8039315938949585
-7.666666666666667,-8.873000144958496
-4.333333333333333,1.3111978769302368
-11.666666666666666,-2.989901542663574
0.2222222222222222,-2.2019824981689453
-3.0,1.8556334972381592
-3.0,-1.1499578952789307
8.444444444444445,11.813627243041992
-6.333333333333333,3.460576057434082
-8.333333333333334,-3.8786919116973877
-0.3333333333333333,0.23709654808044434
-7.222222222222222,-0.41677403450012207
-0.3333333333333333,-0.576610803604126
4.222222222222222,-1.631246566772461
-2.555555555555556,0.6901106834411621
-8.444444444444445,-3.8446154594421387
-4.111111111111111,-0.6349411010742188
-0.1111111111111111,-2.2619826793670654
-2.555555555555556,5.579333782196045
-2.4444444444444446,-6.135377407073975
-2.888888888888889,4.84066915512085
10.11111111111111,-1.2696127891540527
-2.4444444444444446,3.794318437576294
7.0,1.4194929599761963
-4.222222222222222,-3.6162703037261963
-2.4444444444444446,0.010771751403808594
-12.11111111111111,-0.7783010005950928
0.3333333333333333,-0.39295291900634766
6.111111111111111,0.8202243447303772
-16.666666666666668,-9.088065147399902
1.8888888888888888,11.521878242492676
3.6666666666666665,3.0415024757385254
0.8888888888888888,-4.318360805511475
-6.777777777777778,5.344610691070557
-9.333333333333334,-0.5345971584320068
-13.0,-0.3219681978225708
1.3333333333333333,-5.296289443969727
2.333333333333333,1.1870331764221191
-2.888888888888889,0.663689136505127
-8.0,3.589751958847046
1.3333333333333333,-1.0048069953918457
-1.0,-0.8224342465400696
1.6666666666666667,0.17598176002502441
8.333333333333334,1.3922114372253418
3.6666666666666665,7.228964805603027
-3.111111111111111,-6.4090962409973145
-7.444444444444445,-3.9521114826202393
2.6666666666666665,1.1968899965286255
11.22222222222222,16.341135025024414
-2.0,-1.801340937614441
-2.555555555555556,-1.8088674545288086
-6.111111111111111,-5.132765769958496
-5.111111111111111,-3.505401134490967
-8.777777777777779,-3.695477247238159
-10.11111111111111,3.070464849472046
-0.5555555555555556,-2.9959471225738525
1.8888888888888888,-3.1380615234375
-0.2222222222222222,2.766054630279541
-13.666666666666666,-5.425577640533447
1.6666666666666667,-1.3539047241210938
6.444444444444445,1.6481610536575317
-5.111111111111111,-6.737487316131592
-1.0,3.8407840728759766
2.6666666666666665,-3.25423002243042
-4.111111111111111,-0.9947564601898193
-2.2222222222222223,-3.9262800216674805
-0.3333333333333333,-2.713972806930542
-4.888888888888889,-2.727111577987671
25.11111111111111,20.988149642944336
-10.88888888888889,4.643516540527344
2.555555555555556,-3.3270158767700195
-0.4444444444444444,-2.7539684772491455
-19.55555555555556,-1.5315580368041992
-0.8888888888888888,0.6741486191749573
-6.555555555555555,-2.6056644916534424
-4.222222222222222,-1.9415725469589233
-5.0,-1.5506466627120972
-4.444444444444445,-6.60804557800293
-2.333333333333333,-1.5547301769256592
-3.888888888888889,0.04414725303649902
-2.111111111111111,-5.3445515632629395
-6.111111111111111,3.320336103439331
2.2222222222222223,-5.270265579223633
-8.88888888888889,-5.6443586349487305
1.8888888888888888,-0.5036603212356567
24.77777777777778,18.261585235595703
0.3333333333333333,-0.7081369161605835
-2.2222222222222223,5.025189399719238
8.555555555555555,0.08925056457519531
-2.7777777777777777,-0.22926783561706543
3.4444444444444446,-1.58360755443573
-2.555555555555556,-1.7733967304229736
2.555555555555556,2.333635091781616
28.88888888888889,9.554153442382812
-18.11111111111111,1.2486610412597656
-5.666666666666667,6.394507884979248
-1.0,-5.028113842010498
0.3333333333333333,-4.931525230407715
0.3333333333333333,-3.8630776405334473
-1.3333333333333333,-3.3065602779388428
-4.888888888888889,-5.537056922912598
-7.555555555555555,-4.334893226623535
-6.888888888888889,-0.08442401885986328
-4.0,-5.076752662658691
1.6666666666666667,2.362124443054199
8.666666666666666,-4.9198455810546875
1.7777777777777777,4.714694023132324
0.1111111111111111,-3.4427847862243652
13.88888888888889,3.3442375659942627
-0.3333333333333333,-2.1525962352752686
8.444444444444445,-1.6782643795013428
-0.2222222222222222,-3.9082303047180176
-6.555555555555555,-4.601404666900635
2.6666666666666665,16.27843475341797
-4.555555555555555,-2.7363014221191406
-0.5555555555555556,2.97088885307312
-1.0,0.4997129440307617
14.666666666666666,-2.652883529663086
-2.4444444444444446,-1.4659924507141113
-1.0,-3.1938400268554688
-12.0,-10.08101749420166
-0.5555555555555556,-2.7851686477661133
-0.8888888888888888,-4.9969096183776855
-6.888888888888889,-2.7349512577056885
-4.555555555555555,-1.7342296838760376
0.1111111111111111,-3.1121826171875
-5.333333333333333,0.17938947677612305
-6.777777777777778,-2.1053314208984375
27.88888888888889,12.38538646697998
-7.888888888888889,-7.326848983764648
-0.2222222222222222,-4.567716121673584
6.222222222222222,3.127753257751465
-14.444444444444445,-7.358754634857178
-5.555555555555555,-3.9673080444335938
-13.555555555555555,-2.6571948528289795
-9.88888888888889,0.6284855008125305
-7.333333333333333,-5.014364719390869
0.0,-7.152245044708252
0.1111111111111111,0.569688081741333
-5.555555555555555,7.908703804016113
-8.666666666666666,-9.133392333984375
-4.666666666666667,-5.2776665687561035
0.4444444444444444,5.320303916931152
0.0,-2.412593364715576
-5.444444444444445,-6.180171489715576
0.2222222222222222,-0.05483698844909668
-16.555555555555557,-7.648977279663086
5.222222222222222,-2.1766014099121094
-4.333333333333333,-2.1775972843170166
-2.555555555555556,-1.7746944427490234
15.11111111111111,-1.3650418519973755
-0.6666666666666666,-0.5878232717514038
-0.4444444444444444,-7.734684467315674
-4.333333333333333,-2.066833019256592
-3.7777777777777777,-6.513249397277832
-2.333333333333333,-2.608976125717163
2.555555555555556,-2.7017035484313965
15.88888888888889,8.075704574584961
-21.88888888888889,-6.5584564208984375
21.444444444444443,8.050739288330078
4.333333333333333,4.339309215545654
-1.2222222222222223,-2.298161029815674
1.2222222222222223,-0.18159711360931396
-3.6666666666666665,-4.614027976989746
3.0,1.454298734664917
-2.333333333333333,3.1883862018585205
-3.888888888888889,-6.368579387664795
14.444444444444445,1.9411373138427734
-4.666666666666667,-1.0418510437011719
-4.0,-11.525253295898438
3.0,0.09921932220458984
-6.555555555555555,-0.743678092956543
-4.333333333333333,5.51078987121582
6.888888888888889,4.84705114364624
0.4444444444444444,-0.6016532182693481
-3.6666666666666665,-7.829864978790283
28.444444444444443,5.355916500091553
3.0,-0.8590679168701172
-24.11111111111111,-24.931026458740234
14.22222222222222,9.861618041992188
10.666666666666666,-2.4780447483062744
3.4444444444444446,-0.2717287540435791
-6.888888888888889,2.4213223457336426
0.0,0.11005616188049316
9.11111111111111,18.536508560180664
-2.888888888888889,-0.12401819229125977
-11.0,-8.95154094696045
-4.111111111111111,9.68587589263916
-4.777777777777778,-0.7296779155731201
22.11111111111111,-2.058379888534546
8.222222222222221,0.5451581478118896
-4.777777777777778,1.764946699142456
-5.444444444444445,-1.5353727340698242
1.5555555555555556,-1.258578896522522
-3.4444444444444446,-0.7131927013397217
-2.555555555555556,4.301948070526123
-5.111111111111111,-0.0794060230255127
-11.333333333333334,5.416727542877197
-5.777777777777778,-10.267508506774902
-10.555555555555555,-5.497783660888672
-13.666666666666666,-5.258474826812744
-4.888888888888889,2.517068862915039
1.2222222222222223,-1.8376312255859375
-5.888888888888889,-10.009295463562012
-2.555555555555556,-8.335872650146484
-9.333333333333334,-0.3367692232131958
-9.22222222222222,-1.327836036682129
-8.333333333333334,3.1648387908935547
-2.0,1.3972604274749756
-5.333333333333333,-2.2329602241516113
-0.2222222222222222,-6.730355262756348
0.4444444444444444,-4.961856365203857
-3.333333333333333,-17.011314392089844
1.5555555555555556,-2.4843645095825195
-2.2222222222222223,-5.839457035064697
-3.888888888888889,-12.579846382141113
11.444444444444445,27.844463348388672
12.666666666666666,15.515129089355469
1.3333333333333333,-2.1736435890197754
-5.555555555555555,-1.1535018682479858
-2.0,-0.8495146036148071
-2.0,0.8987941741943359
-5.222222222222222,-12.103076934814453
-0.5555555555555556,-0.3258225917816162
9.333333333333334,3.7478103637695312
5.333333333333333,-2.605708360671997
-6.0,-3.725342273712158
-4.777777777777778,-1.1778006553649902
-5.555555555555555,-4.082517623901367
-7.333333333333333,-4.136638641357422
9.444444444444445,-1.3278201818466187
2.555555555555556,-4.568243026733398
-1.2222222222222223,-7.512339115142822
-1.1111111111111112,-0.14649438858032227
-10.0,-11.236851692199707
0.4444444444444444,-2.5066444873809814
-4.444444444444445,-3.101473569869995
-9.666666666666666,-6.778995513916016
1.3333333333333333,-4.868544101715088
-0.8888888888888888,-1.2500064373016357
-1.7777777777777777,-1.7759370803833008
2.2222222222222223,-3.1046245098114014
-2.2222222222222223,-7.363646507263184
0.5555555555555556,-5.221939563751221
-9.88888888888889,-1.1935582160949707
4.444444444444445,8.402995109558105
-1.0,-7.676898002624512
-2.888888888888889,-2.272005081176758
-6.0,-7.8834123611450195
-0.2222222222222222,-2.0894203186035156
-5.222222222222222,-1.0859427452087402
-3.0,1.2381181716918945
0.5555555555555556,-5.476665019989014
-5.0,-9.297728538513184
-2.6666666666666665,-6.1852498054504395
-10.444444444444445,-1.7243616580963135
-0.7777777777777778,-2.7085399627685547
7.111111111111111,8.147188186645508
-4.222222222222222,-0.5717606544494629
2.111111111111111,-2.0612361431121826
-0.1111111111111111,-1.7153630256652832
42.55555555555556,12.342497825622559
-8.11111111111111,-5.7291436195373535
-3.6666666666666665,-3.378587245941162
-4.777777777777778,-5.951414585113525
1.7777777777777777,-6.380658149719238
7.222222222222222,-2.061789035797119
-2.111111111111111,-5.37455940246582
-9.0,-2.595804452896118
1.3333333333333333,0.4686741828918457
-1.4444444444444444,0.30622196197509766
32.44444444444444,9.632394790649414
10.0,6.630428314208984
-5.666666666666667,-0.4302273392677307
4.111111111111111,-6.684322357177734
-9.0,-3.5142159461975098
21.22222222222222,8.014291763305664
-6.666666666666667,0.2466897964477539
3.0,-2.274609327316284
-1.4444444444444444,-5.850061416625977
-0.2222222222222222,-0.6416499614715576
-1.1111111111111112,11.775867462158203
-8.555555555555555,-2.4993152618408203
0.7777777777777778,7.099874496459961
4.555555555555555,-1.584681510925293
4.222222222222222,2.699424982070923
-41.333333333333336,-7.630494117736816
-4.888888888888889,-3.6282927989959717
4.555555555555555,1.3276029825210571
2.2222222222222223,1.7550376653671265
-1.5555555555555556,-1.878124475479126
-0.4444444444444444,0.5380127429962158
-0.8888888888888888,0.30747830867767334
10.0,9.156540870666504
-8.222222222222221,-4.090242862701416
18.444444444444443,1.8910887241363525
-4.888888888888889,-3.0676441192626953
0.1111111111111111,-2.732311725616455
-5.555555555555555,-6.503198146820068
-2.4444444444444446,0.02915048599243164
-5.222222222222222,-5.605278968811035
29.666666666666668,7.068575859069824
0.0,1.160832405090332
2.2222222222222223,4.290915012359619
20.88888888888889,2.000579833984375
-2.333333333333333,-2.0737483501434326
-4.111111111111111,0.23486101627349854
-10.444444444444445,-4.621063709259033
-10.77777777777778,-6.228720188140869
-4.666666666666667,-1.6880977153778076
8.777777777777779,2.054696559906006
-3.2222222222222223,0.9646588563919067
-1.4444444444444444,1.0473079681396484
-1.1111111111111112,1.171409249305725
6.888888888888889,1.8385995626449585
-5.444444444444445,-4.1755900382995605
2.4444444444444446,-2.469515323638916
-12.555555555555555,-1.914202332496643
17.444444444444443,8.841459274291992
0.1111111111111111,-4.238857746124268
9.666666666666666,1.575502872467041
-3.0,-2.4638047218322754
3.0,-5.570591926574707
-0.1111111111111111,-2.989163398742676
-10.333333333333334,-3.7579431533813477
1.3333333333333333,-4.800742149353027
-10.77777777777778,-0.6722118854522705
0.3333333333333333,-0.821587860584259
2.2222222222222223,4.678500652313232
-4.777777777777778,-5.4096245765686035
-2.4444444444444446,-0.2899543046951294
1.6666666666666667,0.8432193994522095
-2.7777777777777777,-3.8525390625
0.2222222222222222,-7.061027526855469
-2.555555555555556,-1.0032563209533691
2.333333333333333,-2.311105728149414
1.6666666666666667,-1.777840256690979
-1.6666666666666667,-0.7119640111923218
-1.8888888888888888,-1.189094066619873
-5.888888888888889,-1.6060541868209839
-0.6666666666666666,-0.0939791202545166
-0.8888888888888888,-0.9923235177993774
1.5555555555555556,4.939462661743164
-4.222222222222222,-0.9356319904327393
1.7777777777777777,3.5324268341064453
-6.111111111111111,-3.790797472000122
-2.4444444444444446,-1.7935574054718018
-0.7777777777777778,0.23600101470947266
8.0,-1.5626599788665771
1.3333333333333333,1.645646572113037
20.33333333333333,18.44126319885254
1.3333333333333333,-5.366930961608887
-4.222222222222222,-1.8271136283874512
-8.777777777777779,-2.0306556224823
-4.333333333333333,1.9381744861602783
-2.7777777777777777,2.6110050678253174
6.0,2.742540121078491
0.1111111111111111,-0.7706804275512695
-2.888888888888889,-3.044055700302124
-0.1111111111111111,-4.4121928215026855
-2.7777777777777777,7.95511531829834
-10.11111111111111,2.888955593109131
-10.0,0.061867713928222656
-2.555555555555556,-6.045027732849121
3.4444444444444446,2.6190807819366455
3.4444444444444446,3.729701519012451
-1.6666666666666667,3.8254804611206055
-1.6666666666666667,-1.331026554107666
1.5555555555555556,-5.991304397583008
5.666666666666667,-0.23373866081237793
5.777777777777778,0.7895355224609375
6.666666666666667,2.327031373977661
5.333333333333333,1.7807905673980713
7.222222222222222,3.1599199771881104
-10.333333333333334,1.0378458499908447
0.4444444444444444,-0.8560394048690796
8.666666666666666,7.63441801071167
-6.555555555555555,-2.4733376502990723
1.7777777777777777,2.3545949459075928
-6.777777777777778,-1.401846170425415
7.111111111111111,1.7481625080108643
-1.6666666666666667,1.8481271266937256
-0.6666666666666666,-1.990333080291748
8.777777777777779,0.7600030899047852
-0.6666666666666666,3.8299169540405273
-7.777777777777778,-4.454745292663574
5.888888888888889,1.0024082660675049
-4.111111111111111,-5.55806303024292
-4.111111111111111,0.876394510269165
0.6666666666666666,0.5621782541275024
-7.0,-2.877469062805176
-1.0,3.2537243366241455
-0.6666666666666666,3.691199779510498
6.777777777777778,1.3986728191375732
0.5555555555555556,-1.455424189567566
-1.3333333333333333,-2.0464401245117188
-2.111111111111111,-3.7862014770507812
-8.11111111111111,-4.708913326263428
3.4444444444444446,-0.7251818180084229
-5.444444444444445,0.7334009408950806
-1.5555555555555556,-7.56516695022583
-3.2222222222222223,1.707937240600586
4.444444444444445,-4.5408196449279785
-1.3333333333333333,1.335829257965088
-8.333333333333334,0.061101436614990234
-5.0,1.301694393157959
1.0,2.4054622650146484
0.8888888888888888,0.8492138981819153
-8.444444444444445,0.21338248252868652
-5.222222222222222,-2.439676284790039
-4.888888888888889,-1.809582233428955
8.333333333333334,8.122653007507324
7.333333333333333,-2.296314239501953
1.2222222222222223,-0.43171215057373047
-8.88888888888889,0.5640969276428223
4.333333333333333,-1.206087589263916
-0.6666666666666666,4.862613677978516
3.111111111111111,-1.920040488243103
3.555555555555556,10.318692207336426
-3.111111111111111,1.3102655410766602
-1.8888888888888888,9.277957916259766
1.6666666666666667,-1.6136720180511475
-7.666666666666667,-2.2455878257751465
-4.111111111111111,2.4287567138671875
3.4444444444444446,-3.678987979888916
-9.333333333333334,-0.975519061088562
1.5555555555555556,0.437974214553833
7.333333333333333,8.296493530273438
-7.111111111111111,-13.189274787902832
-0.2222222222222222,1.3932466506958008
7.333333333333333,-6.4438300132751465
0.6666666666666666,-14.885330200195312
-2.0,-0.23085594177246094
-5.888888888888889,5.666619300842285
-5.666666666666667,-1.8937883377075195
1.7777777777777777,5.552854061126709
-14.666666666666666,-1.8398373126983643
-15.333333333333334,-15.24258041381836
-7.777777777777778,-3.321929454803467
3.6666666666666665,-5.736177921295166
-6.444444444444445,-3.199310779571533
-1.3333333333333333,-7.556101322174072
-11.333333333333334,-18.38665008544922
-15.88888888888889,-1.992323637008667
0.3333333333333333,9.203253746032715
5.888888888888889,-0.04462409019470215
-5.555555555555555,-4.324009895324707
-4.222222222222222,6.30765438079834
-1.3333333333333333,0.9543967247009277
-3.2222222222222223,-5.789520263671875
-0.1111111111111111,-13.208800315856934
-6.666666666666667,2.0171451568603516
-7.333333333333333,-2.0908632278442383
-5.111111111111111,-3.072391986846924
5.222222222222222,10.496127128601074
-7.444444444444445,-15.10600471496582
17.444444444444443,22.217641830444336
-3.4444444444444446,-1.2346973419189453
-5.333333333333333,-2.3417108058929443
3.6666666666666665,-5.605199813842773
-2.4444444444444446,3.749763011932373
-21.0,2.710879325866699
-8.333333333333334,-12.546582221984863
-3.333333333333333,-4.505408763885498
1.5555555555555556,-1.0046753883361816
-3.0,-5.462801933288574
-14.333333333333334,-9.195119857788086
-2.2222222222222223,2.082843542098999
5.0,16.572710037231445
0.4444444444444444,-3.9168925285339355
-8.222222222222221,-3.5353240966796875
2.7777777777777777,-1.406273365020752
-12.444444444444445,0.5354388356208801
5.555555555555555,0.21505117416381836
-2.111111111111111,-11.69310474395752
-1.6666666666666667,4.15828800201416
-9.88888888888889,-2.2602570056915283
-7.333333333333333,-6.977390289306641
-10.88888888888889,-5.673887729644775
-4.777777777777778,-6.305379390716553
-5.111111111111111,7.0864996910095215
0.8888888888888888,7.181663990020752
2.333333333333333,2.702397108078003
1.3333333333333333,8.475522994995117
-3.333333333333333,2.870405673980713
5.555555555555555,-3.6469614505767822
-2.6666666666666665,-0.22145843505859375
-4.555555555555555,2.3595261573791504
4.0,0.6335185766220093
-1.0,-1.193573236465454
1.3333333333333333,5.876852512359619
-21.0,-2.692532777786255
-1.6666666666666667,8.470380783081055
2.111111111111111,5.58363151550293
-7.888888888888889,-2.4678397178649902
-0.3333333333333333,-3.457782506942749
2.0,-2.900491714477539
26.11111111111111,14.00695514678955
-0.1111111111111111,-2.1163711547851562
-0.7777777777777778,-2.679532766342163
-11.0,-1.8945822715759277
4.222222222222222,-1.3502155542373657
-1.7777777777777777,-4.328435897827148
-9.0,-5.987435817718506
-4.555555555555555,-7.309081077575684
-5.0,-3.986609935760498
0.7777777777777778,-5.673581600189209
-3.333333333333333,-7.755640029907227
-3.111111111111111,-1.2487545013427734
5.0,-1.4568945169448853
-1.2222222222222223,-2.75384521484375
-7.555555555555555,-4.882474422454834
-3.4444444444444446,-4.898596286773682
-7.555555555555555,-9.772231101989746
-8.444444444444445,-7.053889751434326
-2.555555555555556,-3.8335602283477783
-2.2222222222222223,-1.662834644317627
-3.4444444444444446,-1.6525194644927979
4.888888888888889,8.139692306518555
4.111111111111111,0.23354709148406982
-11.22222222222222,-6.083028793334961
-5.0,0.31503725051879883
0.8888888888888888,-8.248339653015137
-0.7777777777777778,-1.5905731916427612
-5.444444444444445,-1.2374871969223022
-9.11111111111111,-3.2191321849823
-0.8888888888888888,-4.536945343017578
-2.0,-2.008492946624756
-2.6666666666666665,-5.476100921630859
21.55555555555556,19.263444900512695
11.77777777777778,9.240407943725586
14.88888888888889,11.218216896057129
-0.8888888888888888,2.1174521446228027
1.4444444444444444,-5.6255388259887695
-2.7777777777777777,0.3273899555206299
-2.7777777777777777,-1.8011767864227295
-8.777777777777779,4.145503520965576
-3.555555555555556,-2.3238492012023926
-9.444444444444445,-8.097981452941895
2.0,6.313520431518555
-7.0,-5.850000858306885
0.1111111111111111,-4.348724842071533
-5.888888888888889,-3.5406334400177
-11.444444444444445,-2.4572060108184814
-5.777777777777778,-1.4485795497894287
-0.4444444444444444,-4.76465368270874
-1.7777777777777777,1.5240676403045654
-1.4444444444444444,3.27059268951416
-4.333333333333333,-3.2317285537719727
-8.555555555555555,-2.3089277744293213
-8.222222222222221,0.5154824256896973
0.4444444444444444,0.14270424842834473
-4.555555555555555,-6.660627841949463
-6.0,-1.4505468606948853
-1.0,-4.159569263458252
-4.333333333333333,-4.173898220062256
-4.111111111111111,-2.9947078227996826
16.0,4.4054646492004395
-3.4444444444444446,-4.395198822021484
-3.111111111111111,3.783794403076172
10.77777777777778,8.424336433410645
8.222222222222221,4.060937404632568
0.3333333333333333,0.3231717348098755
0.2222222222222222,2.3261032104492188
-14.88888888888889,-6.55718994140625
3.333333333333333,8.869649887084961
1.0,0.17962193489074707
0.6666666666666666,-1.4842100143432617
-4.333333333333333,-5.360663890838623
0.3333333333333333,-1.27817702293396
-4.444444444444445,-4.451038360595703
0.2222222222222222,0.4744037389755249
5.222222222222222,1.0878348350524902
-2.7777777777777777,-0.39570409059524536
-2.0,2.964872121810913
28.444444444444443,6.5911946296691895
-6.0,-3.2240631580352783
-6.666666666666667,-0.8900725841522217
-3.888888888888889,-4.758301734924316
-10.11111111111111,-4.771682262420654
-4.777777777777778,-3.4259073734283447
1.4444444444444444,-2.8485684394836426
-5.0,-1.3234152793884277
0.1111111111111111,-0.42024803161621094
-6.444444444444445,-3.154099225997925
-2.333333333333333,-6.359062671661377
-1.6666666666666667,-6.180494785308838
-4.111111111111111,-1.4885666370391846
-10.0,-3.7782235145568848
2.7777777777777777,0.13564714789390564
-1.5555555555555556,-4.3555216789245605
-4.666666666666667,-4.568761825561523
-5.444444444444445,2.9139914512634277
2.0,6.252994060516357
-6.222222222222222,6.332056522369385
-10.11111111111111,-5.33216667175293
9.555555555555555,1.4519318342208862
-10.0,-2.435635566711426
-6.444444444444445,-1.5164856910705566
0.8888888888888888,3.368427276611328
-0.5555555555555556,4.199405670166016
-1.8888888888888888,-0.7944774627685547
3.888888888888889,-0.8939237594604492
3.333333333333333,-1.072462558746338
17.0,-1.1591414213180542
-0.7777777777777778,-8.310407638549805
-3.2222222222222223,2.1806480884552
-4.777777777777778,-1.743233561515808
-3.2222222222222223,-7.097073078155518
-4.222222222222222,-2.6809587478637695
-9.11111111111111,-0.17069339752197266
-6.333333333333333,-6.802951812744141
-4.666666666666667,-0.09262323379516602
9.444444444444445,-4.215765476226807
1.6666666666666667,-2.6364381313323975
-3.0,-0.16834163665771484
-5.444444444444445,-4.912647247314453
2.111111111111111,-3.8123397827148438
-5.888888888888889,-2.1743173599243164
-1.8888888888888888,-5.822059631347656
-4.777777777777778,-3.959521770477295
2.111111111111111,-3.322077512741089
0.5555555555555556,-2.915775775909424
-3.111111111111111,-1.9814224243164062
-11.88888888888889,-8.07624340057373
-0.6666666666666666,-3.442319869995117
12.11111111111111,-2.161731243133545
-0.5555555555555556,0.986640214920044
0.6666666666666666,-0.40457940101623535
-4.888888888888889,-3.0248923301696777
-3.111111111111111,-3.974849224090576
-2.2222222222222223,-4.755809307098389
-3.2222222222222223,-5.487835884094238
-6.888888888888889,-8.197614669799805
3.4444444444444446,-2.978698253631592
24.11111111111111,8.862699508666992
-0.8888888888888888,-1.920353889465332
0.8888888888888888,-5.921797752380371
-6.555555555555555,-2.859363079071045
-1.3333333333333333,-3.141672134399414
-4.111111111111111,0.014228112995624542
9.666666666666666,-1.6370859146118164
5.111111111111111,-4.25560188293457
4.333333333333333,-5.682483196258545
0.4444444444444444,0.7212278842926025
-15.444444444444445,-3.898545980453491
-7.0,-1.5473182201385498
1.7777777777777777,-0.8053890466690063
6.777777777777778,-0.6920008063316345
8.0,-3.0519587993621826
4.777777777777778,3.5313329696655273
19.55555555555556,6.601507663726807
-6.777777777777778,-11.076510429382324
-7.222222222222222,-3.390002965927124
0.1111111111111111,-2.1328625679016113
-0.4444444444444444,-3.1679491996765137
-3.555555555555556,0.42179203033447266
10.444444444444445,-1.9197587966918945
3.4444444444444446,1.3138772249221802
-0.1111111111111111,-0.5963623523712158
-7.666666666666667,-5.02175235748291
0.1111111111111111,-0.43742644786834717
-3.333333333333333,-5.523789405822754
-4.222222222222222,2.0799951553344727
-0.7777777777777778,0.6847730875015259
-11.666666666666666,-7.487901210784912
-2.333333333333333,-3.8773276805877686
-0.3333333333333333,-4.090187072753906
17.88888888888889,9.324394226074219
32.55555555555556,22.617921829223633
-11.0,5.703158855438232
-4.0,-3.4541845321655273
-6.777777777777778,-1.7146060466766357
-15.333333333333334,-6.050387859344482
-7.666666666666667,-0.6728934645652771
-3.555555555555556,-6.545620441436768
-2.7777777777777777,-8.39375114440918
0.1111111111111111,3.8818421363830566
38.11111111111112,26.07428741455078
-8.0,-7.359181880950928
-4.222222222222222,-3.8913156986236572
0.0,-2.8030219078063965
23.55555555555556,8.610777854919434
1.7777777777777777,5.119719982147217
-2.7777777777777777,3.567317485809326
-5.777777777777778,-1.9881129264831543
7.333333333333333,9.685229301452637
-6.555555555555555,-6.889309406280518
-9.333333333333334,0.19937753677368164
5.111111111111111,4.804881572723389
-5.444444444444445,0.5513477325439453
3.6666666666666665,-1.2697715759277344
-6.555555555555555,-6.059449672698975
19.444444444444443,12.151897430419922
-4.777777777777778,-0.5437256097793579
4.888888888888889,-0.7140216827392578
-3.2222222222222223,-6.784995079040527
-1.6666666666666667,-1.973665714263916
-7.555555555555555,-0.6358389854431152
-3.4444444444444446,-2.137816905975342
1.5555555555555556,-7.094188690185547
-7.555555555555555,-7.361186504364014
-13.333333333333334,-5.584231376647949
-5.0,-5.391778469085693
-3.111111111111111,7.909438133239746
-8.777777777777779,-1.7412813901901245
-1.1111111111111112,-1.4314374923706055
1.8888888888888888,0.06198930740356445
-6.222222222222222,-4.893326282501221
-0.1111111111111111,-4.539595603942871
4.0,4.865074634552002
-18.22222222222222,-5.654204368591309
-1.7777777777777777,-5.535190105438232
-13.333333333333334,-6.060118198394775
-7.666666666666667,-4.376310348510742
-1.6666666666666667,-1.7575984001159668
-4.444444444444445,8.872153282165527
-11.444444444444445,-1.9052660465240479
2.888888888888889,1.5222443342208862
27.0,13.144383430480957
1.8888888888888888,-3.318718910217285
-8.88888888888889,0.14496421813964844
-4.888888888888889,-7.226982116699219
-5.888888888888889,-8.666735649108887
-3.6666666666666665,-2.5005133152008057
9.555555555555555,23.04921531677246
-1.6666666666666667,-1.121480107307434
0.8888888888888888,-1.7371244430541992
-13.666666666666666,-2.361294746398926
-3.555555555555556,0.6446018218994141
-1.6666666666666667,-1.7482109069824219
8.88888888888889,16.876394271850586
-4.888888888888889,-6.402760982513428
-3.888888888888889,-4.780211448669434
-9.88888888888889,-3.328518867492676
-1.5555555555555556,-2.87394118309021
7.666666666666667,12.583391189575195
3.7777777777777777,4.018637657165527
12.666666666666666,-4.564635753631592
-4.555555555555555,-1.9788678884506226
13.555555555555555,25.275306701660156
6.777777777777778,-6.266486644744873
-9.11111111111111,-14.435193061828613
-2.555555555555556,-3.5086565017700195
-1.4444444444444444,1.3830211162567139
-6.222222222222222,4.126413822174072
-7.555555555555555,-6.92305850982666
1.0,4.972976207733154
-1.4444444444444444,4.7086076736450195
-9.88888888888889,-8.07969856262207
1.2222222222222223,5.761176109313965
2.2222222222222223,-4.329247951507568
1.2222222222222223,-0.6635129451751709
8.444444444444445,-14.865352630615234
0.8888888888888888,-6.481703281402588
-10.444444444444445,-4.276174068450928
4.444444444444445,-2.2151856422424316
-1.6666666666666667,5.29676628112793
-3.888888888888889,-5.121543884277344
3.2222222222222223,6.251060485839844
-5.666666666666667,3.7000412940979004
-9.0,-5.675346851348877
8.777777777777779,8.010764122009277
1.5555555555555556,-4.072457790374756
-2.555555555555556,1.9101985692977905
4.777777777777778,-3.348405599594116
-16.11111111111111,2.790191173553467
-5.555555555555555,-4.592154502868652
-1.8888888888888888,-6.844139099121094
25.11111111111111,16.11635398864746
-2.555555555555556,-10.969391822814941
-12.0,-2.025005340576172
-10.333333333333334,-8.369502067565918
-7.333333333333333,-7.136331558227539
0.0,-1.8772436380386353
1.8888888888888888,-9.251222610473633
1.4444444444444444,-5.515548229217529
19.55555555555556,-1.8547972440719604
-5.222222222222222,-6.533404350280762
0.3333333333333333,9.031426429748535
1.1111111111111112,-6.872969627380371
25.666666666666668,23.648530960083008
-3.0,-26.823524475097656
3.555555555555556,-5.268270492553711
4.222222222222222,-2.174319267272949
1.7777777777777777,-12.061561584472656
31.444444444444443,-4.314189434051514
19.33333333333333,2.9199750423431396
-1.6666666666666667,-12.21392822265625
1.5555555555555556,9.022716522216797
7.222222222222222,1.1154205799102783
-3.7777777777777777,-17.777542114257812
-1.6666666666666667,-12.246977806091309
0.2222222222222222,-2.1241674423217773
3.7777777777777777,7.996262073516846
-2.0,-6.203230857849121
1.6666666666666667,-9.068428039550781
1.3333333333333333,-4.345457077026367
0.1111111111111111,-4.60331916809082
-1.0,-1.0474317073822021
7.0,-1.8178229331970215
-3.111111111111111,-1.609872817993164
9.11111111111111,-1.2284575700759888
3.6666666666666665,-0.7448282241821289
-4.888888888888889,-3.0968587398529053
-1.6666666666666667,0.5238666534423828
-3.555555555555556,-4.274778842926025
-1.4444444444444444,-5.919368743896484
-15.0,-2.0881569385528564
1.0,-2.9210143089294434
5.333333333333333,-4.136985778808594
5.444444444444445,-2.571838617324829
-3.0,-3.288508415222168
-2.333333333333333,3.734971046447754
-5.111111111111111,-2.4969985485076904
-3.6666666666666665,-4.277242660522461
2.7777777777777777,-2.1533796787261963
-8.777777777777779,-4.835933208465576
2.333333333333333,-2.7545998096466064
3.4444444444444446,2.2869725227355957
12.333333333333334,6.100166320800781
-1.0,-6.348260879516602
1.6666666666666667,-9.917284965515137
-1.1111111111111112,-0.1020209789276123
-5.0,-2.1064839363098145
-5.222222222222222,-0.7497818470001221
-4.777777777777778,-5.673748970031738
0.5555555555555556,-1.649817705154419
6.0,3.88238263130188
13.77777777777778,6.199102401733398
6.666666666666667,-1.3503954410552979
-1.0,-0.6149169206619263
-3.7777777777777777,-4.427177429199219
-5.777777777777778,0.47014617919921875
-3.555555555555556,-1.0750970840454102
0.2222222222222222,-4.096376895904541
-3.888888888888889,3.083181858062744
-3.0,-5.0520548820495605
-5.888888888888889,-3.110290288925171
5.0,4.374020099639893
-10.666666666666666,-4.869155406951904
-3.333333333333333,-2.205050230026245
-9.666666666666666,-4.376987934112549
2.7777777777777777,-1.2229143381118774
-7.333333333333333,1.1931037902832031
19.22222222222222,15.575784683227539
-12.333333333333334,-3.317976236343384
-5.0,-3.7039361000061035
-3.555555555555556,-3.3477771282196045
-13.666666666666666,-5.215487957000732
6.777777777777778,7.27146577835083
1.3333333333333333,8.971096992492676
48.22222222222222,4.081094741821289
3.2222222222222223,0.48350536823272705
-4.0,-0.2253255844116211
10.77777777777778,-2.721691608428955
-4.555555555555555,-0.3037770986557007
10.333333333333334,0.5073832273483276
0.8888888888888888,-2.692108154296875
-5.111111111111111,-1.4004545211791992
5.0,4.375608921051025
-25.77777777777778,-3.294032096862793
-6.777777777777778,-0.20227336883544922
6.111111111111111,-0.1315709352493286
-9.22222222222222,-1.7224512100219727
-5.111111111111111,-1.046558141708374
1.7777777777777777,-0.2646690607070923
4.777777777777778,-0.0558781623840332
16.11111111111111,8.195077896118164
-0.8888888888888888,-3.6465072631835938
-2.888888888888889,-3.2403039932250977
4.666666666666667,5.506856441497803
-3.2222222222222223,1.1563560962677002
11.0,3.652805805206299
6.777777777777778,4.019227027893066
-3.2222222222222223,-5.286336421966553
5.111111111111111,-4.040676116943359
-10.22222222222222,-1.8036330938339233
2.333333333333333,-5.519636631011963
2.2222222222222223,-3.974630832672119
-14.77777777777778,-1.5806503295898438
0.8888888888888888,4.238189697265625
-8.777777777777779,-5.286336421966553
2.888888888888889,-0.9273804426193237
-5.333333333333333,1.003794550895691
-2.0,5.354513168334961
0.1111111111111111,-5.751455783843994
-1.0,-0.23527288436889648
1.2222222222222223,2.4717559814453125
11.444444444444445,3.1917104721069336
-2.0,-7.282693386077881
-1.4444444444444444,0.07650816440582275
-5.333333333333333,-9.414857864379883
-4.777777777777778,-2.4437811374664307
-2.7777777777777777,-2.6026878356933594
4.333333333333333,-1.257235050201416
-0.8888888888888888,-1.3347570896148682
7.222222222222222,0.16552448272705078
-6.777777777777778,-2.322831630706787
28.22222222222222,19.317123413085938
6.555555555555555,5.4634857177734375
0.8888888888888888,-0.4843193292617798
-6.555555555555555,5.102855682373047
1.3333333333333333,8.13273811340332
-1.5555555555555556,-5.634422779083252
0.7777777777777778,-5.645736217498779
-1.2222222222222223,-2.320256233215332
-7.333333333333333,-0.44485747814178467
-4.333333333333333,0.7493829727172852
-0.6666666666666666,-7.247544765472412
-3.2222222222222223,1.7538939714431763
-8.11111111111111,0.7399736642837524
6.666666666666667,7.358926773071289
-4.777777777777778,-4.286208152770996
-7.222222222222222,-3.24462890625
-4.222222222222222,-3.699589252471924
3.888888888888889,-5.250896453857422
1.7777777777777777,0.8223598003387451
-2.7777777777777777,-0.36844539642333984
0.4444444444444444,-2.059265613555908
-7.666666666666667,-0.8409299850463867
10.0,1.3503531217575073
2.0,0.8488292098045349
1.4444444444444444,-3.1881790161132812
3.2222222222222223,-2.9383749961853027
-6.111111111111111,-2.69173002243042
-2.0,9.339018821716309
-6.888888888888889,1.9920692443847656
6.222222222222222,2.3295464515686035
-5.111111111111111,1.02593994140625
-3.4444444444444446,-6.1113080978393555
-3.333333333333333,2.4496328830718994
0.5555555555555556,-14.61065673828125
-7.222222222222222,-6.628180503845215
2.111111111111111,-14.433719635009766
-1.6666666666666667,-2.0111427307128906
19.88888888888889,27.704809188842773
-5.666666666666667,-16.627975463867188
0.1111111111111111,-3.241260290145874
0.0,-2.0025153160095215
-1.4444444444444444,-0.5116258859634399
-1.4444444444444444,9.146214485168457
1.1111111111111112,-3.259158134460449
-1.4444444444444444,-0.21498823165893555
-4.777777777777778,-2.7358641624450684
-16.88888888888889,-14.8529691696167
-3.2222222222222223,-2.8831586837768555
3.6666666666666665,6.691155910491943
-5.555555555555555,-13.218524932861328
0.7777777777777778,-1.8009252548217773
0.4444444444444444,-0.290602445602417
-1.3333333333333333,-10.75718879699707
-1.5555555555555556,12.542380332946777
-3.2222222222222223,1.9035135507583618
14.88888888888889,12.733938217163086
-1.4444444444444444,-3.8125193119049072
-0.6666666666666666,2.4729743003845215
-1.8888888888888888,-1.6436395645141602
0.4444444444444444,-3.771430015563965
-6.0,-0.3504459857940674
-47.22222222222222,-0.17740345001220703
40.55555555555556,37.787845611572266
-7.666666666666667,1.9460176229476929
2.6666666666666665,6.188236236572266
-3.0,-19.421405792236328
-1.5555555555555556,-2.0106372833251953
2.7777777777777777,-2.634730815887451
-3.7777777777777777,2.0718541145324707
-8.555555555555555,-3.3718466758728027
-3.7777777777777777,7.185389041900635
-1.7777777777777777,2.3036439418792725
3.0,-9.716623306274414
16.22222222222222,-7.214406490325928
-7.0,-9.969135284423828
-4.666666666666667,-1.327959656715393
4.111111111111111,2.340494155883789
-1.4444444444444444,-2.7120542526245117
0.0,-2.1644575595855713
-3.111111111111111,-0.7247762680053711
1.5555555555555556,-15.248846054077148
-1.7777777777777777,6.896092891693115
-6.222222222222222,1.5402956008911133
-5.666666666666667,-6.606249809265137
-1.2222222222222223,-3.9765965938568115
-3.555555555555556,-1.4657561779022217
-12.77777777777778,12.495466232299805
-3.0,-2.18353271484375
-1.2222222222222223,-0.1771988868713379
-10.22222222222222,0.5718740224838257
12.444444444444445,4.095073699951172
9.22222222222222,8.789042472839355
-5.777777777777778,-3.550629138946533
-5.888888888888889,-5.709068298339844
0.3333333333333333,0.14278745651245117
3.6666666666666665,-1.8760385513305664
-3.0,2.6062211990356445
-19.88888888888889,-5.312925338745117
-6.333333333333333,0.035126566886901855
-0.2222222222222222,0.4193000793457031
-4.777777777777778,1.7681595087051392
-3.888888888888889,0.055864810943603516
1.4444444444444444,-6.412636756896973
-2.888888888888889,-4.442587375640869
1.5555555555555556,-2.7234835624694824
-1.7777777777777777,-0.46181297302246094
-12.333333333333334,-0.9824389219284058
16.11111111111111,7.229673862457275
-3.888888888888889,5.05812406539917
-2.555555555555556,-2.6098148822784424
2.888888888888889,4.631801128387451
-3.2222222222222223,-3.714036464691162
-0.6666666666666666,1.273993968963623
13.666666666666666,14.313359260559082
11.333333333333334,0.8788436651229858
-7.666666666666667,-3.1713387966156006
-15.555555555555555,-3.636169672012329
-3.555555555555556,-3.3427906036376953
-1.4444444444444444,-5.335233688354492
-1.6666666666666667,1.591958999633789
-9.0,-3.982140302658081
11.666666666666666,20.202878952026367
-20.88888888888889,0.001119852066040039
-5.777777777777778,-4.296963214874268
3.333333333333333,-1.9262545108795166
1.4444444444444444,-0.6022963523864746
-3.111111111111111,-1.6038762331008911
1.2222222222222223,-0.03797340393066406
3.555555555555556,4.99974250793457
-9.444444444444445,-3.1332859992980957
-3.0,-6.724771499633789
-8.444444444444445,0.6045656204223633
-0.6666666666666666,7.1865739822387695
-4.555555555555555,1.0254278182983398
-2.2222222222222223,0.182456374168396
-0.5555555555555556,-3.7802717685699463
-4.333333333333333,-5.794412136077881
-2.4444444444444446,-1.5391850471496582
-8.222222222222221,-1.1856895685195923
-0.7777777777777778,-2.6158745288848877
-17.555555555555557,-5.045357704162598
1.1111111111111112,-3.7140910625457764
-0.1111111111111111,-3.037519931793213
-3.888888888888889,-0.47158098220825195
-5.666666666666667,-5.058764934539795
0.4444444444444444,-1.2442421913146973
-11.444444444444445,-3.1713387966156006
-5.777777777777778,-1.031517505645752
-2.4444444444444446,-4.276140213012695
-1.3333333333333333,-1.4406079053878784
-2.888888888888889,-4.092512130737305
-0.2222222222222222,-5.622236251831055
3.4444444444444446,-6.72920036315918
-15.77777777777778,-3.7452216148376465
-1.8888888888888888,-8.131189346313477
2.111111111111111,0.9684538841247559
2.888888888888889,-5.641739845275879
4.333333333333333,3.7357728481292725
-4.444444444444445,-6.896811485290527
16.555555555555557,17.16876220703125
0.8888888888888888,-1.459052562713623
-0.4444444444444444,-0.01755380630493164
-17.0,1.4305732250213623
-1.7777777777777777,-0.0006957054138183594
-5.888888888888889,-1.6902844905853271
5.111111111111111,8.1375732421875
-1.2222222222222223,6.609405517578125
3.7777777777777777,-0.33220505714416504
22.77777777777778,8.304299354553223
0.5555555555555556,6.261658191680908
4.111111111111111,-1.3168690204620361
4.0,2.619215965270996
-3.2222222222222223,-2.2537503242492676
21.33333333333333,6.366466045379639
5.333333333333333,-4.114412307739258
11.11111111111111,-4.422523498535156
-3.2222222222222223,-7.268101215362549
0.2222222222222222,-2.5261144638061523
-2.2222222222222223,-6.950488090515137
-24.33333333333333,-9.289040565490723
-3.333333333333333,-5.187299728393555
5.555555555555555,0.263394832611084
2.2222222222222223,-1.5144200325012207
-0.3333333333333333,-6.010890960693359
-0.3333333333333333,3.0718295574188232
-0.1111111111111111,-1.7667536735534668
-3.4444444444444446,-5.993779182434082
-1.1111111111111112,-2.113893985748291
-9.88888888888889,-4.054779052734375
1.4444444444444444,-0.614548921585083
-5.555555555555555,-1.403869390487671
-12.444444444444445,0.14054203033447266
3.333333333333333,-2.455693244934082
8.222222222222221,-7.251597881317139
-9.555555555555555,-3.101813316345215
-0.8888888888888888,-3.8052141666412354
-2.333333333333333,-5.576175689697266
-0.6666666666666666,-2.298046350479126
-1.7777777777777777,-6.007726669311523
17.88888888888889,-0.46533942222595215
-5.888888888888889,-1.7469334602355957
-0.7777777777777778,-4.477709770202637
-3.0,2.2170286178588867
-1.2222222222222223,-3.1215555667877197
-6.555555555555555,-8.275124549865723
-5.888888888888889,6.1347432136535645
1.7777777777777777,-3.1183652877807617
-8.444444444444445,-4.834290504455566
1.4444444444444444,-4.716956615447998
-0.4444444444444444,-4.069090366363525
0.1111111111111111,-1.3809211254119873
-5.111111111111111,-0.5368324518203735
-12.0,-7.166630268096924
-3.333333333333333,-4.457201957702637
-3.333333333333333,-4.253540515899658
5.0,0.23641371726989746
-0.6666666666666666,-2.247288227081299
3.6666666666666665,-2.790027379989624
-6.444444444444445,-4.091250419616699
6.111111111111111,-4.102479934692383
-6.222222222222222,1.6706026792526245
-3.0,-2.090169668197632
-0.3333333333333333,-2.1516306400299072
-3.555555555555556,0.6136593818664551
-7.333333333333333,-8.6742582321167
27.55555555555556,10.467697143554688
-8.444444444444445,-7.448500156402588
-0.1111111111111111,-4.198980331420898
2.888888888888889,-2.363298177719116
-0.5555555555555556,-3.070080518722534
4.777777777777778,8.673095703125
-2.6666666666666665,-2.646902322769165
-37.888888888888886,-10.056282997131348
-0.4444444444444444,3.1797380447387695
-6.888888888888889,2.8780064582824707
-6.0,-0.12128925323486328
-2.888888888888889,-4.3929033279418945
4.0,7.098623275756836
-1.4444444444444444,-2.9451894760131836
-2.555555555555556,5.643684387207031
-3.0,-1.4887293577194214
1.4444444444444444,-0.8420588970184326
0.3333333333333333,5.57703971862793
-1.5555555555555556,-0.5205442905426025
-2.888888888888889,-3.051624298095703
-5.888888888888889,-2.2876455783843994
1.7777777777777777,-0.583254873752594
-6.444444444444445,-2.0045976638793945
12.333333333333334,16.02432632446289
1.1111111111111112,1.0211628675460815
-2.555555555555556,-2.734516143798828
-3.111111111111111,1.8813228607177734
-1.4444444444444444,0.6391258239746094
-12.333333333333334,-5.4673542976379395
12.555555555555555,9.111611366271973
-6.777777777777778,-1.6968634128570557
-0.8888888888888888,-0.40886783599853516
5.222222222222222,-2.2862982749938965
-2.111111111111111,-0.08801943063735962
0.0,3.4554595947265625
-0.8888888888888888,-2.089310646057129
1.4444444444444444,0.4661058187484741
0.4444444444444444,-2.654500961303711
1.3333333333333333,-2.2906107902526855
-6.777777777777778,-9.864352226257324
-7.777777777777778,-2.9075124263763428
7.555555555555555,0.8100893497467041
-24.55555555555556,-3.839616298675537
32.22222222222222,19.877534866333008
9.333333333333334,-0.2770761251449585
8.777777777777779,3.318873405456543
-4.777777777777778,-3.465360641479492
-6.333333333333333,-5.870596885681152
