Score,Pred Score
8.88888888888889,-1.267034888267517
-0.5555555555555556,-5.195573329925537
-8.444444444444445,-4.041848182678223
0.4444444444444444,-2.777440071105957
-2.7777777777777777,-2.6424622535705566
-3.6666666666666665,1.4632729291915894
-5.222222222222222,-3.1785480976104736
-10.555555555555555,2.0699753761291504
0.6666666666666666,-4.871845245361328
8.0,0.39790892601013184
0.2222222222222222,7.153030872344971
-2.6666666666666665,-1.7595926523208618
-5.111111111111111,1.285480260848999
-9.333333333333334,-3.8407182693481445
-0.3333333333333333,-2.7759671211242676
2.6666666666666665,-3.384018659591675
-8.88888888888889,-10.973275184631348
-5.555555555555555,-2.8458292484283447
1.5555555555555556,-2.4462695121765137
-4.444444444444445,-1.8131940364837646
-8.0,-4.393459796905518
5.222222222222222,-1.3747193813323975
-1.8888888888888888,-0.37008386850357056
-7.555555555555555,-1.6613781452178955
4.0,-2.1973397731781006
0.1111111111111111,-2.7579445838928223
1.4444444444444444,-2.8866126537323
-2.0,2.439972400665283
-2.7777777777777777,-4.821882724761963
-6.555555555555555,-2.307425022125244
-8.666666666666666,-6.964008808135986
-5.0,0.9469761848449707
-3.7777777777777777,-4.0998616218566895
9.555555555555555,6.505035400390625
-10.22222222222222,-2.3178045749664307
9.0,6.23514461517334
-2.7777777777777777,-2.93316912651062
-1.5555555555555556,-0.44202208518981934
-1.8888888888888888,-2.813793897628784
2.4444444444444446,-2.8427064418792725
-5.222222222222222,0.6649384498596191
-1.6666666666666667,-1.7199351787567139
5.888888888888889,-3.055813789367676
-6.666666666666667,-6.196069240570068
-0.2222222222222222,-3.817462921142578
-6.666666666666667,-4.010257244110107
-5.111111111111111,-0.9430816173553467
0.3333333333333333,0.1964266300201416
-0.4444444444444444,-2.5492303371429443
-4.444444444444445,-4.661074161529541
3.4444444444444446,-3.7177164554595947
-0.7777777777777778,-0.5392870903015137
-9.555555555555555,-8.012524604797363
-5.333333333333333,-4.782819747924805
5.222222222222222,-1.948314905166626
6.444444444444445,5.079438209533691
5.111111111111111,-0.41779839992523193
4.888888888888889,-2.854357957839966
-6.0,1.5239661931991577
-5.666666666666667,-1.5212368965148926
37.77777777777778,7.187496185302734
-7.111111111111111,-1.6337130069732666
-1.4444444444444444,-2.44443416595459
6.777777777777778,0.7657580375671387
-9.444444444444445,-4.064905166625977
-6.333333333333333,2.688087224960327
-0.4444444444444444,0.744337260723114
5.111111111111111,-1.7723922729492188
9.11111111111111,-4.653116703033447
-1.7777777777777777,4.094677448272705
-7.888888888888889,-1.8733701705932617
-3.6666666666666665,0.6984462738037109
-2.888888888888889,6.417842864990234
-8.0,-6.135083198547363
-2.4444444444444446,-6.91562032699585
7.888888888888889,9.6028470993042
-0.2222222222222222,3.5287671089172363
-0.5555555555555556,-5.035236835479736
-2.7777777777777777,-4.024613380432129
-3.555555555555556,-0.9863576889038086
-0.5555555555555556,-5.04598331451416
-2.111111111111111,2.4115192890167236
-1.5555555555555556,0.5588674545288086
2.4444444444444446,-1.6319971084594727
-8.11111111111111,-3.376335620880127
-0.6666666666666666,-7.938528060913086
3.0,-0.8866333961486816
-1.4444444444444444,-2.0901098251342773
9.666666666666666,-0.9685876369476318
3.111111111111111,-1.8230936527252197
-12.555555555555555,-3.5670247077941895
4.666666666666667,3.825878381729126
-12.0,2.410860776901245
-10.88888888888889,-3.6448137760162354
17.11111111111111,4.03455924987793
9.22222222222222,6.323927879333496
-1.3333333333333333,-6.078287601470947
5.666666666666667,-1.2970876693725586
-5.666666666666667,-7.20050048828125
-3.888888888888889,-7.10711145401001
-8.11111111111111,-2.1221158504486084
-9.444444444444445,-1.9160089492797852
-2.7777777777777777,-4.769876003265381
-5.888888888888889,8.348539352416992
8.555555555555555,-1.3061680793762207
-3.555555555555556,-2.651301383972168
2.555555555555556,-2.3172531127929688
-25.22222222222222,-4.682009696960449
5.888888888888889,3.3076677322387695
-2.7777777777777777,0.5474933981895447
-6.444444444444445,-2.4274404048919678
-17.444444444444443,1.6302067041397095
-0.1111111111111111,-1.9020469188690186
-4.666666666666667,2.2143421173095703
-1.7777777777777777,0.10602569580078125
-0.2222222222222222,-0.8328129053115845
6.111111111111111,-0.3240845203399658
-5.444444444444445,-0.8351826667785645
-4.222222222222222,0.5496499538421631
-3.6666666666666665,0.46180129051208496
-2.4444444444444446,1.4715559482574463
-10.0,-6.748692989349365
8.333333333333334,2.555832624435425
25.55555555555556,20.51795768737793
-2.555555555555556,-4.08748722076416
-4.555555555555555,3.707568645477295
-1.3333333333333333,1.0353922843933105
22.666666666666668,10.597882270812988
3.2222222222222223,6.029629230499268
-3.2222222222222223,-3.8497142791748047
-1.2222222222222223,0.1887819766998291
-1.1111111111111112,-5.145169734954834
-6.111111111111111,-2.223416566848755
-12.555555555555555,-5.3169846534729
13.11111111111111,0.7426823377609253
8.88888888888889,-1.4247021675109863
-2.2222222222222223,-4.741738796234131
-8.666666666666666,-5.550996780395508
-11.555555555555555,-2.54715633392334
-3.2222222222222223,5.900843143463135
-2.0,-2.0098631381988525
-1.5555555555555556,-5.343658924102783
-6.111111111111111,3.420307159423828
2.0,-3.719301223754883
-8.333333333333334,-5.139561176300049
-2.4444444444444446,-3.9498302936553955
4.222222222222222,-6.615213394165039
26.22222222222222,-1.5480163097381592
-5.0,-6.608520984649658
-2.2222222222222223,-1.0418610572814941
1.1111111111111112,-4.170753002166748
-10.0,-4.074355602264404
4.555555555555555,-0.488800048828125
3.6666666666666665,-1.5037612915039062
-11.666666666666666,-5.96337366104126
12.22222222222222,2.2797207832336426
-0.3333333333333333,-2.822364330291748
-9.11111111111111,-6.244231224060059
-1.4444444444444444,-2.218590497970581
-3.4444444444444446,0.509157657623291
-10.11111111111111,0.45593738555908203
-2.111111111111111,2.1245791912078857
15.666666666666666,9.373590469360352
-3.888888888888889,-3.787510395050049
-3.2222222222222223,-1.0812208652496338
2.0,3.704828977584839
-4.666666666666667,-3.47213077545166
1.7777777777777777,-3.952451229095459
1.0,-2.104537010192871
-1.3333333333333333,-2.8558545112609863
-5.222222222222222,-6.8924689292907715
-0.2222222222222222,0.5618870854377747
-3.0,4.0857439041137695
-6.555555555555555,-5.377927780151367
-1.3333333333333333,-5.374859809875488
-2.111111111111111,-2.4038891792297363
9.555555555555555,-2.3187549114227295
0.7777777777777778,-3.5070526599884033
38.11111111111112,16.402366638183594
0.0,-1.239516258239746
-4.222222222222222,-0.5656075477600098
1.3333333333333333,1.1984426975250244
8.555555555555555,-0.018979549407958984
-3.555555555555556,-2.8917715549468994
33.0,16.153425216674805
-4.777777777777778,-2.523998975753784
29.0,7.787003993988037
-12.555555555555555,2.511744976043701
2.111111111111111,1.653377890586853
-3.2222222222222223,-2.62607741355896
-7.111111111111111,-4.8388190269470215
-4.222222222222222,-4.739577770233154
-7.444444444444445,-5.630394458770752
-10.0,-2.5086026191711426
7.888888888888889,3.2588226795196533
1.6666666666666667,-0.48781681060791016
-4.0,-5.451378345489502
-2.888888888888889,-4.685707092285156
0.5555555555555556,5.966071128845215
-14.333333333333334,-2.640228748321533
-9.0,0.2884988784790039
-4.888888888888889,-0.9440083503723145
-4.111111111111111,-2.200535297393799
-0.5555555555555556,2.010030746459961
-1.6666666666666667,-2.340127468109131
-1.3333333333333333,1.8676128387451172
-5.666666666666667,7.4292144775390625
-6.111111111111111,4.266996383666992
0.8888888888888888,0.8279677629470825
-5.0,4.333041667938232
-14.77777777777778,2.37634015083313
0.8888888888888888,7.372220993041992
2.2222222222222223,12.872770309448242
2.7777777777777777,-1.2951160669326782
7.666666666666667,-1.0701045989990234
-2.555555555555556,3.9526922702789307
-5.111111111111111,2.752730131149292
-1.1111111111111112,-1.816263198852539
8.222222222222221,15.546300888061523
9.333333333333334,-4.4541449546813965
7.888888888888889,16.58254051208496
0.3333333333333333,-3.614966630935669
-8.0,-4.988549709320068
-7.555555555555555,5.659045219421387
-4.777777777777778,-4.39127254486084
-0.3333333333333333,1.8302862644195557
-5.333333333333333,-1.754885196685791
4.333333333333333,-0.05248737335205078
-1.4444444444444444,0.6382675170898438
-2.888888888888889,-6.932466506958008
3.111111111111111,-5.839138984680176
17.333333333333332,9.745448112487793
2.0,2.6532504558563232
-13.88888888888889,-7.067904949188232
-4.444444444444445,0.9158766269683838
-11.666666666666666,-8.273797988891602
-4.444444444444445,-3.0547704696655273
-4.222222222222222,2.463491678237915
-7.333333333333333,-0.17608976364135742
-3.2222222222222223,-12.299245834350586
-3.4444444444444446,-1.1414963006973267
-3.111111111111111,-1.1410884857177734
-5.333333333333333,-1.3831781148910522
7.888888888888889,5.315525531768799
19.88888888888889,24.3939208984375
-0.1111111111111111,1.2793223857879639
-2.555555555555556,0.5784622430801392
-6.888888888888889,2.6316428184509277
-6.111111111111111,14.065099716186523
-1.5555555555555556,-0.5895652770996094
-4.333333333333333,-11.67585563659668
0.6666666666666666,-4.177980899810791
-24.0,-3.268212080001831
-4.222222222222222,-0.9488036632537842
-1.0,3.948537826538086
1.3333333333333333,-3.3211770057678223
-12.666666666666666,-7.254207134246826
-7.0,-5.013676166534424
-1.3333333333333333,-1.2575125694274902
-7.0,-3.921761989593506
5.888888888888889,-3.353257656097412
-8.11111111111111,4.0576276779174805
-5.777777777777778,-6.367736339569092
-2.888888888888889,-1.7009644508361816
-12.77777777777778,-1.3943848609924316
-6.444444444444445,-6.712312698364258
-2.4444444444444446,-4.721512794494629
6.0,3.770939826965332
-8.666666666666666,3.0995757579803467
-2.111111111111111,3.393540620803833
11.11111111111111,-3.1452200412750244
5.333333333333333,-2.1395585536956787
2.4444444444444446,-3.930050849914551
-3.7777777777777777,-5.6461334228515625
-1.8888888888888888,7.655450820922852
-0.7777777777777778,-6.8774824142456055
-5.111111111111111,-8.003793716430664
0.6666666666666666,-0.6359123587608337
-1.3333333333333333,2.974762439727783
18.77777777777778,13.942473411560059
7.0,2.7638468742370605
-22.55555555555556,-1.5123393535614014
-5.333333333333333,-1.065420150756836
-0.7777777777777778,-1.239134669303894
10.444444444444445,-5.038308143615723
-1.4444444444444444,-11.065479278564453
-0.8888888888888888,-4.38054895401001
10.0,-1.5471323728561401
23.0,8.109457969665527
0.1111111111111111,-1.031585693359375
-1.6666666666666667,-0.9389762878417969
-8.88888888888889,-2.6489174365997314
-10.444444444444445,-4.462087631225586
-1.0,-2.0604686737060547
0.6666666666666666,-3.298454999923706
-4.111111111111111,-5.4439616203308105
18.11111111111111,-1.1174659729003906
-1.3333333333333333,-2.2677412033081055
-6.333333333333333,-8.027369499206543
-6.666666666666667,-4.753410816192627
-4.111111111111111,2.0870916843414307
-7.555555555555555,-4.7203779220581055
-10.555555555555555,-3.221672296524048
0.5555555555555556,-0.32622280716896057
5.555555555555555,-4.929744720458984
-0.1111111111111111,-9.870429992675781
-2.888888888888889,-1.9211630821228027
2.4444444444444446,-2.568647861480713
-2.888888888888889,-3.5602807998657227
18.666666666666668,10.320666313171387
1.2222222222222223,1.3721165657043457
-2.2222222222222223,-4.24057149887085
-1.0,-4.282140731811523
5.222222222222222,4.007569313049316
4.222222222222222,2.411424398422241
-0.2222222222222222,-2.0735867023468018
16.444444444444443,-3.8304286003112793
-8.0,-4.2008843421936035
-11.666666666666666,-12.361506462097168
0.1111111111111111,2.5149946212768555
2.2222222222222223,0.9530789852142334
-5.333333333333333,-7.809642791748047
-2.333333333333333,0.22771567106246948
-3.555555555555556,-1.6278064250946045
-3.111111111111111,0.12947988510131836
-9.22222222222222,0.2218390703201294
-9.666666666666666,-13.269533157348633
-6.333333333333333,-2.32344651222229
-8.333333333333334,-1.6358596086502075
-11.555555555555555,-9.216689109802246
-8.333333333333334,4.744529724121094e-05
25.0,4.2303056716918945
-5.222222222222222,-4.554498672485352
3.555555555555556,1.849776268005371
-2.333333333333333,-4.478555202484131
-13.666666666666666,-1.3565404415130615
-2.333333333333333,-6.595859527587891
-6.444444444444445,-4.453348159790039
10.22222222222222,0.6689589023590088
-4.888888888888889,-3.301027536392212
6.444444444444445,8.573646545410156
2.0,-4.994856357574463
15.0,-2.7548904418945312
-10.0,2.6093616485595703
-5.666666666666667,-3.2735843658447266
-3.7777777777777777,-3.5559802055358887
1.2222222222222223,0.3931772708892822
-1.4444444444444444,-5.179791450500488
-4.222222222222222,-3.8438024520874023
2.4444444444444446,5.603503227233887
2.333333333333333,-2.56901478767395
-7.666666666666667,0.1846010684967041
-0.2222222222222222,0.2208564281463623
0.2222222222222222,-0.15641427040100098
1.2222222222222223,-7.510528564453125
-4.888888888888889,-1.8204293251037598
-1.2222222222222223,-1.9340882301330566
0.7777777777777778,-4.684784412384033
-1.5555555555555556,-4.484635829925537
-4.444444444444445,-3.0035808086395264
-1.1111111111111112,-5.150084495544434
-3.111111111111111,-5.078916072845459
-0.2222222222222222,-1.3608627319335938
3.0,0.45699596405029297
30.0,13.801311492919922
12.88888888888889,22.298248291015625
-0.3333333333333333,-3.116652488708496
41.55555555555556,-3.745932102203369
-13.333333333333334,-4.231738090515137
-10.555555555555555,-8.44839096069336
0.7777777777777778,-5.529156684875488
0.3333333333333333,-3.841414451599121
-3.555555555555556,1.916247844696045
7.222222222222222,1.3055510520935059
4.666666666666667,3.8222477436065674
-9.88888888888889,-3.4308910369873047
-6.111111111111111,-4.326172351837158
-3.4444444444444446,-5.780192852020264
7.888888888888889,8.736456871032715
0.2222222222222222,-3.5160350799560547
-0.3333333333333333,-7.8828558921813965
2.4444444444444446,9.333168029785156
0.3333333333333333,0.5540664196014404
-4.777777777777778,-13.414944648742676
-2.111111111111111,-0.8813523054122925
-6.111111111111111,-0.5122626423835754
3.333333333333333,4.561223983764648
0.8888888888888888,-4.045860767364502
-4.777777777777778,-0.7810136079788208
-3.888888888888889,-2.0045721530914307
-10.0,-3.234868288040161
-21.33333333333333,-2.0041697025299072
-4.444444444444445,2.56711483001709
2.0,3.0914089679718018
-5.222222222222222,-3.759927272796631
1.2222222222222223,1.1103707551956177
-9.666666666666666,-2.3897862434387207
-7.222222222222222,0.39765071868896484
-6.555555555555555,-2.3838725090026855
-8.777777777777779,-3.309952974319458
-8.11111111111111,0.8097501993179321
0.3333333333333333,-3.6082165241241455
0.4444444444444444,0.29938840866088867
0.1111111111111111,-2.783991813659668
13.22222222222222,3.0873560905456543
-3.888888888888889,-3.7963528633117676
-0.8888888888888888,2.890092372894287
-4.777777777777778,-2.674318313598633
-9.22222222222222,-0.5032215118408203
3.111111111111111,-1.0013595819473267
2.2222222222222223,4.509754657745361
-10.555555555555555,-4.413050651550293
-1.0,-2.8111956119537354
-11.0,1.174863338470459
-4.666666666666667,-1.964537501335144
-4.0,1.6823667287826538
3.6666666666666665,-3.2145864963531494
-1.0,-0.4105706810951233
3.0,-0.8181898593902588
-9.444444444444445,0.7575201392173767
3.333333333333333,4.068656921386719
-4.111111111111111,-0.3976386785507202
6.555555555555555,4.762439727783203
3.333333333333333,10.466235160827637
-7.222222222222222,-2.820444107055664
0.4444444444444444,-0.12397050857543945
-2.7777777777777777,-3.1234703063964844
-2.2222222222222223,-0.9844634532928467
-2.6666666666666665,-7.397671222686768
-1.7777777777777777,-4.550158500671387
13.22222222222222,19.36418342590332
-3.2222222222222223,2.8120412826538086
-6.888888888888889,-5.796075820922852
-8.666666666666666,-2.4964704513549805
2.0,0.1286391019821167
0.0,0.302398681640625
-2.888888888888889,0.165166974067688
-5.888888888888889,-4.55922794342041
5.555555555555555,0.9949004054069519
-4.0,-0.7383801937103271
6.444444444444445,2.8546836376190186
-3.555555555555556,1.0984772443771362
-1.3333333333333333,-1.8522697687149048
2.0,-1.2075185775756836
-6.0,-4.337496757507324
-18.88888888888889,-0.4992256164550781
-13.555555555555555,-5.37718391418457
-2.888888888888889,1.7444798946380615
6.444444444444445,-1.163973093032837
-4.111111111111111,-3.0796313285827637
-6.555555555555555,-3.3674418926239014
-3.111111111111111,-4.442110538482666
-1.5555555555555556,-6.542866230010986
-1.7777777777777777,-3.784550189971924
5.555555555555555,-3.3373970985412598
-1.5555555555555556,-0.30775177478790283
12.77777777777778,2.7600302696228027
-7.777777777777778,-1.1648955345153809
1.3333333333333333,-2.2714779376983643
-2.555555555555556,-3.6456217765808105
19.22222222222222,15.445890426635742
4.666666666666667,-2.028491735458374
-5.888888888888889,-1.0311198234558105
-7.888888888888889,-3.611520767211914
10.77777777777778,-2.5981969833374023
32.111111111111114,11.621928215026855
-5.666666666666667,-3.9218239784240723
9.11111111111111,-2.9648544788360596
8.777777777777779,-0.6818809509277344
-9.11111111111111,-3.989163637161255
4.555555555555555,-2.0177454948425293
3.4444444444444446,1.8654539585113525
-11.555555555555555,-4.25685453414917
-3.0,-3.7053143978118896
-5.222222222222222,-3.1395576000213623
1.1111111111111112,-3.8114452362060547
-9.555555555555555,-5.617912769317627
-3.888888888888889,-0.30538058280944824
-0.3333333333333333,-2.3553905487060547
1.6666666666666667,-4.748045444488525
-8.555555555555555,-0.6489269733428955
11.333333333333334,1.3281484842300415
8.88888888888889,-3.247593641281128
-4.222222222222222,3.0883941650390625
-0.6666666666666666,-0.287473201751709
-8.333333333333334,-4.824212074279785
-2.888888888888889,-1.0548714399337769
-9.77777777777778,-6.511897563934326
-2.4444444444444446,-4.286706924438477
7.222222222222222,1.0259829759597778
-11.11111111111111,-3.417450428009033
-3.2222222222222223,-2.418342351913452
3.555555555555556,-0.20006799697875977
-1.2222222222222223,-4.53531551361084
-15.11111111111111,2.941112756729126
-8.222222222222221,-3.591252565383911
1.5555555555555556,-4.016730785369873
-6.222222222222222,-5.6752214431762695
-2.888888888888889,-1.158742904663086
-1.3333333333333333,-0.417130708694458
4.0,-2.591540813446045
5.666666666666667,11.76945972442627
6.777777777777778,5.371968746185303
-3.6666666666666665,-2.1019365787506104
-5.222222222222222,0.8483800888061523
-6.0,-4.5014238357543945
0.4444444444444444,-1.9955775737762451
-4.444444444444445,0.2716243267059326
-6.888888888888889,0.9563612341880798
-0.1111111111111111,-2.6639277935028076
-5.555555555555555,-2.4747726917266846
-8.666666666666666,1.2758572101593018
3.4444444444444446,-4.020315170288086
-0.8888888888888888,-1.8149653673171997
-2.6666666666666665,0.3170044422149658
-1.3333333333333333,-3.3831276893615723
2.4444444444444446,-1.032071828842163
-9.22222222222222,-8.013960838317871
-12.333333333333334,-2.0935657024383545
25.666666666666668,3.4377355575561523
2.4444444444444446,-3.926180839538574
2.2222222222222223,-0.28188180923461914
-1.2222222222222223,0.8360705971717834
-2.6666666666666665,-2.9829375743865967
-5.333333333333333,-18.07839584350586
0.0,0.8995058536529541
-1.4444444444444444,-5.847325325012207
-3.555555555555556,0.43404853343963623
-0.5555555555555556,-5.596696376800537
-5.222222222222222,3.4128530025482178
-2.0,-0.08856630325317383
3.555555555555556,-1.0961742401123047
3.555555555555556,0.4560556411743164
-1.0,0.9848423004150391
5.222222222222222,0.37435901165008545
-11.11111111111111,-1.0030263662338257
-6.222222222222222,-4.656353950500488
-8.11111111111111,-0.18509340286254883
5.333333333333333,-2.49747371673584
-1.8888888888888888,0.8096275329589844
1.7777777777777777,3.460594892501831
-1.4444444444444444,-3.1708173751831055
-2.0,-6.647088050842285
-10.22222222222222,-0.50185227394104
2.2222222222222223,-0.3289114832878113
7.111111111111111,2.781214475631714
-5.0,-3.512269973754883
23.33333333333333,2.859569787979126
2.888888888888889,-0.18729782104492188
-0.3333333333333333,-0.7930458784103394
-2.7777777777777777,-1.3035012483596802
20.11111111111111,2.5608747005462646
-6.555555555555555,-3.818495273590088
-5.888888888888889,-1.2446907758712769
-13.0,-3.7202930450439453
-2.6666666666666665,-2.9576218128204346
-4.666666666666667,-0.8184621930122375
0.8888888888888888,-1.6455769538879395
-2.111111111111111,-1.7960200309753418
21.55555555555556,12.607654571533203
4.444444444444445,-3.3304545879364014
1.2222222222222223,-3.384687900543213
13.333333333333334,10.577140808105469
-17.22222222222222,-5.306284427642822
13.11111111111111,-1.5674840211868286
3.555555555555556,0.5574843883514404
-3.4444444444444446,-5.861969470977783
11.22222222222222,1.5366019010543823
-4.555555555555555,3.9675722122192383
1.4444444444444444,-1.9619348049163818
-5.0,-4.259607791900635
15.22222222222222,13.94059944152832
4.444444444444445,-4.342807292938232
-7.666666666666667,-3.323310613632202
-3.111111111111111,-0.5504699349403381
-6.666666666666667,-2.1516740322113037
0.4444444444444444,-3.2903354167938232
-4.111111111111111,-3.3292956352233887
-2.2222222222222223,-2.963317394256592
16.88888888888889,13.18075180053711
-4.0,-5.206272602081299
-11.333333333333334,-0.8351573944091797
0.5555555555555556,-4.943244934082031
8.777777777777779,10.572989463806152
1.0,-1.728702425956726
-3.2222222222222223,-3.289916753768921
0.0,0.20630425214767456
3.2222222222222223,1.859837293624878
1.2222222222222223,9.910720825195312
-4.111111111111111,-1.1096922159194946
-2.4444444444444446,0.577040433883667
2.0,-4.198124885559082
-4.444444444444445,-3.831681966781616
-8.666666666666666,-4.419483184814453
-1.7777777777777777,2.8063035011291504
-4.333333333333333,-0.9183435440063477
-5.333333333333333,3.616461753845215
2.0,4.312563896179199
-0.2222222222222222,-0.8579963445663452
4.222222222222222,-0.19299006462097168
6.444444444444445,-1.5805168151855469
-15.88888888888889,-3.063184976577759
21.0,16.096542358398438
9.444444444444445,10.676106452941895
1.2222222222222223,3.378404140472412
-7.888888888888889,-2.920137405395508
-2.4444444444444446,-5.522019863128662
4.111111111111111,-3.509194850921631
3.888888888888889,3.4399473667144775
-4.111111111111111,-3.819680690765381
-5.333333333333333,-0.5895311832427979
31.22222222222222,-1.8410661220550537
-4.888888888888889,-4.551463603973389
-5.777777777777778,-5.922730445861816
-1.8888888888888888,-0.08417767286300659
19.55555555555556,3.9489645957946777
-2.0,-6.5570220947265625
3.111111111111111,2.6818201541900635
-1.1111111111111112,-3.852692127227783
11.22222222222222,-1.880405306816101
3.555555555555556,-3.429664134979248
-0.8888888888888888,-4.708118915557861
24.88888888888889,10.845869064331055
-4.111111111111111,0.89854896068573
13.88888888888889,22.01786231994629
-1.5555555555555556,-3.7618024349212646
-7.111111111111111,-3.889647960662842
-15.666666666666666,-5.760670185089111
-22.88888888888889,-1.9740502834320068
9.666666666666666,1.2503926753997803
2.2222222222222223,10.642437934875488
-3.4444444444444446,-2.3954074382781982
-6.555555555555555,-4.576109886169434
-14.0,-2.134734869003296
2.2222222222222223,6.161240100860596
1.2222222222222223,0.28089582920074463
-5.333333333333333,3.816462516784668
-6.333333333333333,-2.7283496856689453
-4.0,-0.6529247760772705
-3.2222222222222223,-3.1909494400024414
-1.8888888888888888,-1.4937825202941895
0.3333333333333333,-1.4150136709213257
7.777777777777778,-1.0001962184906006
-1.0,-6.773593902587891
-1.6666666666666667,-0.6623318195343018
-17.22222222222222,-4.738213539123535
-2.333333333333333,-2.2229886054992676
11.666666666666666,6.933076858520508
-0.6666666666666666,1.3772649765014648
1.2222222222222223,-3.0309932231903076
19.33333333333333,0.22716200351715088
-3.888888888888889,-2.616309404373169
9.333333333333334,-4.0306782722473145
-2.555555555555556,-0.2884037494659424
-7.555555555555555,-2.4142935276031494
-0.1111111111111111,-1.565535545349121
3.888888888888889,-2.6449215412139893
-7.888888888888889,-2.783254623413086
-1.0,3.2035257816314697
-1.2222222222222223,1.5256634950637817
-6.222222222222222,-3.3798258304595947
-1.3333333333333333,-2.7442119121551514
-3.4444444444444446,1.0771764516830444
0.7777777777777778,-0.9922384023666382
-6.333333333333333,-5.874765396118164
-8.666666666666666,-2.075591802597046
-0.3333333333333333,-6.140013694763184
1.1111111111111112,1.4100372791290283
3.7777777777777777,8.720410346984863
-4.888888888888889,1.5629723072052002
7.666666666666667,5.8035664558410645
7.333333333333333,3.041398286819458
10.11111111111111,-1.730621099472046
-2.7777777777777777,1.5792009830474854
-3.555555555555556,2.147956132888794
-4.0,-6.874499797821045
-5.333333333333333,0.24516040086746216
1.6666666666666667,-2.1832292079925537
-2.555555555555556,-3.256908655166626
12.22222222222222,8.233038902282715
-2.888888888888889,-6.470732688903809
-4.444444444444445,-1.036702275276184
-3.6666666666666665,-5.28489351272583
-0.7777777777777778,-5.977395534515381
6.333333333333333,-2.520782709121704
-9.555555555555555,-0.05320769548416138
-6.111111111111111,-2.3729310035705566
0.8888888888888888,-1.9516469240188599
4.222222222222222,0.2978549003601074
-26.0,-0.06319820880889893
12.88888888888889,2.2940049171447754
-4.444444444444445,-2.9751029014587402
-3.6666666666666665,-3.20706844329834
2.0,-0.6297051310539246
-8.11111111111111,-9.347060203552246
-0.2222222222222222,-6.127244472503662
4.888888888888889,-0.6255816221237183
-4.888888888888889,-3.77652907371521
-3.555555555555556,-0.6823819875717163
6.888888888888889,3.8530259132385254
13.333333333333334,5.367778778076172
1.5555555555555556,-1.2025340795516968
-3.4444444444444446,-1.0303421020507812
0.1111111111111111,-1.3115899562835693
3.2222222222222223,-4.897264003753662
-6.222222222222222,-1.115034580230713
-7.0,-2.600917100906372
4.333333333333333,3.5886456966400146
0.7777777777777778,-3.693363904953003
2.4444444444444446,-0.8420395851135254
-0.2222222222222222,2.532313585281372
7.333333333333333,-3.046140193939209
0.3333333333333333,-1.6683504581451416
-2.6666666666666665,1.9389102458953857
0.2222222222222222,5.296623229980469
-2.555555555555556,-1.26246976852417
-2.2222222222222223,-3.643284320831299
-1.2222222222222223,6.344522476196289
8.777777777777779,-2.842349052429199
-1.3333333333333333,-2.1579384803771973
5.222222222222222,-2.6025705337524414
0.1111111111111111,-3.038628101348877
-3.333333333333333,-3.877871036529541
2.6666666666666665,-1.3736101388931274
-6.555555555555555,-6.910264015197754
-17.88888888888889,-2.1981594562530518
5.555555555555555,-2.007828950881958
6.333333333333333,1.5823299884796143
4.777777777777778,-1.382272481918335
11.22222222222222,2.967888355255127
1.6666666666666667,6.805948734283447
-11.22222222222222,-6.513636112213135
-4.555555555555555,-3.0268239974975586
-4.222222222222222,-4.557742118835449
0.5555555555555556,-3.694671630859375
-8.11111111111111,-6.576158046722412
10.0,3.551723003387451
3.888888888888889,0.18758106231689453
-2.555555555555556,-1.0575156211853027
-3.333333333333333,-0.47120368480682373
0.7777777777777778,-2.040536403656006
-4.0,-8.634567260742188
-2.333333333333333,2.4615206718444824
1.8888888888888888,-1.9225802421569824
19.88888888888889,-1.1223586797714233
-12.333333333333334,8.191484451293945
-5.222222222222222,4.532955646514893
-7.777777777777778,-1.647852897644043
0.6666666666666666,2.7299468517303467
0.7777777777777778,-10.308834075927734
4.444444444444445,-2.692981243133545
-5.111111111111111,4.049367904663086
-3.333333333333333,-0.4861683249473572
-14.77777777777778,-4.526242733001709
5.0,2.6249237060546875
-2.0,-2.475597620010376
-1.6666666666666667,-2.1774840354919434
-1.5555555555555556,1.1318223476409912
-2.4444444444444446,-2.6890041828155518
7.777777777777778,5.785425186157227
1.2222222222222223,-1.7695896625518799
-9.11111111111111,-1.6743388175964355
-1.8888888888888888,-8.118521690368652
-5.555555555555555,-1.333907127380371
1.3333333333333333,-4.443794250488281
-0.5555555555555556,6.123454570770264
-7.222222222222222,0.8048434257507324
15.444444444444445,9.262918472290039
-13.22222222222222,-1.3443025350570679
-6.111111111111111,-3.80576229095459
-0.7777777777777778,-2.3165812492370605
-13.0,2.899994373321533
-7.111111111111111,-4.26958703994751
-5.777777777777778,-0.4372529983520508
-2.111111111111111,-0.7739784717559814
-5.444444444444445,-4.139062404632568
-3.333333333333333,-1.5725055932998657
0.0,-1.3118420839309692
3.0,0.570597767829895
26.444444444444443,8.94605827331543
2.6666666666666665,0.8005263805389404
-6.555555555555555,0.570597767829895
-4.777777777777778,3.34482741355896
5.222222222222222,4.493159294128418
-16.666666666666668,-4.196026802062988
5.888888888888889,-0.5564090013504028
-5.0,-2.3855040073394775
-4.555555555555555,-1.3262584209442139
-4.555555555555555,-3.7559456825256348
2.2222222222222223,-5.011636734008789
1.5555555555555556,-0.47118353843688965
-0.8888888888888888,-1.6246366500854492
-8.444444444444445,-3.1939969062805176
-2.7777777777777777,0.4481542706489563
4.0,-2.9335668087005615
-0.1111111111111111,0.607466459274292
7.555555555555555,3.1228394508361816
-2.333333333333333,-0.5787477493286133
-4.333333333333333,-4.3558149337768555
0.3333333333333333,-1.4315080642700195
-3.0,-1.3021535873413086
3.333333333333333,-4.228435516357422
-4.555555555555555,-1.5687261819839478
1.3333333333333333,-1.7028999328613281
1.6666666666666667,1.5011574029922485
-4.555555555555555,-6.3261871337890625
15.22222222222222,6.696293354034424
-3.7777777777777777,-4.443886756896973
-0.3333333333333333,-1.8270978927612305
-2.111111111111111,1.2845962047576904
-1.7777777777777777,2.768988847732544
-0.7777777777777778,1.2969744205474854
-4.888888888888889,-1.9306825399398804
-3.111111111111111,-2.4284167289733887
-1.4444444444444444,-2.9630961418151855
-5.777777777777778,3.6802985668182373
16.88888888888889,7.397127151489258
0.1111111111111111,-0.8406213521957397
-4.888888888888889,-1.5246853828430176
3.4444444444444446,-1.3058271408081055
-2.555555555555556,-6.656633377075195
0.0,-1.711138129234314
0.8888888888888888,1.8031595945358276
-20.0,-3.170419216156006
3.333333333333333,-4.817690372467041
-2.4444444444444446,-8.71627140045166
-8.777777777777779,-0.2590077519416809
-6.666666666666667,-0.07782208919525146
-2.888888888888889,-3.2134339809417725
-5.444444444444445,-4.459073066711426
-8.555555555555555,5.142704486846924
-0.4444444444444444,-4.1397905349731445
-2.111111111111111,-2.04317045211792
3.4444444444444446,-1.3213392496109009
-7.333333333333333,-2.3057897090911865
-1.4444444444444444,-2.405113935470581
-11.88888888888889,1.232110619544983
-5.555555555555555,1.5212626457214355
-6.333333333333333,2.7165071964263916
-1.0,-2.65986704826355
0.4444444444444444,4.933891296386719
-11.444444444444445,-5.284233093261719
7.222222222222222,-1.0064094066619873
-2.333333333333333,4.303892612457275
-8.222222222222221,-1.6564269065856934
1.7777777777777777,2.883273124694824
-11.333333333333334,0.94386887550354
-4.333333333333333,4.707442760467529
-9.555555555555555,-3.8470311164855957
0.4444444444444444,12.221126556396484
-8.777777777777779,-4.258105278015137
-8.333333333333334,-1.4975119829177856
-2.333333333333333,-1.9665002822875977
19.55555555555556,1.6876466274261475
-7.222222222222222,-3.1586904525756836
-2.888888888888889,-2.4659223556518555
-19.77777777777778,-7.201930999755859
7.111111111111111,-1.7615344524383545
-4.0,-9.023346900939941
-8.444444444444445,-2.8667380809783936
6.444444444444445,-1.5097410678863525
13.11111111111111,1.5124225616455078
-1.6666666666666667,0.557758092880249
1.7777777777777777,-0.8676893711090088
-3.6666666666666665,-2.617372512817383
15.444444444444445,17.53777313232422
-0.3333333333333333,6.544051647186279
37.0,6.957902908325195
-4.666666666666667,-2.4210848808288574
-6.0,-6.428903579711914
34.55555555555556,21.36163902282715
-1.7777777777777777,11.651656150817871
-3.888888888888889,2.532902240753174
20.77777777777778,10.404104232788086
-4.777777777777778,-2.3454463481903076
-4.555555555555555,-2.1827385425567627
-10.88888888888889,-3.2692174911499023
-19.88888888888889,0.00139617919921875
0.3333333333333333,-3.9796910285949707
-0.6666666666666666,-0.8228509426116943
-11.444444444444445,0.8496959209442139
-6.666666666666667,-0.9579176902770996
23.666666666666668,2.4306399822235107
2.0,1.4798873662948608
-4.222222222222222,-3.8335795402526855
-3.2222222222222223,-0.11361062526702881
-2.555555555555556,-4.198108196258545
-0.6666666666666666,-2.139859437942505
-6.222222222222222,2.574643135070801
2.888888888888889,-2.9736618995666504
-0.8888888888888888,-1.0269231796264648
0.1111111111111111,-0.7340633869171143
0.6666666666666666,-2.7039105892181396
-23.88888888888889,-1.7358579635620117
-2.555555555555556,-1.3333046436309814
0.5555555555555556,14.20943546295166
-3.0,-5.104355812072754
-10.555555555555555,-5.453495502471924
3.333333333333333,3.602827787399292
3.111111111111111,10.374653816223145
0.2222222222222222,-0.7296929359436035
-2.7777777777777777,-4.6622209548950195
-1.3333333333333333,-2.073472023010254
-2.6666666666666665,-0.349367618560791
-10.555555555555555,1.1745491027832031
-2.0,-4.3886847496032715
-1.7777777777777777,-2.5060696601867676
-1.4444444444444444,1.0260915756225586
-12.88888888888889,-1.2604337930679321
-5.666666666666667,9.837566375732422
23.0,23.32331657409668
0.2222222222222222,-5.184083461761475
14.666666666666666,5.630271911621094
5.0,0.9400975704193115
-4.222222222222222,-1.8072408437728882
-8.0,-2.409686326980591
1.5555555555555556,1.9097133874893188
0.1111111111111111,2.9763050079345703
2.333333333333333,-0.019495129585266113
-3.7777777777777777,-1.5177992582321167
-0.2222222222222222,-0.639022946357727
2.555555555555556,-0.5925701260566711
-10.333333333333334,-10.029947280883789
0.3333333333333333,-2.229670524597168
-7.0,-6.353968620300293
-9.88888888888889,-5.476765155792236
4.666666666666667,1.727663516998291
-1.8888888888888888,1.528894305229187
-3.888888888888889,-1.3732631206512451
-13.0,1.510878086090088
4.333333333333333,3.5114192962646484
-2.7777777777777777,-1.4838769435882568
-2.4444444444444446,-0.27852797508239746
9.444444444444445,14.02933120727539
14.666666666666666,2.8162360191345215
-5.555555555555555,-3.4662842750549316
-3.4444444444444446,-2.4138686656951904
-9.333333333333334,-6.309192180633545
-1.8888888888888888,-0.3764939308166504
-2.333333333333333,-3.762049913406372
5.555555555555555,4.503489971160889
-3.111111111111111,0.18413615226745605
11.88888888888889,8.809056282043457
-10.22222222222222,-3.3343253135681152
2.888888888888889,2.6200804710388184
9.555555555555555,-0.8963150978088379
-0.4444444444444444,-2.4026525020599365
-7.333333333333333,1.4976739883422852
-8.666666666666666,-5.277684211730957
-5.777777777777778,-4.301790237426758
6.777777777777778,-2.7566823959350586
-7.444444444444445,-8.216817855834961
-0.5555555555555556,0.03931856155395508
-2.7777777777777777,-3.27073335647583
-4.222222222222222,-3.1464626789093018
-3.555555555555556,-4.193863868713379
0.4444444444444444,3.659482955932617
2.6666666666666665,12.123861312866211
15.444444444444445,13.804688453674316
0.8888888888888888,-1.7182822227478027
-3.0,-2.9916744232177734
-3.888888888888889,-2.574019193649292
-2.888888888888889,-5.9864654541015625
-8.333333333333334,-0.17669057846069336
-5.333333333333333,-10.119105339050293
-2.0,-5.0669965744018555
-5.111111111111111,-5.356970310211182
-1.6666666666666667,-2.4405064582824707
1.8888888888888888,-2.196667194366455
-6.0,-2.7198877334594727
3.6666666666666665,3.5670888423919678
4.444444444444445,-4.180941581726074
-6.333333333333333,-4.629049301147461
-5.0,-5.695720195770264
-4.222222222222222,-3.654088020324707
-4.111111111111111,-2.349058151245117
-0.7777777777777778,-7.149041175842285
0.3333333333333333,-1.4971431493759155
-2.888888888888889,-0.26049041748046875
-2.7777777777777777,-6.4538397789001465
5.666666666666667,-1.5120244026184082
-2.7777777777777777,-5.6453351974487305
0.3333333333333333,0.8503117561340332
0.6666666666666666,2.2364163398742676
-10.666666666666666,-0.2540013790130615
-8.88888888888889,-2.39485502243042
2.4444444444444446,-4.420403003692627
-13.555555555555555,-3.2965829372406006
2.4444444444444446,14.68039321899414
-1.6666666666666667,-2.4725992679595947
18.444444444444443,2.0899569988250732
-3.333333333333333,-4.283799171447754
-2.888888888888889,-4.887063503265381
-4.222222222222222,-5.802868843078613
-1.1111111111111112,4.178286075592041
-3.7777777777777777,0.6558319330215454
31.11111111111111,3.3261327743530273
-2.2222222222222223,-1.1004902124404907
-3.555555555555556,-6.926977157592773
-3.888888888888889,-1.5237059593200684
-6.666666666666667,-3.8238792419433594
-1.5555555555555556,-5.697824001312256
0.5555555555555556,-5.257167816162109
-4.222222222222222,-3.8227462768554688
-18.22222222222222,-5.109878063201904
-2.333333333333333,-8.827288627624512
0.2222222222222222,-5.022218227386475
3.2222222222222223,-1.5055994987487793
3.4444444444444446,-1.9531376361846924
-2.333333333333333,0.35918283462524414
2.7777777777777777,-0.13902044296264648
1.3333333333333333,-4.438361167907715
-4.777777777777778,-6.066783905029297
-8.11111111111111,-6.1533613204956055
-0.7777777777777778,-2.446398973464966
-7.444444444444445,-7.33386754989624
1.3333333333333333,4.867186069488525
-3.111111111111111,-3.0498433113098145
13.444444444444445,6.222949504852295
13.77777777777778,9.275747299194336
-2.888888888888889,4.967360496520996
-3.111111111111111,-1.7538079023361206
-4.333333333333333,-3.8895716667175293
3.2222222222222223,5.59804630279541
-0.1111111111111111,-7.072213649749756
0.3333333333333333,-0.34283447265625
0.0,-1.1873966455459595
7.111111111111111,-0.8139529228210449
24.22222222222222,10.433975219726562
-6.0,-8.821929931640625
-11.0,-3.411996841430664
-2.111111111111111,0.3137497007846832
-2.4444444444444446,0.5076696872711182
-2.2222222222222223,-0.8873404264450073
4.222222222222222,-1.4861795902252197
-9.22222222222222,-2.67828106880188
10.333333333333334,4.7842583656311035
-3.555555555555556,-0.5215217471122742
17.555555555555557,10.43671703338623
1.8888888888888888,-3.5113887786865234
1.8888888888888888,-0.6540037393569946
-5.666666666666667,-3.092522144317627
14.88888888888889,11.767507553100586
0.6666666666666666,-4.208984851837158
1.1111111111111112,0.07153332233428955
-3.333333333333333,1.0824434757232666
3.4444444444444446,-3.6262292861938477
-6.555555555555555,-3.579677104949951
-6.888888888888889,-4.8897318840026855
-2.888888888888889,-3.106428623199463
-2.2222222222222223,-1.4467625617980957
2.333333333333333,-0.1647530198097229
-4.666666666666667,-1.6349835395812988
-2.888888888888889,-4.985685348510742
-0.7777777777777778,-4.6443963050842285
-9.77777777777778,2.033782958984375
-4.111111111111111,-3.8229377269744873
-7.777777777777778,-5.28993558883667
-4.111111111111111,-3.7020254135131836
0.8888888888888888,-0.7718505859375
-7.666666666666667,-10.813116073608398
-4.333333333333333,0.90120530128479
-11.666666666666666,-3.9891717433929443
0.2222222222222222,-2.0417652130126953
-3.0,1.7862493991851807
-3.0,-1.6711530685424805
8.444444444444445,11.425926208496094
-6.333333333333333,3.352034568786621
-8.333333333333334,-4.602261543273926
-0.3333333333333333,1.3406034708023071
-7.222222222222222,-0.21958684921264648
-0.3333333333333333,-0.11383271217346191
4.222222222222222,-3.8040690422058105
-2.555555555555556,0.9913419485092163
-8.444444444444445,-4.208807468414307
-4.111111111111111,-0.6766107082366943
-0.1111111111111111,-1.0589560270309448
-2.555555555555556,6.015402793884277
-2.4444444444444446,-5.747992992401123
-2.888888888888889,4.4279632568359375
10.11111111111111,-1.5761674642562866
-2.4444444444444446,5.124673843383789
7.0,2.6998612880706787
-4.222222222222222,-3.0032827854156494
-2.4444444444444446,2.072322368621826
-12.11111111111111,0.11920297145843506
0.3333333333333333,-3.282477855682373
6.111111111111111,0.29550784826278687
-16.666666666666668,-8.591483116149902
1.8888888888888888,11.229541778564453
3.6666666666666665,1.8828370571136475
0.8888888888888888,-4.329174518585205
-6.777777777777778,6.817737579345703
-9.333333333333334,-0.3151301443576813
-13.0,-0.6976439952850342
1.3333333333333333,-4.341845512390137
2.333333333333333,2.554898262023926
-2.888888888888889,-0.23775005340576172
-8.0,2.9897730350494385
1.3333333333333333,-0.2816746234893799
-1.0,-1.318547010421753
1.6666666666666667,0.7774982452392578
8.333333333333334,2.7786660194396973
3.6666666666666665,7.100882053375244
-3.111111111111111,-6.165380954742432
-7.444444444444445,-3.8976664543151855
2.6666666666666665,2.2203218936920166
11.22222222222222,16.296476364135742
-2.0,-2.743786334991455
-2.555555555555556,-4.113594055175781
-6.111111111111111,-4.462173938751221
-5.111111111111111,-2.787477970123291
-8.777777777777779,-3.21757435798645
-10.11111111111111,3.6248855590820312
-0.5555555555555556,-2.157893657684326
1.8888888888888888,-2.8207523822784424
-0.2222222222222222,1.1425104141235352
-13.666666666666666,-4.406413555145264
1.6666666666666667,-1.8836536407470703
6.444444444444445,1.400064468383789
-5.111111111111111,-5.501643180847168
-1.0,2.408318281173706
2.6666666666666665,-3.68011474609375
-4.111111111111111,-1.2392058372497559
-2.2222222222222223,-4.336354732513428
-0.3333333333333333,-2.1194324493408203
-4.888888888888889,-1.6927441358566284
25.11111111111111,20.18206024169922
-10.88888888888889,3.3266687393188477
2.555555555555556,-3.6598432064056396
-0.4444444444444444,-2.640881061553955
-19.55555555555556,-1.6705480813980103
-0.8888888888888888,0.5307060480117798
-6.555555555555555,-2.109549045562744
-4.222222222222222,-2.167468547821045
-5.0,-0.8527061939239502
-4.444444444444445,-5.020655632019043
-2.333333333333333,-0.7296798229217529
-3.888888888888889,-0.21129673719406128
-2.111111111111111,-4.938326358795166
-6.111111111111111,3.1984946727752686
2.2222222222222223,-6.9300856590271
-8.88888888888889,-5.1335225105285645
1.8888888888888888,-0.9426656365394592
24.77777777777778,18.133506774902344
0.3333333333333333,-1.2395519018173218
-2.2222222222222223,3.6660118103027344
8.555555555555555,-0.8922100067138672
-2.7777777777777777,-0.5715585947036743
3.4444444444444446,-2.489929437637329
-2.555555555555556,-1.6781249046325684
2.555555555555556,2.523775815963745
28.88888888888889,8.938727378845215
-18.11111111111111,0.992664098739624
-5.666666666666667,6.021057605743408
-1.0,-4.689245700836182
0.3333333333333333,-5.636603832244873
0.3333333333333333,-4.4366865158081055
-1.3333333333333333,-3.7061822414398193
-4.888888888888889,-6.186935901641846
-7.555555555555555,-4.627188205718994
-6.888888888888889,0.8649234771728516
-4.0,-4.903184413909912
1.6666666666666667,0.8941195011138916
8.666666666666666,-5.9182329177856445
1.7777777777777777,4.646060466766357
0.1111111111111111,-4.657181739807129
13.88888888888889,2.12044358253479
-0.3333333333333333,-2.4440762996673584
8.444444444444445,-1.5416735410690308
-0.2222222222222222,-3.0838229656219482
-6.555555555555555,-4.863739013671875
2.6666666666666665,15.452995300292969
-4.555555555555555,-2.8356800079345703
-0.5555555555555556,3.363804578781128
-1.0,-0.7834672927856445
14.666666666666666,-1.8722102642059326
-2.4444444444444446,-2.7031936645507812
-1.0,-2.6741859912872314
-12.0,-8.964674949645996
-0.5555555555555556,-3.017796039581299
-0.8888888888888888,-5.641424179077148
-6.888888888888889,-3.408252239227295
-4.555555555555555,-1.848525881767273
0.1111111111111111,-4.224510669708252
-5.333333333333333,-1.2624049186706543
-6.777777777777778,-0.004159688949584961
27.88888888888889,11.020439147949219
-7.888888888888889,-7.312303066253662
-0.2222222222222222,-4.622552394866943
6.222222222222222,3.812825918197632
-14.444444444444445,-6.974595069885254
-5.555555555555555,-4.770654678344727
-13.555555555555555,-3.170109748840332
-9.88888888888889,0.3862515091896057
-7.333333333333333,-6.026795864105225
0.0,-6.198159217834473
0.1111111111111111,-2.693657398223877
-5.555555555555555,7.180183410644531
-8.666666666666666,-9.905531883239746
-4.666666666666667,-4.96134614944458
0.4444444444444444,4.596721172332764
0.0,-3.001349925994873
-5.444444444444445,-5.034163475036621
0.2222222222222222,-1.8594136238098145
-16.555555555555557,-7.181082725524902
5.222222222222222,-3.067166805267334
-4.333333333333333,-0.6876165866851807
-2.555555555555556,-0.7905197143554688
15.11111111111111,-0.8467398881912231
-0.6666666666666666,-1.7194387912750244
-0.4444444444444444,-7.467047214508057
-4.333333333333333,-2.6058456897735596
-3.7777777777777777,-6.137219429016113
-2.333333333333333,-2.3739755153656006
2.555555555555556,-2.53513240814209
15.88888888888889,7.072850227355957
-21.88888888888889,-5.071320533752441
21.444444444444443,9.574657440185547
4.333333333333333,4.849155426025391
-1.2222222222222223,-2.290709972381592
1.2222222222222223,-0.44263362884521484
-3.6666666666666665,-3.6358351707458496
3.0,4.013555526733398
-2.333333333333333,3.5387513637542725
-3.888888888888889,-5.7464375495910645
14.444444444444445,7.079442024230957
-4.666666666666667,-1.557347297668457
-4.0,-13.199342727661133
3.0,0.02098226547241211
-6.555555555555555,0.9938852787017822
-4.333333333333333,6.188802719116211
6.888888888888889,4.515347480773926
0.4444444444444444,-1.9578514099121094
-3.6666666666666665,-9.081457138061523
28.444444444444443,4.232757568359375
3.0,-1.5849900245666504
-24.11111111111111,-32.03086853027344
14.22222222222222,11.376320838928223
10.666666666666666,-3.489990711212158
3.4444444444444446,-1.7196471691131592
-6.888888888888889,2.3936150074005127
0.0,2.227503776550293
9.11111111111111,18.923063278198242
-2.888888888888889,-0.6684188842773438
-11.0,-7.756807804107666
-4.111111111111111,10.158964157104492
-4.777777777777778,-1.0329101085662842
22.11111111111111,-2.548983097076416
8.222222222222221,0.7015726566314697
-4.777777777777778,2.4061293601989746
-5.444444444444445,-0.20689725875854492
1.5555555555555556,-2.370234727859497
-3.4444444444444446,1.3207287788391113
-2.555555555555556,4.270899772644043
-5.111111111111111,-0.03286886215209961
-11.333333333333334,3.8868649005889893
-5.777777777777778,-7.20343017578125
-10.555555555555555,-3.2597720623016357
-13.666666666666666,-4.182300567626953
-4.888888888888889,0.9977104663848877
1.2222222222222223,-2.2773749828338623
-5.888888888888889,-9.762372016906738
-2.555555555555556,-8.838778495788574
-9.333333333333334,0.20331454277038574
-9.22222222222222,-2.5179851055145264
-8.333333333333334,3.3465776443481445
-2.0,-1.102156639099121
-5.333333333333333,-2.372901201248169
-0.2222222222222222,-7.415416240692139
0.4444444444444444,-5.892894268035889
-3.333333333333333,-10.004287719726562
1.5555555555555556,-1.8554067611694336
-2.2222222222222223,-3.8887765407562256
-3.888888888888889,-11.003650665283203
11.444444444444445,28.256610870361328
12.666666666666666,17.019935607910156
1.3333333333333333,-1.0036234855651855
-5.555555555555555,-3.5401978492736816
-2.0,-1.271320104598999
-2.0,0.05936431884765625
-5.222222222222222,-13.626565933227539
-0.5555555555555556,-0.14341449737548828
9.333333333333334,4.5404534339904785
5.333333333333333,-3.0492746829986572
-6.0,-2.4875175952911377
-4.777777777777778,-0.4528615474700928
-5.555555555555555,-4.1925554275512695
-7.333333333333333,-3.8988771438598633
9.444444444444445,-0.9531769752502441
2.555555555555556,-4.45218563079834
-1.2222222222222223,-5.56234884262085
-1.1111111111111112,-0.0019937753677368164
-10.0,-8.331820487976074
0.4444444444444444,-3.45491886138916
-4.444444444444445,-2.6167221069335938
-9.666666666666666,-7.193146705627441
1.3333333333333333,-5.2012858390808105
-0.8888888888888888,-2.350067377090454
-1.7777777777777777,-2.6126840114593506
2.2222222222222223,-3.3882510662078857
-2.2222222222222223,-6.820584297180176
0.5555555555555556,-4.65721321105957
-9.88888888888889,-0.8565516471862793
4.444444444444445,7.655534744262695
-1.0,-8.148661613464355
-2.888888888888889,-2.902801513671875
-6.0,-5.702834129333496
-0.2222222222222222,-1.225951075553894
-5.222222222222222,-2.1396946907043457
-3.0,2.2686069011688232
0.5555555555555556,-3.428642511367798
-5.0,-9.294858932495117
-2.6666666666666665,-6.264136791229248
-10.444444444444445,-2.5351505279541016
-0.7777777777777778,-2.912998676300049
7.111111111111111,4.622514724731445
-4.222222222222222,-1.1648228168487549
2.111111111111111,-2.8991262912750244
-0.1111111111111111,-2.403175115585327
42.55555555555556,12.309608459472656
-8.11111111111111,-6.435792446136475
-3.6666666666666665,-3.7842555046081543
-4.777777777777778,-4.399169921875
1.7777777777777777,-4.407281875610352
7.222222222222222,-4.318360805511475
-2.111111111111111,-6.926084518432617
-9.0,-2.7247581481933594
1.3333333333333333,2.272515296936035
-1.4444444444444444,-0.5859508514404297
32.44444444444444,8.667606353759766
10.0,6.3404927253723145
-5.666666666666667,-0.43961066007614136
4.111111111111111,-6.9040937423706055
-9.0,-3.235130548477173
21.22222222222222,8.992527961730957
-6.666666666666667,-0.4922935962677002
3.0,-2.486909866333008
-1.4444444444444444,-5.245090484619141
-0.2222222222222222,-0.45373713970184326
-1.1111111111111112,15.233482360839844
-8.555555555555555,-3.007754325866699
0.7777777777777778,4.006288528442383
4.555555555555555,-2.074169635772705
4.222222222222222,3.986030340194702
-41.333333333333336,-7.966126441955566
-4.888888888888889,-3.3303422927856445
4.555555555555555,1.8218849897384644
2.2222222222222223,1.297279715538025
-1.5555555555555556,-1.8970634937286377
-0.4444444444444444,0.7870709300041199
-0.8888888888888888,0.28526318073272705
10.0,8.510248184204102
-8.222222222222221,-3.791224479675293
18.444444444444443,2.156867742538452
-4.888888888888889,-2.6772239208221436
0.1111111111111111,-1.498760461807251
-5.555555555555555,-6.1512956619262695
-2.4444444444444446,-0.028748393058776855
-5.222222222222222,-5.395535469055176
29.666666666666668,7.741156101226807
0.0,-0.28299784660339355
2.2222222222222223,4.9350905418396
20.88888888888889,1.9280027151107788
-2.333333333333333,-1.7912373542785645
-4.111111111111111,0.980209469795227
-10.444444444444445,-4.569772720336914
-10.77777777777778,-5.605275630950928
-4.666666666666667,-1.7999236583709717
8.777777777777779,2.7931416034698486
-3.2222222222222223,0.33261311054229736
-1.4444444444444444,2.8922815322875977
-1.1111111111111112,1.2093991041183472
6.888888888888889,1.0416619777679443
-5.444444444444445,-3.178069591522217
2.4444444444444446,-3.131157398223877
-12.555555555555555,-1.619342565536499
17.444444444444443,8.746247291564941
0.1111111111111111,-2.0338311195373535
9.666666666666666,1.8208378553390503
-3.0,-2.1368966102600098
3.0,-5.575444221496582
-0.1111111111111111,-3.0556752681732178
-10.333333333333334,-3.120648145675659
1.3333333333333333,-4.546398162841797
-10.77777777777778,-0.41551947593688965
0.3333333333333333,0.3202439844608307
2.2222222222222223,4.822278022766113
-4.777777777777778,-4.407867908477783
-2.4444444444444446,-1.423845648765564
1.6666666666666667,0.7878903150558472
-2.7777777777777777,-3.303783893585205
0.2222222222222222,-6.280290603637695
-2.555555555555556,-1.3183482885360718
2.333333333333333,-2.287100315093994
1.6666666666666667,-2.442979574203491
-1.6666666666666667,-1.7626935243606567
-1.8888888888888888,-0.38222622871398926
-5.888888888888889,-1.7808961868286133
-0.6666666666666666,0.029016733169555664
-0.8888888888888888,-2.180142879486084
1.5555555555555556,5.392090320587158
-4.222222222222222,-1.839051604270935
1.7777777777777777,4.042550563812256
-6.111111111111111,-3.148796319961548
-2.4444444444444446,-1.9639065265655518
-0.7777777777777778,0.7422294616699219
8.0,-1.5866988897323608
1.3333333333333333,1.7667614221572876
20.33333333333333,18.533233642578125
1.3333333333333333,-6.661755084991455
-4.222222222222222,-3.071934700012207
-8.777777777777779,0.817469596862793
-4.333333333333333,2.9062721729278564
-2.7777777777777777,1.7745766639709473
6.0,2.912360668182373
0.1111111111111111,0.40482640266418457
-2.888888888888889,-3.1893746852874756
-0.1111111111111111,-3.610874891281128
-2.7777777777777777,9.605684280395508
-10.11111111111111,2.088367462158203
-10.0,-0.13881343603134155
-2.555555555555556,-6.61532735824585
3.4444444444444446,2.064692735671997
3.4444444444444446,4.075263500213623
-1.6666666666666667,4.618621349334717
-1.6666666666666667,-0.6485207080841064
1.5555555555555556,-5.847888946533203
5.666666666666667,-0.5169497132301331
5.777777777777778,1.3863043785095215
6.666666666666667,2.4085240364074707
5.333333333333333,1.7760978937149048
7.222222222222222,2.2422914505004883
-10.333333333333334,1.791299819946289
0.4444444444444444,-0.9187270998954773
8.666666666666666,5.690986633300781
-6.555555555555555,-2.5196776390075684
1.7777777777777777,4.666234016418457
-6.777777777777778,-1.212965726852417
7.111111111111111,0.0691227912902832
-1.6666666666666667,1.6578222513198853
-0.6666666666666666,-0.3972592353820801
8.777777777777779,0.8113727569580078
-0.6666666666666666,4.065734386444092
-7.777777777777778,-2.957932949066162
5.888888888888889,2.421325922012329
-4.111111111111111,-5.457320690155029
-4.111111111111111,0.9774987697601318
0.6666666666666666,1.9649949073791504
-7.0,-2.8523709774017334
-1.0,3.1408700942993164
-0.6666666666666666,8.221270561218262
6.777777777777778,1.0241156816482544
0.5555555555555556,-0.9678242206573486
-1.3333333333333333,-5.845232009887695
-2.111111111111111,0.197540283203125
-8.11111111111111,-4.681607723236084
3.4444444444444446,-0.948395848274231
-5.444444444444445,-0.05747336149215698
-1.5555555555555556,-7.514094352722168
-3.2222222222222223,-0.5985479354858398
4.444444444444445,-3.123866081237793
-1.3333333333333333,1.431117057800293
-8.333333333333334,0.6501119136810303
-5.0,0.43369531631469727
1.0,2.699913263320923
0.8888888888888888,1.1804912090301514
-8.444444444444445,0.6763362884521484
-5.222222222222222,-1.775925874710083
-4.888888888888889,-2.038679599761963
8.333333333333334,8.362357139587402
7.333333333333333,-6.390827178955078
1.2222222222222223,0.4881255626678467
-8.88888888888889,1.270763874053955
4.333333333333333,0.09528398513793945
-0.6666666666666666,6.267904281616211
3.111111111111111,-2.3084921836853027
3.555555555555556,9.165152549743652
-3.111111111111111,0.02181220054626465
-1.8888888888888888,6.955876350402832
1.6666666666666667,0.5459895133972168
-7.666666666666667,-1.0440597534179688
-4.111111111111111,0.5373169183731079
3.4444444444444446,-4.504541873931885
-9.333333333333334,-2.640629291534424
1.5555555555555556,0.15814661979675293
7.333333333333333,8.502555847167969
-7.111111111111111,-15.282705307006836
-0.2222222222222222,2.6317691802978516
7.333333333333333,-11.2354154586792
0.6666666666666666,-14.74639892578125
-2.0,0.4560103416442871
-5.888888888888889,6.43823766708374
-5.666666666666667,-3.8756721019744873
1.7777777777777777,3.4758005142211914
-14.666666666666666,-1.4814493656158447
-15.333333333333334,-14.727052688598633
-7.777777777777778,-3.043377637863159
3.6666666666666665,-7.358745574951172
-6.444444444444445,-4.278797626495361
-1.3333333333333333,-8.109163284301758
-11.333333333333334,-25.997455596923828
-15.88888888888889,-3.195462226867676
0.3333333333333333,7.575188636779785
5.888888888888889,0.17742443084716797
-5.555555555555555,-7.287759780883789
-4.222222222222222,5.90669584274292
-1.3333333333333333,0.30881166458129883
-3.2222222222222223,-6.343456745147705
-0.1111111111111111,-11.430168151855469
-6.666666666666667,2.748053550720215
-7.333333333333333,-2.5120911598205566
-5.111111111111111,-6.349777698516846
5.222222222222222,12.81691837310791
-7.444444444444445,-14.492864608764648
17.444444444444443,23.241430282592773
-3.4444444444444446,-3.3783092498779297
-5.333333333333333,-3.758842706680298
3.6666666666666665,-7.971233367919922
-2.4444444444444446,2.003910541534424
-21.0,3.004688262939453
-8.333333333333334,-9.823919296264648
-3.333333333333333,-4.823126792907715
1.5555555555555556,-1.6217280626296997
-3.0,-6.4027509689331055
-14.333333333333334,-8.42593002319336
-2.2222222222222223,2.0300800800323486
5.0,15.949337005615234
0.4444444444444444,-4.013490676879883
-8.222222222222221,-5.97035026550293
2.7777777777777777,-1.784910798072815
-12.444444444444445,-0.7722443342208862
5.555555555555555,2.351562976837158
-2.111111111111111,-9.23656940460205
-1.6666666666666667,2.695288896560669
-9.88888888888889,-1.3041307926177979
-7.333333333333333,-7.227594375610352
-10.88888888888889,-6.211790084838867
-4.777777777777778,-6.584994316101074
-5.111111111111111,6.870904922485352
0.8888888888888888,7.13020133972168
2.333333333333333,2.2214267253875732
1.3333333333333333,8.259836196899414
-3.333333333333333,2.4212148189544678
5.555555555555555,-5.070888519287109
-2.6666666666666665,-0.8978692293167114
-4.555555555555555,1.8730205297470093
4.0,0.08457359671592712
-1.0,-0.9982843399047852
1.3333333333333333,5.669020175933838
-21.0,-3.284229040145874
-1.6666666666666667,8.423782348632812
2.111111111111111,5.2133469581604
-7.888888888888889,-0.23053550720214844
-0.3333333333333333,-1.9903854131698608
2.0,-3.1190435886383057
26.11111111111111,13.202722549438477
-0.1111111111111111,-2.7095203399658203
-0.7777777777777778,-3.2903835773468018
-11.0,-3.287820816040039
4.222222222222222,-2.8310019969940186
-1.7777777777777777,-3.99684476852417
-9.0,-5.0667405128479
-4.555555555555555,-9.086237907409668
-5.0,-3.8172483444213867
0.7777777777777778,-5.915180683135986
-3.333333333333333,-7.374159336090088
-3.111111111111111,-1.1054457426071167
5.0,-1.246751070022583
-1.2222222222222223,-2.823923110961914
-7.555555555555555,-4.807422637939453
-3.4444444444444446,-4.4348955154418945
-7.555555555555555,-9.785985946655273
-8.444444444444445,-6.777555465698242
-2.555555555555556,-3.90303373336792
-2.2222222222222223,-2.0067834854125977
-3.4444444444444446,-1.5141159296035767
4.888888888888889,7.81947135925293
4.111111111111111,0.02268385887145996
-11.22222222222222,-7.2266035079956055
-5.0,0.39699459075927734
0.8888888888888888,-8.920650482177734
-0.7777777777777778,-0.049605175852775574
-5.444444444444445,-2.3980538845062256
-9.11111111111111,-3.9048855304718018
-0.8888888888888888,-5.2784552574157715
-2.0,-2.364046812057495
-2.6666666666666665,-4.995518684387207
21.55555555555556,18.955211639404297
11.77777777777778,9.35812759399414
14.88888888888889,9.668968200683594
-0.8888888888888888,4.5201826095581055
1.4444444444444444,-6.093963146209717
-2.7777777777777777,-0.09268331527709961
-2.7777777777777777,-1.9508087635040283
-8.777777777777779,3.55039119720459
-3.555555555555556,-0.9598879814147949
-9.444444444444445,-9.262633323669434
2.0,7.197660446166992
-7.0,-5.6057047843933105
0.1111111111111111,-2.849747896194458
-5.888888888888889,-3.5528066158294678
-11.444444444444445,-1.9706926345825195
-5.777777777777778,-1.50961434841156
-0.4444444444444444,-4.04443883895874
-1.7777777777777777,0.8476886749267578
-1.4444444444444444,3.02487850189209
-4.333333333333333,-2.2428131103515625
-8.555555555555555,0.011048078536987305
-8.222222222222221,1.4878261089324951
0.4444444444444444,0.5720477104187012
-4.555555555555555,-6.1576619148254395
-6.0,-1.4127123355865479
-1.0,-4.4113922119140625
-4.333333333333333,-4.118041515350342
-4.111111111111111,-3.507890224456787
16.0,5.199051856994629
-3.4444444444444446,-4.2917399406433105
-3.111111111111111,3.4422287940979004
10.77777777777778,9.365933418273926
8.222222222222221,3.445535182952881
0.3333333333333333,0.8079448938369751
0.2222222222222222,0.23332977294921875
-14.88888888888889,-5.020478248596191
3.333333333333333,9.032272338867188
1.0,-0.17104816436767578
0.6666666666666666,-1.014794945716858
-4.333333333333333,-6.128475189208984
0.3333333333333333,1.5437562465667725
-4.444444444444445,-3.8735103607177734
0.2222222222222222,1.7076853513717651
5.222222222222222,-0.16341352462768555
-2.7777777777777777,-0.39920341968536377
-2.0,3.4168126583099365
28.444444444444443,6.570273399353027
-6.0,-4.078577518463135
-6.666666666666667,-0.5132405757904053
-3.888888888888889,-4.906024932861328
-10.11111111111111,-5.2031168937683105
-4.777777777777778,-3.476407766342163
1.4444444444444444,-3.235196113586426
-5.0,-1.2949966192245483
0.1111111111111111,-0.44220638275146484
-6.444444444444445,-2.777615547180176
-2.333333333333333,-6.267178058624268
-1.6666666666666667,-5.743475914001465
-4.111111111111111,-0.9526777267456055
-10.0,-3.9051880836486816
2.7777777777777777,-0.5778019428253174
-1.5555555555555556,-4.249093055725098
-4.666666666666667,-3.470261812210083
-5.444444444444445,2.366209030151367
2.0,7.992973804473877
-6.222222222222222,7.678652763366699
-10.11111111111111,-4.867803573608398
9.555555555555555,1.0815211534500122
-10.0,-1.1832640171051025
-6.444444444444445,-0.4683314561843872
0.8888888888888888,2.310483932495117
-0.5555555555555556,3.3923842906951904
-1.8888888888888888,-0.5047531127929688
3.888888888888889,-1.0053436756134033
3.333333333333333,-0.8014588356018066
17.0,-0.32570457458496094
-0.7777777777777778,-10.65682315826416
-3.2222222222222223,-0.012532919645309448
-4.777777777777778,-2.178396463394165
-3.2222222222222223,-7.101590156555176
-4.222222222222222,-2.9383087158203125
-9.11111111111111,-0.2856471538543701
-6.333333333333333,-7.379219055175781
-4.666666666666667,-1.0927600860595703
9.444444444444445,-3.0203499794006348
1.6666666666666667,-2.874732255935669
-3.0,0.7781038284301758
-5.444444444444445,-4.413189888000488
2.111111111111111,-2.7182106971740723
-5.888888888888889,-2.0757036209106445
-1.8888888888888888,-5.9136643409729
-4.777777777777778,-3.7223222255706787
2.111111111111111,-3.8406877517700195
0.5555555555555556,-3.1678504943847656
-3.111111111111111,-1.0641194581985474
-11.88888888888889,-8.114431381225586
-0.6666666666666666,-1.4297027587890625
12.11111111111111,-1.8948493003845215
-0.5555555555555556,0.6879315376281738
0.6666666666666666,1.0772449970245361
-4.888888888888889,-3.14093017578125
-3.111111111111111,-5.086592674255371
-2.2222222222222223,-4.772817134857178
-3.2222222222222223,-5.472845554351807
-6.888888888888889,-8.344093322753906
3.4444444444444446,-3.3197474479675293
24.11111111111111,8.473753929138184
-0.8888888888888888,-1.8994886875152588
0.8888888888888888,-4.734574317932129
-6.555555555555555,-3.575878858566284
-1.3333333333333333,-3.2442121505737305
-4.111111111111111,0.947737455368042
9.666666666666666,-2.1241939067840576
5.111111111111111,-3.1517369747161865
4.333333333333333,-6.449270725250244
0.4444444444444444,-0.32881295680999756
-15.444444444444445,-3.451992988586426
-7.0,0.05910229682922363
1.7777777777777777,-0.9582114219665527
6.777777777777778,-0.8996084332466125
8.0,-3.778158664703369
4.777777777777778,4.511051654815674
19.55555555555556,7.501870632171631
-6.777777777777778,-10.929442405700684
-7.222222222222222,-3.2477846145629883
0.1111111111111111,-3.0235047340393066
-0.4444444444444444,-3.8385159969329834
-3.555555555555556,0.30846595764160156
10.444444444444445,-2.1006548404693604
3.4444444444444446,1.7430610656738281
-0.1111111111111111,-0.775198221206665
-7.666666666666667,-6.186026573181152
0.1111111111111111,-0.7150579690933228
-3.333333333333333,-5.270927906036377
-4.222222222222222,2.5850274562835693
-0.7777777777777778,0.8952438831329346
-11.666666666666666,-8.030229568481445
-2.333333333333333,-4.854406833648682
-0.3333333333333333,-4.030580520629883
17.88888888888889,9.238398551940918
32.55555555555556,24.223052978515625
-11.0,6.955330848693848
-4.0,-3.06016206741333
-6.777777777777778,-0.3724881410598755
-15.333333333333334,-4.167118549346924
-7.666666666666667,1.0453842878341675
-3.555555555555556,-5.052119255065918
-2.7777777777777777,-7.7373247146606445
0.1111111111111111,2.790637493133545
38.11111111111112,25.6201229095459
-8.0,-6.510492324829102
-4.222222222222222,-3.2326557636260986
0.0,-2.9276182651519775
23.55555555555556,8.963979721069336
1.7777777777777777,5.407608509063721
-2.7777777777777777,3.538261890411377
-5.777777777777778,-3.9884793758392334
7.333333333333333,9.70750904083252
-6.555555555555555,-7.843264579772949
-9.333333333333334,1.5597248077392578
5.111111111111111,4.973180770874023
-5.444444444444445,1.4418437480926514
3.6666666666666665,-2.429567337036133
-6.555555555555555,-5.13346529006958
19.444444444444443,12.236105918884277
-4.777777777777778,-0.9975994825363159
4.888888888888889,1.167002558708191
-3.2222222222222223,-4.9583001136779785
-1.6666666666666667,-1.861616849899292
-7.555555555555555,-0.33928728103637695
-3.4444444444444446,-3.6827406883239746
1.5555555555555556,-6.585477828979492
-7.555555555555555,-7.756210803985596
-13.333333333333334,-4.8159708976745605
-5.0,-4.913700103759766
-3.111111111111111,8.791121482849121
-8.777777777777779,-0.7169052362442017
-1.1111111111111112,-0.8825240135192871
1.8888888888888888,0.066963791847229
-6.222222222222222,-4.960648059844971
-0.1111111111111111,-3.662597179412842
4.0,3.470716714859009
-18.22222222222222,-4.494436264038086
-1.7777777777777777,-6.2295002937316895
-13.333333333333334,-4.765012264251709
-7.666666666666667,-3.564363956451416
-1.6666666666666667,-2.122525930404663
-4.444444444444445,12.024164199829102
-11.444444444444445,-2.4253478050231934
2.888888888888889,2.9404053688049316
27.0,15.003833770751953
1.8888888888888888,-2.865462303161621
-8.88888888888889,-1.2435550689697266
-4.888888888888889,-9.395580291748047
-5.888888888888889,-9.593155860900879
-3.6666666666666665,-1.7308456897735596
9.555555555555555,24.342716217041016
-1.6666666666666667,-1.851119041442871
0.8888888888888888,-0.4374445974826813
-13.666666666666666,-3.068819046020508
-3.555555555555556,2.594341278076172
-1.6666666666666667,-1.3293261528015137
8.88888888888889,18.066265106201172
-4.888888888888889,-6.496053218841553
-3.888888888888889,-5.455151557922363
-9.88888888888889,-3.597102165222168
-1.5555555555555556,-1.8602089881896973
7.666666666666667,13.370096206665039
3.7777777777777777,3.161208152770996
12.666666666666666,-3.4484214782714844
-4.555555555555555,-2.7206313610076904
13.555555555555555,26.132198333740234
6.777777777777778,-6.519430160522461
-9.11111111111111,-13.754032135009766
-2.555555555555556,-1.30149507522583
-1.4444444444444444,-1.091559886932373
-6.222222222222222,2.341580390930176
-7.555555555555555,-4.641311168670654
1.0,6.090912342071533
-1.4444444444444444,2.373870372772217
-9.88888888888889,-7.033042907714844
1.2222222222222223,3.4033002853393555
2.2222222222222223,-4.279211044311523
1.2222222222222223,-1.4551277160644531
8.444444444444445,-16.461612701416016
0.8888888888888888,-6.1029558181762695
-10.444444444444445,-4.7666521072387695
4.444444444444445,-0.45784103870391846
-1.6666666666666667,5.425100803375244
-3.888888888888889,-4.498920917510986
3.2222222222222223,5.86029052734375
-5.666666666666667,4.671990871429443
-9.0,-4.95296573638916
8.777777777777779,6.758814811706543
1.5555555555555556,-2.7146148681640625
-2.555555555555556,1.4005353450775146
4.777777777777778,-4.144840717315674
-16.11111111111111,2.821361541748047
-5.555555555555555,-5.6458516120910645
-1.8888888888888888,-10.89907455444336
25.11111111111111,16.28076171875
-2.555555555555556,-9.881970405578613
-12.0,1.0303735733032227
-10.333333333333334,-8.41213321685791
-7.333333333333333,-5.230994701385498
0.0,-3.203394889831543
1.8888888888888888,-7.7352752685546875
1.4444444444444444,-5.130208969116211
19.55555555555556,-2.8564093112945557
-5.222222222222222,-5.755623817443848
0.3333333333333333,10.067148208618164
1.1111111111111112,-4.478248119354248
25.666666666666668,24.36302375793457
-3.0,-28.58673858642578
3.555555555555556,-6.010762691497803
4.222222222222222,-3.6493377685546875
1.7777777777777777,-8.72632122039795
31.444444444444443,-7.395788192749023
19.33333333333333,2.174452781677246
-1.6666666666666667,-14.365062713623047
1.5555555555555556,9.042869567871094
7.222222222222222,2.0593948364257812
-3.7777777777777777,-22.783098220825195
-1.6666666666666667,-13.229766845703125
0.2222222222222222,-6.26350212097168
3.7777777777777777,8.616748809814453
-2.0,-4.8637919425964355
1.6666666666666667,-10.948440551757812
1.3333333333333333,-4.062894821166992
0.1111111111111111,-5.290342807769775
-1.0,-0.3199620246887207
7.0,-1.5005223751068115
-3.111111111111111,-1.3765945434570312
9.11111111111111,-1.732984185218811
3.6666666666666665,0.6860958337783813
-4.888888888888889,-3.507859945297241
-1.6666666666666667,-1.6409423351287842
-3.555555555555556,-3.904893636703491
-1.4444444444444444,-5.636422634124756
-15.0,-2.047003746032715
1.0,-1.602864384651184
5.333333333333333,-4.716732978820801
5.444444444444445,-3.3568594455718994
-3.0,-1.228597640991211
-2.333333333333333,3.941359758377075
-5.111111111111111,-2.730264186859131
-3.6666666666666665,-5.157466411590576
2.7777777777777777,-4.248470306396484
-8.777777777777779,-5.111017227172852
2.333333333333333,-2.8081862926483154
3.4444444444444446,2.6112093925476074
12.333333333333334,5.617434501647949
-1.0,-6.2173895835876465
1.6666666666666667,-11.533568382263184
-1.1111111111111112,-1.8045849800109863
-5.0,-1.2779436111450195
-5.222222222222222,-0.7619554996490479
-4.777777777777778,-6.333820819854736
0.5555555555555556,-2.8339109420776367
6.0,4.0577192306518555
13.77777777777778,6.69354248046875
6.666666666666667,-2.0164778232574463
-1.0,-1.8343546390533447
-3.7777777777777777,-4.9623918533325195
-5.777777777777778,-0.24130797386169434
-3.555555555555556,-1.0564327239990234
0.2222222222222222,-4.6833600997924805
-3.888888888888889,2.8449883460998535
-3.0,-4.992132186889648
-5.888888888888889,-1.7293014526367188
5.0,4.123472690582275
-10.666666666666666,-4.60563325881958
-3.333333333333333,-2.449460029602051
-9.666666666666666,-3.5178327560424805
2.7777777777777777,-1.571903944015503
-7.333333333333333,0.7165985107421875
19.22222222222222,14.32974624633789
-12.333333333333334,-2.642799139022827
-5.0,-3.398803234100342
-3.555555555555556,-3.8536155223846436
-13.666666666666666,-6.440427303314209
6.777777777777778,6.590799331665039
1.3333333333333333,6.541050910949707
48.22222222222222,5.276108264923096
3.2222222222222223,-0.1781291961669922
-4.0,-1.2614271640777588
10.77777777777778,-4.328141689300537
-4.555555555555555,-0.032715559005737305
10.333333333333334,-0.27061927318573
0.8888888888888888,-3.386409044265747
-5.111111111111111,-1.1568636894226074
5.0,4.170263290405273
-25.77777777777778,-1.61253023147583
-6.777777777777778,-2.3202428817749023
6.111111111111111,0.4581834673881531
-9.22222222222222,-0.7327847480773926
-5.111111111111111,-1.1968159675598145
1.7777777777777777,1.379988670349121
4.777777777777778,0.8494656085968018
16.11111111111111,8.236079216003418
-0.8888888888888888,-5.147234916687012
-2.888888888888889,-2.7273802757263184
4.666666666666667,6.428791046142578
-3.2222222222222223,0.957626461982727
11.0,3.858375310897827
6.777777777777778,4.180823802947998
-3.2222222222222223,-4.592894554138184
5.111111111111111,-3.783721923828125
-10.22222222222222,-0.07548177242279053
2.333333333333333,-4.08168363571167
2.2222222222222223,-4.031027317047119
-14.77777777777778,0.09084415435791016
0.8888888888888888,6.909889221191406
-8.777777777777779,-4.592894554138184
2.888888888888889,-1.4372103214263916
-5.333333333333333,0.10198405385017395
-2.0,6.576776504516602
0.1111111111111111,-5.2370219230651855
-1.0,2.4310860633850098
1.2222222222222223,3.433004379272461
11.444444444444445,4.431862831115723
-2.0,-8.07762622833252
-1.4444444444444444,-0.6884897947311401
-5.333333333333333,-9.329245567321777
-4.777777777777778,-1.8735079765319824
-2.7777777777777777,-3.613474130630493
4.333333333333333,-2.017690896987915
-0.8888888888888888,0.517086386680603
7.222222222222222,1.04462468624115
-6.777777777777778,-1.4630881547927856
28.22222222222222,18.8774356842041
6.555555555555555,6.374422073364258
0.8888888888888888,-0.6637556552886963
-6.555555555555555,6.093822479248047
1.3333333333333333,9.316980361938477
-1.5555555555555556,-6.947249889373779
0.7777777777777778,-3.791006088256836
-1.2222222222222223,-1.8549484014511108
-7.333333333333333,-0.7079503536224365
-4.333333333333333,0.02381742000579834
-0.6666666666666666,-7.3016791343688965
-3.2222222222222223,2.9651665687561035
-8.11111111111111,0.37928342819213867
6.666666666666667,6.8168535232543945
-4.777777777777778,-3.8921196460723877
-7.222222222222222,-2.7254068851470947
-4.222222222222222,-2.9320549964904785
3.888888888888889,-3.981657028198242
1.7777777777777777,0.9886713027954102
-2.7777777777777777,1.0849943161010742
0.4444444444444444,-1.3641070127487183
-7.666666666666667,-1.2489733695983887
10.0,2.2010271549224854
2.0,1.4039901494979858
1.4444444444444444,-4.736148357391357
3.2222222222222223,-3.416987657546997
-6.111111111111111,-2.470811605453491
-2.0,10.202435493469238
-6.888888888888889,2.6565089225769043
6.222222222222222,4.884302616119385
-5.111111111111111,1.2647485733032227
-3.4444444444444446,-8.570550918579102
-3.333333333333333,3.3686041831970215
0.5555555555555556,-16.694927215576172
-7.222222222222222,-3.97194504737854
2.111111111111111,-21.080074310302734
-1.6666666666666667,-0.6942901611328125
19.88888888888889,30.46710968017578
-5.666666666666667,-17.133058547973633
0.1111111111111111,-2.4995598793029785
0.0,-2.955902099609375
-1.4444444444444444,-1.7663936614990234
-1.4444444444444444,10.495987892150879
1.1111111111111112,-1.1963645219802856
-1.4444444444444444,2.5454468727111816
-4.777777777777778,-2.4133145809173584
-16.88888888888889,-13.162636756896973
-3.2222222222222223,-3.663301467895508
3.6666666666666665,8.176506042480469
-5.555555555555555,-13.692232131958008
0.7777777777777778,-1.2575907707214355
0.4444444444444444,1.114572286605835
-1.3333333333333333,-9.619975090026855
-1.5555555555555556,12.363746643066406
-3.2222222222222223,2.9757537841796875
14.88888888888889,14.720149040222168
-1.4444444444444444,-3.6846344470977783
-0.6666666666666666,2.7683911323547363
-1.8888888888888888,-0.7103481292724609
0.4444444444444444,-7.881220817565918
-6.0,-1.5450319051742554
-47.22222222222222,2.6330013275146484
40.55555555555556,37.889102935791016
-7.666666666666667,0.3136725425720215
2.6666666666666665,0.19837188720703125
-3.0,-23.035512924194336
-1.5555555555555556,-2.1961069107055664
2.7777777777777777,-2.666280746459961
-3.7777777777777777,1.7123159170150757
-8.555555555555555,-3.0735950469970703
-3.7777777777777777,8.20736312866211
-1.7777777777777777,1.140442132949829
3.0,-9.85408878326416
16.22222222222222,-8.367104530334473
-7.0,-8.888998031616211
-4.666666666666667,-0.8453977704048157
4.111111111111111,5.253686904907227
-1.4444444444444444,-1.212367057800293
0.0,-4.547096252441406
-3.111111111111111,-0.43047094345092773
1.5555555555555556,-16.105377197265625
-1.7777777777777777,7.672415733337402
-6.222222222222222,0.27762240171432495
-5.666666666666667,-6.583664417266846
-1.2222222222222223,-3.248096466064453
-3.555555555555556,-2.1440820693969727
-12.77777777777778,13.50136947631836
-3.0,-5.452434539794922
-1.2222222222222223,0.7801113128662109
-10.22222222222222,-0.4531458020210266
12.444444444444445,4.018667697906494
9.22222222222222,8.508691787719727
-5.777777777777778,-3.0830578804016113
-5.888888888888889,-7.085439205169678
0.3333333333333333,1.9723930358886719
3.6666666666666665,-2.3709466457366943
-3.0,1.6443300247192383
-19.88888888888889,-5.5883026123046875
-6.333333333333333,0.634109377861023
-0.2222222222222222,3.581064224243164
-4.777777777777778,1.1134055852890015
-3.888888888888889,1.5142912864685059
1.4444444444444444,-7.279557704925537
-2.888888888888889,-3.460045099258423
1.5555555555555556,-3.184556007385254
-1.7777777777777777,-0.42491650581359863
-12.333333333333334,-0.609419584274292
16.11111111111111,8.245291709899902
-3.888888888888889,5.028968334197998
-2.555555555555556,-2.298734664916992
2.888888888888889,4.271389484405518
-3.2222222222222223,-2.3321712017059326
-0.6666666666666666,1.6981531381607056
13.666666666666666,12.612946510314941
11.333333333333334,-0.19930791854858398
-7.666666666666667,-3.2583305835723877
-15.555555555555555,-2.7803096771240234
-3.555555555555556,-2.5592634677886963
-1.4444444444444444,-4.399322986602783
-1.6666666666666667,1.980865478515625
-9.0,-3.7383713722229004
11.666666666666666,20.098051071166992
-20.88888888888889,-0.10637348890304565
-5.777777777777778,-4.6082634925842285
3.333333333333333,-2.65716290473938
1.4444444444444444,-1.186124563217163
-3.111111111111111,-1.2850828170776367
1.2222222222222223,3.6281046867370605
3.555555555555556,4.814001083374023
-9.444444444444445,-2.8256993293762207
-3.0,-5.533605575561523
-8.444444444444445,-1.066817283630371
-0.6666666666666666,6.849398136138916
-4.555555555555555,1.0976392030715942
-2.2222222222222223,-0.015331149101257324
-0.5555555555555556,-3.8685202598571777
-4.333333333333333,-5.221283435821533
-2.4444444444444446,-3.156383752822876
-8.222222222222221,-1.5481945276260376
-0.7777777777777778,-2.6450893878936768
-17.555555555555557,-4.735177993774414
1.1111111111111112,-3.782518148422241
-0.1111111111111111,-1.282443881034851
-3.888888888888889,-0.4239630699157715
-5.666666666666667,-4.736393451690674
0.4444444444444444,-1.317126989364624
-11.444444444444445,-3.2583305835723877
-5.777777777777778,-1.5060926675796509
-2.4444444444444446,-2.620932102203369
-1.3333333333333333,-1.258842945098877
-2.888888888888889,-2.909348726272583
-0.2222222222222222,-5.925392150878906
3.4444444444444446,-4.837951183319092
-15.77777777777778,-3.336237668991089
-1.8888888888888888,-6.938427925109863
2.111111111111111,0.9027044773101807
2.888888888888889,-5.499761581420898
4.333333333333333,3.590083360671997
-4.444444444444445,-7.5285868644714355
16.555555555555557,17.067970275878906
0.8888888888888888,-2.0737860202789307
-0.4444444444444444,0.28132617473602295
-17.0,1.7136414051055908
-1.7777777777777777,0.14795303344726562
-5.888888888888889,-1.8211088180541992
5.111111111111111,8.43425464630127
-1.2222222222222223,7.427696228027344
3.7777777777777777,0.1760554313659668
22.77777777777778,8.50439739227295
0.5555555555555556,6.363988876342773
4.111111111111111,-1.7164640426635742
4.0,2.6107587814331055
-3.2222222222222223,-1.6541306972503662
21.33333333333333,6.536985397338867
5.333333333333333,-3.4890308380126953
11.11111111111111,-4.3416056632995605
-3.2222222222222223,-5.304946422576904
0.2222222222222222,-2.687410593032837
-2.2222222222222223,-7.104913711547852
-24.33333333333333,-8.336073875427246
-3.333333333333333,-5.059263706207275
5.555555555555555,2.0167293548583984
2.2222222222222223,-3.705516815185547
-0.3333333333333333,-5.565826416015625
-0.3333333333333333,4.359882831573486
-0.1111111111111111,-1.4403700828552246
-3.4444444444444446,-5.452534198760986
-1.1111111111111112,-1.936314582824707
-9.88888888888889,-3.419712543487549
1.4444444444444444,-1.1761741638183594
-5.555555555555555,-0.8938672542572021
-12.444444444444445,1.2995500564575195
3.333333333333333,-3.9122366905212402
8.222222222222221,-7.943838596343994
-9.555555555555555,-3.6358766555786133
-0.8888888888888888,-3.829561710357666
-2.333333333333333,-5.35471773147583
-0.6666666666666666,-3.0671615600585938
-1.7777777777777777,-6.65728235244751
17.88888888888889,-0.2087111473083496
-5.888888888888889,-1.8223414421081543
-0.7777777777777778,-5.144216537475586
-3.0,3.131131172180176
-1.2222222222222223,-3.5532338619232178
-6.555555555555555,-7.733631134033203
-5.888888888888889,6.828701019287109
1.7777777777777777,-3.591118097305298
-8.444444444444445,-4.772669792175293
1.4444444444444444,-4.972711563110352
-0.4444444444444444,-4.023386478424072
0.1111111111111111,-0.7072705030441284
-5.111111111111111,-0.7572072744369507
-12.0,-7.6647047996521
-3.333333333333333,-4.9537153244018555
-3.333333333333333,-2.9215219020843506
5.0,1.0526390075683594
-0.6666666666666666,-1.5568277835845947
3.6666666666666665,-2.6186370849609375
-6.444444444444445,-4.600508689880371
6.111111111111111,-4.562365531921387
-6.222222222222222,0.9202752113342285
-3.0,-2.705665349960327
-0.3333333333333333,-1.30521559715271
-3.555555555555556,0.9288969039916992
-7.333333333333333,-7.789270401000977
27.55555555555556,9.767250061035156
-8.444444444444445,-8.564244270324707
-0.1111111111111111,-4.802887439727783
2.888888888888889,-3.2984275817871094
-0.5555555555555556,-1.8261728286743164
4.777777777777778,8.482912063598633
-2.6666666666666665,-2.2522919178009033
-37.888888888888886,-9.470355033874512
-0.4444444444444444,2.548314094543457
-6.888888888888889,3.3004214763641357
-6.0,-0.2462444305419922
-2.888888888888889,-5.16273832321167
4.0,5.967925071716309
-1.4444444444444444,-2.8764891624450684
-2.555555555555556,5.8061065673828125
-3.0,-1.6369777917861938
1.4444444444444444,-1.0498194694519043
0.3333333333333333,5.257528781890869
-1.5555555555555556,-0.4942803382873535
-2.888888888888889,-3.463663339614868
-5.888888888888889,-1.6272201538085938
1.7777777777777777,-0.2561837434768677
-6.444444444444445,-2.233766555786133
12.333333333333334,14.78350830078125
1.1111111111111112,0.6811323165893555
-2.555555555555556,-3.5733165740966797
-3.111111111111111,0.7694024443626404
-1.4444444444444444,2.247891902923584
-12.333333333333334,-5.995233535766602
12.555555555555555,9.172225952148438
-6.777777777777778,-1.1454846858978271
-0.8888888888888888,0.07081913948059082
5.222222222222222,-1.5218510627746582
-2.111111111111111,0.40429115295410156
0.0,3.4106500148773193
-0.8888888888888888,-2.0041675567626953
1.4444444444444444,1.5151605606079102
0.4444444444444444,-3.145808696746826
1.3333333333333333,-0.436215877532959
-6.777777777777778,-10.532044410705566
-7.777777777777778,-3.0311853885650635
7.555555555555555,1.2503666877746582
-24.55555555555556,-3.9433937072753906
32.22222222222222,18.70207977294922
9.333333333333334,-0.7170693874359131
8.777777777777779,3.3041257858276367
-4.777777777777778,-3.5373096466064453
-6.333333333333333,-5.940223217010498
