Score,Pred Score
4.219145585451182,-0.17228364944458008
-2.588665914009158,-11.602506637573242
-3.0703466753296,0.17217415571212769
2.1112971208509976,0.9036749005317688
-19.1693792779686,-2.265875816345215
-0.9096556467231308,-2.7529244422912598
-5.316952415477393,0.058382630348205566
-5.39913759737588,0.08958697319030762
6.1026124307435,3.4439964294433594
-1.6005087696864486,-0.3445259928703308
-51.6773231694491,-34.48146438598633
0.51700222845629,-12.57071304321289
-1.6521884315998507,0.8161910772323608
2.11024229353816,-2.6639413833618164
17.2594267615487,0.9714869856834412
-1.73607437190069,1.2017916440963745
-5.77436797253085,0.9124571084976196
-0.568998602339841,-12.399988174438477
-1.289264920121349,-8.56568431854248
-14.1813773041305,-16.737234115600586
-3.31847606547329,0.2718381881713867
11.710679650337616,-10.691767692565918
2.046344769010002,-1.2587110996246338
-2.77042962989298,-11.937325477600098
9.014890317831036,-12.123981475830078
2.726862934921635,2.333644390106201
-3.4922781726655696,-1.662006139755249
1.292753014965791,0.0640532374382019
8.16191414696451,4.071558952331543
-8.251107402184557,-13.049212455749512
7.262818938793504,-15.612960815429688
4.14054171285972,-12.617921829223633
-13.546032832554804,-5.02207088470459
-16.8307740899425,0.24938470125198364
-0.2642143205483515,0.32071638107299805
-6.135426654744688,-0.8247060179710388
-7.187555808667961,-11.869510650634766
8.149714042401495,0.0671306848526001
-6.426376983867103,-22.399822235107422
13.9953943577381,0.40640389919281006
-6.31868596379813,-11.222678184509277
5.321680837772678,-3.7247605323791504
11.9978624338519,-0.756050705909729
7.909526276907584,-0.29495930671691895
7.206977941743588,-0.6240886449813843
-7.378812419643663,-3.521359443664551
0.2475632146873464,0.3790851831436157
12.7359625054994,0.3091725707054138
5.220668557811489,-5.837053298950195
1.3318185914773402,3.8398470878601074
2.776867734737273,0.5996555685997009
-27.8178569354009,-17.968719482421875
-4.20883890972707,0.3144437074661255
2.78743688363977,15.709540367126465
-9.657849716236,-15.87586784362793
4.071661498679735,1.1929420232772827
-10.586292641023492,0.2966117262840271
2.578081311550471,-0.17125177383422852
-42.2483635713802,-16.10517692565918
8.204494762209066,-9.092259407043457
18.5317724911246,0.8093472719192505
6.097122298913325,-12.978822708129883
-11.299328727708405,0.7725520133972168
-6.22433036882608,-9.406994819641113
3.12612254618191,0.362729549407959
8.756217929094177,0.8099755644798279
-1.757118944268968,-9.662467956542969
-51.402683514636095,-13.619826316833496
-2.13735826282737,5.724853515625
8.88265541550952,0.4117317199707031
5.58846482112586,-9.826642990112305
7.383552345763623,-9.106094360351562
10.229168329440906,-10.261743545532227
-17.4030551064212,-0.9118185043334961
2.204062447972561,-10.132234573364258
-3.195242757261453,1.8665359020233154
-36.8822022827233,-13.676896095275879
3.812227003524945,-0.6742614507675171
-6.89310310865277,-10.987154960632324
-2.85382252753121,-1.6291389465332031
-7.42349600405968,-3.3955647945404053
4.398848813602776,0.40941745042800903
-68.1959205924323,-28.92564582824707
-3.773219093074008,-4.904057025909424
8.453421074249384,2.3976709842681885
-62.9612541332419,-30.087919235229492
2.97844031586002,-10.202836990356445
-5.800670766453999,0.11614984273910522
2.409764321136161,0.5567042231559753
-1.6610011043127195,-3.9923994541168213
1.39259946716825,0.31736046075820923
-5.785469568057495,-14.755252838134766
10.468583156479704,0.6791521310806274
0.8267526169764301,-0.6300150156021118
-0.4271227388875901,0.34456104040145874
-5.85807143580148,-10.700358390808105
-2.67676896274171,1.3090180158615112
-3.11888044241469,-10.119232177734375
6.71098989067457,0.40324944257736206
6.429854346358795,4.8289618492126465
-6.897600670415837,-7.565628528594971
-16.4910721624856,-16.817760467529297
-3.057699221935841,0.8028970956802368
-17.6906096863185,-14.606292724609375
0.1461877509898399,-17.523509979248047
-3.01321716593974,0.11632949113845825
-15.0412339008878,-0.13919159770011902
-3.60075442831331,-9.057083129882812
12.5056328567953,-0.47188013792037964
-13.8996269060666,-13.67944622039795
5.265272900492549,-0.5253373980522156
12.283123760680592,0.16377168893814087
-2.54688332955635,-1.0256929397583008
11.579228393987275,0.312400221824646
-0.3284521577656807,-10.339981079101562
-2.33292598982445,-4.204789161682129
-0.1058882282985149,-0.9632860422134399
-2.4461467814868523,-14.50837516784668
-41.8026500314277,-13.51778793334961
4.417989059347175,0.38314926624298096
-40.2101205720394,0.19076913595199585
-14.277645616907492,-7.510592460632324
3.29681579894721,2.332040309906006
-0.7012610501602399,-9.505317687988281
8.463248256721428,0.4547455608844757
-2.491707941339629,-0.8921099901199341
4.867927463076468,0.3223567605018616
-1.876637029070265,1.3691130876541138
-12.955988512618,-15.178502082824707
-7.75971004909346,0.9931939244270325
4.67424026120176,2.4443678855895996
-7.08434802004719,-23.901317596435547
-6.19730890695259,-5.412796497344971
-0.1240821746904601,0.5485445261001587
4.069163600073605,-1.6035699844360352
-1.77750068778882,-12.018610954284668
1.8601156760560384,-3.645801544189453
-10.8237586662752,-36.489990234375
-50.1674018945849,-16.975011825561523
-5.8677981963370005,-11.342179298400879
-24.4869919201538,-2.2518439292907715
-12.281506448986304,0.20030725002288818
-5.8772631055401,-12.391093254089355
-0.1639564470097907,2.4858853816986084
4.17561229224804,0.2859795093536377
2.77922195660905,-1.1896812915802002
-3.454798154796729,-22.1247501373291
7.692941411907634,7.560966968536377
-2.390619984667185,-0.29167595505714417
-33.1832620874725,-15.113678932189941
-18.23432595343749,-15.987194061279297
5.29419053806362,-0.8016014695167542
-77.3623903172369,-33.96483612060547
15.4985727759109,2.7721855640411377
7.73570234615748,-2.07537841796875
-9.325981865786185,-6.454815864562988
-9.72499716390718,-5.0141448974609375
13.309934514349203,0.5052244663238525
2.264898495983479,-5.603065490722656
-12.0320822507053,-3.1807289123535156
-2.56542276271332,0.28554093837738037
7.196532980977684,-12.332845687866211
-1.857666460494741,-1.7028169631958008
-1.4872271509121793,-1.4405517578125
-3.12013961477547,1.684143304824829
2.6303171850506604,-3.5789248943328857
-60.49569009623433,-15.465041160583496
-30.3377383335249,-17.062973022460938
1.0590749185315824,-8.25567626953125
-6.929951553081727,0.20927226543426514
-8.46093254820262,-3.2227883338928223
2.461922216333884,0.23855900764465332
4.5031585012656095,-0.09273698925971985
4.435147085081137,2.227146625518799
-2.88087637063392,-0.8831514120101929
-1.5082203021212124,-0.09556359052658081
-0.6579761516790089,-12.710204124450684
3.719171936095444,2.0728797912597656
-2.6053130644292946,1.556353211402893
7.276768036701751,6.592345237731934
5.29091659278858,0.7082647085189819
-1.0659561461183158,-1.0849082469940186
15.4186986077963,8.765310287475586
7.543407488617369,11.391437530517578
9.58062385928767,5.015158653259277
0.2570808252882703,-10.640088081359863
8.13893448615947,4.60463285446167
-5.14141487663266,-2.6473419666290283
-16.517773128145326,-19.712106704711914
0.7364260970712593,0.22314971685409546
4.25311060075082,-12.556360244750977
-25.4508968849616,-20.633087158203125
-1.9051378030600723,-11.895033836364746
5.506094216928792,0.48579251766204834
-0.1777753404752198,-5.015302658081055
16.9349100756105,1.7959040403366089
-11.607028837624,-1.9555082321166992
-1.2671721747064446,-17.256595611572266
-16.1535771788668,-11.792245864868164
8.143116180793372,-12.232280731201172
7.078924552126015,6.317570686340332
-5.73967918172164,-11.260290145874023
-23.3725501337939,-0.08607667684555054
9.04709717330502,-16.236591339111328
-3.724573545179619,0.9623701572418213
4.4516036428765,0.5258556604385376
-1.657597602265355,0.5743954181671143
5.586124430090477,2.4620134830474854
-26.6651088566214,0.469613254070282
3.028467183462371,0.3531593084335327
-40.7258600860177,-0.08033978939056396
-26.912205886836706,-15.176803588867188
-3.9965921287470247,0.30346447229385376
-4.739766082030863,0.3056744337081909
4.2006804390709,-3.4286537170410156
-22.3071231538392,-16.28876495361328
-18.5891767455387,-18.803619384765625
-5.960419628776203,0.009228229522705078
-18.9061714872788,-4.9840497970581055
-21.4141717786538,-38.80289077758789
-12.208208404490907,-17.465408325195312
-3.72583443525641,-0.23064732551574707
-2.377061578670744,-12.982611656188965
6.075310726130807,2.119945526123047
2.12042655289975,-14.109986305236816
3.181253849239128,-1.555992603302002
10.41580460128629,-1.020186424255371
-23.8934551543691,-13.45607852935791
-0.8981307679622897,12.935276985168457
3.7078671714499096,0.41776734590530396
11.644495901203598,0.2879476547241211
-22.42608065327665,-33.9626350402832
-1.2036514942358316,0.3928690552711487
-13.5091075877696,-2.0422072410583496
-1.79502295092813,-12.408597946166992
2.332279780348585,-15.48233413696289
3.11049964318654,0.25125062465667725
3.54836143321337,-12.57065486907959
3.77256113899207,-12.462952613830566
-2.35314836228574,-1.832213282585144
7.837521570550837,0.8766084909439087
9.328533024448705,-0.6271955966949463
-37.9495035857927,0.35951918363571167
-4.144685584269085,3.886098623275757
8.91646092056966,7.087704658508301
5.635020609606415,-11.823431015014648
-15.1006814359747,0.5458481907844543
-2.4599041427842496,3.3420467376708984
2.42002639701588,0.6737684011459351
-3.0331069492891496,-3.351555347442627
10.480393919522983,2.9654011726379395
4.452168509343501,1.1963577270507812
-2.552277046947741,-7.251659393310547
-5.97419023328963,0.017839431762695312
-0.5734820606807138,0.12352561950683594
3.7606671418030695,-0.9546234607696533
-31.4759298257721,-13.40994644165039
0.300408103033295,-9.316863059997559
-6.32558602127377,0.3969445824623108
0.90894434552881,0.348609983921051
5.954690473588823,-10.945924758911133
0.0804428699766095,1.9680848121643066
8.45389840526827,0.10981601476669312
-2.8859593337581737,1.887378454208374
-1.122073026503361,0.4553687572479248
-75.56229656723696,-32.802730560302734
-6.291328737399075,-10.033502578735352
-10.1192188918475,-28.502273559570312
-56.3663437951974,-13.178678512573242
2.4288820651169605,0.5827846527099609
5.05355462238675,-1.1058498620986938
-13.1809903671301,-1.83277428150177
-6.75960002722117,-17.96472930908203
9.0758909366509,2.1368494033813477
-1.4230966237807086,-0.33982545137405396
5.59963570142504,0.051762163639068604
4.133325903305868,0.9946699142456055
3.00680128293027,0.3044659197330475
-27.8195558011628,-15.462414741516113
-29.9162730471743,-14.468083381652832
20.7191486697607,0.1642531156539917
3.455876052191651,-9.988032341003418
2.595279020812243,1.0802819728851318
-4.0896099478500325,0.25691455602645874
5.3817717725564,0.6593621969223022
-1.9802660997523944,-1.1167287826538086
0.4007388327427847,0.14817309379577637
10.11870938841209,0.14734148979187012
-1.7174251595272625,0.3485307991504669
-13.2363849677504,1.649505615234375
-58.24412469223692,-20.951438903808594
-47.9875704511971,-30.057029724121094
-3.681083449701528,-16.137847900390625
0.1118559290339978,0.2454356551170349
-8.998840630677615,-5.962984085083008
1.1941842843275,0.5199758410453796
19.33685959748449,0.427029013633728
-3.09775596823669,-4.618580341339111
1.2555345380058751,0.45598235726356506
-78.7451798053926,-16.80913734436035
8.35813394800668,7.095661640167236
-19.6754058911438,-14.164093017578125
4.743603615290096,10.511697769165039
1.3155747227446202,-0.141473650932312
11.316750179392892,-4.100712776184082
11.779516260068313,-10.437784194946289
-3.802611775309477,-3.320922374725342
-10.539071528779305,-7.519392013549805
4.49646859469848,-10.083176612854004
3.59102041590596,-0.25800570845603943
2.1560784090827942,7.564864635467529
-17.309192174305,-29.94095230102539
-1.768261666543676,0.3519982099533081
-3.34531377329845,-10.273176193237305
-9.09730633851708,-0.8086426258087158
-12.909180343140196,2.415365695953369
4.020569536845237,7.670965194702148
2.28163515100639,-1.0834383964538574
-1.6307504375632549,0.2482292652130127
7.809600001042748,0.3092691898345947
-83.9761260280997,-14.909784317016602
7.656482330373112,2.5550737380981445
1.675245639565673,0.005338609218597412
-15.991582533821994,2.609872817993164
8.681027307740193,0.7057885527610779
11.10272802991041,9.693391799926758
3.42951329804928,0.018795788288116455
-1.4295761119406232,-1.4516162872314453
-11.9299972333177,-1.016804814338684
11.923948375295712,0.2776818871498108
5.960801203295765,-1.04970383644104
-0.4381862293696001,-0.5113344788551331
-2.43808381047612,-1.7064030170440674
5.72263802046558,0.5179924368858337
1.1496085756031087,-12.32593059539795
-6.72144892291601,3.157632827758789
18.1939100849816,0.5047298669815063
3.61441892535489,-11.91267204284668
-0.8028238008287005,-17.513025283813477
0.7001962140772594,-11.642523765563965
2.125547882163602,0.5745216608047485
-2.8472026300298463,-16.77345848083496
-4.534682244798708,-5.872661590576172
4.49418879319923,0.31708264350891113
-10.901275449743116,0.36322641372680664
-4.736229867816737,-4.527817726135254
-0.0053525606393112,-11.508162498474121
7.06923762363823,0.24540948867797852
-0.0084306638066775,-12.693702697753906
2.11900133622217,0.7150790691375732
8.106852576346123,6.052580833435059
-0.1428452494230792,-5.542325496673584
-1.0683487237199796,-11.603885650634766
0.0285872237409883,-8.733953475952148
2.75380173901167,-11.675809860229492
-7.69948364751984,1.1527200937271118
-0.0556983764780604,-11.744422912597656
-1.32131943338233,-0.4929978847503662
-3.0345245902191325,-1.1730899810791016
-2.93911844531118,-12.011026382446289
9.94612085382829,1.9826054573059082
-3.5546157663424616,-15.940366744995117
-11.221818720505304,-11.35149097442627
3.9797293996962297,0.2629016041755676
4.54734483862441,0.3609713315963745
-45.634880019414,-16.881593704223633
-1.6020246929696491,-17.593555450439453
-4.12581810820042,-10.4590482711792
-3.019531285218114,-10.615239143371582
5.42509465390903,-11.850289344787598
-21.5871320482388,-7.602960586547852
-1.2497809936708242,-5.303586959838867
-35.0272315856836,-42.073062896728516
3.37898618824583,-0.4945584535598755
-13.4460672849668,-13.769336700439453
10.982614675109394,2.866637706756592
2.35164464781062,2.475240707397461
-20.9676231329802,-30.402780532836914
-1.6422791314174887,1.718991994857788
-0.3136273830120112,-5.357701301574707
-16.967828162594074,0.386106014251709
-2.8325461302865187,0.6264241933822632
-2.6871577689602653,-2.2579660415649414
7.570838092245207,3.099482774734497
-13.547300817594484,-10.853300094604492
8.99923705482913,1.7344036102294922
-0.003939288658445,0.30524492263793945
6.147225205740463,0.965365469455719
-2.149900469098629,-3.1677346229553223
-25.2381267145584,-15.566048622131348
-5.36204355968609,0.08201920986175537
4.43276114617859,-10.663086891174316
3.27144637329635,-10.467910766601562
-1.626797120535592,-10.34610652923584
-9.859535687586003,0.4024144411087036
2.0008593011464906,-6.42729377746582
0.369316059642221,1.0338351726531982
5.79128728304933,0.22109001874923706
0.1235817830644999,-4.586245536804199
-3.36903782007548,0.09214699268341064
7.06032809637297,2.5305957794189453
13.71198107208239,1.760562539100647
-12.53254789251529,2.103942632675171
5.45103123545738,0.3142939805984497
4.128157012788561,0.2912871837615967
-3.8590388668775,-2.0107522010803223
7.36579899286375,1.9793999195098877
-11.03094492075089,-13.72906494140625
8.017093587799739,9.278024673461914
15.384553292915324,-11.948240280151367
2.79124989437018,-11.010490417480469
2.81101468536903,-8.837175369262695
-1.7237618714553775,0.2827681303024292
-2.202886656443709,0.07239186763763428
2.369358494612781,8.823028564453125
-11.30813578108209,-11.240106582641602
4.484288991501213,2.1636223793029785
-35.8165916579592,-16.994709014892578
-5.19085420781142,-9.981420516967773
2.86709961553106,-17.018020629882812
-4.349210006555943,6.53213357925415
5.029017096161708,3.6523144245147705
8.243548509216069,2.9432220458984375
-2.6184282494780104,2.12876296043396
-5.527709296795018,-11.101436614990234
-52.7336020518746,-29.615720748901367
6.07843040491799,4.067607879638672
-4.396710286499547,-9.935729026794434
6.6154810826822,1.0816233158111572
9.772192422094813,-13.143349647521973
2.099307195887115,0.10049289464950562
-12.414939844598162,-1.4648001194000244
8.24149319055937,6.592645645141602
-1.5178355576616795,3.727522850036621
9.144089281431205,0.6913114786148071
1.418014053180695,0.34451010823249817
-60.92137282626391,-16.332504272460938
5.61896917638109,0.7452181577682495
-4.96580172718434,-2.154353618621826
-24.4432878855492,-10.30929946899414
1.675381804264854,0.08206766843795776
-2.8447496930443927,0.13495886325836182
-1.059512617215007,1.0016660690307617
1.41805545618482,0.316182017326355
-7.06329362397977,0.3643995523452759
9.400493271217616,3.78916597366333
3.1327986373042376,6.187069892883301
4.097668935846943,3.3821287155151367
-4.01456885639382,-9.222209930419922
-2.260381023139061,4.842909336090088
-8.237627320974727,-17.48760223388672
-2.23616712442702,0.12515830993652344
-26.79502671025515,-12.627469062805176
-10.594900847222812,-10.488195419311523
4.509456424718162,8.545088768005371
-22.9219832537164,-13.92042350769043
-6.2026319104393295,-12.329992294311523
-4.662511414401839,-7.803827285766602
-0.4503474699443348,2.43414044380188
-21.5531296050118,-17.559680938720703
-39.7169735486916,-0.2947441339492798
-6.13466459150186,1.5210204124450684
6.093529951556334,0.8096161484718323
-33.3004252633332,-30.25279998779297
-7.789052707582185,0.586378812789917
-61.6890402284636,-19.31536102294922
-10.613183176373598,-13.192312240600586
-12.6203596574975,-14.254034042358398
-15.2234416939723,0.3135901093482971
3.42848617073407,0.6959701776504517
-50.4820483838523,-15.349141120910645
-71.7765711158932,-36.60700225830078
4.338369925074482,1.8865596055984497
-34.0729170807354,-16.927900314331055
-10.285920522724917,-16.441181182861328
2.71808902854303,0.575125515460968
2.26767773086615,-22.944730758666992
0.3189015990893598,-0.04290771484375
-39.873530292237,-23.164966583251953
5.053393098685065,-2.6988277435302734
-5.77665564868809,-4.8414626121521
-22.4462583852743,-13.86611557006836
-10.162041561092582,-12.0902099609375
8.70853787657841,-0.3275587558746338
-3.73521146317182,0.38094764947891235
-1.3326443092463092,-21.509014129638672
-5.830142578087577,-3.3595714569091797
-7.815562497274902,0.04992860555648804
-20.7558388881914,-1.528913974761963
-1.03656181464744,0.1020248532295227
-3.930469946192945,1.343155860900879
5.391699208755202,0.3324436545372009
7.2595381633228,0.6141682863235474
9.30630078585379,0.5578211545944214
-3.77133000272187,-9.976470947265625
-42.936846127142296,-35.32673645019531
0.5211206139658471,0.2073621153831482
0.7345204104922589,2.0153861045837402
6.86106163750481,0.7354638576507568
-21.61387508166409,-15.796564102172852
-24.577379709126298,-28.203920364379883
3.986867952152618,0.3279064893722534
-63.2346715672369,-30.720916748046875
4.55602013063716,0.3902217149734497
-20.3623076046531,-6.188776016235352
8.678125432705007,2.6799745559692383
-2.1147225087047508,-7.881500244140625
-1.14890133483728,4.603582382202148
3.7921116228684086,4.912625789642334
-1.3811964732242277,1.4618756771087646
0.1752112379752922,1.8346099853515625
3.3452637215970498,0.04921773076057434
6.63109301847755,-12.012301445007324
-8.72128086410909,-34.12211227416992
-0.1160299782726794,-0.4668593406677246
0.1119561526876595,1.431204080581665
11.877856996640997,0.4082069993019104
-3.2142130797467816,0.3761538863182068
-3.9552380984537248,-19.036083221435547
-1.593720937577549,-7.866824150085449
3.3899996482015826,-11.242817878723145
7.66334596528203,-6.508561134338379
2.60625970962018,-0.689527153968811
5.006519903780723,0.08755254745483398
-58.5527340809363,-1.513201355934143
3.776985072333982,-1.7709054946899414
2.4866177573815964,0.20833122730255127
-0.6920482116816997,1.5060685873031616
2.1747311895065486,2.067025899887085
-13.14009076535719,-16.675537109375
2.745769909533195,-0.6094210147857666
-10.626155896203898,1.6728239059448242
0.0548896546292299,3.4463510513305664
-69.1366966634013,-14.802412033081055
14.8508222506114,5.116606712341309
-28.3488859938485,-15.29025650024414
0.6884341878779402,-0.27164793014526367
12.566471603210276,8.850053787231445
-5.472376660417956,0.16678154468536377
-2.1691769605730515,-6.013073921203613
-0.3887710448227697,0.03441810607910156
9.1356503291117,0.405845582485199
4.93167956005568,-0.9264805316925049
2.713132201978397,0.9869888424873352
9.090654061652296,0.29643774032592773
1.741670982094262,0.3859242796897888
-5.89266438028177,-11.463590621948242
-1.130678948105339,-11.547327041625977
-46.587141393021525,-26.57697868347168
4.366245372711767,4.992055416107178
2.858782897786812,1.14566171169281
2.53362859007723,-10.938974380493164
-1.7943154401891548,-0.989712655544281
-0.6435038581465955,3.068510055541992
5.99108205682079,-0.4618663191795349
2.44728958086436,-0.9840239882469177
1.5718362711845366,-12.083934783935547
-55.54568697318505,-16.229167938232422
-9.231606713935047,0.32247835397720337
3.547124544521316,-24.056211471557617
-73.5286754265322,0.2282152771949768
0.2047767843086013,-11.013251304626465
-10.398648228661925,-12.291526794433594
-46.9980356488569,-17.04123306274414
-62.9031214125763,-38.815643310546875
-10.35739215730591,1.9532585144042969
1.83593808226401,4.893389701843262
7.827394642815597,3.521739959716797
-9.742168339465294,-0.05457353591918945
-0.29408409265346,0.5896743535995483
-5.653435188749545,0.3623170852661133
-14.57002364123529,-15.203609466552734
-18.1797235112709,-18.47687530517578
-5.45440876641342,3.5299882888793945
8.596988309863011,7.033699989318848
-5.493763326806099,-11.071917533874512
-8.393586343504198,3.4812464714050293
-3.963646539183849,0.2686101794242859
9.625121597198186,-13.059003829956055
-6.18357684414468,1.1236941814422607
-3.41466344580097,0.1820034384727478
-4.03025121975644,-11.826208114624023
-2.66483863280114,-4.565979957580566
-0.190891674386513,1.0933868885040283
16.1850033157246,6.6587677001953125
-7.910003358009165,-9.898092269897461
-2.07861348348741,-1.0949831008911133
12.331931266595111,0.7166027426719666
0.8825935384285006,0.584600567817688
-2.1789667599796294,0.03439044952392578
3.0307168501552093,-0.659894585609436
14.8229623836697,0.4370662569999695
6.795393661635613,1.0325310230255127
5.16750826555368,0.11465352773666382
-57.144820014625296,-15.9684476852417
6.167862854629888,-12.694676399230957
-2.698758931910008,6.625687599182129
1.289294757415069,-11.952118873596191
13.9692836454661,-0.04799365997314453
-38.6438610292767,-13.83285903930664
-3.119647295186995,-5.305168151855469
-6.745372906074374,-12.027961730957031
-2.7468186065138984,0.35660290718078613
1.6198341998494314,0.35047370195388794
1.6646916021852596,6.787898540496826
-7.87226820943855,-11.367511749267578
8.652061852316729,3.7915070056915283
2.4933992323843923,-12.3789701461792
2.35160533891099,-19.72488784790039
1.30779520720034,0.2905583381652832
-11.9965988914421,0.3586820960044861
4.780848076735348,-1.392559289932251
11.2728180991378,5.895458221435547
0.7651079053562314,-1.244476318359375
-10.6557437737239,-4.004495620727539
3.27100049685324,-3.2065200805664062
-5.2815921348029296,-12.868080139160156
-27.5445722402187,-20.57364845275879
-2.683955047842884,0.3868262469768524
-43.929359067237,-17.061382293701172
-4.639593570653838,-1.3597221374511719
-14.7229944429405,-12.498091697692871
-5.00028834575103,0.7227858304977417
-1.2236747050651609,-11.469620704650879
-17.6830733389949,-9.722381591796875
-9.979741434164584,-12.923949241638184
-0.2823200449385875,-0.25716492533683777
-36.50577458359941,-35.108314514160156
-4.853312003098937,-41.817806243896484
-27.4476544011683,-15.138893127441406
-49.5120706514507,-16.485158920288086
1.2287673509824204,-0.39007246494293213
9.503977484174175,2.0080761909484863
-5.5186956836840375,-4.029973030090332
-2.99361591491145,0.18364500999450684
7.99575647038201,0.47891664505004883
11.7225687296843,1.220238208770752
6.987950206462267,0.3833499550819397
5.5273920092716775,-14.870418548583984
-7.19378137939456,-6.519309043884277
6.001532732018722,4.686017036437988
7.92708077877978,0.6421529054641724
4.316615136301563,0.1843840479850769
0.1590569364430157,0.31754058599472046
2.8348518495029404,-10.999069213867188
-46.6686841099013,-30.095001220703125
-0.8984319813221007,0.13944005966186523
4.30511943579503,-0.6653070449829102
-3.36735139960915,-10.403514862060547
6.58117049992555,6.740631103515625
6.753311816554961,0.2490869164466858
-1.1091988250418725,-0.6708695888519287
5.26551760771767,0.28604722023010254
-37.3999740396079,-29.647701263427734
-34.48768519828235,-41.16905975341797
-46.862925671502296,-14.162069320678711
-1.19024715514191,0.0447658896446228
-1.4920816076829602,-10.338825225830078
-5.775806690181939,-11.878911972045898
-14.2382866820043,0.5020116567611694
1.3131129859732091,-0.6496834754943848
13.1991243046288,-11.265954971313477
3.6035536346157695,-0.3895511329174042
4.97603191479674,0.2817385196685791
2.9737175212081803,0.44097644090652466
-35.1782981083837,-14.421361923217773
-10.480511156242285,-14.362834930419922
-0.3170472839931941,-10.974614143371582
3.59745169898486,0.24154943227767944
-5.139364658294922,0.3321993350982666
-29.2662792150344,0.4570963978767395
11.555346181601609,8.292388916015625
3.7092867134231,3.1077165603637695
-0.7280966227290082,0.3592580556869507
0.9480162028997956,0.23023593425750732
-9.619042312244815,-15.393047332763672
-3.15562863494722,-0.27774879336357117
7.285509446842615,-0.5327025651931763
2.71319811317338,-10.338977813720703
1.026942322157092,0.29982006549835205
-4.65691689928222,-0.9924064874649048
-8.677497573270493,0.15538281202316284
14.3436638764016,-0.20621490478515625
-11.8973420493851,-1.6858718395233154
-6.61979034735207,-1.42012619972229
8.86280218600469,0.5702283978462219
-3.43040335892423,-4.570065021514893
0.4443344011282492,-9.776628494262695
2.6678241356197647,-0.9118980169296265
2.334382802629,-0.5972005128860474
-13.8157551615103,-3.5947751998901367
1.9007667723773176,0.2593773603439331
-17.190033530139498,-6.23233699798584
3.88810032819938,4.184530258178711
1.2705701336207027,-4.80605411529541
3.887422638441485,4.540189743041992
10.349523074958825,5.380554676055908
9.62907409316032,8.811071395874023
0.7709161631446207,0.36676138639450073
2.3166834950764685,-0.5548363924026489
2.76912169862866,4.903744697570801
-46.2372447228831,-19.949413299560547
-37.0930621901092,-15.513954162597656
0.996650643215182,-2.822538375854492
-12.898019313824,-13.9663724899292
-0.71117494174041,-12.183625221252441
-0.5663484394051013,0.20190215110778809
-12.4595255596924,0.1682450771331787
-0.6089836493556324,0.5508134961128235
6.92534745147092,-3.127520799636841
3.320229681965675,0.170462965965271
-10.274169876330886,-10.843646049499512
-49.062306315025,-18.758506774902344
-30.7261055182573,-14.545072555541992
22.7414116448382,0.30932003259658813
-0.9529303605806088,0.4046176075935364
-10.739322929783883,-11.363627433776855
-20.9507978903398,-13.230570793151855
-24.96156751119129,-15.809320449829102
14.9823899147147,0.1065106987953186
-14.564555056626377,-1.019788146018982
1.907333647224608,-1.7177650928497314
-1.178255647098801,0.22218263149261475
1.9806048133258944,-15.093040466308594
8.833837192566008,4.644962787628174
-18.5255095356289,-32.52643966674805
3.010752586641185,-1.2591122388839722
3.67041582610247,-12.653590202331543
-33.7845903951132,-17.31464958190918
-13.812973987503693,-10.148161888122559
-13.861300672159,-1.1024978160858154
-26.24662901330595,-14.037755012512207
-1.61504571199055,-9.705873489379883
8.754663680824095,4.626331806182861
3.22816419080692,-8.984577178955078
-2.0585753436264698,-4.001821517944336
-9.59094984812801,-17.57950782775879
6.02246857213521,0.6562241315841675
-4.11149235653684,-16.340269088745117
-4.361976736345532,-9.602121353149414
-2.4097304318056905,-9.906109809875488
4.967381413305823,-0.02696448564529419
-11.9154244975033,0.024821996688842773
-11.183106529127476,1.6652705669403076
-2.3538192484503564,-11.254495620727539
-2.204579993178592,0.7662174701690674
-91.8886792382854,-23.727619171142578
3.2582764286422226,0.8375890254974365
9.859104788483815,-0.1076500415802002
-2.6304973605131474,0.30150938034057617
8.398744223780918,2.852525234222412
1.4955767028094,-2.7827703952789307
6.720388221210122,5.347250461578369
6.99756701325662,3.8430099487304688
12.966325580978296,3.9465878009796143
-22.8644313188967,0.8528032302856445
-14.4731176558811,-18.511978149414062
-0.0918051514147744,-1.108149766921997
0.9434331950199416,-14.623058319091797
7.877641553655238,0.7709884643554688
-27.1636490162131,-9.99075698852539
3.42669038506664,1.9526252746582031
0.31232235517322,1.7568992376327515
1.1848602197973823,1.992920160293579
-5.822632503482525,4.1632080078125
-2.989164004622407,-16.8179988861084
1.69213972357191,3.427371025085449
-0.89184437235696,0.39927488565444946
2.446050707651698,-0.5223307013511658
5.07108724357905,-13.006599426269531
5.42147270471237,1.0882813930511475
-2.20364176327536,1.3377679586410522
3.08443697315444,-0.2805662155151367
-5.97248436581227,-1.227370023727417
-1.0190872666435924,3.7404892444610596
-14.885807229381896,-12.601902961730957
0.046018285265003,-4.678781509399414
6.00089213826483,1.8611998558044434
-1.4680391508473674,-0.03706541657447815
-49.8653288018085,-36.22170639038086
-7.283890318199592,0.83609938621521
3.6053774296538297,2.335730791091919
6.364261125349779,2.162630558013916
-51.4043293278057,-17.31072235107422
-64.65676531723692,-21.974079132080078
-26.1965705632023,-4.408169269561768
2.63157412115867,0.9246371388435364
16.694612728237402,-0.5852725505828857
-17.0314498829154,0.5881215333938599
-58.40351531723695,-19.228412628173828
-15.3173389528898,6.530893325805664
-6.613686761665703,-40.665584564208984
-39.0646563811545,-13.315935134887695
0.809697096857583,-6.835697174072266
0.4685622181175212,-0.596076250076294
-6.376202369524528,-19.64901351928711
-14.434457477598505,-8.835082054138184
-26.0047332498617,-29.341278076171875
-17.5801214502402,-15.11933708190918
-2.60072537807549,3.8613569736480713
7.184930267876617,0.15767860412597656
0.555665600488549,0.6706785559654236
8.747205755218493,1.2245532274246216
-2.289513933263135,0.803491473197937
3.8009101564042025,1.1452555656433105
-1.67197513843126,-16.748207092285156
-15.746453943284,-39.70732879638672
