Score,Pred Score
4.219145585451182,0.21112966537475586
-2.588665914009158,-0.4943431615829468
-3.0703466753296,-0.9502630233764648
2.1112971208509976,0.9658974409103394
-19.1693792779686,-2.6806833744049072
-0.9096556467231308,-6.703499794006348
-5.316952415477393,0.10451555252075195
-5.39913759737588,-0.9836045503616333
6.1026124307435,4.837926864624023
-1.6005087696864486,-0.14985811710357666
-51.6773231694491,-27.485393524169922
0.51700222845629,-1.006948471069336
-1.6521884315998507,0.6293022036552429
2.11024229353816,-1.7074534893035889
17.2594267615487,0.7549657821655273
-1.73607437190069,-1.411468505859375
-5.77436797253085,0.526383101940155
-0.568998602339841,0.8708182573318481
-1.289264920121349,0.0963590145111084
-14.1813773041305,-27.110816955566406
-3.31847606547329,0.21883773803710938
11.710679650337616,0.6559774875640869
2.046344769010002,-0.07309997081756592
-2.77042962989298,-0.7479850053787231
9.014890317831036,-0.9255661964416504
2.726862934921635,0.3890460729598999
-3.4922781726655696,0.09375238418579102
1.292753014965791,-0.14786911010742188
8.16191414696451,4.284830093383789
-8.251107402184557,-2.687866687774658
7.262818938793504,-3.5782666206359863
4.14054171285972,-0.7076337337493896
-13.546032832554804,0.2758091688156128
-16.8307740899425,-0.0638589859008789
-0.2642143205483515,-0.8196736574172974
-6.135426654744688,-2.06343412399292
-7.187555808667961,-3.80078125
8.149714042401495,-0.34186649322509766
-6.426376983867103,-0.3934992551803589
13.9953943577381,0.2718247175216675
-6.31868596379813,-0.2887813448905945
5.321680837772678,0.8876687288284302
11.9978624338519,0.29253172874450684
7.909526276907584,0.3168971538543701
7.206977941743588,0.525499701499939
-7.378812419643663,-10.056380271911621
0.2475632146873464,0.21228575706481934
12.7359625054994,0.28949272632598877
5.220668557811489,3.762929916381836
1.3318185914773402,5.132097244262695
2.776867734737273,0.3549879789352417
-27.8178569354009,-31.343875885009766
-4.20883890972707,0.267822265625
2.78743688363977,3.5874738693237305
-9.657849716236,-23.968442916870117
4.071661498679735,1.2601418495178223
-10.586292641023492,0.22143828868865967
2.578081311550471,0.32226037979125977
-42.2483635713802,-31.065221786499023
8.204494762209066,-0.7440869808197021
18.5317724911246,0.31057798862457275
6.097122298913325,-0.06935417652130127
-11.299328727708405,0.7480419874191284
-6.22433036882608,2.6113791465759277
3.12612254618191,0.3088322877883911
8.756217929094177,2.5705699920654297
-1.757118944268968,0.9990901947021484
-51.402683514636095,-29.90978240966797
-2.13735826282737,2.4692306518554688
8.88265541550952,0.29573631286621094
5.58846482112586,1.1335420608520508
7.383552345763623,0.07283711433410645
10.229168329440906,-0.6918165683746338
-17.4030551064212,0.2015852928161621
2.204062447972561,-0.5999757051467896
-3.195242757261453,1.6301783323287964
-36.8822022827233,-31.87820053100586
3.812227003524945,-1.3859992027282715
-6.89310310865277,-1.3064883947372437
-2.85382252753121,0.26813042163848877
-7.42349600405968,-0.6150991916656494
4.398848813602776,0.333443284034729
-68.1959205924323,-34.51543426513672
-3.773219093074008,-0.16633570194244385
8.453421074249384,2.8073620796203613
-62.9612541332419,-29.368196487426758
2.97844031586002,-0.4149450659751892
-5.800670766453999,0.12168824672698975
2.409764321136161,0.48989176750183105
-1.6610011043127195,-4.192938327789307
1.39259946716825,0.2824549674987793
-5.785469568057495,-31.470123291015625
10.468583156479704,2.692647933959961
0.8267526169764301,0.35198521614074707
-0.4271227388875901,0.30458104610443115
-5.85807143580148,-1.9704089164733887
-2.67676896274171,0.1858828067779541
-3.11888044241469,-0.6375768184661865
6.71098989067457,0.3258988857269287
6.429854346358795,3.679126024246216
-6.897600670415837,-7.532332420349121
-16.4910721624856,-24.051040649414062
-3.057699221935841,0.6461699604988098
-17.6906096863185,-26.703556060791016
0.1461877509898399,-0.60020911693573
-3.01321716593974,0.0537877082824707
-15.0412339008878,-0.0762474536895752
-3.60075442831331,-7.933132171630859
12.5056328567953,0.3083299398422241
-13.8996269060666,-12.411206245422363
5.265272900492549,0.30533188581466675
12.283123760680592,0.743850588798523
-2.54688332955635,-0.5872669219970703
11.579228393987275,0.2500039339065552
-0.3284521577656807,-2.5954980850219727
-2.33292598982445,-2.702770709991455
-0.1058882282985149,-0.36526739597320557
-2.4461467814868523,-26.062740325927734
-41.8026500314277,-30.42498016357422
4.417989059347175,2.9873745441436768
-40.2101205720394,-0.11555933952331543
-14.277645616907492,-13.873494148254395
3.29681579894721,3.7660131454467773
-0.7012610501602399,-0.8635398149490356
8.463248256721428,0.4230550527572632
-2.491707941339629,0.27973246574401855
4.867927463076468,0.2955220937728882
-1.876637029070265,-2.675103187561035
-12.955988512618,-31.940462112426758
-7.75971004909346,0.5912564992904663
4.67424026120176,3.2597544193267822
-7.08434802004719,-9.120131492614746
-6.19730890695259,-3.5946555137634277
-0.1240821746904601,0.33458375930786133
4.069163600073605,0.21694111824035645
-1.77750068778882,-4.21308708190918
1.8601156760560384,0.2116556167602539
-10.8237586662752,-38.825286865234375
-50.1674018945849,-29.947555541992188
-5.8677981963370005,-0.8498053550720215
-24.4869919201538,-21.347637176513672
-12.281506448986304,-0.17547249794006348
-5.8772631055401,-2.028331756591797
-0.1639564470097907,2.813319206237793
4.17561229224804,0.25109994411468506
2.77922195660905,-1.0796308517456055
-3.454798154796729,3.9373722076416016
7.692941411907634,1.5730319023132324
-2.390619984667185,-2.1253011226654053
-33.1832620874725,-33.84033966064453
-18.23432595343749,-39.73878479003906
5.29419053806362,1.391831398010254
-77.3623903172369,-36.28131103515625
15.4985727759109,-0.6348733901977539
7.73570234615748,-0.07312870025634766
-9.325981865786185,-11.988903045654297
-9.72499716390718,0.2521970272064209
13.309934514349203,0.23802566528320312
2.264898495983479,0.03342139720916748
-12.0320822507053,-13.971393585205078
-2.56542276271332,0.17492592334747314
7.196532980977684,-0.9363987445831299
-1.857666460494741,-0.9742288589477539
-1.4872271509121793,-0.6570839881896973
-3.12013961477547,1.8749756813049316
2.6303171850506604,-5.207129955291748
-60.49569009623433,-32.290550231933594
-30.3377383335249,-28.098474502563477
1.0590749185315824,0.9399147033691406
-6.929951553081727,0.7416158318519592
-8.46093254820262,-5.267242431640625
2.461922216333884,0.03546595573425293
4.5031585012656095,-1.3308813571929932
4.435147085081137,1.7898695468902588
-2.88087637063392,-2.5811927318573
-1.5082203021212124,-1.1455559730529785
-0.6579761516790089,-2.857736110687256
3.719171936095444,2.1403732299804688
-2.6053130644292946,0.552967369556427
7.276768036701751,6.548055648803711
5.29091659278858,1.1656112670898438
-1.0659561461183158,0.01195526123046875
15.4186986077963,18.99818229675293
7.543407488617369,11.224387168884277
9.58062385928767,3.830798387527466
0.2570808252882703,-3.823880195617676
8.13893448615947,5.70781135559082
-5.14141487663266,0.028383731842041016
-16.517773128145326,-0.13249552249908447
0.7364260970712593,0.06368708610534668
4.25311060075082,-1.047865867614746
-25.4508968849616,-18.689308166503906
-1.9051378030600723,-1.0651416778564453
5.506094216928792,0.2531083822250366
-0.1777753404752198,-0.9491176605224609
16.9349100756105,0.46746617555618286
-11.607028837624,0.2512120008468628
-1.2671721747064446,-27.485702514648438
-16.1535771788668,-13.234370231628418
8.143116180793372,-0.7643625736236572
7.078924552126015,0.4697812795639038
-5.73967918172164,-0.580823540687561
-23.3725501337939,0.2409648895263672
9.04709717330502,-30.9803409576416
-3.724573545179619,0.6032602787017822
4.4516036428765,0.2734377384185791
-1.657597602265355,0.45577406883239746
5.586124430090477,1.9168387651443481
-26.6651088566214,-0.05086708068847656
3.028467183462371,0.17655861377716064
-40.7258600860177,0.3214679956436157
-26.912205886836706,-18.71409034729004
-3.9965921287470247,0.08761513233184814
-4.739766082030863,0.864194393157959
4.2006804390709,6.093271255493164
-22.3071231538392,-31.432281494140625
-18.5891767455387,-31.570253372192383
-5.960419628776203,-0.212249755859375
-18.9061714872788,-15.265624046325684
-21.4141717786538,-34.437294006347656
-12.208208404490907,-27.425498962402344
-3.72583443525641,-0.8209052085876465
-2.377061578670744,-2.4799599647521973
6.075310726130807,2.8974781036376953
2.12042655289975,-1.2488493919372559
3.181253849239128,7.94957160949707
10.41580460128629,0.23248827457427979
-23.8934551543691,-26.629417419433594
-0.8981307679622897,2.611665725708008
3.7078671714499096,0.2442108392715454
11.644495901203598,-1.5471644401550293
-22.42608065327665,-27.015214920043945
-1.2036514942358316,0.1954200267791748
-13.5091075877696,-2.4032957553863525
-1.79502295092813,-3.764504909515381
2.332279780348585,-1.7462244033813477
3.11049964318654,-0.15014058351516724
3.54836143321337,-0.764349102973938
3.77256113899207,-1.2541126012802124
-2.35314836228574,-2.154110908508301
7.837521570550837,0.6462381482124329
9.328533024448705,-2.261392116546631
-37.9495035857927,0.09942233562469482
-4.144685584269085,-0.865739107131958
8.91646092056966,6.790401458740234
5.635020609606415,-0.6603800058364868
-15.1006814359747,0.30556225776672363
-2.4599041427842496,3.6763343811035156
2.42002639701588,0.354312539100647
-3.0331069492891496,-1.3983986377716064
10.480393919522983,2.90366792678833
4.452168509343501,4.072411060333252
-2.552277046947741,-0.641089916229248
-5.97419023328963,-1.1274316310882568
-0.5734820606807138,0.007568359375
3.7606671418030695,0.25243115425109863
-31.4759298257721,-21.807357788085938
0.300408103033295,-0.35503655672073364
-6.32558602127377,0.3168618679046631
0.90894434552881,0.3098708391189575
5.954690473588823,-0.8607620000839233
0.0804428699766095,0.19822542369365692
8.45389840526827,0.02967846393585205
-2.8859593337581737,3.67794132232666
-1.122073026503361,0.3340425491333008
-75.56229656723696,-77.83836364746094
-6.291328737399075,-0.4496641159057617
-10.1192188918475,-7.133312702178955
-56.3663437951974,-22.42646026611328
2.4288820651169605,0.5197489857673645
5.05355462238675,0.1319735050201416
-13.1809903671301,-11.938982009887695
-6.75960002722117,-6.083697319030762
9.0758909366509,0.7029561400413513
-1.4230966237807086,0.13017696142196655
5.59963570142504,0.1764429807662964
4.133325903305868,-0.3045220375061035
3.00680128293027,0.43368983268737793
-27.8195558011628,-31.294448852539062
-29.9162730471743,-31.05552864074707
20.7191486697607,0.7462762594223022
3.455876052191651,-0.7388368844985962
2.595279020812243,0.06251253187656403
-4.0896099478500325,-0.02765589952468872
5.3817717725564,2.015401601791382
-1.9802660997523944,0.1379537582397461
0.4007388327427847,0.13114690780639648
10.11870938841209,-0.002019226551055908
-1.7174251595272625,0.4879404604434967
-13.2363849677504,-11.453907012939453
-58.24412469223692,-46.275665283203125
-47.9875704511971,-32.4267692565918
-3.681083449701528,-26.279178619384766
0.1118559290339978,0.05597281455993652
-8.998840630677615,-0.5227736234664917
1.1941842843275,0.36204683780670166
19.33685959748449,0.4052935242652893
-3.09775596823669,-5.867249488830566
1.2555345380058751,0.014703512191772461
-78.7451798053926,-26.660634994506836
8.35813394800668,5.2021989822387695
-19.6754058911438,-30.60198974609375
4.743603615290096,5.702880859375
1.3155747227446202,0.3728930950164795
11.316750179392892,7.663719177246094
11.779516260068313,-0.7705056667327881
-3.802611775309477,-10.878710746765137
-10.539071528779305,0.25434404611587524
4.49646859469848,-0.14776039123535156
3.59102041590596,-0.9051411151885986
2.1560784090827942,2.38789963722229
-17.309192174305,-17.076271057128906
-1.768261666543676,0.3213917016983032
-3.34531377329845,-1.1680231094360352
-9.09730633851708,0.332383394241333
-12.909180343140196,1.668131709098816
4.020569536845237,5.7707414627075195
2.28163515100639,0.26883482933044434
-1.6307504375632549,0.23387670516967773
7.809600001042748,0.2660483121871948
-83.9761260280997,-29.9424991607666
7.656482330373112,4.652949810028076
1.675245639565673,0.19467782974243164
-15.991582533821994,-0.6303572654724121
8.681027307740193,0.5982488393783569
11.10272802991041,8.655235290527344
3.42951329804928,-0.029752254486083984
-1.4295761119406232,1.7325475215911865
-11.9299972333177,-3.5022292137145996
11.923948375295712,0.1485527753829956
5.960801203295765,3.059840440750122
-0.4381862293696001,0.2224104404449463
-2.43808381047612,-0.49521851539611816
5.72263802046558,0.7213431000709534
1.1496085756031087,-4.870941162109375
-6.72144892291601,0.37088853120803833
18.1939100849816,0.7425553798675537
3.61441892535489,-2.0302999019622803
-0.8028238008287005,-28.538000106811523
0.7001962140772594,-0.715717077255249
2.125547882163602,0.2543262243270874
-2.8472026300298463,-28.960529327392578
-4.534682244798708,-5.186476707458496
4.49418879319923,0.09191882610321045
-10.901275449743116,0.1413097381591797
-4.736229867816737,-3.950493335723877
-0.0053525606393112,-0.7582396268844604
7.06923762363823,0.3985309600830078
-0.0084306638066775,-5.088399410247803
2.11900133622217,0.32755184173583984
8.106852576346123,5.296445846557617
-0.1428452494230792,0.9221053719520569
-1.0683487237199796,-0.2349081039428711
0.0285872237409883,-0.9032348394393921
2.75380173901167,-0.7367651462554932
-7.69948364751984,1.7951202392578125
-0.0556983764780604,-0.74396812915802
-1.32131943338233,-2.240499496459961
-3.0345245902191325,-0.05336928367614746
-2.93911844531118,-0.7518086433410645
9.94612085382829,1.3367946147918701
-3.5546157663424616,-27.309263229370117
-11.221818720505304,-1.1024196147918701
3.9797293996962297,0.03665125370025635
4.54734483862441,0.15343022346496582
-45.634880019414,-31.377399444580078
-1.6020246929696491,-27.616390228271484
-4.12581810820042,-0.914972186088562
-3.019531285218114,-0.2480033040046692
5.42509465390903,-0.7661149501800537
-21.5871320482388,-14.971915245056152
-1.2497809936708242,0.0555574893951416
-35.0272315856836,-35.68111801147461
3.37898618824583,0.20171856880187988
-13.4460672849668,-21.260435104370117
10.982614675109394,1.7406811714172363
2.35164464781062,-3.062450408935547
-20.9676231329802,-22.130931854248047
-1.6422791314174887,0.4795605540275574
-0.3136273830120112,0.14931344985961914
-16.967828162594074,0.17141187191009521
-2.8325461302865187,0.3876556158065796
-2.6871577689602653,-1.415534496307373
7.570838092245207,0.3387417197227478
-13.547300817594484,-16.324657440185547
8.99923705482913,2.8993825912475586
-0.003939288658445,0.28236818313598633
6.147225205740463,1.581085443496704
-2.149900469098629,-0.4494832754135132
-25.2381267145584,-28.589189529418945
-5.36204355968609,-0.7501002550125122
4.43276114617859,-0.8763899803161621
3.27144637329635,-1.5342661142349243
-1.626797120535592,-1.0146069526672363
-9.859535687586003,-0.05670309066772461
2.0008593011464906,-1.94133460521698
0.369316059642221,0.36892223358154297
5.79128728304933,0.1295485496520996
0.1235817830644999,-1.1919901371002197
-3.36903782007548,0.23752588033676147
7.06032809637297,0.43446123600006104
13.71198107208239,-1.0335384607315063
-12.53254789251529,1.6852980852127075
5.45103123545738,0.1313391923904419
4.128157012788561,0.18441450595855713
-3.8590388668775,-5.07695198059082
7.36579899286375,-1.3012861013412476
-11.03094492075089,-30.48481559753418
8.017093587799739,9.981629371643066
15.384553292915324,-14.300586700439453
2.79124989437018,-3.3431718349456787
2.81101468536903,-0.7918598651885986
-1.7237618714553775,0.2561452388763428
-2.202886656443709,-0.7829664945602417
2.369358494612781,8.019338607788086
-11.30813578108209,-4.991178035736084
4.484288991501213,0.7268083095550537
-35.8165916579592,-30.426258087158203
-5.19085420781142,-0.7089574337005615
2.86709961553106,2.130621910095215
-4.349210006555943,10.861671447753906
5.029017096161708,1.6888699531555176
8.243548509216069,9.219884872436523
-2.6184282494780104,0.746528685092926
-5.527709296795018,-0.9586952924728394
-52.7336020518746,-54.28669357299805
6.07843040491799,2.2413759231567383
-4.396710286499547,-0.7706714868545532
6.6154810826822,0.7918928265571594
9.772192422094813,-18.229244232177734
2.099307195887115,0.007884740829467773
-12.414939844598162,0.3069814443588257
8.24149319055937,3.062124252319336
-1.5178355576616795,4.465950012207031
9.144089281431205,0.48899853229522705
1.418014053180695,0.4728846549987793
-60.92137282626391,-31.04482078552246
5.61896917638109,0.47749149799346924
-4.96580172718434,0.03608143329620361
-24.4432878855492,-0.668547511100769
1.675381804264854,0.12469428777694702
-2.8447496930443927,-0.495499849319458
-1.059512617215007,-1.4806225299835205
1.41805545618482,0.17609333992004395
-7.06329362397977,0.2935584783554077
9.400493271217616,0.24368327856063843
3.1327986373042376,4.747197151184082
4.097668935846943,5.5163350105285645
-4.01456885639382,-0.5409183502197266
-2.260381023139061,1.8646700382232666
-8.237627320974727,-28.32857322692871
-2.23616712442702,-0.17343908548355103
-26.79502671025515,-25.764219284057617
-10.594900847222812,-15.332259178161621
4.509456424718162,7.525351524353027
-22.9219832537164,-29.1209659576416
-6.2026319104393295,-22.721576690673828
-4.662511414401839,0.04986453056335449
-0.4503474699443348,0.3108254671096802
-21.5531296050118,-26.182458877563477
-39.7169735486916,-0.16408658027648926
-6.13466459150186,0.5081682205200195
6.093529951556334,0.27684807777404785
-33.3004252633332,-32.653018951416016
-7.789052707582185,0.3143502473831177
-61.6890402284636,-29.90259552001953
-10.613183176373598,-2.9972622394561768
-12.6203596574975,-25.40969467163086
-15.2234416939723,0.2085247039794922
3.42848617073407,-0.15561819076538086
-50.4820483838523,-30.427175521850586
-71.7765711158932,-73.63626098632812
4.338369925074482,0.5689619779586792
-34.0729170807354,-27.479158401489258
-10.285920522724917,-1.1891326904296875
2.71808902854303,0.30120742321014404
2.26767773086615,-1.1062732934951782
0.3189015990893598,-0.29332631826400757
-39.873530292237,-42.33330535888672
5.053393098685065,0.06090831756591797
-5.77665564868809,-3.4178085327148438
-22.4462583852743,-28.60481834411621
-10.162041561092582,-15.224538803100586
8.70853787657841,0.28370237350463867
-3.73521146317182,0.22552430629730225
-1.3326443092463092,-8.781867027282715
-5.830142578087577,0.015499472618103027
-7.815562497274902,-1.0670709609985352
-20.7558388881914,-2.282994508743286
-1.03656181464744,-0.08611410856246948
-3.930469946192945,1.7689332962036133
5.391699208755202,0.16142654418945312
7.2595381633228,0.33389031887054443
9.30630078585379,2.482663154602051
-3.77133000272187,-0.8033746480941772
-42.936846127142296,-33.13743591308594
0.5211206139658471,0.09437775611877441
0.7345204104922589,0.7720010280609131
6.86106163750481,2.763288736343384
-21.61387508166409,-25.833541870117188
-24.577379709126298,-30.49774932861328
3.986867952152618,0.060582518577575684
-63.2346715672369,-34.79421615600586
4.55602013063716,0.2753242254257202
-20.3623076046531,-3.0658721923828125
8.678125432705007,2.1468639373779297
-2.1147225087047508,2.8238024711608887
-1.14890133483728,5.141056060791016
3.7921116228684086,2.2399966716766357
-1.3811964732242277,0.12721627950668335
0.1752112379752922,-0.4304790496826172
3.3452637215970498,-0.5215759873390198
6.63109301847755,-1.7895656824111938
-8.72128086410909,-33.86421203613281
-0.1160299782726794,-0.8647974133491516
0.1119561526876595,1.9694833755493164
11.877856996640997,0.18973112106323242
-3.2142130797467816,-1.542517900466919
-3.9552380984537248,-1.0020257234573364
-1.593720937577549,-0.49190711975097656
3.3899996482015826,-2.849315643310547
7.66334596528203,-0.003552675247192383
2.60625970962018,-2.5270462036132812
5.006519903780723,0.09961676597595215
-58.5527340809363,-0.2659248113632202
3.776985072333982,-1.8124427795410156
2.4866177573815964,0.04440319538116455
-0.6920482116816997,0.3545517921447754
2.1747311895065486,0.6996996402740479
-13.14009076535719,-13.990409851074219
2.745769909533195,-0.058533668518066406
-10.626155896203898,0.5113763809204102
0.0548896546292299,3.256587505340576
-69.1366966634013,-28.857711791992188
14.8508222506114,4.731050968170166
-28.3488859938485,-29.494081497192383
0.6884341878779402,1.1595842838287354
12.566471603210276,9.072795867919922
-5.472376660417956,0.21730661392211914
-2.1691769605730515,5.364418029785156e-05
-0.3887710448227697,-0.7597475051879883
9.1356503291117,0.1733783483505249
4.93167956005568,0.21831095218658447
2.713132201978397,1.3906300067901611
9.090654061652296,0.1578657627105713
1.741670982094262,0.16129839420318604
-5.89266438028177,-0.8146626949310303
-1.130678948105339,-0.6175676584243774
-46.587141393021525,-47.564701080322266
4.366245372711767,5.61214017868042
2.858782897786812,0.06295084953308105
2.53362859007723,-2.77351713180542
-1.7943154401891548,-0.1181025505065918
-0.6435038581465955,1.9795217514038086
5.99108205682079,0.03744173049926758
2.44728958086436,0.09946179389953613
1.5718362711845366,-1.9103776216506958
-55.54568697318505,-32.501121520996094
-9.231606713935047,0.1272726058959961
3.547124544521316,-32.33147048950195
-73.5286754265322,0.262662410736084
0.2047767843086013,-0.9568042159080505
-10.398648228661925,-4.630699157714844
-46.9980356488569,-30.98423194885254
-62.9031214125763,-34.654296875
-10.35739215730591,1.2512977123260498
1.83593808226401,3.9345788955688477
7.827394642815597,3.3336896896362305
-9.742168339465294,-1.6677441596984863
-0.29408409265346,0.6010562181472778
-5.653435188749545,0.19166314601898193
-14.57002364123529,-31.108015060424805
-18.1797235112709,-13.125295639038086
-5.45440876641342,0.4617718458175659
8.596988309863011,7.369892120361328
-5.493763326806099,-0.5548008680343628
-8.393586343504198,1.0192992687225342
-3.963646539183849,-0.048935532569885254
9.625121597198186,-2.3459861278533936
-6.18357684414468,0.4987819194793701
-3.41466344580097,0.1285313367843628
-4.03025121975644,-0.8096418976783752
-2.66483863280114,-4.011025428771973
-0.190891674386513,0.8603184223175049
16.1850033157246,5.2264628410339355
-7.910003358009165,-0.8387354016304016
-2.07861348348741,-3.9075889587402344
12.331931266595111,0.4620125889778137
0.8825935384285006,0.34157729148864746
-2.1789667599796294,-0.4312734007835388
3.0307168501552093,0.06898343563079834
14.8229623836697,0.2964836359024048
6.795393661635613,0.30690014362335205
5.16750826555368,0.28199923038482666
-57.144820014625296,-41.329566955566406
6.167862854629888,-0.7108659744262695
-2.698758931910008,4.810079097747803
1.289294757415069,-0.7814860343933105
13.9692836454661,-0.0701906681060791
-38.6438610292767,-29.208810806274414
-3.119647295186995,-0.9727610349655151
-6.745372906074374,-1.4463330507278442
-2.7468186065138984,0.30426275730133057
1.6198341998494314,0.2796899080276489
1.6646916021852596,4.899369239807129
-7.87226820943855,-0.41533970832824707
8.652061852316729,0.11778485774993896
2.4933992323843923,-0.5982800722122192
2.35160533891099,-0.4683551788330078
1.30779520720034,0.24876904487609863
-11.9965988914421,0.2647409439086914
4.780848076735348,0.0909227728843689
11.2728180991378,5.866350173950195
0.7651079053562314,0.0528261661529541
-10.6557437737239,-13.340219497680664
3.27100049685324,-3.044818878173828
-5.2815921348029296,-1.0692479610443115
-27.5445722402187,-26.678852081298828
-2.683955047842884,-0.21302980184555054
-43.929359067237,-31.360050201416016
-4.639593570653838,0.1340307593345642
-14.7229944429405,-9.461960792541504
-5.00028834575103,0.3056141138076782
-1.2236747050651609,-0.5647934675216675
-17.6830733389949,-12.822174072265625
-9.979741434164584,-14.301708221435547
-0.2823200449385875,0.4201897978782654
-36.50577458359941,-14.771088600158691
-4.853312003098937,-33.126651763916016
-27.4476544011683,-27.93907356262207
-49.5120706514507,-29.069602966308594
1.2287673509824204,0.4212098717689514
9.503977484174175,3.23184871673584
-5.5186956836840375,-4.806548118591309
-2.99361591491145,0.009815096855163574
7.99575647038201,0.2979457378387451
11.7225687296843,-1.046105146408081
6.987950206462267,0.27946722507476807
5.5273920092716775,-21.69351577758789
-7.19378137939456,0.30037403106689453
6.001532732018722,4.808576583862305
7.92708077877978,0.4323340654373169
4.316615136301563,-0.273584246635437
0.1590569364430157,0.033443450927734375
2.8348518495029404,-0.6059472560882568
-46.6686841099013,-35.567684173583984
-0.8984319813221007,0.42554551362991333
4.30511943579503,-0.08474254608154297
-3.36735139960915,-0.6419932842254639
6.58117049992555,6.506467819213867
6.753311816554961,0.158433198928833
-1.1091988250418725,0.08550024032592773
5.26551760771767,0.025704145431518555
-37.3999740396079,-38.49656677246094
-34.48768519828235,-66.30120849609375
-46.862925671502296,-29.93526268005371
-1.19024715514191,-0.4655190706253052
-1.4920816076829602,-0.7057697772979736
-5.775806690181939,-3.215723991394043
-14.2382866820043,0.36706113815307617
1.3131129859732091,-2.490443706512451
13.1991243046288,-0.9418585300445557
3.6035536346157695,-1.777275562286377
4.97603191479674,0.1751643419265747
2.9737175212081803,0.16851520538330078
-35.1782981083837,-28.453567504882812
-10.480511156242285,-31.02901840209961
-0.3170472839931941,-0.8966007232666016
3.59745169898486,-0.9720862507820129
-5.139364658294922,0.20153069496154785
-29.2662792150344,0.3194497227668762
11.555346181601609,7.145941734313965
3.7092867134231,2.869229793548584
-0.7280966227290082,0.04531681537628174
0.9480162028997956,-0.011141538619995117
-9.619042312244815,-28.197776794433594
-3.15562863494722,-1.8089590072631836
7.285509446842615,0.2546846866607666
2.71319811317338,-0.8137868642807007
1.026942322157092,0.13482272624969482
-4.65691689928222,-0.5188098549842834
-8.677497573270493,1.1389416456222534
14.3436638764016,0.2009669542312622
-11.8973420493851,-0.07222306728363037
-6.61979034735207,-0.027645349502563477
8.86280218600469,0.42208176851272583
-3.43040335892423,0.42612844705581665
0.4443344011282492,-0.6511781811714172
2.6678241356197647,0.06507360935211182
2.334382802629,0.15114271640777588
-13.8157551615103,-0.3540639877319336
1.9007667723773176,0.07901287078857422
-17.190033530139498,-14.710700988769531
3.88810032819938,5.808743476867676
1.2705701336207027,2.1723737716674805
3.887422638441485,3.2933712005615234
10.349523074958825,4.594366073608398
9.62907409316032,12.419198989868164
0.7709161631446207,0.22728252410888672
2.3166834950764685,-1.4745469093322754
2.76912169862866,1.6379046440124512
-46.2372447228831,-18.075864791870117
-37.0930621901092,-38.82918930053711
0.996650643215182,0.045044541358947754
-12.898019313824,-17.49802017211914
-0.71117494174041,-1.4388372898101807
-0.5663484394051013,0.1713857650756836
-12.4595255596924,1.2095121145248413
-0.6089836493556324,0.27530622482299805
6.92534745147092,3.7422592639923096
3.320229681965675,-0.03323960304260254
-10.274169876330886,-1.4915733337402344
-49.062306315025,-29.931106567382812
-30.7261055182573,-25.039892196655273
22.7414116448382,2.3464159965515137
-0.9529303605806088,0.2212618589401245
-10.739322929783883,-0.6300164461135864
-20.9507978903398,-24.23674774169922
-24.96156751119129,-20.1168155670166
14.9823899147147,0.8956220746040344
-14.564555056626377,-0.8090704083442688
1.907333647224608,4.037954807281494
-1.178255647098801,0.05460381507873535
1.9806048133258944,-25.370437622070312
8.833837192566008,4.635712623596191
-18.5255095356289,-28.626819610595703
3.010752586641185,-1.963358759880066
3.67041582610247,-3.2564637660980225
-33.7845903951132,-24.782032012939453
-13.812973987503693,-10.334131240844727
-13.861300672159,-0.026877284049987793
-26.24662901330595,-24.399545669555664
-1.61504571199055,-1.235149621963501
8.754663680824095,5.028904438018799
3.22816419080692,-0.6608386039733887
-2.0585753436264698,0.18849408626556396
-9.59094984812801,-25.907123565673828
6.02246857213521,-0.3743399977684021
-4.11149235653684,-22.123546600341797
-4.361976736345532,-3.1706185340881348
-2.4097304318056905,-0.07170653343200684
4.967381413305823,-0.19322937726974487
-11.9154244975033,-1.0881145000457764
-11.183106529127476,1.3625092506408691
-2.3538192484503564,-1.2447559833526611
-2.204579993178592,0.4407033920288086
-91.8886792382854,-15.811599731445312
3.2582764286422226,0.7527895569801331
9.859104788483815,0.231095552444458
-2.6304973605131474,0.13693010807037354
8.398744223780918,2.5008888244628906
1.4955767028094,-4.382421016693115
6.720388221210122,4.709140777587891
6.99756701325662,2.4419078826904297
12.966325580978296,2.3011043071746826
-22.8644313188967,-12.528289794921875
-14.4731176558811,-11.297351837158203
-0.0918051514147744,0.008702874183654785
0.9434331950199416,-1.6684331893920898
7.877641553655238,1.7553662061691284
-27.1636490162131,-1.068103551864624
3.42669038506664,4.649692535400391
0.31232235517322,1.8050426244735718
1.1848602197973823,0.8546077013015747
-5.822632503482525,8.99767780303955
-2.989164004622407,-24.521846771240234
1.69213972357191,5.507133483886719
-0.89184437235696,0.19018828868865967
2.446050707651698,-1.7587881088256836
5.07108724357905,-0.42885637283325195
5.42147270471237,6.248238563537598
-2.20364176327536,0.5171982049942017
3.08443697315444,-1.1226787567138672
-5.97248436581227,0.09299713373184204
-1.0190872666435924,-1.5490660667419434
-14.885807229381896,-1.574327826499939
0.046018285265003,-2.8051881790161133
6.00089213826483,1.3235714435577393
-1.4680391508473674,1.8043184280395508
-49.8653288018085,-29.203393936157227
-7.283890318199592,-1.094700574874878
3.6053774296538297,4.467407703399658
6.364261125349779,-2.1368408203125
-51.4043293278057,-28.027587890625
-64.65676531723692,-35.18317413330078
-26.1965705632023,-6.415165901184082
2.63157412115867,0.18163561820983887
16.694612728237402,0.11532866954803467
-17.0314498829154,-0.15839964151382446
-58.40351531723695,-24.35622787475586
-15.3173389528898,-14.957307815551758
-6.613686761665703,-29.307479858398438
-39.0646563811545,-21.676908493041992
0.809697096857583,-2.343289375305176
0.4685622181175212,0.10929596424102783
-6.376202369524528,-4.276484966278076
-14.434457477598505,-6.003242492675781
-26.0047332498617,-30.90610694885254
-17.5801214502402,-19.93902015686035
-2.60072537807549,0.5604029893875122
7.184930267876617,-0.09322023391723633
0.555665600488549,0.19339275360107422
8.747205755218493,0.20379638671875
-2.289513933263135,0.3715248107910156
3.8009101564042025,1.936234951019287
-1.67197513843126,-28.26254653930664
-15.746453943284,-31.011363983154297
