Score,Pred Score
-5.73967918172164,-7.144064903259277
-23.3725501337939,-2.051938533782959
9.04709717330502,-8.943793296813965
-3.724573545179619,2.140136957168579
4.4516036428765,0.9423434734344482
-1.657597602265355,2.9176244735717773
5.586124430090477,2.4703238010406494
-26.6651088566214,-10.147116661071777
3.028467183462371,1.2798166275024414
-40.7258600860177,-14.765352249145508
-26.912205886836706,-23.69850730895996
-3.9965921287470247,1.0386052131652832
-4.739766082030863,0.7241106033325195
4.2006804390709,-0.0418933629989624
-22.3071231538392,-23.34012222290039
-18.5891767455387,-17.35822868347168
-5.960419628776203,-1.9173660278320312
-18.9061714872788,-12.79509162902832
-21.4141717786538,-24.1550235748291
-12.208208404490907,-12.0430908203125
-3.72583443525641,2.2793304920196533
-2.377061578670744,-4.5190582275390625
6.075310726130807,4.4383111000061035
2.12042655289975,-4.679245471954346
3.181253849239128,-2.480725049972534
10.41580460128629,6.74893045425415
-23.8934551543691,-34.3345832824707
-0.8981307679622897,1.0661847591400146
3.7078671714499096,3.5865986347198486
11.644495901203598,0.741165280342102
-22.42608065327665,-16.07062530517578
-1.2036514942358316,5.121770858764648
-13.5091075877696,-13.623973846435547
-1.79502295092813,-7.5038323402404785
2.332279780348585,-3.320505380630493
3.11049964318654,1.2735645771026611
3.54836143321337,1.3850234746932983
3.77256113899207,-0.6124195456504822
-2.35314836228574,-4.013588905334473
7.837521570550837,0.9102896451950073
9.328533024448705,3.482042074203491
-37.9495035857927,-1.1422940492630005
-4.144685584269085,0.22992396354675293
8.91646092056966,-3.6790354251861572
5.635020609606415,2.9869775772094727
-15.1006814359747,-0.7027386426925659
-2.4599041427842496,-3.2007808685302734
2.42002639701588,4.260213851928711
-3.0331069492891496,-4.80565071105957
10.480393919522983,1.156367301940918
4.452168509343501,-3.9140496253967285
-2.552277046947741,-6.998748779296875
-5.97419023328963,-0.8035328984260559
-0.5734820606807138,-8.175002098083496
3.7606671418030695,2.9787468910217285
-31.4759298257721,-28.90566062927246
0.300408103033295,-1.7719067335128784
-6.32558602127377,-4.041069507598877
0.90894434552881,-4.778998374938965
5.954690473588823,3.5070080757141113
0.0804428699766095,-1.501707673072815
8.45389840526827,8.241162300109863
-2.8859593337581737,-8.2793607711792
-1.122073026503361,-6.4441328048706055
-75.56229656723696,-24.834339141845703
-6.291328737399075,-3.6762893199920654
-10.1192188918475,-5.966480731964111
-56.3663437951974,-36.209930419921875
2.4288820651169605,-3.0564818382263184
5.05355462238675,0.5030078887939453
-13.1809903671301,-8.119937896728516
-6.75960002722117,-2.8403072357177734
9.0758909366509,-1.9006576538085938
-1.4230966237807086,-4.47992467880249
5.59963570142504,5.362756252288818
4.133325903305868,-7.20711612701416
3.00680128293027,-1.9798705577850342
-27.8195558011628,-8.211962699890137
-29.9162730471743,-32.9540901184082
20.7191486697607,-12.917623519897461
3.455876052191651,3.836122989654541
2.595279020812243,6.308667182922363
-4.0896099478500325,1.3737046718597412
5.3817717725564,4.543036937713623
-1.9802660997523944,1.8910877704620361
0.4007388327427847,5.430604934692383
10.11870938841209,6.354438781738281
-1.7174251595272625,-1.990636944770813
-13.2363849677504,1.5201280117034912
-58.24412469223692,-54.24242401123047
-47.9875704511971,-43.93054962158203
-3.681083449701528,-22.936527252197266
0.1118559290339978,-1.8218759298324585
-8.998840630677615,-2.496494770050049
1.1941842843275,2.2205324172973633
19.33685959748449,6.368719577789307
-3.09775596823669,-0.8987489938735962
1.2555345380058751,-6.532723903656006
-78.7451798053926,-27.99893569946289
8.35813394800668,10.89432430267334
-19.6754058911438,-17.518123626708984
4.743603615290096,-2.3561105728149414
1.3155747227446202,-5.154861927032471
11.316750179392892,5.059746265411377
11.779516260068313,0.7573249936103821
-3.802611775309477,0.16675496101379395
-10.539071528779305,-9.07277774810791
4.49646859469848,-6.137326240539551
3.59102041590596,1.3487274646759033
2.1560784090827942,-4.080785274505615
-17.309192174305,-6.599391460418701
-1.768261666543676,-0.7086942195892334
-3.34531377329845,0.809023380279541
-9.09730633851708,-2.376208782196045
-12.909180343140196,3.5375328063964844
4.020569536845237,8.471797943115234
2.28163515100639,0.5509688854217529
-1.6307504375632549,-4.13659143447876
7.809600001042748,-0.2717921733856201
-83.9761260280997,-51.17603302001953
7.656482330373112,-0.4398342967033386
1.675245639565673,-3.404935121536255
-15.991582533821994,-0.3160415291786194
8.681027307740193,0.3183187246322632
11.10272802991041,6.471551418304443
3.42951329804928,-12.836846351623535
-1.4295761119406232,0.5855093002319336
-11.9299972333177,-6.98417854309082
11.923948375295712,5.508481502532959
5.960801203295765,-6.642745494842529
-0.4381862293696001,-0.4043444097042084
-2.43808381047612,1.629822015762329
5.72263802046558,0.4861050248146057
1.1496085756031087,0.7924129962921143
-6.72144892291601,-3.690763473510742
18.1939100849816,4.097400188446045
3.61441892535489,2.924201726913452
-0.8028238008287005,-15.479856491088867
0.7001962140772594,-1.9973474740982056
2.125547882163602,6.224648952484131
-2.8472026300298463,-12.624985694885254
-4.534682244798708,-7.436807632446289
4.49418879319923,2.1932060718536377
-10.901275449743116,-3.206037998199463
-4.736229867816737,1.6776822805404663
-0.0053525606393112,-0.9696369767189026
7.06923762363823,6.1037917137146
-0.0084306638066775,-3.9178712368011475
2.11900133622217,3.3635141849517822
8.106852576346123,1.776343822479248
-0.1428452494230792,-2.688014030456543
-1.0683487237199796,-2.151526927947998
0.0285872237409883,-3.077789783477783
2.75380173901167,1.1689742803573608
-7.69948364751984,6.092176914215088
-0.0556983764780604,0.2274770736694336
-1.32131943338233,2.115907669067383
-3.0345245902191325,0.4068009853363037
-2.93911844531118,-4.715466022491455
9.94612085382829,9.189547538757324
-3.5546157663424616,-28.1955509185791
-11.221818720505304,-2.6799652576446533
3.9797293996962297,5.631624221801758
4.54734483862441,2.1990585327148438
-45.634880019414,-40.07609176635742
-1.6020246929696491,-35.5573616027832
-4.12581810820042,4.423421859741211
-3.019531285218114,0.609407901763916
5.42509465390903,3.3343241214752197
-21.5871320482388,-0.5085854530334473
-1.2497809936708242,-10.046387672424316
-35.0272315856836,-47.33736038208008
3.37898618824583,8.655587196350098
-13.4460672849668,-13.147530555725098
10.982614675109394,5.130692958831787
2.35164464781062,2.224275827407837
-20.9676231329802,0.014790356159210205
-1.6422791314174887,0.32062575221061707
-0.3136273830120112,-4.4200825691223145
-16.967828162594074,-0.14460575580596924
-2.8325461302865187,5.915894985198975
-2.6871577689602653,3.4995484352111816
7.570838092245207,2.9864253997802734
-13.547300817594484,-20.988313674926758
8.99923705482913,2.6713297367095947
-0.003939288658445,-1.0415371656417847
6.147225205740463,1.4241888523101807
-2.149900469098629,-0.5048007965087891
-25.2381267145584,-36.56081771850586
-5.36204355968609,1.5940388441085815
4.43276114617859,4.798843860626221
3.27144637329635,-1.7431081533432007
-1.626797120535592,-4.289142608642578
-9.859535687586003,-0.13053494691848755
2.0008593011464906,-1.3422448635101318
0.369316059642221,-3.5921523571014404
5.79128728304933,-5.344587326049805
0.1235817830644999,2.9768354892730713
-3.36903782007548,1.9189789295196533
7.06032809637297,0.24054944515228271
13.71198107208239,0.011056959629058838
0.2886204877907422,1.486775517463684
16.4171583068458,12.318501472473145
-44.7886924625105,-29.260787963867188
-7.726553411266567,-5.132991313934326
4.065326821312747,3.527984619140625
2.12749125232924,-10.136092185974121
9.06213659212517,5.377449035644531
-4.51305804704249,-10.89462661743164
4.28301459624688,7.092550277709961
-7.211196994815285,-4.920891284942627
-58.4491138315396,-51.31825256347656
-0.5413656534735456,-1.9314807653427124
3.24770439300306,3.434455156326294
-0.6472060937938101,0.2785055637359619
-1.93656353174353,2.2484376430511475
-1.94666134980912,-7.155834674835205
-0.670930828719279,0.7861536145210266
17.1612744381531,1.8246054649353027
-8.044482691931467,-2.251462459564209
16.9968892380515,7.682588577270508
3.62056380925444,0.8316841721534729
4.07090957771029,5.255194664001465
-1.0680791130593923,-0.9508914351463318
4.69437535963172,8.759982109069824
0.3837795244341289,6.314018249511719
0.6681105368389735,3.3885202407836914
-8.08045020128908,1.229182243347168
-42.6579269422049,-43.288963317871094
-30.89708550466269,-44.77064895629883
-1.1617148968623687,-10.38727855682373
6.46185690649625,4.040610313415527
8.658679095048068,11.673253059387207
-0.1898191226144924,1.1145930290222168
6.457932781589695,2.3246357440948486
-33.7712071062874,-10.42296028137207
-4.786538605318405,9.994599342346191
-13.5632540546311,-21.64362907409668
-82.13826531723697,-5.590747833251953
-3.0453156276270903,0.1775742769241333
6.430237727930085,1.128350019454956
5.31082796058257,-5.915166854858398
-70.65073406723695,-33.52201843261719
4.71112087372323,-5.908265590667725
-10.78700495517378,1.4522008895874023
-6.055427015859325,-3.115508794784546
-16.475900892606802,1.4323978424072266
-2.487076105276776,-2.513176918029785
-48.3858044800915,-48.64740753173828
5.893700156574014,3.9211275577545166
-47.9957157156951,-33.4073371887207
-1.511416195100045,-19.67194366455078
-7.071587649042333,-5.482803821563721
-0.3550158381598589,8.050867080688477
-17.0078420331655,-9.459256172180176
10.3189652047012,-0.4949165880680084
8.829561804598438,0.9056789875030518
10.909208084253878,11.106654167175293
-2.25262466719878,0.6682422757148743
0.7445982178878973,-7.12831449508667
-4.813871520282443,1.2434303760528564
2.85060083445348,6.549668788909912
-2.54595208771381,-5.450557231903076
-8.692928400841772,-0.5660088062286377
16.618750626525,-0.8352988958358765
7.37064384347005,6.611311912536621
-6.81516141534704,-4.11272668838501
-10.386374558578522,-3.933607816696167
3.73205068567752,10.078630447387695
-6.40442742836347,-0.12809646129608154
1.74273211890989,8.052189826965332
-7.920344649869953,-8.223223686218262
-9.28527551691871,-3.83083176612854
1.51502173443586,-2.4419798851013184
-90.3299705619704,-38.86283493041992
-6.512385872303066,-30.15802574157715
0.7982616963508231,2.3363685607910156
15.8859560938761,0.4841654300689697
-23.227454082363305,-29.84305191040039
5.4465900456679694,7.2283782958984375
-13.2494383747796,3.021925210952759
-2.3458288386735573,0.3612234592437744
-1.5403494549472296,-6.22656774520874
-2.941164138388841,-1.1755744218826294
-14.6311710829416,-21.0053653717041
-4.81834176383161,-3.0093870162963867
-4.03806373695381,-13.965777397155762
0.4076170529080399,-3.686798095703125
-34.8552692363716,-3.974592924118042
-25.0659802428987,-2.093068838119507
-5.8684323426223,-3.8671467304229736
0.6771989561182002,-8.144598007202148
-14.6157572128631,-12.716835975646973
5.344594984386832,-11.745442390441895
-4.75101729862813,2.1933889389038086
-89.5439156156453,-47.96469497680664
-1.207429910073891,-2.1250741481781006
13.667582002208905,2.8596017360687256
-82.4887013651952,-48.11466979980469
4.40921359309415,-1.417834758758545
-19.923371510770203,-1.1090649366378784
-4.665207913971671,-3.6403298377990723
3.42106467876526,0.4802536368370056
-39.0956747424042,-12.530660629272461
-10.288292260688207,-0.8822197914123535
2.3067635611900137,-0.4390370845794678
-4.92782811871599,1.6880518198013306
10.292368565007404,3.063093423843384
-8.184373188662292,-40.68193817138672
-4.763634360062484,-4.729132175445557
-2.40000424902785,-7.202837944030762
5.009535132419683,2.284564256668091
-22.2455703021075,-12.103693008422852
3.987299411465438,4.040359973907471
-38.4962238749225,-38.186683654785156
-44.9949251983702,-12.940370559692383
-1.378759213278819,5.830938816070557
8.07102955700163,8.94379711151123
1.055995951979529,-3.0162839889526367
2.188685633501576,0.2723234295845032
1.0880788430276551,-1.363039255142212
-0.2898522089969393,-3.9768786430358887
-3.790702882666694,1.909149169921875
-7.940842049461227,-3.9307827949523926
4.398742241377427,5.586713790893555
2.5565427438131976,-6.49157190322876
4.123908949931413,-1.627937912940979
-76.9668504799361,-8.381601333618164
-14.1325019191809,-16.11737632751465
7.960789166364423,3.311131238937378
0.4423212163888063,2.9924204349517822
2.63206586722876,8.29991626739502
3.1988276731025875,2.331306219100952
-1.6552655274048038,-2.8433635234832764
8.077984978184695,9.325316429138184
-13.790764753514,-9.227919578552246
2.13745295521649,-1.5298445224761963
3.0897024917955025,-6.105631351470947
-0.3530077955256401,-11.47122859954834
-7.639409008216227,-5.2949137687683105
2.765011277030255,-0.904885470867157
3.557691046156,1.9785113334655762
4.00031385473591,4.324578762054443
-55.7541546140486,-17.991296768188477
9.550892694239591,3.6867752075195312
1.775572054007981,-4.248290061950684
-2.248378586620203,-2.1058082580566406
-56.2560888739038,-44.77101516723633
-2.5590885431480426,-1.4603439569473267
-40.5029244010595,-43.07551574707031
-30.8171784242839,-9.43175220489502
2.679404112105611,-1.2225520610809326
2.76740193393285,-5.244079113006592
-11.341527235964405,-4.002324104309082
-3.448025235667948,-23.916664123535156
-0.0780407432645869,-9.405449867248535
11.616605850275496,3.1056175231933594
9.179556151687803,-3.3682427406311035
7.190050317883171,-3.9092886447906494
-39.4932668903457,-21.66189193725586
-2.306526469902426,-3.1708149909973145
0.5403453062071405,-7.249047756195068
-23.6042929930625,-42.49208068847656
-4.172986764275874,-13.57271671295166
0.5394390329931549,1.9133896827697754
5.84905996845087,0.9654889106750488
-22.9515728231767,-5.9011383056640625
-3.134999611446543,-6.690404891967773
-6.066411004621831,-3.0930051803588867
2.24572304437811,-6.26814603805542
-70.8116033690518,-22.134132385253906
0.3224388648416145,-10.815184593200684
4.755697845162629,-4.143578052520752
1.7336328627834918,-2.21099591255188
3.939818822274421,1.2150269746780396
6.09033976794457,0.18986105918884277
6.4251548431743295,3.647869825363159
-6.47138721063866,-5.101014614105225
-0.0379657812584102,-2.339791774749756
4.4105627388370605,-3.175912857055664
2.3065604778561424,1.9879307746887207
7.588764503474316,3.392035722732544
-24.3954295810688,-6.871718406677246
7.380729755239978,16.152433395385742
5.978124919049687,-4.024567604064941
0.7860328468455551,0.6882725954055786
-44.1817825469333,-36.67082977294922
3.58036180553514,-0.686826229095459
3.33951124606136,-4.794438362121582
-6.79658968512302,-5.2704010009765625
3.7347243087796,-2.780540943145752
4.76541245752904,7.166253566741943
8.922207576391518,1.9967689514160156
-11.864177458483407,-6.661401748657227
1.166748445159433,5.765335559844971
-25.781275563237,-13.24803638458252
4.179707781567577,-1.8507972955703735
-1.073248118887358,-6.481287956237793
1.7249239205326918,5.338046073913574
-81.52648016021857,-17.369909286499023
13.015759276594096,-0.4984325170516968
5.35198813185094,-6.822212219238281
-12.53254789251529,-10.885695457458496
5.45103123545738,1.803555965423584
4.128157012788561,-2.47920298576355
-3.8590388668775,3.890693187713623
7.36579899286375,-8.363592147827148
-11.03094492075089,-30.103910446166992
8.017093587799739,-1.0097887516021729
15.384553292915324,-28.778778076171875
2.79124989437018,-6.242865085601807
2.81101468536903,-12.506195068359375
-1.7237618714553775,-1.3415027856826782
-2.202886656443709,-4.066031455993652
2.369358494612781,-5.278802394866943
-11.30813578108209,-9.717794418334961
4.484288991501213,0.9581607580184937
-35.8165916579592,-34.035823822021484
-5.19085420781142,-1.3138837814331055
2.86709961553106,-3.502293586730957
-4.349210006555943,5.706408500671387
5.029017096161708,0.2619270086288452
8.243548509216069,0.28099873661994934
-2.6184282494780104,-7.123157024383545
-5.527709296795018,-4.2864508628845215
-52.7336020518746,-39.7484016418457
6.07843040491799,-2.153822660446167
-4.396710286499547,-6.424065589904785
6.6154810826822,5.221219539642334
9.772192422094813,-21.313644409179688
2.099307195887115,1.18455970287323
-12.414939844598162,-14.491161346435547
8.24149319055937,0.39298343658447266
-1.5178355576616795,-0.6913664937019348
9.144089281431205,1.9375238418579102
1.418014053180695,-0.09585773944854736
-60.92137282626391,-13.783190727233887
5.61896917638109,3.4279351234436035
-4.96580172718434,-11.05737018585205
-24.4432878855492,-8.266383171081543
1.675381804264854,-7.46058464050293
-2.8447496930443927,-2.9492955207824707
-1.059512617215007,-4.60205078125
1.41805545618482,-6.623908996582031
-7.06329362397977,-5.176352024078369
9.400493271217616,3.221557378768921
3.1327986373042376,-3.2979605197906494
4.097668935846943,4.782011985778809
-4.01456885639382,-6.5160040855407715
-2.260381023139061,-0.544600248336792
-8.237627320974727,-18.910900115966797
-2.23616712442702,4.133246421813965
-26.79502671025515,-33.59206008911133
-10.594900847222812,-29.690427780151367
4.509456424718162,3.898301124572754
-22.9219832537164,-22.11980438232422
-6.2026319104393295,-15.65894889831543
-4.662511414401839,-4.259194850921631
-0.4503474699443348,5.709147930145264
-21.5531296050118,-33.396514892578125
-39.7169735486916,-13.110921859741211
-6.13466459150186,-6.536028861999512
6.093529951556334,-1.2093828916549683
-33.3004252633332,-30.055627822875977
-7.789052707582185,-2.9771759510040283
-61.6890402284636,-31.950672149658203
-10.613183176373598,-6.891502857208252
-12.6203596574975,-13.640938758850098
-15.2234416939723,-4.510019779205322
3.42848617073407,-11.724111557006836
-50.4820483838523,-26.8309383392334
-71.7765711158932,-39.77129364013672
4.338369925074482,-1.9014710187911987
-34.0729170807354,-34.047969818115234
-10.285920522724917,-6.86466121673584
2.71808902854303,0.8276400566101074
2.26767773086615,-2.8737547397613525
0.3189015990893598,-3.219698429107666
-39.873530292237,-19.482223510742188
5.053393098685065,-2.6103034019470215
-5.77665564868809,-0.9064407348632812
-22.4462583852743,-28.48769760131836
-10.162041561092582,-27.837879180908203
8.70853787657841,8.63312816619873
-3.73521146317182,-5.13583517074585
-1.3326443092463092,-17.3351993560791
-5.830142578087577,-8.064181327819824
-7.815562497274902,-4.532382488250732
-20.7558388881914,-5.663204193115234
-1.03656181464744,-3.0864338874816895
-3.930469946192945,2.95888614654541
5.391699208755202,-10.467249870300293
7.2595381633228,1.1268125772476196
9.30630078585379,-2.0016095638275146
-3.77133000272187,-7.39008092880249
-42.936846127142296,-27.439321517944336
0.5211206139658471,-4.81679630279541
0.7345204104922589,3.4107131958007812
6.86106163750481,-5.302088737487793
-21.61387508166409,-20.74213981628418
-24.577379709126298,-38.69694900512695
3.986867952152618,0.410275936126709
-63.2346715672369,-45.32019805908203
4.55602013063716,5.220299243927002
-20.3623076046531,-3.7562549114227295
8.678125432705007,-5.460135459899902
-2.1147225087047508,-3.1673426628112793
-1.14890133483728,8.557928085327148
3.7921116228684086,2.6330342292785645
-1.3811964732242277,-0.27794545888900757
0.1752112379752922,-6.416913986206055
3.3452637215970498,-1.7282264232635498
6.63109301847755,6.539875507354736
-8.72128086410909,-25.506929397583008
-0.1160299782726794,-1.4384794235229492
0.1119561526876595,-6.546817302703857
11.877856996640997,3.2736217975616455
-3.2142130797467816,-1.8738341331481934
-3.9552380984537248,-5.368594646453857
-1.593720937577549,-10.454264640808105
3.3899996482015826,1.7860265970230103
7.66334596528203,0.8287631869316101
2.60625970962018,4.252760887145996
5.006519903780723,-6.9846320152282715
-58.5527340809363,-22.93575096130371
3.776985072333982,2.2633249759674072
2.4866177573815964,-0.24104177951812744
-0.6920482116816997,-4.6373772621154785
2.1747311895065486,5.425570487976074
-13.14009076535719,-13.010519027709961
2.745769909533195,1.9642530679702759
-10.626155896203898,-0.20186805725097656
0.0548896546292299,5.375746250152588
-69.1366966634013,-32.29250717163086
14.8508222506114,8.752683639526367
-28.3488859938485,-22.5726375579834
0.6884341878779402,1.4830715656280518
12.566471603210276,2.611905097961426
-5.472376660417956,-3.4207217693328857
-2.1691769605730515,1.9582364559173584
-0.3887710448227697,-4.955637454986572
9.1356503291117,13.158280372619629
4.93167956005568,7.642496585845947
2.713132201978397,-0.7802053689956665
9.090654061652296,4.488832950592041
1.741670982094262,-4.144711017608643
-5.89266438028177,1.1226599216461182
-1.130678948105339,4.960744857788086
-46.587141393021525,-33.99810791015625
4.366245372711767,5.24321985244751
2.858782897786812,-2.9732015132904053
2.53362859007723,-5.234984874725342
-1.7943154401891548,-2.5113940238952637
-0.6435038581465955,-3.750229597091675
5.99108205682079,-11.275882720947266
2.44728958086436,-1.3554856777191162
1.5718362711845366,-6.837412357330322
-55.54568697318505,-55.07117462158203
-9.231606713935047,1.05794095993042
3.547124544521316,-21.8070011138916
-73.5286754265322,-17.770849227905273
0.2047767843086013,-2.9987170696258545
-10.398648228661925,-2.718921184539795
-46.9980356488569,-22.596607208251953
-62.9031214125763,-54.66584777832031
-10.35739215730591,2.941004991531372
1.83593808226401,5.936703681945801
7.827394642815597,5.404332160949707
-9.742168339465294,-7.413925647735596
-0.29408409265346,1.7129982709884644
-5.653435188749545,-7.1908135414123535
-14.57002364123529,-28.645099639892578
-18.1797235112709,-0.5994044542312622
-5.45440876641342,0.10703179240226746
8.596988309863011,-1.864338755607605
-5.493763326806099,-6.001892566680908
-8.393586343504198,3.9273617267608643
-3.963646539183849,-1.289038896560669
9.625121597198186,7.053306579589844
-6.18357684414468,-1.0149304866790771
-3.41466344580097,0.2653930187225342
-4.03025121975644,-4.5011138916015625
-2.66483863280114,-3.0740482807159424
-0.190891674386513,0.6170474290847778
16.1850033157246,12.85432243347168
-7.910003358009165,-6.094650745391846
-2.07861348348741,-3.82790470123291
12.331931266595111,11.29277515411377
0.8825935384285006,2.451728343963623
-2.1789667599796294,-3.9859414100646973
3.0307168501552093,2.263622999191284
14.8229623836697,15.732413291931152
6.795393661635613,4.990180969238281
5.16750826555368,0.5992755889892578
-57.144820014625296,-17.590728759765625
6.167862854629888,-8.185887336730957
-2.698758931910008,-11.414185523986816
1.289294757415069,-5.295228958129883
13.9692836454661,-0.12459492683410645
-38.6438610292767,-19.31133270263672
-3.119647295186995,-8.965239524841309
-6.745372906074374,-7.963698387145996
-2.7468186065138984,4.430674076080322
1.6198341998494314,10.696209907531738
1.6646916021852596,-14.291805267333984
-7.87226820943855,-8.897407531738281
8.652061852316729,-3.9570274353027344
2.4933992323843923,-0.8120636343955994
2.35160533891099,-2.6176090240478516
1.30779520720034,3.380519151687622
-11.9965988914421,0.7235089540481567
4.780848076735348,-6.252287864685059
11.2728180991378,3.781646490097046
0.7651079053562314,3.3603601455688477
-10.6557437737239,-2.7292933464050293
3.27100049685324,-3.591275453567505
-5.2815921348029296,-6.737946033477783
-27.5445722402187,-27.159576416015625
-2.683955047842884,1.6653318405151367
-43.929359067237,-43.8754997253418
-4.639593570653838,-1.4402638673782349
-14.7229944429405,-0.13391077518463135
-5.00028834575103,-0.4524075984954834
-1.2236747050651609,-5.413901329040527
-17.6830733389949,-9.988761901855469
-9.979741434164584,-15.223103523254395
-0.2823200449385875,-6.827746391296387
-36.50577458359941,-15.312335014343262
-4.853312003098937,-24.75147247314453
-27.4476544011683,-20.156980514526367
-49.5120706514507,-48.27902603149414
1.2287673509824204,3.8413941860198975
9.503977484174175,5.054286956787109
-5.5186956836840375,-16.011859893798828
-2.99361591491145,4.221115589141846
7.99575647038201,7.033459663391113
11.7225687296843,3.054877519607544
6.987950206462267,6.365973472595215
5.5273920092716775,-25.375776290893555
-7.19378137939456,-6.616624355316162
6.001532732018722,2.6883161067962646
7.92708077877978,3.756370782852173
4.316615136301563,-0.9318175911903381
0.1590569364430157,-2.0092484951019287
2.8348518495029404,5.333688735961914
-46.6686841099013,-30.538976669311523
-0.8984319813221007,0.47530806064605713
4.30511943579503,-5.064323902130127
-3.36735139960915,-3.698704719543457
6.58117049992555,-1.480715274810791
6.753311816554961,-5.237849712371826
-1.1091988250418725,-4.188203811645508
5.26551760771767,6.447457313537598
-37.3999740396079,-10.997333526611328
-34.48768519828235,-15.999715805053711
-46.862925671502296,-25.28691291809082
-1.19024715514191,-3.814694881439209
-1.4920816076829602,-4.083099842071533
-5.775806690181939,-4.970952033996582
-14.2382866820043,0.3379494547843933
1.3131129859732091,0.04572498798370361
13.1991243046288,10.627975463867188
3.6035536346157695,-1.8387622833251953
4.97603191479674,8.080394744873047
2.9737175212081803,-4.150328159332275
-35.1782981083837,-45.926795959472656
-10.480511156242285,-19.667091369628906
-0.3170472839931941,-2.034458637237549
3.59745169898486,6.207958698272705
-5.139364658294922,1.128477931022644
-29.2662792150344,-10.842058181762695
11.555346181601609,7.211544990539551
3.7092867134231,-14.807730674743652
-0.7280966227290082,-1.1735187768936157
0.9480162028997956,-3.418844223022461
-9.619042312244815,-30.804306030273438
-3.15562863494722,-4.625920295715332
7.285509446842615,5.191241264343262
2.71319811317338,4.5170488357543945
1.026942322157092,-2.8443541526794434
-4.65691689928222,-12.31674861907959
-8.677497573270493,-7.833783149719238
14.3436638764016,-0.6732421517372131
-11.8973420493851,-14.630940437316895
-6.61979034735207,5.08254861831665
8.86280218600469,-0.088836669921875
-3.43040335892423,-7.358240127563477
0.4443344011282492,-5.658896446228027
2.6678241356197647,-5.677217960357666
2.334382802629,-7.109055519104004
-13.8157551615103,-9.500850677490234
1.9007667723773176,-1.9232501983642578
-17.190033530139498,-6.8908162117004395
3.88810032819938,1.2760385274887085
1.2705701336207027,-1.5560433864593506
3.887422638441485,0.02183377742767334
10.349523074958825,6.3268208503723145
9.62907409316032,-1.0186433792114258
0.7709161631446207,-0.582173764705658
2.3166834950764685,-1.1619867086410522
2.76912169862866,-2.5993683338165283
-46.2372447228831,-39.25102233886719
-37.0930621901092,-16.471240997314453
0.996650643215182,-1.72512686252594
-12.898019313824,-10.231903076171875
-0.71117494174041,-1.1449100971221924
-0.5663484394051013,-0.04214346408843994
-12.4595255596924,-6.827136039733887
-0.6089836493556324,3.1107890605926514
6.92534745147092,-0.0958489179611206
3.320229681965675,8.068554878234863
-10.274169876330886,-5.028846740722656
-49.062306315025,-43.07797622680664
-30.7261055182573,-56.541839599609375
22.7414116448382,-0.8187295198440552
-0.9529303605806088,10.491835594177246
-10.739322929783883,2.677873373031616
-20.9507978903398,-29.34438705444336
-24.96156751119129,-24.246313095092773
14.9823899147147,1.1448822021484375
-14.564555056626377,-2.167280435562134
1.907333647224608,5.732115745544434
-1.178255647098801,4.362998962402344
1.9806048133258944,-20.550315856933594
8.833837192566008,-0.12919199466705322
-18.5255095356289,-27.463335037231445
3.010752586641185,-2.5838260650634766
3.67041582610247,-2.855151891708374
-33.7845903951132,-46.791019439697266
-13.812973987503693,-2.3461358547210693
-13.861300672159,4.443881034851074
-26.24662901330595,-32.5076904296875
-1.61504571199055,1.0296950340270996
8.754663680824095,6.878167629241943
3.22816419080692,0.7429836988449097
-2.0585753436264698,3.6487789154052734
-9.59094984812801,-14.653032302856445
6.02246857213521,2.7399866580963135
-4.11149235653684,-4.277439594268799
-4.361976736345532,-6.0336384773254395
-2.4097304318056905,2.6783359050750732
4.967381413305823,4.384855270385742
-11.9154244975033,2.417259931564331
-11.183106529127476,-1.8574968576431274
-2.3538192484503564,1.8107749223709106
-2.204579993178592,0.750935435295105
-91.8886792382854,-7.423545837402344
3.2582764286422226,3.190950632095337
9.859104788483815,1.1078088283538818
-2.6304973605131474,2.080355167388916
8.398744223780918,2.4882028102874756
1.4955767028094,3.2824344635009766
6.720388221210122,8.25644302368164
6.99756701325662,1.68990159034729
12.966325580978296,2.620088815689087
-22.8644313188967,0.34689581394195557
-14.4731176558811,-5.199914932250977
-0.0918051514147744,-1.2899484634399414
0.9434331950199416,-4.392723083496094
7.877641553655238,4.936737060546875
-27.1636490162131,-8.10543441772461
3.42669038506664,-11.346001625061035
0.31232235517322,7.726023197174072
1.1848602197973823,-8.109222412109375
-5.822632503482525,-6.790440559387207
-2.989164004622407,-3.478759527206421
1.69213972357191,-7.123769760131836
-0.89184437235696,2.2336344718933105
2.446050707651698,1.3750877380371094
5.07108724357905,0.5389925241470337
5.42147270471237,4.342234134674072
-2.20364176327536,-1.967716932296753
3.08443697315444,-1.5732442140579224
-5.97248436581227,1.011396050453186
-1.0190872666435924,-3.5790562629699707
-14.885807229381896,-2.0562005043029785
0.046018285265003,-8.09736156463623
6.00089213826483,7.441821098327637
-1.4680391508473674,-9.56127643585205
-49.8653288018085,-25.507875442504883
-7.283890318199592,-12.296756744384766
3.6053774296538297,4.592519283294678
6.364261125349779,-2.8849880695343018
-51.4043293278057,-22.350122451782227
-64.65676531723692,-21.328794479370117
-26.1965705632023,2.6847426891326904
2.63157412115867,2.791198968887329
16.694612728237402,11.285347938537598
-17.0314498829154,-14.572872161865234
-58.40351531723695,-41.75584411621094
-15.3173389528898,-10.48027229309082
-6.613686761665703,-17.384796142578125
-39.0646563811545,-39.457645416259766
0.809697096857583,-5.657625675201416
0.4685622181175212,-9.159387588500977
-6.376202369524528,-3.744997262954712
-14.434457477598505,-6.114779472351074
-26.0047332498617,-19.92104721069336
-17.5801214502402,-25.29306411743164
-2.60072537807549,1.6524462699890137
7.184930267876617,3.864945650100708
0.555665600488549,-3.6287219524383545
8.747205755218493,7.4416303634643555
-2.289513933263135,-4.006507396697998
3.8009101564042025,-1.4957020282745361
-1.67197513843126,-34.383628845214844
-15.746453943284,-34.51996994018555
