Score,Pred Score
-5.73967918172164,-8.234111785888672
-23.3725501337939,-1.4163662195205688
9.04709717330502,-0.7719449996948242
-3.724573545179619,5.851308345794678
4.4516036428765,1.267364501953125
-1.657597602265355,1.1653022766113281
5.586124430090477,1.6142714023590088
-26.6651088566214,-23.217439651489258
3.028467183462371,0.8220410346984863
-40.7258600860177,-21.298582077026367
-26.912205886836706,-21.365737915039062
-3.9965921287470247,-3.4377269744873047
-4.739766082030863,2.456672191619873
4.2006804390709,2.6920273303985596
-22.3071231538392,-19.084901809692383
-18.5891767455387,-28.072879791259766
-5.960419628776203,-2.286997079849243
-18.9061714872788,-13.202231407165527
-21.4141717786538,-18.747480392456055
-12.208208404490907,-14.538163185119629
-3.72583443525641,2.7675364017486572
-2.377061578670744,-4.354431629180908
6.075310726130807,4.556806564331055
2.12042655289975,-5.811854839324951
3.181253849239128,-0.33998870849609375
10.41580460128629,11.469362258911133
-23.8934551543691,-30.52557373046875
-0.8981307679622897,-0.8370525240898132
3.7078671714499096,2.142496109008789
11.644495901203598,2.9821672439575195
-22.42608065327665,-18.261173248291016
-1.2036514942358316,3.6076366901397705
-13.5091075877696,-14.949417114257812
-1.79502295092813,-4.1785454750061035
2.332279780348585,-4.045083999633789
3.11049964318654,8.354867935180664
3.54836143321337,1.3423194885253906
3.77256113899207,6.058413982391357
-2.35314836228574,-2.747939348220825
7.837521570550837,1.33628511428833
9.328533024448705,5.617685317993164
-37.9495035857927,-2.9950814247131348
-4.144685584269085,-3.303363084793091
8.91646092056966,2.144707202911377
5.635020609606415,4.676418781280518
-15.1006814359747,1.9712629318237305
-2.4599041427842496,-4.310662269592285
2.42002639701588,3.1084301471710205
-3.0331069492891496,-0.5434741377830505
10.480393919522983,8.80721378326416
4.452168509343501,-0.31438302993774414
-2.552277046947741,-4.045522689819336
-5.97419023328963,-4.396121501922607
-0.5734820606807138,-10.637882232666016
3.7606671418030695,5.0595316886901855
-31.4759298257721,-31.86701011657715
0.300408103033295,1.4504072666168213
-6.32558602127377,-1.5600389242172241
0.90894434552881,-1.7052589654922485
5.954690473588823,6.789386749267578
0.0804428699766095,-1.4158134460449219
8.45389840526827,9.53896713256836
-2.8859593337581737,-4.462734699249268
-1.122073026503361,-8.663067817687988
-75.56229656723696,-38.159332275390625
-6.291328737399075,-2.133378744125366
-10.1192188918475,-9.477432250976562
-56.3663437951974,-45.620361328125
2.4288820651169605,-1.7262886762619019
5.05355462238675,0.32563209533691406
-13.1809903671301,-11.986315727233887
-6.75960002722117,-3.172429084777832
9.0758909366509,0.9369221925735474
-1.4230966237807086,-9.001903533935547
5.59963570142504,3.6295018196105957
4.133325903305868,-6.704671382904053
3.00680128293027,-1.1437901258468628
-27.8195558011628,-18.675500869750977
-29.9162730471743,-30.996002197265625
20.7191486697607,-12.749320983886719
3.455876052191651,5.089721202850342
2.595279020812243,2.992359161376953
-4.0896099478500325,-2.9050204753875732
5.3817717725564,4.341289520263672
-1.9802660997523944,-0.27207064628601074
0.4007388327427847,0.928475022315979
10.11870938841209,8.787749290466309
-1.7174251595272625,-3.7472896575927734
-13.2363849677504,1.9844980239868164
-58.24412469223692,-60.47539138793945
-47.9875704511971,-53.43435287475586
-3.681083449701528,-14.677091598510742
0.1118559290339978,0.8052585124969482
-8.998840630677615,-5.138280868530273
1.1941842843275,-1.3480472564697266
19.33685959748449,12.892759323120117
-3.09775596823669,-2.115150213241577
1.2555345380058751,-1.9924546480178833
-78.7451798053926,-38.738887786865234
8.35813394800668,10.193734169006348
-19.6754058911438,-27.587177276611328
4.743603615290096,-3.39970064163208
1.3155747227446202,-6.855780124664307
11.316750179392892,11.040312767028809
11.779516260068313,1.4253418445587158
-3.802611775309477,-4.650988578796387
-10.539071528779305,-9.662776947021484
4.49646859469848,-3.819551467895508
3.59102041590596,1.8690013885498047
2.1560784090827942,3.450296401977539
-17.309192174305,-6.489852428436279
-1.768261666543676,3.3797264099121094
-3.34531377329845,7.938314914703369
-9.09730633851708,-4.834673881530762
-12.909180343140196,9.539531707763672
4.020569536845237,13.064212799072266
2.28163515100639,3.2643332481384277
-1.6307504375632549,-4.221261501312256
7.809600001042748,0.7212662696838379
-83.9761260280997,-63.581119537353516
7.656482330373112,1.2357532978057861
1.675245639565673,4.128228187561035
-15.991582533821994,2.738447427749634
8.681027307740193,3.1292812824249268
11.10272802991041,7.634286880493164
3.42951329804928,-4.617243766784668
-1.4295761119406232,3.968466281890869
-11.9299972333177,-9.108295440673828
11.923948375295712,5.678732872009277
5.960801203295765,-2.64747953414917
-0.4381862293696001,-0.17892619967460632
-2.43808381047612,-3.8254568576812744
5.72263802046558,4.945209980010986
1.1496085756031087,3.0104336738586426
-6.72144892291601,-3.151386260986328
18.1939100849816,9.477354049682617
3.61441892535489,3.4812371730804443
-0.8028238008287005,1.291663646697998
0.7001962140772594,1.576001763343811
2.125547882163602,1.212630271911621
-2.8472026300298463,-5.404163360595703
-4.534682244798708,-0.5746008157730103
4.49418879319923,4.167937278747559
-10.901275449743116,-3.7598962783813477
-4.736229867816737,1.8276987075805664
-0.0053525606393112,-1.960938811302185
7.06923762363823,6.878602981567383
-0.0084306638066775,0.8507760763168335
2.11900133622217,8.260645866394043
8.106852576346123,6.104190826416016
-0.1428452494230792,-1.973710298538208
-1.0683487237199796,-2.949557304382324
0.0285872237409883,0.6156827211380005
2.75380173901167,-1.3234155178070068
-7.69948364751984,4.697277545928955
-0.0556983764780604,0.25517284870147705
-1.32131943338233,1.2010340690612793
-3.0345245902191325,2.3677515983581543
-2.93911844531118,-0.5343465805053711
9.94612085382829,18.711198806762695
-3.5546157663424616,-24.831981658935547
-11.221818720505304,-8.867441177368164
3.9797293996962297,6.702483654022217
4.54734483862441,3.2224183082580566
-45.634880019414,-53.98295211791992
-1.6020246929696491,-25.53759002685547
-4.12581810820042,1.9065965414047241
-3.019531285218114,-3.4441518783569336
5.42509465390903,6.558178901672363
-21.5871320482388,-11.219210624694824
-1.2497809936708242,-17.707237243652344
-35.0272315856836,-50.09854507446289
3.37898618824583,8.278853416442871
-13.4460672849668,-13.060873031616211
10.982614675109394,9.168415069580078
2.35164464781062,0.7780883312225342
-20.9676231329802,-4.944580554962158
-1.6422791314174887,-0.08773493766784668
-0.3136273830120112,-7.279152870178223
-16.967828162594074,-7.400278091430664
-2.8325461302865187,6.760706901550293
-2.6871577689602653,-2.1523396968841553
7.570838092245207,1.6955132484436035
-13.547300817594484,-24.20313262939453
8.99923705482913,7.282382965087891
-0.003939288658445,-0.6610107421875
6.147225205740463,0.35239720344543457
-2.149900469098629,0.33637118339538574
-25.2381267145584,-37.77104568481445
-5.36204355968609,-0.8508168458938599
4.43276114617859,2.5644240379333496
3.27144637329635,-2.9754984378814697
-1.626797120535592,-3.754106044769287
-9.859535687586003,-1.3882814645767212
2.0008593011464906,-1.0051193237304688
0.369316059642221,0.8844468593597412
5.79128728304933,-1.7754385471343994
0.1235817830644999,1.2810858488082886
-3.36903782007548,-0.39763128757476807
7.06032809637297,0.8837020397186279
13.71198107208239,5.140888690948486
0.2886204877907422,0.91761314868927
16.4171583068458,13.593376159667969
-44.7886924625105,-47.42584228515625
-7.726553411266567,-9.787211418151855
4.065326821312747,6.4444804191589355
2.12749125232924,-6.296542644500732
9.06213659212517,12.220511436462402
-4.51305804704249,-3.602342367172241
4.28301459624688,8.24095630645752
-7.211196994815285,-10.039186477661133
-58.4491138315396,-58.21434783935547
-0.5413656534735456,-4.223664283752441
3.24770439300306,3.071319580078125
-0.6472060937938101,5.527618885040283
-1.93656353174353,-1.7567490339279175
-1.94666134980912,-6.376772403717041
-0.670930828719279,0.4197190999984741
17.1612744381531,0.8878940343856812
-8.044482691931467,-5.380668640136719
16.9968892380515,12.430885314941406
3.62056380925444,3.0910091400146484
4.07090957771029,2.7812893390655518
-1.0680791130593923,0.041212230920791626
4.69437535963172,6.793080806732178
0.3837795244341289,12.819430351257324
0.6681105368389735,3.0123887062072754
-8.08045020128908,-0.1534101963043213
-42.6579269422049,-36.495399475097656
-30.89708550466269,-43.42688751220703
-1.1617148968623687,-7.2302470207214355
6.46185690649625,4.716416358947754
8.658679095048068,14.354754447937012
-0.1898191226144924,4.358572006225586
6.457932781589695,0.6015009880065918
-33.7712071062874,-11.694782257080078
-4.786538605318405,5.110646724700928
-13.5632540546311,-17.578927993774414
-82.13826531723697,-13.078620910644531
-3.0453156276270903,2.061575412750244
6.430237727930085,6.851855278015137
5.31082796058257,-3.438333511352539
-70.65073406723695,-62.24639892578125
4.71112087372323,-4.787126541137695
-10.78700495517378,-3.6114189624786377
-6.055427015859325,-1.4817293882369995
-16.475900892606802,1.4860881567001343
-2.487076105276776,0.729163408279419
-48.3858044800915,-49.24522399902344
5.893700156574014,6.431558132171631
-47.9957157156951,-35.43722915649414
-1.511416195100045,-22.50824737548828
-7.071587649042333,-3.643686294555664
-0.3550158381598589,13.743124961853027
-17.0078420331655,-7.704113483428955
10.3189652047012,3.8766543865203857
8.829561804598438,7.973701477050781
10.909208084253878,12.531332969665527
-2.25262466719878,2.62872314453125
0.7445982178878973,-6.730892658233643
-4.813871520282443,2.13767409324646
2.85060083445348,4.890327453613281
-2.54595208771381,-4.230970859527588
-8.692928400841772,1.793950080871582
16.618750626525,7.753161430358887
7.37064384347005,8.798636436462402
-6.81516141534704,-2.82180118560791
-10.386374558578522,-4.262033939361572
3.73205068567752,9.318727493286133
-6.40442742836347,-4.666597843170166
1.74273211890989,6.482362270355225
-7.920344649869953,-2.7083208560943604
-9.28527551691871,-4.5748372077941895
1.51502173443586,-3.808441638946533
-90.3299705619704,-65.5828857421875
-6.512385872303066,-22.719717025756836
0.7982616963508231,2.7097396850585938
15.8859560938761,5.008688449859619
-23.227454082363305,-34.798641204833984
5.4465900456679694,-1.0190768241882324
-13.2494383747796,6.125553607940674
-2.3458288386735573,2.8630361557006836
-1.5403494549472296,-7.210070610046387
-2.941164138388841,3.53694748878479
-14.6311710829416,-18.65290069580078
-4.81834176383161,-2.9620730876922607
-4.03806373695381,-17.34231185913086
0.4076170529080399,-2.5284204483032227
-34.8552692363716,-8.992903709411621
-25.0659802428987,-8.283446311950684
-5.8684323426223,-1.4340862035751343
0.6771989561182002,-7.897801876068115
-14.6157572128631,-5.9433913230896
5.344594984386832,-17.684974670410156
-4.75101729862813,-0.6975546479225159
-89.5439156156453,-51.142696380615234
-1.207429910073891,0.32312530279159546
13.667582002208905,9.324089050292969
-82.4887013651952,-45.648006439208984
4.40921359309415,3.1472628116607666
-19.923371510770203,-8.690128326416016
-4.665207913971671,-1.4604021310806274
3.42106467876526,-0.2742725610733032
-39.0956747424042,-18.87966537475586
-10.288292260688207,-2.7944085597991943
2.3067635611900137,4.998299598693848
-4.92782811871599,-0.7643876075744629
10.292368565007404,5.556942939758301
-8.184373188662292,-42.277305603027344
-4.763634360062484,-6.738841533660889
-2.40000424902785,-5.7318220138549805
5.009535132419683,4.454966068267822
-22.2455703021075,-21.551687240600586
3.987299411465438,8.194681167602539
-38.4962238749225,-38.38997268676758
-44.9949251983702,-24.003686904907227
-1.378759213278819,-0.798429012298584
8.07102955700163,13.122783660888672
1.055995951979529,5.515866279602051
2.188685633501576,-1.0724546909332275
1.0880788430276551,-2.228217601776123
-0.2898522089969393,0.9752621650695801
-3.790702882666694,3.609462261199951
-7.940842049461227,-10.2208251953125
4.398742241377427,5.159327507019043
2.5565427438131976,-5.204951763153076
4.123908949931413,0.35899531841278076
-76.9668504799361,-27.55528450012207
-14.1325019191809,-14.002846717834473
7.960789166364423,4.889811038970947
0.4423212163888063,0.7648425102233887
2.63206586722876,7.611662864685059
3.1988276731025875,5.207516193389893
-1.6552655274048038,-2.356009006500244
8.077984978184695,10.719705581665039
-13.790764753514,-9.039419174194336
2.13745295521649,-4.967480182647705
3.0897024917955025,-2.381117105484009
-0.3530077955256401,-8.096813201904297
-7.639409008216227,-5.334372043609619
2.765011277030255,-4.752389430999756
3.557691046156,1.6392908096313477
4.00031385473591,1.5768296718597412
-55.7541546140486,-32.979248046875
9.550892694239591,2.578181505203247
1.775572054007981,-3.592958450317383
-2.248378586620203,-1.3832998275756836
-56.2560888739038,-48.170326232910156
-2.5590885431480426,-1.3495112657546997
-40.5029244010595,-40.62013626098633
-30.8171784242839,-14.408804893493652
2.679404112105611,-3.077232837677002
2.76740193393285,1.4947333335876465
-11.341527235964405,-8.329116821289062
-3.448025235667948,-19.394256591796875
-0.0780407432645869,-8.636774063110352
11.616605850275496,-1.0648689270019531
9.179556151687803,-3.212778091430664
7.190050317883171,-4.038168907165527
-39.4932668903457,-26.18404769897461
-2.306526469902426,-4.632227420806885
0.5403453062071405,-5.79121208190918
-23.6042929930625,-22.920494079589844
-4.172986764275874,-13.197229385375977
0.5394390329931549,4.074191570281982
5.84905996845087,6.607876300811768
-22.9515728231767,-8.355263710021973
-3.134999611446543,-0.4060981273651123
-6.066411004621831,-2.7586216926574707
2.24572304437811,-3.8280508518218994
-70.8116033690518,-35.390960693359375
0.3224388648416145,-4.993521690368652
4.755697845162629,-3.970076084136963
1.7336328627834918,1.0616211891174316
3.939818822274421,4.269443511962891
6.09033976794457,1.5518653392791748
6.4251548431743295,2.158644199371338
-6.47138721063866,-5.3891448974609375
-0.0379657812584102,-1.5797476768493652
4.4105627388370605,0.9191176891326904
2.3065604778561424,6.5496602058410645
7.588764503474316,6.307458400726318
-24.3954295810688,-5.664571762084961
7.380729755239978,9.418811798095703
5.978124919049687,-3.952526330947876
0.7860328468455551,-0.031615376472473145
-44.1817825469333,-34.61215591430664
3.58036180553514,-7.5166916847229
3.33951124606136,-5.354203701019287
-6.79658968512302,-3.6353542804718018
3.7347243087796,-2.3491804599761963
4.76541245752904,10.321090698242188
8.922207576391518,4.960707187652588
-11.864177458483407,-12.742180824279785
1.166748445159433,11.38674545288086
-25.781275563237,-7.672918796539307
4.179707781567577,2.753901958465576
-1.073248118887358,-6.659494400024414
1.7249239205326918,7.855679512023926
-81.52648016021857,-21.77312660217285
13.015759276594096,5.291358470916748
5.35198813185094,-2.0183451175689697
-12.53254789251529,-16.668716430664062
5.45103123545738,0.9100025296211243
4.128157012788561,-2.790222644805908
-3.8590388668775,3.1192691326141357
7.36579899286375,-5.791338920593262
-11.03094492075089,-24.02741813659668
8.017093587799739,0.09942197799682617
15.384553292915324,-27.895431518554688
2.79124989437018,2.130281448364258
2.81101468536903,-14.706303596496582
-1.7237618714553775,0.5067369937896729
-2.202886656443709,-1.303120493888855
2.369358494612781,0.14180707931518555
-11.30813578108209,-3.048309803009033
4.484288991501213,4.897942543029785
-35.8165916579592,-35.701202392578125
-5.19085420781142,-3.473620653152466
2.86709961553106,-2.1206884384155273
-4.349210006555943,-0.7726912498474121
5.029017096161708,1.4013588428497314
8.243548509216069,0.6042964458465576
-2.6184282494780104,-2.9053919315338135
-5.527709296795018,-4.963558673858643
-52.7336020518746,-42.38528823852539
6.07843040491799,0.8623123168945312
-4.396710286499547,-4.778352737426758
6.6154810826822,1.9603817462921143
9.772192422094813,-12.499039649963379
2.099307195887115,0.9853609800338745
-12.414939844598162,-17.671611785888672
8.24149319055937,-4.687922477722168
-1.5178355576616795,-2.370173931121826
9.144089281431205,-0.9773211479187012
1.418014053180695,0.7114672660827637
-60.92137282626391,-28.467121124267578
5.61896917638109,2.607095241546631
-4.96580172718434,-12.387580871582031
-24.4432878855492,-16.10091781616211
1.675381804264854,-0.6485099792480469
-2.8447496930443927,-0.597421407699585
-1.059512617215007,-9.669322967529297
1.41805545618482,-4.099156856536865
-7.06329362397977,-10.102455139160156
9.400493271217616,7.376413822174072
3.1327986373042376,0.6913286447525024
4.097668935846943,13.22071647644043
-4.01456885639382,-7.838940620422363
-2.260381023139061,-2.795149803161621
-8.237627320974727,-10.842962265014648
-2.23616712442702,9.765296936035156
-26.79502671025515,-27.322534561157227
-10.594900847222812,-25.029592514038086
4.509456424718162,9.470783233642578
-22.9219832537164,-9.052351951599121
-6.2026319104393295,-8.825714111328125
-4.662511414401839,-2.0425524711608887
-0.4503474699443348,4.297293663024902
-21.5531296050118,-29.18606948852539
-39.7169735486916,-25.961828231811523
-6.13466459150186,-6.846080303192139
6.093529951556334,3.387852668762207
-33.3004252633332,-21.908597946166992
-7.789052707582185,-6.717015743255615
-61.6890402284636,-39.335975646972656
-10.613183176373598,-11.454556465148926
-12.6203596574975,-9.25117015838623
-15.2234416939723,-9.188690185546875
3.42848617073407,-11.386558532714844
-50.4820483838523,-37.42622756958008
-71.7765711158932,-49.19951629638672
4.338369925074482,4.733780860900879
-34.0729170807354,-38.09122085571289
-10.285920522724917,-2.0554075241088867
2.71808902854303,1.7443222999572754
2.26767773086615,4.585961818695068
0.3189015990893598,-3.85463285446167
-39.873530292237,-16.97300910949707
5.053393098685065,4.1468892097473145
-5.77665564868809,-6.238314151763916
-22.4462583852743,-27.109363555908203
-10.162041561092582,-23.33727264404297
8.70853787657841,7.188663482666016
-3.73521146317182,-1.5594837665557861
-1.3326443092463092,-16.32550048828125
-5.830142578087577,-5.138391494750977
-7.815562497274902,-5.658427715301514
-20.7558388881914,-4.832194805145264
-1.03656181464744,-4.4726152420043945
-3.930469946192945,-5.001706600189209
5.391699208755202,-8.619338989257812
7.2595381633228,-2.84774112701416
9.30630078585379,0.15130925178527832
-3.77133000272187,-10.261112213134766
-42.936846127142296,-50.4243049621582
0.5211206139658471,-3.2255947589874268
0.7345204104922589,0.7130436897277832
6.86106163750481,-4.815225124359131
-21.61387508166409,-10.648835182189941
-24.577379709126298,-24.947738647460938
3.986867952152618,5.587278366088867
-63.2346715672369,-57.60420608520508
4.55602013063716,6.076452732086182
-20.3623076046531,-7.654511451721191
8.678125432705007,1.1267523765563965
-2.1147225087047508,-0.3223145008087158
-1.14890133483728,4.078095436096191
3.7921116228684086,4.448167324066162
-1.3811964732242277,-1.4922881126403809
0.1752112379752922,-4.9285078048706055
3.3452637215970498,-4.450079441070557
6.63109301847755,6.171121597290039
-8.72128086410909,-19.145225524902344
-0.1160299782726794,-0.4419894814491272
0.1119561526876595,-2.1752374172210693
11.877856996640997,8.214128494262695
-3.2142130797467816,-0.7124370336532593
-3.9552380984537248,-6.724923133850098
-1.593720937577549,-10.271623611450195
3.3899996482015826,2.133484125137329
7.66334596528203,3.494601249694824
2.60625970962018,1.3456201553344727
5.006519903780723,-3.9401769638061523
-58.5527340809363,-33.83081817626953
3.776985072333982,0.9186661243438721
2.4866177573815964,1.0904219150543213
-0.6920482116816997,-0.8939473628997803
2.1747311895065486,6.089345455169678
-13.14009076535719,-13.879731178283691
2.745769909533195,2.4479103088378906
-10.626155896203898,-9.699881553649902
0.0548896546292299,-0.7529218196868896
-69.1366966634013,-36.19276428222656
14.8508222506114,15.223149299621582
-28.3488859938485,-22.332551956176758
0.6884341878779402,5.428219318389893
12.566471603210276,-0.02914142608642578
-5.472376660417956,-8.419805526733398
-2.1691769605730515,1.6222662925720215
-0.3887710448227697,-8.512581825256348
9.1356503291117,9.358951568603516
4.93167956005568,4.8861823081970215
2.713132201978397,2.383559465408325
9.090654061652296,9.891794204711914
1.741670982094262,0.9819414615631104
-5.89266438028177,-0.7054569721221924
-1.130678948105339,0.9993941783905029
-46.587141393021525,-44.793148040771484
4.366245372711767,3.2457308769226074
2.858782897786812,2.7051353454589844
2.53362859007723,-0.38687145709991455
-1.7943154401891548,-1.5186326503753662
-0.6435038581465955,-3.682910442352295
5.99108205682079,-1.1124975681304932
2.44728958086436,-0.5235626697540283
1.5718362711845366,-0.8858157396316528
-55.54568697318505,-64.25379180908203
-9.231606713935047,-6.140801906585693
3.547124544521316,-14.610158920288086
-73.5286754265322,-33.729644775390625
0.2047767843086013,0.09304141998291016
-10.398648228661925,-5.0191850662231445
-46.9980356488569,-16.40789794921875
-62.9031214125763,-47.3997917175293
-10.35739215730591,-0.00498276948928833
1.83593808226401,1.5660207271575928
7.827394642815597,3.2878165245056152
-9.742168339465294,-6.913590431213379
-0.29408409265346,-0.8837869167327881
-5.653435188749545,-13.053003311157227
-14.57002364123529,-22.140363693237305
-18.1797235112709,-10.764113426208496
-5.45440876641342,-4.302405834197998
8.596988309863011,1.0068302154541016
-5.493763326806099,-8.345314025878906
-8.393586343504198,0.48464715480804443
-3.963646539183849,-3.4574546813964844
9.625121597198186,7.07881498336792
-6.18357684414468,-5.011600971221924
-3.41466344580097,-0.5375573635101318
-4.03025121975644,-0.6781424880027771
-2.66483863280114,-3.286668062210083
-0.190891674386513,2.067746639251709
16.1850033157246,14.084674835205078
-7.910003358009165,-6.676342010498047
-2.07861348348741,-4.081066608428955
12.331931266595111,15.140575408935547
0.8825935384285006,3.7882306575775146
-2.1789667599796294,-3.0685982704162598
3.0307168501552093,1.8815884590148926
14.8229623836697,17.11111068725586
6.795393661635613,5.603849411010742
5.16750826555368,2.1995315551757812
-57.144820014625296,-22.23159408569336
6.167862854629888,-14.152417182922363
-2.698758931910008,-11.754941940307617
1.289294757415069,-5.607360363006592
13.9692836454661,-0.21030640602111816
-38.6438610292767,-21.23651123046875
-3.119647295186995,0.6802934408187866
-6.745372906074374,-12.874434471130371
-2.7468186065138984,2.246345043182373
1.6198341998494314,2.8158769607543945
1.6646916021852596,-4.399970054626465
-7.87226820943855,-7.503439903259277
8.652061852316729,-3.399089813232422
2.4933992323843923,-4.8538713455200195
2.35160533891099,-8.475258827209473
1.30779520720034,0.22727370262145996
-11.9965988914421,0.7682046890258789
4.780848076735348,-1.6258503198623657
11.2728180991378,10.82945728302002
0.7651079053562314,1.6644716262817383
-10.6557437737239,-7.703111171722412
3.27100049685324,-0.44584202766418457
-5.2815921348029296,-2.68695330619812
-27.5445722402187,-29.047937393188477
-2.683955047842884,-0.050484538078308105
-43.929359067237,-32.22113800048828
-4.639593570653838,-4.250869274139404
-14.7229944429405,-10.601741790771484
-5.00028834575103,-3.3016631603240967
-1.2236747050651609,-0.3365776538848877
-17.6830733389949,-17.020599365234375
-9.979741434164584,-13.39100456237793
-0.2823200449385875,-5.015052795410156
-36.50577458359941,-27.10618019104004
-4.853312003098937,-25.930862426757812
-27.4476544011683,-26.937589645385742
-49.5120706514507,-51.24100875854492
1.2287673509824204,4.745484352111816
9.503977484174175,5.249344825744629
-5.5186956836840375,-14.132147789001465
-2.99361591491145,5.334558486938477
7.99575647038201,0.16921639442443848
11.7225687296843,5.861663818359375
6.987950206462267,7.040097236633301
5.5273920092716775,-18.330337524414062
-7.19378137939456,-9.421823501586914
6.001532732018722,6.829906463623047
7.92708077877978,6.394401550292969
4.316615136301563,-6.707601070404053
0.1590569364430157,0.29936444759368896
2.8348518495029404,4.534247875213623
-46.6686841099013,-49.074371337890625
-0.8984319813221007,3.0443403720855713
4.30511943579503,-6.118756294250488
-3.36735139960915,-2.261151075363159
6.58117049992555,-0.9851218461990356
6.753311816554961,-6.479487419128418
-1.1091988250418725,-2.224019765853882
5.26551760771767,8.926484107971191
-37.3999740396079,-19.88214683532715
-34.48768519828235,-20.548065185546875
-46.862925671502296,-19.79684829711914
-1.19024715514191,-2.802499294281006
-1.4920816076829602,-5.06081485748291
-5.775806690181939,-7.8141984939575195
-14.2382866820043,-3.8708465099334717
1.3131129859732091,-0.9040970802307129
13.1991243046288,14.885106086730957
3.6035536346157695,-7.833165168762207
4.97603191479674,3.798924446105957
2.9737175212081803,0.5079656839370728
-35.1782981083837,-37.56501007080078
-10.480511156242285,-17.00978660583496
-0.3170472839931941,-0.2451789379119873
3.59745169898486,8.027223587036133
-5.139364658294922,0.5201559066772461
-29.2662792150344,-14.1573486328125
11.555346181601609,7.582213878631592
3.7092867134231,-12.275601387023926
-0.7280966227290082,2.4284958839416504
0.9480162028997956,-6.663699626922607
-9.619042312244815,-26.476423263549805
-3.15562863494722,-4.49407958984375
7.285509446842615,0.6716157793998718
2.71319811317338,-0.3618905544281006
1.026942322157092,-4.737912654876709
-4.65691689928222,-6.458673477172852
-8.677497573270493,-9.293864250183105
14.3436638764016,5.46483039855957
-11.8973420493851,-8.915451049804688
-6.61979034735207,-6.092416763305664
8.86280218600469,3.3925211429595947
-3.43040335892423,-8.091679573059082
0.4443344011282492,-7.217828750610352
2.6678241356197647,-1.4760594367980957
2.334382802629,-5.137572765350342
-13.8157551615103,-10.827062606811523
1.9007667723773176,-5.167693614959717
-17.190033530139498,-17.91598892211914
3.88810032819938,1.7539589405059814
1.2705701336207027,-2.4696927070617676
3.887422638441485,2.186525821685791
10.349523074958825,7.855785369873047
9.62907409316032,1.6638715267181396
0.7709161631446207,6.226309299468994
2.3166834950764685,1.8742947578430176
2.76912169862866,-3.1545541286468506
-46.2372447228831,-43.755916595458984
-37.0930621901092,-25.63616180419922
0.996650643215182,2.254112958908081
-12.898019313824,-10.912003517150879
-0.71117494174041,1.4111590385437012
-0.5663484394051013,-0.9004115462303162
-12.4595255596924,-12.685354232788086
-0.6089836493556324,7.481351852416992
6.92534745147092,3.2589354515075684
3.320229681965675,6.872785568237305
-10.274169876330886,-6.489224910736084
-49.062306315025,-45.19321060180664
-30.7261055182573,-54.93169021606445
22.7414116448382,7.359179973602295
-0.9529303605806088,5.706782817840576
-10.739322929783883,1.0230648517608643
-20.9507978903398,-35.09315872192383
-24.96156751119129,-17.835695266723633
14.9823899147147,7.065229415893555
-14.564555056626377,-5.6264567375183105
1.907333647224608,3.3304452896118164
-1.178255647098801,10.03481388092041
1.9806048133258944,-15.665064811706543
8.833837192566008,2.1519775390625
-18.5255095356289,-27.005321502685547
3.010752586641185,-3.064484119415283
3.67041582610247,1.2168899774551392
-33.7845903951132,-41.868873596191406
-13.812973987503693,-4.795514106750488
-13.861300672159,3.7871804237365723
-26.24662901330595,-29.275938034057617
-1.61504571199055,-0.26386743783950806
8.754663680824095,11.281702995300293
3.22816419080692,2.2051210403442383
-2.0585753436264698,3.2516727447509766
-9.59094984812801,-15.454812049865723
6.02246857213521,3.9977517127990723
-4.11149235653684,-3.1072661876678467
-4.361976736345532,-7.30775260925293
-2.4097304318056905,5.418031215667725
4.967381413305823,6.791755199432373
-11.9154244975033,2.892251968383789
-11.183106529127476,10.575345039367676
-2.3538192484503564,1.1046382188796997
-2.204579993178592,-4.8862199783325195
-91.8886792382854,-16.276010513305664
3.2582764286422226,6.122864246368408
9.859104788483815,0.6381971836090088
-2.6304973605131474,2.6648051738739014
8.398744223780918,7.201631546020508
1.4955767028094,4.194730758666992
6.720388221210122,5.405435085296631
6.99756701325662,0.8783397674560547
12.966325580978296,3.91766095161438
-22.8644313188967,0.2950345277786255
-14.4731176558811,-12.394012451171875
-0.0918051514147744,1.3438720703125
0.9434331950199416,-5.955628395080566
7.877641553655238,1.7285587787628174
-27.1636490162131,-14.70453929901123
3.42669038506664,-12.576627731323242
0.31232235517322,4.11998176574707
1.1848602197973823,-7.096834182739258
-5.822632503482525,-8.791067123413086
-2.989164004622407,-1.3803173303604126
1.69213972357191,-0.13787412643432617
-0.89184437235696,1.8855400085449219
2.446050707651698,3.578725814819336
5.07108724357905,1.401659607887268
5.42147270471237,9.843005180358887
-2.20364176327536,1.069495439529419
3.08443697315444,-3.7686514854431152
-5.97248436581227,-5.4213175773620605
-1.0190872666435924,-5.040710926055908
-14.885807229381896,-2.3054633140563965
0.046018285265003,-17.185365676879883
6.00089213826483,13.778884887695312
-1.4680391508473674,-13.589460372924805
-49.8653288018085,-33.86195373535156
-7.283890318199592,-15.654943466186523
3.6053774296538297,7.174653053283691
6.364261125349779,-3.491075038909912
-51.4043293278057,-24.144718170166016
-64.65676531723692,-34.061607360839844
-26.1965705632023,4.402819633483887
2.63157412115867,3.750838041305542
16.694612728237402,14.997586250305176
-17.0314498829154,-15.22867202758789
-58.40351531723695,-54.31917953491211
-15.3173389528898,-12.387850761413574
-6.613686761665703,-16.689029693603516
-39.0646563811545,-46.508602142333984
0.809697096857583,-9.835128784179688
0.4685622181175212,-10.582803726196289
-6.376202369524528,-2.198805093765259
-14.434457477598505,-9.934514045715332
-26.0047332498617,-23.476774215698242
-17.5801214502402,-14.1194486618042
-2.60072537807549,0.7168821096420288
7.184930267876617,9.645224571228027
0.555665600488549,2.5638909339904785
8.747205755218493,10.001533508300781
-2.289513933263135,-4.676573753356934
3.8009101564042025,-3.0990073680877686
-1.67197513843126,-33.9488525390625
-15.746453943284,-33.32841873168945
