Score,Pred Score
-5.73967918172164,-4.9320969581604
-23.3725501337939,-9.991437911987305
9.04709717330502,2.5677132606506348
-3.724573545179619,6.535258769989014
4.4516036428765,6.972280979156494
-1.657597602265355,-0.39419758319854736
5.586124430090477,-2.974783420562744
-26.6651088566214,-30.710237503051758
3.028467183462371,-1.739755392074585
-40.7258600860177,-28.963876724243164
-26.912205886836706,-15.692045211791992
-3.9965921287470247,-5.3061418533325195
-4.739766082030863,0.6755819320678711
4.2006804390709,-2.7057480812072754
-22.3071231538392,-18.06855583190918
-18.5891767455387,-22.632213592529297
-5.960419628776203,-2.4074769020080566
-18.9061714872788,-17.77428436279297
-21.4141717786538,-19.69867515563965
-12.208208404490907,-17.964290618896484
-3.72583443525641,1.2350633144378662
-2.377061578670744,-1.8546836376190186
6.075310726130807,4.67725944519043
2.12042655289975,-2.952096700668335
3.181253849239128,1.7340724468231201
10.41580460128629,12.306251525878906
-23.8934551543691,-32.04552459716797
-0.8981307679622897,-2.7021384239196777
3.7078671714499096,1.4250218868255615
11.644495901203598,5.904054641723633
-22.42608065327665,-20.99156379699707
-1.2036514942358316,1.1461567878723145
-13.5091075877696,-19.351165771484375
-1.79502295092813,-1.9996049404144287
2.332279780348585,-4.40671443939209
3.11049964318654,10.439862251281738
3.54836143321337,0.208756685256958
3.77256113899207,2.550283670425415
-2.35314836228574,-0.8143756985664368
7.837521570550837,3.4761433601379395
9.328533024448705,4.568264007568359
-37.9495035857927,-7.283658504486084
-4.144685584269085,-5.927952766418457
8.91646092056966,4.149130344390869
5.635020609606415,7.07405948638916
-15.1006814359747,-3.0948450565338135
-2.4599041427842496,-6.077898025512695
2.42002639701588,10.144004821777344
-3.0331069492891496,-1.5669137239456177
10.480393919522983,11.862470626831055
4.452168509343501,4.412361145019531
-2.552277046947741,-0.7641680240631104
-5.97419023328963,-4.856346607208252
-0.5734820606807138,-5.66937780380249
3.7606671418030695,4.303922653198242
-31.4759298257721,-34.52239227294922
0.300408103033295,2.1394119262695312
-6.32558602127377,-4.012411594390869
0.90894434552881,0.8394138813018799
5.954690473588823,3.3503994941711426
0.0804428699766095,-2.2482149600982666
8.45389840526827,10.148696899414062
-2.8859593337581737,-6.697443008422852
-1.122073026503361,-3.6934032440185547
-75.56229656723696,-41.880210876464844
-6.291328737399075,-4.695498943328857
-10.1192188918475,-10.097673416137695
-56.3663437951974,-50.07101821899414
2.4288820651169605,-0.30308157205581665
5.05355462238675,4.411141872406006
-13.1809903671301,-9.930371284484863
-6.75960002722117,-4.950798034667969
9.0758909366509,1.5827364921569824
-1.4230966237807086,-10.115187644958496
5.59963570142504,8.132119178771973
4.133325903305868,0.8747200965881348
3.00680128293027,-4.9420247077941895
-27.8195558011628,-21.707637786865234
-29.9162730471743,-35.37484359741211
20.7191486697607,-9.82271957397461
3.455876052191651,6.953103065490723
2.595279020812243,4.394721984863281
-4.0896099478500325,-3.6601600646972656
5.3817717725564,1.6670045852661133
-1.9802660997523944,-2.4461145401000977
0.4007388327427847,-1.5998034477233887
10.11870938841209,8.280339241027832
-1.7174251595272625,-3.546891689300537
-13.2363849677504,-7.417666435241699
-58.24412469223692,-57.75197219848633
-47.9875704511971,-51.61408996582031
-3.681083449701528,-2.774322748184204
0.1118559290339978,-0.2151850461959839
-8.998840630677615,-6.709704875946045
1.1941842843275,1.471853256225586
19.33685959748449,16.379638671875
-3.09775596823669,-0.6711636781692505
1.2555345380058751,-1.9649627208709717
-78.7451798053926,-58.913047790527344
8.35813394800668,5.7919921875
-19.6754058911438,-22.21852684020996
4.743603615290096,-4.352592945098877
1.3155747227446202,-2.7741501331329346
11.316750179392892,14.2290678024292
11.779516260068313,4.219056606292725
-3.802611775309477,-15.630021095275879
-10.539071528779305,-11.91406536102295
4.49646859469848,-4.4511590003967285
3.59102041590596,4.628869533538818
2.1560784090827942,1.5818896293640137
-17.309192174305,-8.699670791625977
-1.768261666543676,5.028756618499756
-3.34531377329845,1.2894318103790283
-9.09730633851708,-8.612255096435547
-12.909180343140196,5.207655906677246
4.020569536845237,11.560489654541016
2.28163515100639,0.2790036201477051
-1.6307504375632549,-7.793487548828125
7.809600001042748,2.076568126678467
-83.9761260280997,-71.71427917480469
7.656482330373112,4.739410877227783
1.675245639565673,1.5009708404541016
-15.991582533821994,-4.768190383911133
8.681027307740193,3.4522511959075928
11.10272802991041,5.726170063018799
3.42951329804928,0.12812483310699463
-1.4295761119406232,0.07926559448242188
-11.9299972333177,-14.094925880432129
11.923948375295712,11.118706703186035
5.960801203295765,1.5932027101516724
-0.4381862293696001,-1.6621145009994507
-2.43808381047612,-2.2966504096984863
5.72263802046558,5.647495746612549
1.1496085756031087,-1.679555892944336
-6.72144892291601,-5.274824619293213
18.1939100849816,14.614249229431152
3.61441892535489,2.6747007369995117
-0.8028238008287005,2.9753355979919434
0.7001962140772594,2.018076181411743
2.125547882163602,-0.17836952209472656
-2.8472026300298463,-4.374845504760742
-4.534682244798708,-2.7884955406188965
4.49418879319923,8.17735481262207
-10.901275449743116,-7.271457672119141
-4.736229867816737,0.3610271215438843
-0.0053525606393112,-2.030961751937866
7.06923762363823,4.8128981590271
-0.0084306638066775,1.7469111680984497
2.11900133622217,10.759894371032715
8.106852576346123,7.4311299324035645
-0.1428452494230792,-1.5304393768310547
-1.0683487237199796,-5.943361759185791
0.0285872237409883,0.04422330856323242
2.75380173901167,0.2575540542602539
-7.69948364751984,-1.4607510566711426
-0.0556983764780604,0.2585519552230835
-1.32131943338233,-2.7575976848602295
-3.0345245902191325,0.5210847854614258
-2.93911844531118,-2.757354974746704
9.94612085382829,14.151237487792969
-3.5546157663424616,-13.023776054382324
-11.221818720505304,-11.215051651000977
3.9797293996962297,6.569727897644043
4.54734483862441,-1.9829528331756592
-45.634880019414,-47.340911865234375
-1.6020246929696491,-8.387372016906738
-4.12581810820042,0.4695948362350464
-3.019531285218114,-5.3956708908081055
5.42509465390903,7.2316131591796875
-21.5871320482388,-16.234237670898438
-1.2497809936708242,-13.195920944213867
-35.0272315856836,-41.32636642456055
3.37898618824583,6.405873775482178
-13.4460672849668,-6.480301380157471
10.982614675109394,4.488256931304932
2.35164464781062,0.7286728620529175
-20.9676231329802,-11.770669937133789
-1.6422791314174887,-3.2714948654174805
-0.3136273830120112,-1.8578109741210938
-16.967828162594074,-8.111283302307129
-2.8325461302865187,6.433156967163086
-2.6871577689602653,-0.4918161928653717
7.570838092245207,6.306874752044678
-13.547300817594484,-21.734407424926758
8.99923705482913,6.290469169616699
-0.003939288658445,-0.8445680141448975
6.147225205740463,1.9373626708984375
-2.149900469098629,2.5117383003234863
-25.2381267145584,-41.492408752441406
-5.36204355968609,-2.3633151054382324
4.43276114617859,4.863631725311279
3.27144637329635,5.719579696655273
-1.626797120535592,-4.053067207336426
-9.859535687586003,-1.5988850593566895
2.0008593011464906,-1.0947222709655762
0.369316059642221,-0.451129674911499
5.79128728304933,0.37529444694519043
0.1235817830644999,2.183969736099243
-3.36903782007548,1.7760748863220215
7.06032809637297,0.8567869663238525
13.71198107208239,11.148557662963867
0.2886204877907422,-2.21203351020813
16.4171583068458,17.5968017578125
-44.7886924625105,-52.06096267700195
-7.726553411266567,-8.086189270019531
4.065326821312747,7.270778179168701
2.12749125232924,0.590256929397583
9.06213659212517,12.185835838317871
-4.51305804704249,-6.171858310699463
4.28301459624688,5.8629150390625
-7.211196994815285,-17.14829444885254
-58.4491138315396,-63.56357955932617
-0.5413656534735456,-7.710286617279053
3.24770439300306,5.254888534545898
-0.6472060937938101,-1.0333406925201416
-1.93656353174353,-2.6692306995391846
-1.94666134980912,-2.5461058616638184
-0.670930828719279,-6.2897114753723145
17.1612744381531,6.127470016479492
-8.044482691931467,-16.434608459472656
16.9968892380515,14.797623634338379
3.62056380925444,2.9478790760040283
4.07090957771029,1.609330654144287
-1.0680791130593923,3.083916187286377
4.69437535963172,4.109665393829346
0.3837795244341289,10.288204193115234
0.6681105368389735,-1.0756093263626099
-8.08045020128908,-1.0569851398468018
-42.6579269422049,-43.11220932006836
-30.89708550466269,-38.05419921875
-1.1617148968623687,-8.618382453918457
6.46185690649625,3.5280256271362305
8.658679095048068,14.830503463745117
-0.1898191226144924,8.184329986572266
6.457932781589695,13.98034381866455
-33.7712071062874,-27.76830291748047
-4.786538605318405,2.3279764652252197
-13.5632540546311,-12.523998260498047
-82.13826531723697,-27.07744026184082
-3.0453156276270903,-4.644516944885254
6.430237727930085,3.356722593307495
5.31082796058257,-5.511353492736816
-70.65073406723695,-73.46033477783203
4.71112087372323,5.443309783935547
-10.78700495517378,-10.451927185058594
-6.055427015859325,-2.8158621788024902
-16.475900892606802,-2.490614414215088
-2.487076105276776,-0.3504314422607422
-48.3858044800915,-58.077369689941406
5.893700156574014,6.127126693725586
-47.9957157156951,-38.74187088012695
-1.511416195100045,-19.716299057006836
-7.071587649042333,-2.101088047027588
-0.3550158381598589,9.794522285461426
-17.0078420331655,-6.8407793045043945
10.3189652047012,5.851922035217285
8.829561804598438,11.970848083496094
10.909208084253878,11.79288387298584
-2.25262466719878,1.413412094116211
0.7445982178878973,-5.908809661865234
-4.813871520282443,-1.0101875066757202
2.85060083445348,4.42868709564209
-2.54595208771381,-0.6009601354598999
-8.692928400841772,2.7069013118743896
16.618750626525,17.9089412689209
7.37064384347005,6.3479156494140625
-6.81516141534704,-7.056122779846191
-10.386374558578522,-5.70766019821167
3.73205068567752,2.768855571746826
-6.40442742836347,-8.356616020202637
1.74273211890989,2.6446433067321777
-7.920344649869953,-5.462247848510742
-9.28527551691871,-3.066649913787842
1.51502173443586,-0.6302832365036011
-90.3299705619704,-85.95769500732422
-6.512385872303066,-20.942604064941406
0.7982616963508231,4.159165382385254
15.8859560938761,9.236557006835938
-23.227454082363305,-27.902803421020508
5.4465900456679694,-2.249249219894409
-13.2494383747796,5.308059215545654
-2.3458288386735573,1.9673678874969482
-1.5403494549472296,-1.8699533939361572
-2.941164138388841,2.8008944988250732
-14.6311710829416,-15.094735145568848
-4.81834176383161,0.9036707878112793
-4.03806373695381,-10.732011795043945
0.4076170529080399,-2.0183091163635254
-34.8552692363716,-18.189172744750977
-25.0659802428987,-16.331693649291992
-5.8684323426223,-3.3770596981048584
0.6771989561182002,-4.113134860992432
-14.6157572128631,-7.279397487640381
5.344594984386832,-12.85126781463623
-4.75101729862813,-2.5068984031677246
-89.5439156156453,-63.142539978027344
-1.207429910073891,0.771645188331604
13.667582002208905,15.956591606140137
-82.4887013651952,-49.14125442504883
4.40921359309415,2.3396058082580566
-19.923371510770203,-12.697237014770508
-4.665207913971671,-2.443025827407837
3.42106467876526,-1.828660249710083
-39.0956747424042,-24.734922409057617
-10.288292260688207,-5.518759727478027
2.3067635611900137,4.736811637878418
-4.92782811871599,-0.5347018241882324
10.292368565007404,12.849562644958496
-8.184373188662292,-28.364795684814453
-4.763634360062484,-8.667451858520508
-2.40000424902785,0.4680488109588623
5.009535132419683,4.832351207733154
-22.2455703021075,-22.446128845214844
3.987299411465438,16.2983455657959
-38.4962238749225,-37.03837966918945
-44.9949251983702,-27.191322326660156
-1.378759213278819,0.6232035160064697
8.07102955700163,12.132441520690918
1.055995951979529,7.317840576171875
2.188685633501576,6.881330966949463
1.0880788430276551,0.6259893178939819
-0.2898522089969393,-0.9624474048614502
-3.790702882666694,-0.07506227493286133
-7.940842049461227,-7.040048599243164
4.398742241377427,6.698237895965576
2.5565427438131976,-0.2689530849456787
4.123908949931413,4.227007865905762
-76.9668504799361,-43.894840240478516
-14.1325019191809,-15.52212142944336
7.960789166364423,10.067112922668457
0.4423212163888063,1.4400036334991455
2.63206586722876,4.772308826446533
3.1988276731025875,-0.0348435640335083
-1.6552655274048038,-1.7719959020614624
8.077984978184695,10.359331130981445
-13.790764753514,-11.981842041015625
2.13745295521649,-3.151869058609009
3.0897024917955025,0.8894806504249573
-0.3530077955256401,-1.7299264669418335
-7.639409008216227,-7.677658557891846
2.765011277030255,-0.6188958883285522
3.557691046156,4.493595123291016
4.00031385473591,4.242362022399902
-55.7541546140486,-57.17716598510742
9.550892694239591,4.367898464202881
1.775572054007981,-0.9777102470397949
-2.248378586620203,-2.111996650695801
-56.2560888739038,-54.50355529785156
-2.5590885431480426,1.2112996578216553
-40.5029244010595,-42.57435607910156
-30.8171784242839,-18.803409576416016
2.679404112105611,3.7359769344329834
2.76740193393285,4.115173816680908
-11.341527235964405,-8.632014274597168
-3.448025235667948,-15.905505180358887
-0.0780407432645869,-4.739114761352539
11.616605850275496,3.9272685050964355
9.179556151687803,3.9716176986694336
7.190050317883171,-3.5987141132354736
-39.4932668903457,-31.629112243652344
-2.306526469902426,-2.7279746532440186
0.5403453062071405,-3.380925416946411
-23.6042929930625,-25.641788482666016
-4.172986764275874,-12.716349601745605
0.5394390329931549,5.677281379699707
5.84905996845087,6.746043682098389
-22.9515728231767,-5.304107666015625
-3.134999611446543,0.7093851566314697
-6.066411004621831,-2.63232159614563
2.24572304437811,3.4741687774658203
-70.8116033690518,-38.59767150878906
0.3224388648416145,-1.4120252132415771
4.755697845162629,6.9297380447387695
1.7336328627834918,-0.47168660163879395
3.939818822274421,5.3564324378967285
6.09033976794457,5.7760820388793945
6.4251548431743295,9.90820026397705
-6.47138721063866,-2.0694236755371094
-0.0379657812584102,1.659625768661499
4.4105627388370605,5.9942522048950195
2.3065604778561424,12.8560791015625
7.588764503474316,16.50200080871582
-24.3954295810688,-6.348225116729736
7.380729755239978,12.868579864501953
5.978124919049687,-2.121241807937622
0.7860328468455551,2.006039619445801
-44.1817825469333,-28.37293243408203
3.58036180553514,-4.040885925292969
3.33951124606136,1.23805832862854
-6.79658968512302,-4.982593536376953
3.7347243087796,-0.43198132514953613
4.76541245752904,6.257936954498291
8.922207576391518,6.193871021270752
-11.864177458483407,-17.089916229248047
1.166748445159433,5.593236446380615
-25.781275563237,-1.251828908920288
4.179707781567577,5.680708885192871
-1.073248118887358,-5.593369007110596
1.7249239205326918,9.516069412231445
-81.52648016021857,-17.179981231689453
13.015759276594096,7.638504505157471
5.35198813185094,1.4330394268035889
-12.53254789251529,-17.6220645904541
5.45103123545738,-2.4372074604034424
4.128157012788561,4.215631484985352
-3.8590388668775,-1.3424513339996338
7.36579899286375,-0.20258450508117676
-11.03094492075089,-21.411293029785156
8.017093587799739,7.650543689727783
15.384553292915324,-16.957595825195312
2.79124989437018,2.7747809886932373
2.81101468536903,-6.673092842102051
-1.7237618714553775,1.5245661735534668
-2.202886656443709,-0.10555577278137207
2.369358494612781,2.5302557945251465
-11.30813578108209,-2.2301127910614014
4.484288991501213,5.719523906707764
-35.8165916579592,-32.843814849853516
-5.19085420781142,-1.9399292469024658
2.86709961553106,-0.9502177238464355
-4.349210006555943,4.124567985534668
5.029017096161708,1.15785551071167
8.243548509216069,3.1694142818450928
-2.6184282494780104,-3.463043689727783
-5.527709296795018,-4.931889533996582
-52.7336020518746,-50.04890441894531
6.07843040491799,3.087364673614502
-4.396710286499547,-2.7177672386169434
6.6154810826822,3.9010753631591797
9.772192422094813,-3.3855109214782715
2.099307195887115,-0.7888956069946289
-12.414939844598162,-11.622618675231934
8.24149319055937,-3.7357234954833984
-1.5178355576616795,-2.5688552856445312
9.144089281431205,4.815483093261719
1.418014053180695,-2.913740873336792
-60.92137282626391,-43.467533111572266
5.61896917638109,3.484598159790039
-4.96580172718434,-12.601343154907227
-24.4432878855492,-23.311450958251953
1.675381804264854,0.3395267128944397
-2.8447496930443927,-1.4309031963348389
-1.059512617215007,-3.0635745525360107
1.41805545618482,0.43958425521850586
-7.06329362397977,-10.565475463867188
9.400493271217616,10.223034858703613
3.1327986373042376,-0.04507327079772949
4.097668935846943,13.66892147064209
-4.01456885639382,-9.241199493408203
-2.260381023139061,-4.11039400100708
-8.237627320974727,-9.823469161987305
-2.23616712442702,7.549047946929932
-26.79502671025515,-27.683286666870117
-10.594900847222812,-21.445295333862305
4.509456424718162,12.578857421875
-22.9219832537164,-17.46377944946289
-6.2026319104393295,1.8466815948486328
-4.662511414401839,-1.8764088153839111
-0.4503474699443348,4.4724555015563965
-21.5531296050118,-21.52691078186035
-39.7169735486916,-32.23971176147461
-6.13466459150186,-8.164483070373535
6.093529951556334,5.2203216552734375
-33.3004252633332,-30.34803581237793
-7.789052707582185,-4.248376846313477
-61.6890402284636,-40.0997200012207
-10.613183176373598,-10.504478454589844
-12.6203596574975,-9.095654487609863
-15.2234416939723,-9.15616512298584
3.42848617073407,-6.452789306640625
-50.4820483838523,-31.40814208984375
-71.7765711158932,-65.9653091430664
4.338369925074482,3.6772379875183105
-34.0729170807354,-43.54953384399414
-10.285920522724917,-0.4765152931213379
2.71808902854303,3.5999436378479004
2.26767773086615,3.216550350189209
0.3189015990893598,-3.460498094558716
-39.873530292237,-21.210071563720703
5.053393098685065,-1.1657583713531494
-5.77665564868809,-9.12487506866455
-22.4462583852743,-25.159032821655273
-10.162041561092582,-24.520374298095703
8.70853787657841,2.057180881500244
-3.73521146317182,-0.433368444442749
-1.3326443092463092,-10.933662414550781
-5.830142578087577,-7.542724132537842
-7.815562497274902,-4.385128021240234
-20.7558388881914,-5.292679309844971
-1.03656181464744,-1.2542202472686768
-3.930469946192945,-5.377890110015869
5.391699208755202,2.044593334197998
7.2595381633228,-0.6183408498764038
9.30630078585379,6.014014720916748
-3.77133000272187,-7.241415023803711
-42.936846127142296,-48.790340423583984
0.5211206139658471,0.5689339637756348
0.7345204104922589,-3.9502406120300293
6.86106163750481,-3.164297103881836
-21.61387508166409,-5.83364725112915
-24.577379709126298,-24.496746063232422
3.986867952152618,7.552393913269043
-63.2346715672369,-60.3676872253418
4.55602013063716,5.246393203735352
-20.3623076046531,-15.335447311401367
8.678125432705007,4.129851341247559
-2.1147225087047508,2.336026906967163
-1.14890133483728,2.87068247795105
3.7921116228684086,3.929074764251709
-1.3811964732242277,-1.795548439025879
0.1752112379752922,-0.8451143503189087
3.3452637215970498,-6.03298282623291
6.63109301847755,6.299937725067139
-8.72128086410909,-10.587066650390625
-0.1160299782726794,-1.1421077251434326
0.1119561526876595,2.9637904167175293
11.877856996640997,8.684922218322754
-3.2142130797467816,-2.5657339096069336
-3.9552380984537248,-3.1986939907073975
-1.593720937577549,-5.36335563659668
3.3899996482015826,4.9655842781066895
7.66334596528203,8.586825370788574
2.60625970962018,-0.05245256423950195
5.006519903780723,2.88763427734375
-58.5527340809363,-51.53920364379883
3.776985072333982,2.2004404067993164
2.4866177573815964,2.5438005924224854
-0.6920482116816997,1.013296365737915
2.1747311895065486,7.341512680053711
-13.14009076535719,-14.53291130065918
2.745769909533195,3.1358180046081543
-10.626155896203898,-14.23229694366455
0.0548896546292299,-11.991694450378418
-69.1366966634013,-33.496097564697266
14.8508222506114,10.543034553527832
-28.3488859938485,-8.488993644714355
0.6884341878779402,1.142027735710144
12.566471603210276,0.6867611408233643
-5.472376660417956,-2.506861448287964
-2.1691769605730515,-2.9728450775146484
-0.3887710448227697,-6.46121883392334
9.1356503291117,5.674216270446777
4.93167956005568,9.93073844909668
2.713132201978397,1.262756586074829
9.090654061652296,8.18565845489502
1.741670982094262,0.07043576240539551
-5.89266438028177,-6.896592617034912
-1.130678948105339,-2.8390605449676514
-46.587141393021525,-35.78145217895508
4.366245372711767,7.527456283569336
2.858782897786812,3.878260612487793
2.53362859007723,0.655476987361908
-1.7943154401891548,0.6600210666656494
-0.6435038581465955,-3.3724429607391357
5.99108205682079,1.5452865362167358
2.44728958086436,-5.1736321449279785
1.5718362711845366,4.013873100280762
-55.54568697318505,-49.4404182434082
-9.231606713935047,-9.209586143493652
3.547124544521316,-4.047649383544922
-73.5286754265322,-54.491485595703125
0.2047767843086013,0.44530367851257324
-10.398648228661925,-14.550777435302734
-46.9980356488569,-23.61193084716797
-62.9031214125763,-56.70429229736328
-10.35739215730591,-8.158170700073242
1.83593808226401,1.6320042610168457
7.827394642815597,6.306207656860352
-9.742168339465294,-7.997365474700928
-0.29408409265346,-7.067180156707764
-5.653435188749545,-14.099791526794434
-14.57002364123529,-24.695295333862305
-18.1797235112709,-16.732398986816406
-5.45440876641342,-5.039488315582275
8.596988309863011,3.471440553665161
-5.493763326806099,-2.6998496055603027
-8.393586343504198,-4.65227746963501
-3.963646539183849,-4.58655309677124
9.625121597198186,7.753990650177002
-6.18357684414468,-8.588951110839844
-3.41466344580097,3.1439054012298584
-4.03025121975644,-0.5703629851341248
-2.66483863280114,-4.901430606842041
-0.190891674386513,2.0591039657592773
16.1850033157246,8.892024993896484
-7.910003358009165,-3.0964508056640625
-2.07861348348741,-5.691256046295166
12.331931266595111,11.604023933410645
0.8825935384285006,0.41098928451538086
-2.1789667599796294,-3.902467966079712
3.0307168501552093,3.4673843383789062
14.8229623836697,15.283732414245605
6.795393661635613,8.016457557678223
5.16750826555368,4.641994476318359
-57.144820014625296,-23.916894912719727
6.167862854629888,-10.587409973144531
-2.698758931910008,-15.171083450317383
1.289294757415069,-0.7132552862167358
13.9692836454661,1.832000494003296
-38.6438610292767,-25.98957633972168
-3.119647295186995,2.0901525020599365
-6.745372906074374,-11.756901741027832
-2.7468186065138984,-1.5421762466430664
1.6198341998494314,2.22664213180542
1.6646916021852596,-0.5339479446411133
-7.87226820943855,-2.82360577583313
8.652061852316729,-2.2463223934173584
2.4933992323843923,-7.2164764404296875
2.35160533891099,-7.974971294403076
1.30779520720034,-0.5434970855712891
-11.9965988914421,-1.0359828472137451
4.780848076735348,4.990111351013184
11.2728180991378,12.133890151977539
0.7651079053562314,1.8897571563720703
-10.6557437737239,-11.641237258911133
3.27100049685324,-0.5488799810409546
-5.2815921348029296,5.237668514251709
-27.5445722402187,-29.430599212646484
-2.683955047842884,-2.415576696395874
-43.929359067237,-38.474876403808594
-4.639593570653838,0.2848862409591675
-14.7229944429405,-12.67900562286377
-5.00028834575103,-1.5609965324401855
-1.2236747050651609,0.6001100540161133
-17.6830733389949,-22.930999755859375
-9.979741434164584,-6.270522594451904
-0.2823200449385875,-6.817550182342529
-36.50577458359941,-33.10697555541992
-4.853312003098937,-13.810917854309082
-27.4476544011683,-31.603425979614258
-49.5120706514507,-45.023677825927734
1.2287673509824204,1.9209907054901123
9.503977484174175,7.3470563888549805
-5.5186956836840375,-14.928509712219238
-2.99361591491145,3.7927913665771484
7.99575647038201,4.116685390472412
11.7225687296843,11.587343215942383
6.987950206462267,3.2072973251342773
5.5273920092716775,-4.876885414123535
-7.19378137939456,-9.57073974609375
6.001532732018722,9.717787742614746
7.92708077877978,6.076343059539795
4.316615136301563,0.033966064453125
0.1590569364430157,0.8212966918945312
2.8348518495029404,1.8163262605667114
-46.6686841099013,-36.276947021484375
-0.8984319813221007,5.890292167663574
4.30511943579503,-2.719489574432373
-3.36735139960915,-2.9120125770568848
6.58117049992555,1.1214697360992432
6.753311816554961,2.4740889072418213
-1.1091988250418725,-4.748368740081787
5.26551760771767,6.746842861175537
-37.3999740396079,-27.784563064575195
-34.48768519828235,-32.56848907470703
-46.862925671502296,-21.891685485839844
-1.19024715514191,-5.279628753662109
-1.4920816076829602,-1.9447698593139648
-5.775806690181939,-6.39343786239624
-14.2382866820043,-15.568635940551758
1.3131129859732091,2.5451154708862305
13.1991243046288,13.027976989746094
3.6035536346157695,-8.523771286010742
4.97603191479674,0.6771557331085205
2.9737175212081803,1.891011118888855
-35.1782981083837,-30.187150955200195
-10.480511156242285,-13.236665725708008
-0.3170472839931941,4.570724964141846
3.59745169898486,7.480592727661133
-5.139364658294922,-1.5603442192077637
-29.2662792150344,-21.483074188232422
11.555346181601609,8.221328735351562
3.7092867134231,0.2813374996185303
-0.7280966227290082,2.5889782905578613
0.9480162028997956,-1.1557214260101318
-9.619042312244815,-10.374451637268066
-3.15562863494722,-1.982060432434082
7.285509446842615,5.225508689880371
2.71319811317338,0.47737717628479004
1.026942322157092,1.9791152477264404
-4.65691689928222,-6.464439392089844
-8.677497573270493,-10.860106468200684
14.3436638764016,10.407461166381836
-11.8973420493851,-4.92531156539917
-6.61979034735207,-11.746504783630371
8.86280218600469,8.13824462890625
-3.43040335892423,-7.727588653564453
0.4443344011282492,-3.042266845703125
2.6678241356197647,2.3529114723205566
2.334382802629,0.42817050218582153
-13.8157551615103,-14.040491104125977
1.9007667723773176,-2.865445613861084
-17.190033530139498,-20.159000396728516
3.88810032819938,1.8174705505371094
1.2705701336207027,0.8719893097877502
3.887422638441485,5.168584823608398
10.349523074958825,5.773930072784424
9.62907409316032,3.3539178371429443
0.7709161631446207,2.022129774093628
2.3166834950764685,0.13061439990997314
2.76912169862866,1.5571060180664062
-46.2372447228831,-47.144081115722656
-37.0930621901092,-33.40271759033203
0.996650643215182,0.7869992256164551
-12.898019313824,-11.847051620483398
-0.71117494174041,-2.6433610916137695
-0.5663484394051013,0.37332189083099365
-12.4595255596924,-9.29132080078125
-0.6089836493556324,5.625857830047607
6.92534745147092,1.960103988647461
3.320229681965675,4.89291524887085
-10.274169876330886,-7.6012187004089355
-49.062306315025,-43.48707962036133
-30.7261055182573,-45.16950607299805
22.7414116448382,14.546392440795898
-0.9529303605806088,3.183333396911621
-10.739322929783883,-5.503061294555664
-20.9507978903398,-23.94285011291504
-24.96156751119129,-18.178726196289062
14.9823899147147,7.225326061248779
-14.564555056626377,-8.449237823486328
1.907333647224608,5.510355472564697
-1.178255647098801,7.6401848793029785
1.9806048133258944,-11.077290534973145
8.833837192566008,7.942479133605957
-18.5255095356289,-26.213361740112305
3.010752586641185,-7.094096660614014
3.67041582610247,-0.26956892013549805
-33.7845903951132,-39.52996063232422
-13.812973987503693,-10.699146270751953
-13.861300672159,-1.7940869331359863
-26.24662901330595,-38.36324691772461
-1.61504571199055,-2.4387407302856445
8.754663680824095,9.881702423095703
3.22816419080692,0.6407837271690369
-2.0585753436264698,-0.8173011541366577
-9.59094984812801,-13.947766304016113
6.02246857213521,4.974833965301514
-4.11149235653684,-2.9065873622894287
-4.361976736345532,-13.337294578552246
-2.4097304318056905,5.224384307861328
4.967381413305823,5.49215841293335
-11.9154244975033,-1.7217280864715576
-11.183106529127476,10.704249382019043
-2.3538192484503564,-2.157430648803711
-2.204579993178592,-6.444430828094482
-91.8886792382854,-24.839561462402344
3.2582764286422226,9.141314506530762
9.859104788483815,5.795331001281738
-2.6304973605131474,1.678924560546875
8.398744223780918,10.417767524719238
1.4955767028094,7.9409403800964355
6.720388221210122,2.6643450260162354
6.99756701325662,3.6257026195526123
12.966325580978296,2.429757595062256
-22.8644313188967,-10.526119232177734
-14.4731176558811,-13.625553131103516
-0.0918051514147744,2.4589462280273438
0.9434331950199416,-3.6883432865142822
7.877641553655238,0.5331952571868896
-27.1636490162131,-23.09922218322754
3.42669038506664,-9.216615676879883
0.31232235517322,4.464878082275391
1.1848602197973823,-8.3606538772583
-5.822632503482525,-7.536412715911865
-2.989164004622407,-7.669285774230957
1.69213972357191,8.533451080322266
-0.89184437235696,-0.923324704170227
2.446050707651698,1.078244686126709
5.07108724357905,3.302574872970581
5.42147270471237,10.686939239501953
-2.20364176327536,2.5956919193267822
3.08443697315444,-4.536298751831055
-5.97248436581227,-1.6625940799713135
-1.0190872666435924,-6.08126163482666
-14.885807229381896,-9.870856285095215
0.046018285265003,-27.29705238342285
6.00089213826483,18.271066665649414
-1.4680391508473674,-12.964537620544434
-49.8653288018085,-34.05858612060547
-7.283890318199592,-13.926403999328613
3.6053774296538297,10.046732902526855
6.364261125349779,-4.842230319976807
-51.4043293278057,-31.654687881469727
-64.65676531723692,-42.91853713989258
-26.1965705632023,-0.9905047416687012
2.63157412115867,2.3642022609710693
16.694612728237402,11.100614547729492
-17.0314498829154,-10.838177680969238
-58.40351531723695,-57.63286209106445
-15.3173389528898,-15.059062957763672
-6.613686761665703,-18.34408950805664
-39.0646563811545,-44.4724235534668
0.809697096857583,-4.016695022583008
0.4685622181175212,-6.3100714683532715
-6.376202369524528,-4.436920166015625
-14.434457477598505,-11.459914207458496
-26.0047332498617,-25.718252182006836
-17.5801214502402,-16.18273162841797
-2.60072537807549,-3.152183771133423
7.184930267876617,11.369447708129883
0.555665600488549,5.857944965362549
8.747205755218493,9.423223495483398
-2.289513933263135,-2.814547538757324
3.8009101564042025,2.7308976650238037
-1.67197513843126,-28.436527252197266
-15.746453943284,-23.326982498168945
