Score,Pred Score
-5.73967918172164,-6.487050533294678
-23.3725501337939,-6.92555046081543
9.04709717330502,5.201117515563965
-3.724573545179619,7.524936199188232
4.4516036428765,5.24292516708374
-1.657597602265355,0.37714433670043945
5.586124430090477,1.294926643371582
-26.6651088566214,-25.31475257873535
3.028467183462371,-0.48194169998168945
-40.7258600860177,-26.49008560180664
-26.912205886836706,-19.08977508544922
-3.9965921287470247,-5.557799339294434
-4.739766082030863,1.2557156085968018
4.2006804390709,-0.29344701766967773
-22.3071231538392,-16.909595489501953
-18.5891767455387,-21.807729721069336
-5.960419628776203,-0.5826396942138672
-18.9061714872788,-18.78300666809082
-21.4141717786538,-16.892831802368164
-12.208208404490907,-17.359346389770508
-3.72583443525641,2.232274293899536
-2.377061578670744,-2.787405490875244
6.075310726130807,4.530724048614502
2.12042655289975,-2.8393497467041016
3.181253849239128,1.6672546863555908
10.41580460128629,12.664064407348633
-23.8934551543691,-32.01137161254883
-0.8981307679622897,-1.7269207239151
3.7078671714499096,1.1813035011291504
11.644495901203598,3.379034996032715
-22.42608065327665,-22.767681121826172
-1.2036514942358316,1.6168310642242432
-13.5091075877696,-18.09480857849121
-1.79502295092813,-3.821715831756592
2.332279780348585,-5.301092147827148
3.11049964318654,9.273456573486328
3.54836143321337,0.45697546005249023
3.77256113899207,3.5496532917022705
-2.35314836228574,-2.6568737030029297
7.837521570550837,2.5678176879882812
9.328533024448705,5.318426132202148
-37.9495035857927,-4.397749900817871
-4.144685584269085,-4.518230438232422
8.91646092056966,3.751279354095459
5.635020609606415,9.18396282196045
-15.1006814359747,0.7906591892242432
-2.4599041427842496,-5.938205718994141
2.42002639701588,8.581451416015625
-3.0331069492891496,-1.1499890089035034
10.480393919522983,12.095654487609863
4.452168509343501,2.8115787506103516
-2.552277046947741,-0.20583510398864746
-5.97419023328963,-5.3827948570251465
-0.5734820606807138,-8.817863464355469
3.7606671418030695,5.249451637268066
-31.4759298257721,-32.93217468261719
0.300408103033295,1.0783836841583252
-6.32558602127377,-4.051909446716309
0.90894434552881,-0.09636658430099487
5.954690473588823,3.9059643745422363
0.0804428699766095,-1.2452011108398438
8.45389840526827,9.246002197265625
-2.8859593337581737,-5.9691853523254395
-1.122073026503361,-5.2118425369262695
-75.56229656723696,-39.820709228515625
-6.291328737399075,-2.130580186843872
-10.1192188918475,-8.97349739074707
-56.3663437951974,-51.89372253417969
2.4288820651169605,-1.455310583114624
5.05355462238675,3.4705429077148438
-13.1809903671301,-7.627018451690674
-6.75960002722117,-4.642856121063232
9.0758909366509,2.2585954666137695
-1.4230966237807086,-9.18486213684082
5.59963570142504,6.396045684814453
4.133325903305868,-0.8280640840530396
3.00680128293027,-4.015478610992432
-27.8195558011628,-13.965580940246582
-29.9162730471743,-33.595375061035156
20.7191486697607,-10.873733520507812
3.455876052191651,5.553802490234375
2.595279020812243,2.963742971420288
-4.0896099478500325,-4.856537342071533
5.3817717725564,2.25453519821167
-1.9802660997523944,-1.9758546352386475
0.4007388327427847,-0.6645485162734985
10.11870938841209,8.1322021484375
-1.7174251595272625,-2.6172168254852295
-13.2363849677504,-1.8021016120910645
-58.24412469223692,-59.532310485839844
-47.9875704511971,-50.53709030151367
-3.681083449701528,-9.054549217224121
0.1118559290339978,-0.6631560325622559
-8.998840630677615,-7.854170799255371
1.1941842843275,0.42361927032470703
19.33685959748449,15.243640899658203
-3.09775596823669,0.8522853851318359
1.2555345380058751,-1.3033051490783691
-78.7451798053926,-48.91053771972656
8.35813394800668,9.418843269348145
-19.6754058911438,-29.167278289794922
4.743603615290096,-3.80326771736145
1.3155747227446202,-2.429593086242676
11.316750179392892,13.651322364807129
11.779516260068313,4.231677532196045
-3.802611775309477,-8.731529235839844
-10.539071528779305,-12.597002983093262
4.49646859469848,-4.363935470581055
3.59102041590596,4.3521904945373535
2.1560784090827942,4.1993584632873535
-17.309192174305,-4.534290313720703
-1.768261666543676,4.577086448669434
-3.34531377329845,4.961157321929932
-9.09730633851708,-11.069219589233398
-12.909180343140196,11.169485092163086
4.020569536845237,14.116659164428711
2.28163515100639,0.9689836502075195
-1.6307504375632549,-6.302934169769287
7.809600001042748,0.8301301002502441
-83.9761260280997,-69.27806091308594
7.656482330373112,3.056929111480713
1.675245639565673,2.2617268562316895
-15.991582533821994,0.04958629608154297
8.681027307740193,4.399667263031006
11.10272802991041,5.138509750366211
3.42951329804928,0.8814539909362793
-1.4295761119406232,1.9680366516113281
-11.9299972333177,-11.011663436889648
11.923948375295712,9.04922866821289
5.960801203295765,-1.9141982793807983
-0.4381862293696001,-3.085632085800171
-2.43808381047612,-2.797942638397217
5.72263802046558,4.171684265136719
1.1496085756031087,1.0773555040359497
-6.72144892291601,-2.1175665855407715
18.1939100849816,11.441555976867676
3.61441892535489,2.305889844894409
-0.8028238008287005,3.655780553817749
0.7001962140772594,2.4583818912506104
2.125547882163602,-2.191154718399048
-2.8472026300298463,-6.793890476226807
-4.534682244798708,-1.646976351737976
4.49418879319923,4.777902603149414
-10.901275449743116,-6.512131214141846
-4.736229867816737,2.589966297149658
-0.0053525606393112,-0.6491799354553223
7.06923762363823,6.2139716148376465
-0.0084306638066775,0.16414481401443481
2.11900133622217,12.884199142456055
8.106852576346123,7.283199310302734
-0.1428452494230792,0.4511910676956177
-1.0683487237199796,-4.874452590942383
0.0285872237409883,1.1567697525024414
2.75380173901167,0.5862717628479004
-7.69948364751984,3.0108702182769775
-0.0556983764780604,0.41465914249420166
-1.32131943338233,0.8696677684783936
-3.0345245902191325,1.6765375137329102
-2.93911844531118,-0.2527120113372803
9.94612085382829,18.081331253051758
-3.5546157663424616,-17.024702072143555
-11.221818720505304,-9.239447593688965
3.9797293996962297,7.444451808929443
4.54734483862441,0.34990715980529785
-45.634880019414,-52.02812576293945
-1.6020246929696491,-15.232189178466797
-4.12581810820042,-0.4898073077201843
-3.019531285218114,-4.755794525146484
5.42509465390903,8.094084739685059
-21.5871320482388,-13.635226249694824
-1.2497809936708242,-16.941455841064453
-35.0272315856836,-47.332157135009766
3.37898618824583,9.225518226623535
-13.4460672849668,-13.06796646118164
10.982614675109394,6.575276851654053
2.35164464781062,2.06851863861084
-20.9676231329802,-7.582660675048828
-1.6422791314174887,-1.5808537006378174
-0.3136273830120112,-6.656283855438232
-16.967828162594074,-5.885534286499023
-2.8325461302865187,6.7197160720825195
-2.6871577689602653,-2.616579055786133
7.570838092245207,3.766812324523926
-13.547300817594484,-21.745330810546875
8.99923705482913,8.567450523376465
-0.003939288658445,1.8054122924804688
6.147225205740463,-0.6504905223846436
-2.149900469098629,2.432161808013916
-25.2381267145584,-38.432456970214844
-5.36204355968609,-1.983695387840271
4.43276114617859,3.73068904876709
3.27144637329635,3.436123847961426
-1.626797120535592,-5.231934070587158
-9.859535687586003,-1.0402569770812988
2.0008593011464906,0.15036749839782715
0.369316059642221,-1.9860808849334717
5.79128728304933,-0.29784512519836426
0.1235817830644999,1.1210421323776245
-3.36903782007548,1.5369813442230225
7.06032809637297,-0.784315824508667
13.71198107208239,9.91735553741455
0.2886204877907422,-1.077374815940857
16.4171583068458,16.075740814208984
-44.7886924625105,-49.527435302734375
-7.726553411266567,-9.854120254516602
4.065326821312747,5.337064266204834
2.12749125232924,-3.266680955886841
9.06213659212517,13.520620346069336
-4.51305804704249,-3.1229569911956787
4.28301459624688,5.376033782958984
-7.211196994815285,-14.11086654663086
-58.4491138315396,-63.11506652832031
-0.5413656534735456,-7.755939960479736
3.24770439300306,3.6606245040893555
-0.6472060937938101,4.528596878051758
-1.93656353174353,-2.3318161964416504
-1.94666134980912,-3.540334939956665
-0.670930828719279,-4.502849578857422
17.1612744381531,2.499389410018921
-8.044482691931467,-12.63712215423584
16.9968892380515,12.165602684020996
3.62056380925444,3.468926429748535
4.07090957771029,1.7319445610046387
-1.0680791130593923,0.7802790403366089
4.69437535963172,7.604759216308594
0.3837795244341289,12.693329811096191
0.6681105368389735,-0.4508971571922302
-8.08045020128908,-2.078213691711426
-42.6579269422049,-42.38081359863281
-30.89708550466269,-36.8760986328125
-1.1617148968623687,-10.885441780090332
6.46185690649625,4.029081344604492
8.658679095048068,15.302728652954102
-0.1898191226144924,6.048213005065918
6.457932781589695,8.614829063415527
-33.7712071062874,-16.621963500976562
-4.786538605318405,3.4671125411987305
-13.5632540546311,-14.09754753112793
-82.13826531723697,-21.469284057617188
-3.0453156276270903,-1.1506671905517578
6.430237727930085,4.445709705352783
5.31082796058257,-5.032268524169922
-70.65073406723695,-68.68526458740234
4.71112087372323,-0.3893420696258545
-10.78700495517378,-7.345399856567383
-6.055427015859325,-3.289562463760376
-16.475900892606802,-1.0464186668395996
-2.487076105276776,0.5343039035797119
-48.3858044800915,-54.51491165161133
5.893700156574014,7.58450984954834
-47.9957157156951,-36.409217834472656
-1.511416195100045,-16.65972900390625
-7.071587649042333,-2.9987611770629883
-0.3550158381598589,10.943449974060059
-17.0078420331655,-8.467411041259766
10.3189652047012,6.46989631652832
8.829561804598438,8.945581436157227
10.909208084253878,13.543251037597656
-2.25262466719878,1.1596678495407104
0.7445982178878973,-5.430852890014648
-4.813871520282443,-0.17002439498901367
2.85060083445348,5.292793273925781
-2.54595208771381,-0.3563711643218994
-8.692928400841772,2.5335886478424072
16.618750626525,14.986952781677246
7.37064384347005,6.50661563873291
-6.81516141534704,-5.38920783996582
-10.386374558578522,-6.162445068359375
3.73205068567752,4.19456148147583
-6.40442742836347,-6.7338080406188965
1.74273211890989,5.0623626708984375
-7.920344649869953,-0.9435539245605469
-9.28527551691871,-3.7354748249053955
1.51502173443586,-1.5153133869171143
-90.3299705619704,-82.38270568847656
-6.512385872303066,-20.310836791992188
0.7982616963508231,3.7990899085998535
15.8859560938761,8.321249961853027
-23.227454082363305,-33.162837982177734
5.4465900456679694,-2.3378186225891113
-13.2494383747796,4.935046672821045
-2.3458288386735573,0.686682939529419
-1.5403494549472296,-7.24940824508667
-2.941164138388841,3.617530584335327
-14.6311710829416,-16.40848159790039
-4.81834176383161,1.0831964015960693
-4.03806373695381,-13.489439964294434
0.4076170529080399,-2.8650600910186768
-34.8552692363716,-14.699206352233887
-25.0659802428987,-12.186439514160156
-5.8684323426223,-2.961822271347046
0.6771989561182002,-7.0525922775268555
-14.6157572128631,-3.61496639251709
5.344594984386832,-13.694047927856445
-4.75101729862813,-2.256736993789673
-89.5439156156453,-58.52737045288086
-1.207429910073891,0.1752936840057373
13.667582002208905,11.114639282226562
-82.4887013651952,-44.18050003051758
4.40921359309415,3.907616138458252
-19.923371510770203,-13.843045234680176
-4.665207913971671,-1.658057451248169
3.42106467876526,-1.290146827697754
-39.0956747424042,-23.29693603515625
-10.288292260688207,-6.179837703704834
2.3067635611900137,2.114835500717163
-4.92782811871599,-2.303718090057373
10.292368565007404,7.891385078430176
-8.184373188662292,-35.92427062988281
-4.763634360062484,-9.737299919128418
-2.40000424902785,-0.12278139591217041
5.009535132419683,4.121257305145264
-22.2455703021075,-18.535961151123047
3.987299411465438,11.361690521240234
-38.4962238749225,-38.23469924926758
-44.9949251983702,-29.307931900024414
-1.378759213278819,-0.029658645391464233
8.07102955700163,10.722188949584961
1.055995951979529,7.538093566894531
2.188685633501576,3.1547980308532715
1.0880788430276551,-1.0442321300506592
-0.2898522089969393,-1.245158314704895
-3.790702882666694,3.401432991027832
-7.940842049461227,-8.99793815612793
4.398742241377427,3.8545634746551514
2.5565427438131976,-3.4301154613494873
4.123908949931413,1.351902723312378
-76.9668504799361,-39.65489196777344
-14.1325019191809,-16.40504264831543
7.960789166364423,5.32301664352417
0.4423212163888063,0.6282327175140381
2.63206586722876,4.496896743774414
3.1988276731025875,2.831754684448242
-1.6552655274048038,-1.2791846990585327
8.077984978184695,13.332895278930664
-13.790764753514,-9.088335990905762
2.13745295521649,-4.536681652069092
3.0897024917955025,-2.106482982635498
-0.3530077955256401,-4.9965925216674805
-7.639409008216227,-4.923893928527832
2.765011277030255,-4.037707328796387
3.557691046156,1.6206088066101074
4.00031385473591,1.7303335666656494
-55.7541546140486,-49.5001335144043
9.550892694239591,3.840820789337158
1.775572054007981,-0.8742341995239258
-2.248378586620203,-5.989996910095215
-56.2560888739038,-49.98648452758789
-2.5590885431480426,0.2853236198425293
-40.5029244010595,-36.79060363769531
-30.8171784242839,-19.025592803955078
2.679404112105611,-0.8255774974822998
2.76740193393285,3.7989375591278076
-11.341527235964405,-9.099997520446777
-3.448025235667948,-17.88249969482422
-0.0780407432645869,-7.486901760101318
11.616605850275496,3.6162500381469727
9.179556151687803,0.5487799644470215
7.190050317883171,-4.595792293548584
-39.4932668903457,-29.845998764038086
-2.306526469902426,-6.055817604064941
0.5403453062071405,-4.818472385406494
-23.6042929930625,-24.849699020385742
-4.172986764275874,-14.777056694030762
0.5394390329931549,7.029967308044434
5.84905996845087,7.493187427520752
-22.9515728231767,-7.087196350097656
-3.134999611446543,1.5142837762832642
-6.066411004621831,-3.8367550373077393
2.24572304437811,1.7164981365203857
-70.8116033690518,-41.25165939331055
0.3224388648416145,-4.46994161605835
4.755697845162629,2.88460111618042
1.7336328627834918,0.31780433654785156
3.939818822274421,3.594843626022339
6.09033976794457,3.3054332733154297
6.4251548431743295,4.517520904541016
-6.47138721063866,-4.047483921051025
-0.0379657812584102,-0.049248695373535156
4.4105627388370605,2.818739414215088
2.3065604778561424,9.661066055297852
7.588764503474316,13.007720947265625
-24.3954295810688,-8.115628242492676
7.380729755239978,10.8429594039917
5.978124919049687,-3.976198434829712
0.7860328468455551,0.504662036895752
-44.1817825469333,-27.49302864074707
3.58036180553514,-5.14151668548584
3.33951124606136,-3.987027883529663
-6.79658968512302,-8.094791412353516
3.7347243087796,-1.0137553215026855
4.76541245752904,8.25938606262207
8.922207576391518,6.237636566162109
-11.864177458483407,-18.478565216064453
1.166748445159433,8.534215927124023
-25.781275563237,-5.827484607696533
4.179707781567577,3.9095346927642822
-1.073248118887358,-5.301498889923096
1.7249239205326918,6.792537689208984
-81.52648016021857,-20.178152084350586
13.015759276594096,6.20487642288208
5.35198813185094,-0.35539984703063965
-12.53254789251529,-16.36395263671875
5.45103123545738,-1.9599511623382568
4.128157012788561,-1.193219542503357
-3.8590388668775,0.47186732292175293
7.36579899286375,-6.002219200134277
-11.03094492075089,-24.27378273010254
8.017093587799739,0.7593519687652588
15.384553292915324,-22.117345809936523
2.79124989437018,2.3487932682037354
2.81101468536903,-7.2883734703063965
-1.7237618714553775,-0.18082690238952637
-2.202886656443709,0.4584207534790039
2.369358494612781,-1.302922248840332
-11.30813578108209,-3.9857587814331055
4.484288991501213,2.9705209732055664
-35.8165916579592,-35.436832427978516
-5.19085420781142,-3.471540927886963
2.86709961553106,-2.5994434356689453
-4.349210006555943,2.6753101348876953
5.029017096161708,0.9766936302185059
8.243548509216069,-1.9236979484558105
-2.6184282494780104,-2.4461514949798584
-5.527709296795018,-4.715256690979004
-52.7336020518746,-45.83323669433594
6.07843040491799,4.166045188903809
-4.396710286499547,-2.431640863418579
6.6154810826822,2.939293146133423
9.772192422094813,-10.590356826782227
2.099307195887115,-1.0808032751083374
-12.414939844598162,-12.852287292480469
8.24149319055937,-3.8857421875
-1.5178355576616795,-3.024050712585449
9.144089281431205,2.8523473739624023
1.418014053180695,-1.4919419288635254
-60.92137282626391,-37.468177795410156
5.61896917638109,2.1990973949432373
-4.96580172718434,-15.75718879699707
-24.4432878855492,-20.79561996459961
1.675381804264854,0.347807914018631
-2.8447496930443927,-0.9165167808532715
-1.059512617215007,-3.687786817550659
1.41805545618482,1.0225930213928223
-7.06329362397977,-12.984175682067871
9.400493271217616,8.297682762145996
3.1327986373042376,-1.8515923023223877
4.097668935846943,13.028263092041016
-4.01456885639382,-7.978434085845947
-2.260381023139061,-5.658810138702393
-8.237627320974727,-12.0809965133667
-2.23616712442702,10.120615005493164
-26.79502671025515,-27.190675735473633
-10.594900847222812,-23.125137329101562
4.509456424718162,12.886713027954102
-22.9219832537164,-10.972949028015137
-6.2026319104393295,-2.9338717460632324
-4.662511414401839,-1.762413740158081
-0.4503474699443348,5.290858268737793
-21.5531296050118,-21.884496688842773
-39.7169735486916,-27.861675262451172
-6.13466459150186,-9.433228492736816
6.093529951556334,4.485009670257568
-33.3004252633332,-29.50005340576172
-7.789052707582185,-7.048873424530029
-61.6890402284636,-37.98949432373047
-10.613183176373598,-12.479480743408203
-12.6203596574975,-7.838505268096924
-15.2234416939723,-10.444644927978516
3.42848617073407,-9.918976783752441
-50.4820483838523,-27.67852783203125
-71.7765711158932,-57.17940902709961
4.338369925074482,6.191877841949463
-34.0729170807354,-38.552650451660156
-10.285920522724917,-1.0818071365356445
2.71808902854303,1.6603569984436035
2.26767773086615,6.006292819976807
0.3189015990893598,-4.866753578186035
-39.873530292237,-16.874834060668945
5.053393098685065,4.7424092292785645
-5.77665564868809,-7.796565532684326
-22.4462583852743,-23.805482864379883
-10.162041561092582,-25.198715209960938
8.70853787657841,2.686619758605957
-3.73521146317182,-1.8355236053466797
-1.3326443092463092,-11.045382499694824
-5.830142578087577,-6.492965221405029
-7.815562497274902,-4.416831016540527
-20.7558388881914,-4.887336254119873
-1.03656181464744,-3.456122636795044
-3.930469946192945,-3.661837577819824
5.391699208755202,-2.2410833835601807
7.2595381633228,0.011784255504608154
9.30630078585379,4.430230140686035
-3.77133000272187,-8.182965278625488
-42.936846127142296,-48.879756927490234
0.5211206139658471,-2.000422954559326
0.7345204104922589,-3.82470965385437
6.86106163750481,-3.920790910720825
-21.61387508166409,-5.825558185577393
-24.577379709126298,-24.231063842773438
3.986867952152618,7.467772006988525
-63.2346715672369,-61.58250427246094
4.55602013063716,6.417198657989502
-20.3623076046531,-11.906054496765137
8.678125432705007,3.0022902488708496
-2.1147225087047508,-0.3596346378326416
-1.14890133483728,2.5184192657470703
3.7921116228684086,5.306435585021973
-1.3811964732242277,-1.8793230056762695
0.1752112379752922,-1.066702127456665
3.3452637215970498,-7.742480278015137
6.63109301847755,6.235637664794922
-8.72128086410909,-15.450959205627441
-0.1160299782726794,-0.5545749664306641
0.1119561526876595,3.8657777309417725
11.877856996640997,9.487372398376465
-3.2142130797467816,-2.5279786586761475
-3.9552380984537248,-5.602773666381836
-1.593720937577549,-12.868517875671387
3.3899996482015826,5.159451484680176
7.66334596528203,6.59800910949707
2.60625970962018,-2.4934253692626953
5.006519903780723,1.7876334190368652
-58.5527340809363,-42.91720199584961
3.776985072333982,3.4674644470214844
2.4866177573815964,1.9537839889526367
-0.6920482116816997,-0.6382161378860474
2.1747311895065486,4.997182846069336
-13.14009076535719,-17.242704391479492
2.745769909533195,2.4123826026916504
-10.626155896203898,-12.734000205993652
0.0548896546292299,-3.616316556930542
-69.1366966634013,-32.032649993896484
14.8508222506114,13.15353012084961
-28.3488859938485,-12.092961311340332
0.6884341878779402,0.8706879615783691
12.566471603210276,-2.668665885925293
-5.472376660417956,-4.442943572998047
-2.1691769605730515,-0.08492326736450195
-0.3887710448227697,-8.24808120727539
9.1356503291117,8.947784423828125
4.93167956005568,9.816285133361816
2.713132201978397,1.2260465621948242
9.090654061652296,7.227243900299072
1.741670982094262,0.6601297855377197
-5.89266438028177,-5.328376293182373
-1.130678948105339,-1.1604228019714355
-46.587141393021525,-38.94418716430664
4.366245372711767,8.356918334960938
2.858782897786812,1.962796688079834
2.53362859007723,-1.5478428602218628
-1.7943154401891548,-0.2973039150238037
-0.6435038581465955,-4.789284706115723
5.99108205682079,2.6772215366363525
2.44728958086436,-5.000040054321289
1.5718362711845366,3.055309534072876
-55.54568697318505,-53.95304870605469
-9.231606713935047,-9.064443588256836
3.547124544521316,-5.904799938201904
-73.5286754265322,-47.127586364746094
0.2047767843086013,-0.025023937225341797
-10.398648228661925,-10.754746437072754
-46.9980356488569,-22.250247955322266
-62.9031214125763,-54.08294677734375
-10.35739215730591,-5.28680419921875
1.83593808226401,-0.14688324928283691
7.827394642815597,8.835536003112793
-9.742168339465294,-8.334504127502441
-0.29408409265346,-6.1876654624938965
-5.653435188749545,-13.22317886352539
-14.57002364123529,-21.5388126373291
-18.1797235112709,-12.639593124389648
-5.45440876641342,-5.647422790527344
8.596988309863011,2.0438992977142334
-5.493763326806099,-1.6167120933532715
-8.393586343504198,-2.538712501525879
-3.963646539183849,-5.063630104064941
9.625121597198186,4.406776428222656
-6.18357684414468,-7.63279914855957
-3.41466344580097,2.9400949478149414
-4.03025121975644,-0.6641124486923218
-2.66483863280114,-4.988946914672852
-0.190891674386513,3.3009562492370605
16.1850033157246,11.211311340332031
-7.910003358009165,-2.6578636169433594
-2.07861348348741,-5.645120620727539
12.331931266595111,12.074030876159668
0.8825935384285006,1.739732265472412
-2.1789667599796294,-3.7690515518188477
3.0307168501552093,3.6291847229003906
14.8229623836697,14.310368537902832
6.795393661635613,6.387351036071777
5.16750826555368,4.814236640930176
-57.144820014625296,-23.768096923828125
6.167862854629888,-14.205510139465332
-2.698758931910008,-14.382941246032715
1.289294757415069,-3.4496028423309326
13.9692836454661,2.4910995960235596
-38.6438610292767,-24.59930992126465
-3.119647295186995,2.2034783363342285
-6.745372906074374,-13.05821418762207
-2.7468186065138984,3.0541749000549316
1.6198341998494314,5.528619766235352
1.6646916021852596,0.8815283179283142
-7.87226820943855,-2.2628228664398193
8.652061852316729,-3.5489025115966797
2.4933992323843923,-6.011361598968506
2.35160533891099,-7.860422134399414
1.30779520720034,1.3687210083007812
-11.9965988914421,1.6697425842285156
4.780848076735348,2.300069808959961
11.2728180991378,14.11086368560791
0.7651079053562314,4.286405086517334
-10.6557437737239,-9.703715324401855
3.27100049685324,2.7511515617370605
-5.2815921348029296,3.1277475357055664
-27.5445722402187,-28.467805862426758
-2.683955047842884,-0.7767748832702637
-43.929359067237,-33.93471908569336
-4.639593570653838,-2.8912222385406494
-14.7229944429405,-12.669873237609863
-5.00028834575103,-1.9878565073013306
-1.2236747050651609,2.0988242626190186
-17.6830733389949,-19.514863967895508
-9.979741434164584,-6.574875354766846
-0.2823200449385875,-5.630894184112549
-36.50577458359941,-31.788053512573242
-4.853312003098937,-17.379474639892578
-27.4476544011683,-27.44194221496582
-49.5120706514507,-47.29364013671875
1.2287673509824204,3.1674511432647705
9.503977484174175,7.7443718910217285
-5.5186956836840375,-14.826157569885254
-2.99361591491145,4.680757999420166
7.99575647038201,4.71870756149292
11.7225687296843,11.215497970581055
6.987950206462267,5.24743127822876
5.5273920092716775,-8.922079086303711
-7.19378137939456,-8.440905570983887
6.001532732018722,10.627076148986816
7.92708077877978,7.278875350952148
4.316615136301563,-1.066567301750183
0.1590569364430157,-0.7107847332954407
2.8348518495029404,3.6505815982818604
-46.6686841099013,-45.898101806640625
-0.8984319813221007,4.99737548828125
4.30511943579503,-3.6522111892700195
-3.36735139960915,-3.6105024814605713
6.58117049992555,0.3013845682144165
6.753311816554961,-6.4134063720703125
-1.1091988250418725,-1.8338494300842285
5.26551760771767,8.723054885864258
-37.3999740396079,-25.440475463867188
-34.48768519828235,-30.956035614013672
-46.862925671502296,-20.964784622192383
-1.19024715514191,-4.03619384765625
-1.4920816076829602,-4.082221031188965
-5.775806690181939,-7.488011837005615
-14.2382866820043,-13.602771759033203
1.3131129859732091,1.9341583251953125
13.1991243046288,12.49852180480957
3.6035536346157695,-9.66582202911377
4.97603191479674,2.917175769805908
2.9737175212081803,0.48788464069366455
-35.1782981083837,-34.45299530029297
-10.480511156242285,-16.362089157104492
-0.3170472839931941,1.400721788406372
3.59745169898486,10.378523826599121
-5.139364658294922,-1.1220612525939941
-29.2662792150344,-16.027565002441406
11.555346181601609,9.651880264282227
3.7092867134231,-6.6586408615112305
-0.7280966227290082,3.6063661575317383
0.9480162028997956,-4.722985744476318
-9.619042312244815,-16.613840103149414
-3.15562863494722,-1.0785863399505615
7.285509446842615,3.4627084732055664
2.71319811317338,-1.613865613937378
1.026942322157092,0.6455354690551758
-4.65691689928222,-4.403042793273926
-8.677497573270493,-11.312040328979492
14.3436638764016,6.480621337890625
-11.8973420493851,-3.282855987548828
-6.61979034735207,-11.585583686828613
8.86280218600469,6.508405685424805
-3.43040335892423,-7.86408805847168
0.4443344011282492,-5.034201145172119
2.6678241356197647,-0.9189453125
2.334382802629,-0.23887765407562256
-13.8157551615103,-11.700793266296387
1.9007667723773176,-4.74337911605835
-17.190033530139498,-18.95379066467285
3.88810032819938,2.1409764289855957
1.2705701336207027,1.3927929401397705
3.887422638441485,4.042373180389404
10.349523074958825,8.234326362609863
9.62907409316032,4.980070114135742
0.7709161631446207,6.029244422912598
2.3166834950764685,0.03552877902984619
2.76912169862866,1.0731725692749023
-46.2372447228831,-46.84148406982422
-37.0930621901092,-32.713985443115234
0.996650643215182,2.2390151023864746
-12.898019313824,-10.934184074401855
-0.71117494174041,1.6812024116516113
-0.5663484394051013,-0.8550863265991211
-12.4595255596924,-10.606836318969727
-0.6089836493556324,7.529581069946289
6.92534745147092,3.014052391052246
3.320229681965675,6.45071268081665
-10.274169876330886,-6.858700752258301
-49.062306315025,-44.55164337158203
-30.7261055182573,-50.66715621948242
22.7414116448382,13.215435981750488
-0.9529303605806088,8.123801231384277
-10.739322929783883,-1.5339651107788086
-20.9507978903398,-31.262489318847656
-24.96156751119129,-17.070045471191406
14.9823899147147,9.282058715820312
-14.564555056626377,-7.3124165534973145
1.907333647224608,4.1568474769592285
-1.178255647098801,10.302064895629883
1.9806048133258944,-9.992091178894043
8.833837192566008,4.43515682220459
-18.5255095356289,-26.753786087036133
3.010752586641185,-5.173074722290039
3.67041582610247,-1.633198618888855
-33.7845903951132,-38.36282730102539
-13.812973987503693,-9.76816177368164
-13.861300672159,1.3682074546813965
-26.24662901330595,-38.23098373413086
-1.61504571199055,-1.5212575197219849
8.754663680824095,10.358114242553711
3.22816419080692,1.1511216163635254
-2.0585753436264698,-1.071307897567749
-9.59094984812801,-11.955020904541016
6.02246857213521,3.5829415321350098
-4.11149235653684,-1.1556342840194702
-4.361976736345532,-10.161992073059082
-2.4097304318056905,4.545752048492432
4.967381413305823,5.393565654754639
-11.9154244975033,0.17095637321472168
-11.183106529127476,15.02270221710205
-2.3538192484503564,-0.27121973037719727
-2.204579993178592,-4.4485039710998535
-91.8886792382854,-20.083972930908203
3.2582764286422226,9.081016540527344
9.859104788483815,4.47502326965332
-2.6304973605131474,0.693482518196106
8.398744223780918,9.814846992492676
1.4955767028094,6.941189765930176
6.720388221210122,3.3784403800964355
6.99756701325662,5.769163131713867
12.966325580978296,2.4468867778778076
-22.8644313188967,-5.559574604034424
-14.4731176558811,-12.240548133850098
-0.0918051514147744,4.109947204589844
0.9434331950199416,-5.652154922485352
7.877641553655238,1.6233389377593994
-27.1636490162131,-20.77935028076172
3.42669038506664,-11.238018989562988
0.31232235517322,6.246256351470947
1.1848602197973823,-5.51765775680542
-5.822632503482525,-7.123415946960449
-2.989164004622407,-5.789050579071045
1.69213972357191,6.177886009216309
-0.89184437235696,1.3662619590759277
2.446050707651698,3.068342685699463
5.07108724357905,2.7590343952178955
5.42147270471237,11.029027938842773
-2.20364176327536,3.5581209659576416
3.08443697315444,-3.5921647548675537
-5.97248436581227,-6.043548107147217
-1.0190872666435924,-4.017877578735352
-14.885807229381896,-6.449958324432373
0.046018285265003,-24.715303421020508
6.00089213826483,15.889294624328613
-1.4680391508473674,-14.655476570129395
-49.8653288018085,-30.314651489257812
-7.283890318199592,-15.905386924743652
3.6053774296538297,11.420729637145996
6.364261125349779,-0.5931452512741089
-51.4043293278057,-26.75213050842285
-64.65676531723692,-39.078372955322266
-26.1965705632023,4.210948944091797
2.63157412115867,2.9808104038238525
16.694612728237402,14.137431144714355
-17.0314498829154,-13.592982292175293
-58.40351531723695,-55.46209716796875
-15.3173389528898,-14.524873733520508
-6.613686761665703,-18.721220016479492
-39.0646563811545,-47.82758331298828
0.809697096857583,-2.9529216289520264
0.4685622181175212,-6.617684364318848
-6.376202369524528,-2.6965317726135254
-14.434457477598505,-9.273241996765137
-26.0047332498617,-23.65956687927246
-17.5801214502402,-18.343332290649414
-2.60072537807549,-1.6649274826049805
7.184930267876617,10.779837608337402
0.555665600488549,6.97531795501709
8.747205755218493,9.624574661254883
-2.289513933263135,-3.960773229598999
3.8009101564042025,-0.9740579128265381
-1.67197513843126,-33.5955924987793
-15.746453943284,-28.33586311340332
