Score,Pred Score
-5.73967918172164,-8.522693634033203
-23.3725501337939,-0.9124422073364258
9.04709717330502,-5.28783655166626
-3.724573545179619,3.9089012145996094
4.4516036428765,-0.07270622253417969
-1.657597602265355,0.09575819969177246
5.586124430090477,2.1798553466796875
-26.6651088566214,-21.1060733795166
3.028467183462371,1.2284115552902222
-40.7258600860177,-19.77400779724121
-26.912205886836706,-23.14960479736328
-3.9965921287470247,-1.7549747228622437
-4.739766082030863,2.1872732639312744
4.2006804390709,-0.3034118413925171
-22.3071231538392,-22.72963523864746
-18.5891767455387,-24.22295570373535
-5.960419628776203,-1.9085954427719116
-18.9061714872788,-15.442486763000488
-21.4141717786538,-18.91798210144043
-12.208208404490907,-15.224014282226562
-3.72583443525641,2.1667959690093994
-2.377061578670744,-4.636348247528076
6.075310726130807,4.615334510803223
2.12042655289975,-2.7046806812286377
3.181253849239128,-2.309814453125
10.41580460128629,11.277321815490723
-23.8934551543691,-35.66901397705078
-0.8981307679622897,0.7881985902786255
3.7078671714499096,3.154332160949707
11.644495901203598,2.698000192642212
-22.42608065327665,-17.708690643310547
-1.2036514942358316,4.159225940704346
-13.5091075877696,-16.081418991088867
-1.79502295092813,-4.983280181884766
2.332279780348585,-4.922008991241455
3.11049964318654,4.6311445236206055
3.54836143321337,1.0099139213562012
3.77256113899207,2.595052719116211
-2.35314836228574,-0.9120125770568848
7.837521570550837,-1.0327670574188232
9.328533024448705,5.812914848327637
-37.9495035857927,-3.965254306793213
-4.144685584269085,-0.782316267490387
8.91646092056966,-2.052631378173828
5.635020609606415,4.899959087371826
-15.1006814359747,-0.07663893699645996
-2.4599041427842496,-3.315669298171997
2.42002639701588,2.3336098194122314
-3.0331069492891496,-1.6465150117874146
10.480393919522983,5.848203659057617
4.452168509343501,-2.198721408843994
-2.552277046947741,-2.7212576866149902
-5.97419023328963,-1.3442974090576172
-0.5734820606807138,-8.801976203918457
3.7606671418030695,2.3669257164001465
-31.4759298257721,-27.03757667541504
0.300408103033295,-0.6126971244812012
-6.32558602127377,-2.6462578773498535
0.90894434552881,-1.5059622526168823
5.954690473588823,5.263280868530273
0.0804428699766095,-2.891669273376465
8.45389840526827,9.44670581817627
-2.8859593337581737,-7.458747386932373
-1.122073026503361,-10.057191848754883
-75.56229656723696,-32.4007453918457
-6.291328737399075,-2.194944143295288
-10.1192188918475,-5.752864360809326
-56.3663437951974,-43.62821578979492
2.4288820651169605,-1.3788200616836548
5.05355462238675,-0.920119047164917
-13.1809903671301,-9.811917304992676
-6.75960002722117,-3.5206849575042725
9.0758909366509,-0.14504790306091309
-1.4230966237807086,-7.761551380157471
5.59963570142504,4.737756252288818
4.133325903305868,-9.070231437683105
3.00680128293027,-1.3227512836456299
-27.8195558011628,-8.320737838745117
-29.9162730471743,-32.938812255859375
20.7191486697607,-13.894499778747559
3.455876052191651,7.105453014373779
2.595279020812243,7.405635833740234
-4.0896099478500325,0.9257547855377197
5.3817717725564,4.826444149017334
-1.9802660997523944,3.5134315490722656
0.4007388327427847,4.6133036613464355
10.11870938841209,10.81408405303955
-1.7174251595272625,-4.230802059173584
-13.2363849677504,1.5653140544891357
-58.24412469223692,-58.60620880126953
-47.9875704511971,-53.609092712402344
-3.681083449701528,-19.076969146728516
0.1118559290339978,-0.619220495223999
-8.998840630677615,-4.092657089233398
1.1941842843275,-0.5790237188339233
19.33685959748449,10.021233558654785
-3.09775596823669,-4.390722274780273
1.2555345380058751,-6.5524067878723145
-78.7451798053926,-33.982383728027344
8.35813394800668,10.848783493041992
-19.6754058911438,-21.615291595458984
4.743603615290096,-2.520441770553589
1.3155747227446202,-9.143385887145996
11.316750179392892,8.843537330627441
11.779516260068313,0.5890344381332397
-3.802611775309477,-2.1557328701019287
-10.539071528779305,-9.165440559387207
4.49646859469848,-7.196054935455322
3.59102041590596,1.3671815395355225
2.1560784090827942,-3.6810383796691895
-17.309192174305,-9.607193946838379
-1.768261666543676,-0.44325172901153564
-3.34531377329845,3.9599897861480713
-9.09730633851708,-3.4470579624176025
-12.909180343140196,7.231121063232422
4.020569536845237,10.824697494506836
2.28163515100639,3.1124730110168457
-1.6307504375632549,-5.451530933380127
7.809600001042748,0.3782196044921875
-83.9761260280997,-57.70455551147461
7.656482330373112,-0.8490294814109802
1.675245639565673,-1.47859787940979
-15.991582533821994,1.8136341571807861
8.681027307740193,0.6450991630554199
11.10272802991041,8.174230575561523
3.42951329804928,-8.494922637939453
-1.4295761119406232,3.706193447113037
-11.9299972333177,-9.603255271911621
11.923948375295712,5.183937072753906
5.960801203295765,-3.9620673656463623
-0.4381862293696001,-0.8449013829231262
-2.43808381047612,-1.5378117561340332
5.72263802046558,3.8574535846710205
1.1496085756031087,2.6721160411834717
-6.72144892291601,-3.8325328826904297
18.1939100849816,6.126903533935547
3.61441892535489,6.126845836639404
-0.8028238008287005,-2.3243517875671387
0.7001962140772594,0.3348912000656128
2.125547882163602,4.984823703765869
-2.8472026300298463,-8.649965286254883
-4.534682244798708,-5.071249485015869
4.49418879319923,3.274535655975342
-10.901275449743116,-2.6166560649871826
-4.736229867816737,0.46512532234191895
-0.0053525606393112,-3.2304532527923584
7.06923762363823,6.20272159576416
-0.0084306638066775,-3.3197083473205566
2.11900133622217,7.018013000488281
8.106852576346123,3.5990569591522217
-0.1428452494230792,-4.863752365112305
-1.0683487237199796,-4.9853339195251465
0.0285872237409883,-2.5054070949554443
2.75380173901167,2.335545301437378
-7.69948364751984,3.5379691123962402
-0.0556983764780604,-1.518991470336914
-1.32131943338233,3.536841630935669
-3.0345245902191325,2.2673544883728027
-2.93911844531118,-2.8233420848846436
9.94612085382829,15.504974365234375
-3.5546157663424616,-24.969335556030273
-11.221818720505304,-5.619128227233887
3.9797293996962297,6.973564147949219
4.54734483862441,4.790347099304199
-45.634880019414,-49.016685485839844
-1.6020246929696491,-29.21935272216797
-4.12581810820042,2.8812599182128906
-3.019531285218114,-3.2627079486846924
5.42509465390903,6.854844570159912
-21.5871320482388,-6.318111419677734
-1.2497809936708242,-12.674989700317383
-35.0272315856836,-47.661155700683594
3.37898618824583,5.241481781005859
-13.4460672849668,-9.0448579788208
10.982614675109394,10.030714988708496
2.35164464781062,0.38434261083602905
-20.9676231329802,-3.289923906326294
-1.6422791314174887,0.8915791511535645
-0.3136273830120112,-5.6209540367126465
-16.967828162594074,-4.649674892425537
-2.8325461302865187,8.303083419799805
-2.6871577689602653,-1.3911634683609009
7.570838092245207,3.099330425262451
-13.547300817594484,-23.300390243530273
8.99923705482913,3.3903841972351074
-0.003939288658445,-0.4064304828643799
6.147225205740463,-0.15760588645935059
-2.149900469098629,-2.521108388900757
-25.2381267145584,-38.1663703918457
-5.36204355968609,0.5986191034317017
4.43276114617859,2.736520290374756
3.27144637329635,-4.8002824783325195
-1.626797120535592,-4.164341926574707
-9.859535687586003,-0.7398813962936401
2.0008593011464906,0.4217805862426758
0.369316059642221,-0.7819293737411499
5.79128728304933,-5.409466743469238
0.1235817830644999,2.302626371383667
-3.36903782007548,0.021319866180419922
7.06032809637297,0.7058219909667969
13.71198107208239,3.067044734954834
0.2886204877907422,-0.27498888969421387
16.4171583068458,14.22046947479248
-44.7886924625105,-42.31011962890625
-7.726553411266567,-9.216029167175293
4.065326821312747,6.070459842681885
2.12749125232924,-6.279305458068848
9.06213659212517,10.500566482543945
-4.51305804704249,-1.4505311250686646
4.28301459624688,8.62767505645752
-7.211196994815285,-2.842498302459717
-58.4491138315396,-56.27336120605469
-0.5413656534735456,-3.337474822998047
3.24770439300306,4.239777088165283
-0.6472060937938101,5.0521674156188965
-1.93656353174353,-0.22841346263885498
-1.94666134980912,-9.216800689697266
-0.670930828719279,6.547035217285156
17.1612744381531,0.5583376884460449
-8.044482691931467,-3.553414821624756
16.9968892380515,10.733449935913086
3.62056380925444,-0.12634652853012085
4.07090957771029,3.4094109535217285
-1.0680791130593923,0.8837181329727173
4.69437535963172,7.751100063323975
0.3837795244341289,11.622514724731445
0.6681105368389735,2.3918204307556152
-8.08045020128908,-0.2586653232574463
-42.6579269422049,-38.20476531982422
-30.89708550466269,-46.51032257080078
-1.1617148968623687,-7.077723979949951
6.46185690649625,-0.7188016772270203
8.658679095048068,11.594893455505371
-0.1898191226144924,2.846524715423584
6.457932781589695,-1.8175842761993408
-33.7712071062874,-10.348082542419434
-4.786538605318405,7.218031883239746
-13.5632540546311,-21.969932556152344
-82.13826531723697,-9.9681396484375
-3.0453156276270903,1.9966530799865723
6.430237727930085,4.816180229187012
5.31082796058257,-5.981926918029785
-70.65073406723695,-52.206382751464844
4.71112087372323,-6.170777797698975
-10.78700495517378,-3.508401393890381
-6.055427015859325,-2.1648077964782715
-16.475900892606802,0.16553938388824463
-2.487076105276776,-1.8787662982940674
-48.3858044800915,-49.476436614990234
5.893700156574014,7.201542854309082
-47.9957157156951,-34.058170318603516
-1.511416195100045,-23.82590103149414
-7.071587649042333,-3.7461657524108887
-0.3550158381598589,11.020798683166504
-17.0078420331655,-15.665430068969727
10.3189652047012,1.1917476654052734
8.829561804598438,7.8443474769592285
10.909208084253878,12.08495807647705
-2.25262466719878,1.6639747619628906
0.7445982178878973,-5.522455215454102
-4.813871520282443,2.155341148376465
2.85060083445348,4.525896072387695
-2.54595208771381,-2.194462776184082
-8.692928400841772,-0.22727632522583008
16.618750626525,3.5900676250457764
7.37064384347005,9.492438316345215
-6.81516141534704,-1.8131047487258911
-10.386374558578522,-2.6541976928710938
3.73205068567752,11.275907516479492
-6.40442742836347,-2.8121166229248047
1.74273211890989,6.850681781768799
-7.920344649869953,-6.404334545135498
-9.28527551691871,-6.6710357666015625
1.51502173443586,-3.315586805343628
-90.3299705619704,-49.8211555480957
-6.512385872303066,-29.731048583984375
0.7982616963508231,0.23585021495819092
15.8859560938761,1.5924899578094482
-23.227454082363305,-37.06404113769531
5.4465900456679694,2.2339084148406982
-13.2494383747796,1.5804803371429443
-2.3458288386735573,1.736952304840088
-1.5403494549472296,-7.550930976867676
-2.941164138388841,0.5065580010414124
-14.6311710829416,-19.10222816467285
-4.81834176383161,-4.037126064300537
-4.03806373695381,-18.496780395507812
0.4076170529080399,-3.385188102722168
-34.8552692363716,-2.34066104888916
-25.0659802428987,-2.4998772144317627
-5.8684323426223,-1.7981737852096558
0.6771989561182002,-9.67092514038086
-14.6157572128631,-4.032318592071533
5.344594984386832,-15.646594047546387
-4.75101729862813,0.9264743328094482
-89.5439156156453,-50.37504577636719
-1.207429910073891,-1.0709028244018555
13.667582002208905,5.341198921203613
-82.4887013651952,-46.02458572387695
4.40921359309415,3.3302958011627197
-19.923371510770203,-4.062079429626465
-4.665207913971671,0.4799056053161621
3.42106467876526,-0.7746338844299316
-39.0956747424042,-14.976211547851562
-10.288292260688207,-2.0598366260528564
2.3067635611900137,3.3360142707824707
-4.92782811871599,0.668941855430603
10.292368565007404,3.993833065032959
-8.184373188662292,-43.408912658691406
-4.763634360062484,-7.433064937591553
-2.40000424902785,-4.400763988494873
5.009535132419683,4.3414106369018555
-22.2455703021075,-15.712845802307129
3.987299411465438,5.811205863952637
-38.4962238749225,-39.03602981567383
-44.9949251983702,-14.984269142150879
-1.378759213278819,9.677617073059082
8.07102955700163,12.237338066101074
1.055995951979529,2.7627151012420654
2.188685633501576,0.3359203338623047
1.0880788430276551,-2.167025089263916
-0.2898522089969393,0.44675683975219727
-3.790702882666694,6.2729926109313965
-7.940842049461227,-6.612130165100098
4.398742241377427,4.49552059173584
2.5565427438131976,-6.941136360168457
4.123908949931413,-1.3203588724136353
-76.9668504799361,-20.467456817626953
-14.1325019191809,-13.585723876953125
7.960789166364423,4.818976402282715
0.4423212163888063,0.8180050849914551
2.63206586722876,8.488079071044922
3.1988276731025875,4.286235332489014
-1.6552655274048038,-2.25551438331604
8.077984978184695,6.7021484375
-13.790764753514,-9.778636932373047
2.13745295521649,-6.211669445037842
3.0897024917955025,-6.1609368324279785
-0.3530077955256401,-13.101665496826172
-7.639409008216227,-9.635278701782227
2.765011277030255,-2.2131195068359375
3.557691046156,3.1030361652374268
4.00031385473591,2.007598400115967
-55.7541546140486,-27.69961929321289
9.550892694239591,2.6111373901367188
1.775572054007981,-5.1092987060546875
-2.248378586620203,-4.109344959259033
-56.2560888739038,-48.657894134521484
-2.5590885431480426,-4.360043525695801
-40.5029244010595,-44.816802978515625
-30.8171784242839,-12.446613311767578
2.679404112105611,-2.6731066703796387
2.76740193393285,-2.213127374649048
-11.341527235964405,-5.013218402862549
-3.448025235667948,-16.631879806518555
-0.0780407432645869,-10.72962474822998
11.616605850275496,0.09842371940612793
9.179556151687803,-4.206612586975098
7.190050317883171,-3.256192445755005
-39.4932668903457,-26.830097198486328
-2.306526469902426,-2.2919118404388428
0.5403453062071405,-5.472910404205322
-23.6042929930625,-30.96245574951172
-4.172986764275874,-11.44049072265625
0.5394390329931549,4.122171401977539
5.84905996845087,3.088249683380127
-22.9515728231767,-7.704970359802246
-3.134999611446543,-1.8591065406799316
-6.066411004621831,-3.77734637260437
2.24572304437811,-4.400936126708984
-70.8116033690518,-27.477275848388672
0.3224388648416145,-8.624027252197266
4.755697845162629,-1.9447288513183594
1.7336328627834918,-1.4712328910827637
3.939818822274421,3.592745542526245
6.09033976794457,1.2719876766204834
6.4251548431743295,2.218794584274292
-6.47138721063866,-5.111475467681885
-0.0379657812584102,-2.0295536518096924
4.4105627388370605,-0.7484838366508484
2.3065604778561424,6.362499237060547
7.588764503474316,4.541025638580322
-24.3954295810688,-2.7013494968414307
7.380729755239978,10.879071235656738
5.978124919049687,-1.859506368637085
0.7860328468455551,1.3500118255615234
-44.1817825469333,-35.5416259765625
3.58036180553514,-4.365085124969482
3.33951124606136,-3.1307907104492188
-6.79658968512302,-2.972076177597046
3.7347243087796,-4.6128764152526855
4.76541245752904,9.696515083312988
8.922207576391518,3.41060471534729
-11.864177458483407,-10.92122745513916
1.166748445159433,9.275053024291992
-25.781275563237,-8.563886642456055
4.179707781567577,0.45992809534072876
-1.073248118887358,-3.1355504989624023
1.7249239205326918,5.419174671173096
-81.52648016021857,-15.555569648742676
13.015759276594096,2.389002561569214
5.35198813185094,-4.4980058670043945
-12.53254789251529,-14.412460327148438
5.45103123545738,-2.280073642730713
4.128157012788561,-2.8355257511138916
-3.8590388668775,3.4302101135253906
7.36579899286375,-6.0215911865234375
-11.03094492075089,-27.253202438354492
8.017093587799739,-0.8229689598083496
15.384553292915324,-27.481624603271484
2.79124989437018,-1.2820501327514648
2.81101468536903,-14.770760536193848
-1.7237618714553775,0.29281413555145264
-2.202886656443709,-0.9734110236167908
2.369358494612781,-4.6299638748168945
-11.30813578108209,-6.428967475891113
4.484288991501213,1.4177966117858887
-35.8165916579592,-32.87063980102539
-5.19085420781142,-1.9923516511917114
2.86709961553106,-1.1021159887313843
-4.349210006555943,1.4747769832611084
5.029017096161708,2.3120758533477783
8.243548509216069,1.346078634262085
-2.6184282494780104,-3.666619300842285
-5.527709296795018,-6.475073337554932
-52.7336020518746,-41.350921630859375
6.07843040491799,1.3066484928131104
-4.396710286499547,-5.0764312744140625
6.6154810826822,2.6270182132720947
9.772192422094813,-19.898754119873047
2.099307195887115,1.0249879360198975
-12.414939844598162,-14.326189041137695
8.24149319055937,-1.7648446559906006
-1.5178355576616795,-0.9340732097625732
9.144089281431205,2.221747398376465
1.418014053180695,0.7095198631286621
-60.92137282626391,-20.777528762817383
5.61896917638109,2.8237433433532715
-4.96580172718434,-11.459416389465332
-24.4432878855492,-12.480195999145508
1.675381804264854,-3.8161656856536865
-2.8447496930443927,-2.1258063316345215
-1.059512617215007,-7.565540790557861
1.41805545618482,-5.866899013519287
-7.06329362397977,-7.2892680168151855
9.400493271217616,5.495617389678955
3.1327986373042376,2.3627705574035645
4.097668935846943,9.96719741821289
-4.01456885639382,-5.3818888664245605
-2.260381023139061,0.22622907161712646
-8.237627320974727,-13.783724784851074
-2.23616712442702,6.4905314445495605
-26.79502671025515,-27.225257873535156
-10.594900847222812,-28.95604133605957
4.509456424718162,5.958576202392578
-22.9219832537164,-14.131169319152832
-6.2026319104393295,-15.38702392578125
-4.662511414401839,-4.588405609130859
-0.4503474699443348,6.863046169281006
-21.5531296050118,-36.34390640258789
-39.7169735486916,-18.932010650634766
-6.13466459150186,-5.396064758300781
6.093529951556334,2.325793743133545
-33.3004252633332,-24.19654655456543
-7.789052707582185,-4.5690016746521
-61.6890402284636,-39.412845611572266
-10.613183176373598,-8.698110580444336
-12.6203596574975,-12.270564079284668
-15.2234416939723,-5.897256851196289
3.42848617073407,-10.5004243850708
-50.4820483838523,-34.43552017211914
-71.7765711158932,-43.806705474853516
4.338369925074482,2.8147132396698
-34.0729170807354,-36.48067092895508
-10.285920522724917,-3.9244699478149414
2.71808902854303,3.544626474380493
2.26767773086615,2.381524085998535
0.3189015990893598,-2.1930015087127686
-39.873530292237,-17.160924911499023
5.053393098685065,0.41886377334594727
-5.77665564868809,-7.2933831214904785
-22.4462583852743,-26.625675201416016
-10.162041561092582,-25.08926773071289
8.70853787657841,7.279697418212891
-3.73521146317182,-3.996994972229004
-1.3326443092463092,-17.068172454833984
-5.830142578087577,-7.032468318939209
-7.815562497274902,-4.694488048553467
-20.7558388881914,-7.55424165725708
-1.03656181464744,-5.91863489151001
-3.930469946192945,-1.8266708850860596
5.391699208755202,-10.859528541564941
7.2595381633228,-2.732069730758667
9.30630078585379,-2.0968236923217773
-3.77133000272187,-8.056215286254883
-42.936846127142296,-38.42765808105469
0.5211206139658471,-3.9045896530151367
0.7345204104922589,2.881150960922241
6.86106163750481,-5.3802618980407715
-21.61387508166409,-14.26746654510498
-24.577379709126298,-29.40973472595215
3.986867952152618,4.781470775604248
-63.2346715672369,-51.081356048583984
4.55602013063716,4.653384208679199
-20.3623076046531,-4.635615348815918
8.678125432705007,-2.7552390098571777
-2.1147225087047508,-2.0078485012054443
-1.14890133483728,6.669131278991699
3.7921116228684086,3.7639763355255127
-1.3811964732242277,1.4043904542922974
0.1752112379752922,-4.648547172546387
3.3452637215970498,-3.8775699138641357
6.63109301847755,6.505369186401367
-8.72128086410909,-22.92214012145996
-0.1160299782726794,-0.9663411378860474
0.1119561526876595,-7.234430313110352
11.877856996640997,4.189927101135254
-3.2142130797467816,0.03499710559844971
-3.9552380984537248,-5.747514724731445
-1.593720937577549,-12.994119644165039
3.3899996482015826,1.8714613914489746
7.66334596528203,0.16451430320739746
2.60625970962018,3.814943552017212
5.006519903780723,-4.5873188972473145
-58.5527340809363,-28.721500396728516
3.776985072333982,-0.7696006298065186
2.4866177573815964,1.7723255157470703
-0.6920482116816997,-1.7897958755493164
2.1747311895065486,5.206560134887695
-13.14009076535719,-17.48149871826172
2.745769909533195,2.367774248123169
-10.626155896203898,-4.475564956665039
0.0548896546292299,2.9979546070098877
-69.1366966634013,-38.021156311035156
14.8508222506114,13.059592247009277
-28.3488859938485,-25.51069450378418
0.6884341878779402,4.88385009765625
12.566471603210276,1.106342077255249
-5.472376660417956,-7.656896591186523
-2.1691769605730515,2.1973206996917725
-0.3887710448227697,-5.492183685302734
9.1356503291117,15.346755027770996
4.93167956005568,4.931251049041748
2.713132201978397,0.30531787872314453
9.090654061652296,6.660500526428223
1.741670982094262,-1.2122466564178467
-5.89266438028177,3.111367702484131
-1.130678948105339,4.201606273651123
-46.587141393021525,-39.39226150512695
4.366245372711767,3.8662426471710205
2.858782897786812,2.0825419425964355
2.53362859007723,-2.867379903793335
-1.7943154401891548,0.6223158836364746
-0.6435038581465955,-2.943953275680542
5.99108205682079,-8.08930492401123
2.44728958086436,-0.2387697696685791
1.5718362711845366,-4.801152229309082
-55.54568697318505,-63.388328552246094
-9.231606713935047,-2.729058027267456
3.547124544521316,-20.93891716003418
-73.5286754265322,-24.626306533813477
0.2047767843086013,-2.8862431049346924
-10.398648228661925,-1.4040602445602417
-46.9980356488569,-19.9466552734375
-62.9031214125763,-55.25871276855469
-10.35739215730591,-0.01614934206008911
1.83593808226401,2.524393081665039
7.827394642815597,2.932806968688965
-9.742168339465294,-5.633212566375732
-0.29408409265346,1.0454325675964355
-5.653435188749545,-6.963733673095703
-14.57002364123529,-23.059558868408203
-18.1797235112709,-6.098527431488037
-5.45440876641342,-2.339386224746704
8.596988309863011,1.0034176111221313
-5.493763326806099,-8.40906810760498
-8.393586343504198,2.556913137435913
-3.963646539183849,-1.7477502822875977
9.625121597198186,6.991608142852783
-6.18357684414468,-3.6273536682128906
-3.41466344580097,0.5385226011276245
-4.03025121975644,-1.7648284435272217
-2.66483863280114,-3.7893903255462646
-0.190891674386513,1.2198597192764282
16.1850033157246,17.285099029541016
-7.910003358009165,-5.021121501922607
-2.07861348348741,-5.3296356201171875
12.331931266595111,14.0592041015625
0.8825935384285006,1.1650190353393555
-2.1789667599796294,-1.4340518712997437
3.0307168501552093,1.7292652130126953
14.8229623836697,18.85466766357422
6.795393661635613,3.1032874584198
5.16750826555368,0.7541402578353882
-57.144820014625296,-19.027366638183594
6.167862854629888,-12.54736614227295
-2.698758931910008,-11.193619728088379
1.289294757415069,-4.416458606719971
13.9692836454661,-1.6810510158538818
-38.6438610292767,-19.44126319885254
-3.119647295186995,-3.653876304626465
-6.745372906074374,-11.256294250488281
-2.7468186065138984,1.4218971729278564
1.6198341998494314,5.925650596618652
1.6646916021852596,-13.074129104614258
-7.87226820943855,-7.962972640991211
8.652061852316729,-3.974148750305176
2.4933992323843923,-2.3618860244750977
2.35160533891099,-6.863905906677246
1.30779520720034,1.4898853302001953
-11.9965988914421,-1.0915619134902954
4.780848076735348,-2.178246259689331
11.2728180991378,6.976476669311523
0.7651079053562314,0.6149022579193115
-10.6557437737239,-5.947815895080566
3.27100049685324,-1.7493388652801514
-5.2815921348029296,-6.273916244506836
-27.5445722402187,-31.199888229370117
-2.683955047842884,-0.04586482048034668
-43.929359067237,-35.54270935058594
-4.639593570653838,-3.4267525672912598
-14.7229944429405,-6.307214260101318
-5.00028834575103,-2.402552604675293
-1.2236747050651609,-4.552052974700928
-17.6830733389949,-12.985833168029785
-9.979741434164584,-13.218405723571777
-0.2823200449385875,-5.425294399261475
-36.50577458359941,-20.55961036682129
-4.853312003098937,-26.211210250854492
-27.4476544011683,-24.106201171875
-49.5120706514507,-49.69849395751953
1.2287673509824204,2.3645007610321045
9.503977484174175,4.825835704803467
-5.5186956836840375,-12.005681991577148
-2.99361591491145,4.808755397796631
7.99575647038201,2.407384157180786
11.7225687296843,5.068742752075195
6.987950206462267,11.007158279418945
5.5273920092716775,-19.44328498840332
-7.19378137939456,-7.018043041229248
6.001532732018722,5.652305603027344
7.92708077877978,6.437135696411133
4.316615136301563,-3.349809408187866
0.1590569364430157,-3.3083245754241943
2.8348518495029404,3.6103968620300293
-46.6686841099013,-42.20111083984375
-0.8984319813221007,1.5648671388626099
4.30511943579503,-5.474479675292969
-3.36735139960915,-3.1942667961120605
6.58117049992555,-1.993898630142212
6.753311816554961,-4.945827484130859
-1.1091988250418725,-5.87764310836792
5.26551760771767,7.549502849578857
-37.3999740396079,-14.452937126159668
-34.48768519828235,-13.966978073120117
-46.862925671502296,-19.977432250976562
-1.19024715514191,-5.003395080566406
-1.4920816076829602,-6.231326580047607
-5.775806690181939,-7.761626243591309
-14.2382866820043,-0.33685964345932007
1.3131129859732091,-1.4673254489898682
13.1991243046288,15.175230026245117
3.6035536346157695,-6.439811706542969
4.97603191479674,7.271775245666504
2.9737175212081803,-2.047140598297119
-35.1782981083837,-44.53909683227539
-10.480511156242285,-16.996726989746094
-0.3170472839931941,-0.4182703495025635
3.59745169898486,6.663285732269287
-5.139364658294922,1.3878319263458252
-29.2662792150344,-15.767539024353027
11.555346181601609,8.384492874145508
3.7092867134231,-13.195640563964844
-0.7280966227290082,-0.07813644409179688
0.9480162028997956,-3.9359731674194336
-9.619042312244815,-29.554523468017578
-3.15562863494722,-5.502195835113525
7.285509446842615,3.496908664703369
2.71319811317338,2.1858389377593994
1.026942322157092,-4.582138538360596
-4.65691689928222,-10.444965362548828
-8.677497573270493,-8.558274269104004
14.3436638764016,4.150540351867676
-11.8973420493851,-11.788365364074707
-6.61979034735207,0.8777958154678345
8.86280218600469,0.9582226276397705
-3.43040335892423,-7.469719886779785
0.4443344011282492,-7.859858512878418
2.6678241356197647,-3.287496566772461
2.334382802629,-8.979816436767578
-13.8157551615103,-10.115635871887207
1.9007667723773176,-3.541823387145996
-17.190033530139498,-11.578289031982422
3.88810032819938,4.819697856903076
1.2705701336207027,-3.4052212238311768
3.887422638441485,2.613520383834839
10.349523074958825,6.213987350463867
9.62907409316032,-0.015435338020324707
0.7709161631446207,2.7292256355285645
2.3166834950764685,1.5568312406539917
2.76912169862866,-3.489114284515381
-46.2372447228831,-41.66154098510742
-37.0930621901092,-21.469345092773438
0.996650643215182,-0.35322463512420654
-12.898019313824,-11.908632278442383
-0.71117494174041,2.5428216457366943
-0.5663484394051013,0.6760693788528442
-12.4595255596924,-11.031526565551758
-0.6089836493556324,6.678783893585205
6.92534745147092,2.6593003273010254
3.320229681965675,6.044586658477783
-10.274169876330886,-6.488015174865723
-49.062306315025,-44.39498519897461
-30.7261055182573,-57.145240783691406
22.7414116448382,4.430167198181152
-0.9529303605806088,9.224761009216309
-10.739322929783883,1.8453872203826904
-20.9507978903398,-33.98786926269531
-24.96156751119129,-19.856721878051758
14.9823899147147,4.140227317810059
-14.564555056626377,-3.5538928508758545
1.907333647224608,3.126371383666992
-1.178255647098801,7.266942977905273
1.9806048133258944,-16.615428924560547
8.833837192566008,0.19597935676574707
-18.5255095356289,-24.832439422607422
3.010752586641185,-2.1747851371765137
3.67041582610247,-1.6592955589294434
-33.7845903951132,-45.77699279785156
-13.812973987503693,-4.103821754455566
-13.861300672159,4.052733421325684
-26.24662901330595,-30.699230194091797
-1.61504571199055,-1.6331572532653809
8.754663680824095,8.911581039428711
3.22816419080692,1.5193700790405273
-2.0585753436264698,3.656586170196533
-9.59094984812801,-14.641733169555664
6.02246857213521,2.544741153717041
-4.11149235653684,-3.0619876384735107
-4.361976736345532,-5.16804313659668
-2.4097304318056905,4.611939907073975
4.967381413305823,6.064696788787842
-11.9154244975033,4.359993934631348
-11.183106529127476,4.040206432342529
-2.3538192484503564,1.1293085813522339
-2.204579993178592,0.5515824556350708
-91.8886792382854,-12.368322372436523
3.2582764286422226,5.012584209442139
9.859104788483815,2.6113593578338623
-2.6304973605131474,3.5894830226898193
8.398744223780918,6.3147687911987305
1.4955767028094,3.5908946990966797
6.720388221210122,7.924684047698975
6.99756701325662,0.46043872833251953
12.966325580978296,3.6809215545654297
-22.8644313188967,-1.5634196996688843
-14.4731176558811,-8.31729793548584
-0.0918051514147744,4.3010969161987305
0.9434331950199416,-4.343936920166016
7.877641553655238,3.0593414306640625
-27.1636490162131,-12.261150360107422
3.42669038506664,-14.243782997131348
0.31232235517322,3.1491637229919434
1.1848602197973823,-10.475088119506836
-5.822632503482525,-8.601387977600098
-2.989164004622407,-2.515690326690674
1.69213972357191,-6.114111423492432
-0.89184437235696,0.1561892032623291
2.446050707651698,2.732944965362549
5.07108724357905,-0.04233193397521973
5.42147270471237,7.848570346832275
-2.20364176327536,0.7611126899719238
3.08443697315444,-1.1901941299438477
-5.97248436581227,-2.876089334487915
-1.0190872666435924,-4.960352897644043
-14.885807229381896,-0.5650975704193115
0.046018285265003,-10.536388397216797
6.00089213826483,11.287076950073242
-1.4680391508473674,-9.046941757202148
-49.8653288018085,-29.785404205322266
-7.283890318199592,-14.409234046936035
3.6053774296538297,4.140171051025391
6.364261125349779,-2.387866735458374
-51.4043293278057,-21.119020462036133
-64.65676531723692,-28.993974685668945
-26.1965705632023,4.3072896003723145
2.63157412115867,5.041726589202881
16.694612728237402,11.27592945098877
-17.0314498829154,-16.55941390991211
-58.40351531723695,-50.95679473876953
-15.3173389528898,-13.779144287109375
-6.613686761665703,-13.684633255004883
-39.0646563811545,-43.8295783996582
0.809697096857583,-8.1323881149292
0.4685622181175212,-8.925739288330078
-6.376202369524528,-2.5118372440338135
-14.434457477598505,-7.3225250244140625
-26.0047332498617,-19.920761108398438
-17.5801214502402,-21.09088706970215
-2.60072537807549,1.8967523574829102
7.184930267876617,7.065525531768799
0.555665600488549,1.6196620464324951
8.747205755218493,10.05618667602539
-2.289513933263135,-3.445355176925659
3.8009101564042025,-0.27356505393981934
-1.67197513843126,-33.38203048706055
-15.746453943284,-36.1992301940918
