Score,Pred Score
-5.73967918172164,-8.030623435974121
-23.3725501337939,-2.698463201522827
9.04709717330502,0.2777438163757324
-3.724573545179619,6.529953956604004
4.4516036428765,1.6230745315551758
-1.657597602265355,1.5205988883972168
5.586124430090477,3.4953203201293945
-26.6651088566214,-22.3231143951416
3.028467183462371,1.0042459964752197
-40.7258600860177,-23.07664680480957
-26.912205886836706,-20.753833770751953
-3.9965921287470247,-4.47672176361084
-4.739766082030863,0.9036877155303955
4.2006804390709,0.8881328105926514
-22.3071231538392,-17.914794921875
-18.5891767455387,-26.75676727294922
-5.960419628776203,-1.6961915493011475
-18.9061714872788,-13.710497856140137
-21.4141717786538,-17.388080596923828
-12.208208404490907,-15.004143714904785
-3.72583443525641,1.4598565101623535
-2.377061578670744,-5.600256443023682
6.075310726130807,4.939950466156006
2.12042655289975,-6.354403972625732
3.181253849239128,0.19791758060455322
10.41580460128629,10.508721351623535
-23.8934551543691,-30.666452407836914
-0.8981307679622897,-1.5960941314697266
3.7078671714499096,1.7507609128952026
11.644495901203598,2.9561543464660645
-22.42608065327665,-20.417177200317383
-1.2036514942358316,3.0075747966766357
-13.5091075877696,-16.6177978515625
-1.79502295092813,-5.133919715881348
2.332279780348585,-4.419690132141113
3.11049964318654,7.902155876159668
3.54836143321337,0.8590853214263916
3.77256113899207,5.539626121520996
-2.35314836228574,-2.7207462787628174
7.837521570550837,2.9903693199157715
9.328533024448705,6.115008354187012
-37.9495035857927,-2.9669759273529053
-4.144685584269085,-3.0855469703674316
8.91646092056966,2.625659704208374
5.635020609606415,6.543552398681641
-15.1006814359747,2.410346508026123
-2.4599041427842496,-5.407517433166504
2.42002639701588,5.24096155166626
-3.0331069492891496,-0.12686637043952942
10.480393919522983,9.641990661621094
4.452168509343501,1.1240098476409912
-2.552277046947741,-2.9798922538757324
-5.97419023328963,-5.948943138122559
-0.5734820606807138,-10.109284400939941
3.7606671418030695,5.286538124084473
-31.4759298257721,-31.819747924804688
0.300408103033295,1.2109580039978027
-6.32558602127377,-2.39418625831604
0.90894434552881,-2.447403907775879
5.954690473588823,6.805596351623535
0.0804428699766095,-0.8731534481048584
8.45389840526827,9.028947830200195
-2.8859593337581737,-4.1763434410095215
-1.122073026503361,-7.299413204193115
-75.56229656723696,-36.77223587036133
-6.291328737399075,-0.6187269687652588
-10.1192188918475,-10.622415542602539
-56.3663437951974,-47.81570053100586
2.4288820651169605,-1.2440874576568604
5.05355462238675,0.74688720703125
-13.1809903671301,-10.308093070983887
-6.75960002722117,-3.407785415649414
9.0758909366509,2.5347440242767334
-1.4230966237807086,-8.721796035766602
5.59963570142504,5.68658971786499
4.133325903305868,-4.705743789672852
3.00680128293027,-2.196446657180786
-27.8195558011628,-16.486583709716797
-29.9162730471743,-29.61821746826172
20.7191486697607,-13.98145866394043
3.455876052191651,4.841202259063721
2.595279020812243,4.677345275878906
-4.0896099478500325,-3.1905853748321533
5.3817717725564,4.178160667419434
-1.9802660997523944,-0.2544701099395752
0.4007388327427847,0.009394168853759766
10.11870938841209,9.272581100463867
-1.7174251595272625,-3.29941725730896
-13.2363849677504,1.4523823261260986
-58.24412469223692,-60.4886360168457
-47.9875704511971,-51.073455810546875
-3.681083449701528,-14.713261604309082
0.1118559290339978,2.1975274085998535
-8.998840630677615,-6.478686332702637
1.1941842843275,-1.4059696197509766
19.33685959748449,14.260833740234375
-3.09775596823669,-1.6459764242172241
1.2555345380058751,-1.6904362440109253
-78.7451798053926,-41.94330978393555
8.35813394800668,9.592754364013672
-19.6754058911438,-28.070589065551758
4.743603615290096,-4.273292541503906
1.3155747227446202,-5.768261432647705
11.316750179392892,10.784412384033203
11.779516260068313,1.9968061447143555
-3.802611775309477,-6.137468338012695
-10.539071528779305,-11.777578353881836
4.49646859469848,-5.517447471618652
3.59102041590596,2.8242673873901367
2.1560784090827942,2.914285659790039
-17.309192174305,-6.441769123077393
-1.768261666543676,3.2319281101226807
-3.34531377329845,8.386340141296387
-9.09730633851708,-5.743230819702148
-12.909180343140196,10.521316528320312
4.020569536845237,14.132342338562012
2.28163515100639,1.7465767860412598
-1.6307504375632549,-5.220386981964111
7.809600001042748,0.5042891502380371
-83.9761260280997,-62.91415023803711
7.656482330373112,2.004634380340576
1.675245639565673,2.3571832180023193
-15.991582533821994,1.7526624202728271
8.681027307740193,3.7420804500579834
11.10272802991041,7.226420879364014
3.42951329804928,-3.676949977874756
-1.4295761119406232,3.5431370735168457
-11.9299972333177,-8.490256309509277
11.923948375295712,6.272479057312012
5.960801203295765,-3.4426145553588867
-0.4381862293696001,-2.443290948867798
-2.43808381047612,-4.655616760253906
5.72263802046558,4.372944355010986
1.1496085756031087,2.727619171142578
-6.72144892291601,-2.9638898372650146
18.1939100849816,10.357027053833008
3.61441892535489,2.905137538909912
-0.8028238008287005,2.194545269012451
0.7001962140772594,1.9913537502288818
2.125547882163602,-1.1512675285339355
-2.8472026300298463,-5.02068567276001
-4.534682244798708,-2.6497738361358643
4.49418879319923,4.071197986602783
-10.901275449743116,-4.926206588745117
-4.736229867816737,3.493527412414551
-0.0053525606393112,-0.11308407783508301
7.06923762363823,6.816187858581543
-0.0084306638066775,0.30097413063049316
2.11900133622217,8.140804290771484
8.106852576346123,8.077095985412598
-0.1428452494230792,-2.9507298469543457
-1.0683487237199796,-3.0502431392669678
0.0285872237409883,0.9510164260864258
2.75380173901167,-1.329157829284668
-7.69948364751984,6.6271843910217285
-0.0556983764780604,0.6851229667663574
-1.32131943338233,1.9866509437561035
-3.0345245902191325,2.016355514526367
-2.93911844531118,0.11218118667602539
9.94612085382829,20.315750122070312
-3.5546157663424616,-22.91177749633789
-11.221818720505304,-7.136361122131348
3.9797293996962297,6.599808692932129
4.54734483862441,1.9496002197265625
-45.634880019414,-54.22492599487305
-1.6020246929696491,-22.604684829711914
-4.12581810820042,0.8801197409629822
-3.019531285218114,-3.547595262527466
5.42509465390903,6.977212905883789
-21.5871320482388,-12.21336555480957
-1.2497809936708242,-17.249311447143555
-35.0272315856836,-50.700016021728516
3.37898618824583,8.57376766204834
-13.4460672849668,-13.6930513381958
10.982614675109394,9.269323348999023
2.35164464781062,1.4068772792816162
-20.9676231329802,-5.2456769943237305
-1.6422791314174887,-0.41710901260375977
-0.3136273830120112,-7.563056468963623
-16.967828162594074,-8.50888729095459
-2.8325461302865187,6.814552307128906
-2.6871577689602653,-1.930360198020935
7.570838092245207,2.013596296310425
-13.547300817594484,-24.7528076171875
8.99923705482913,8.624212265014648
-0.003939288658445,1.1322922706604004
6.147225205740463,0.6428821086883545
-2.149900469098629,0.954169750213623
-25.2381267145584,-37.17085647583008
-5.36204355968609,-0.42860913276672363
4.43276114617859,2.870025634765625
3.27144637329635,-0.38783133029937744
-1.626797120535592,-3.539961576461792
-9.859535687586003,-2.0964436531066895
2.0008593011464906,-0.10825252532958984
0.369316059642221,0.07201361656188965
5.79128728304933,-0.7488020658493042
0.1235817830644999,0.25804415345191956
-3.36903782007548,0.5928959846496582
7.06032809637297,-0.09636044502258301
13.71198107208239,6.966019630432129
0.2886204877907422,-0.39044976234436035
16.4171583068458,14.783468246459961
-44.7886924625105,-48.29570007324219
-7.726553411266567,-9.754256248474121
4.065326821312747,5.606545925140381
2.12749125232924,-8.00704574584961
9.06213659212517,12.179802894592285
-4.51305804704249,-2.5106360912323
4.28301459624688,7.431178569793701
-7.211196994815285,-9.775188446044922
-58.4491138315396,-59.460872650146484
-0.5413656534735456,-5.408768177032471
3.24770439300306,3.201080083847046
-0.6472060937938101,4.488821983337402
-1.93656353174353,-1.339060664176941
-1.94666134980912,-5.469695091247559
-0.670930828719279,-1.863021969795227
17.1612744381531,1.6578354835510254
-8.044482691931467,-7.577790260314941
16.9968892380515,11.673877716064453
3.62056380925444,3.190610885620117
4.07090957771029,3.2200963497161865
-1.0680791130593923,-0.3492684066295624
4.69437535963172,9.172872543334961
0.3837795244341289,13.595322608947754
0.6681105368389735,3.1193439960479736
-8.08045020128908,-0.8744184970855713
-42.6579269422049,-37.618595123291016
-30.89708550466269,-39.22158432006836
-1.1617148968623687,-8.455471992492676
6.46185690649625,5.710163116455078
8.658679095048068,15.86178207397461
-0.1898191226144924,5.988643646240234
6.457932781589695,2.604823589324951
-33.7712071062874,-12.332026481628418
-4.786538605318405,4.642622947692871
-13.5632540546311,-17.13970947265625
-82.13826531723697,-14.294724464416504
-3.0453156276270903,0.2838869094848633
6.430237727930085,4.771121501922607
5.31082796058257,-4.200584411621094
-70.65073406723695,-63.5850715637207
4.71112087372323,-3.5313169956207275
-10.78700495517378,-3.7717537879943848
-6.055427015859325,-3.0645976066589355
-16.475900892606802,1.4359163045883179
-2.487076105276776,1.0751407146453857
-48.3858044800915,-47.67449951171875
5.893700156574014,6.75732946395874
-47.9957157156951,-37.65351486206055
-1.511416195100045,-19.92206573486328
-7.071587649042333,-3.5511510372161865
-0.3550158381598589,13.202489852905273
-17.0078420331655,-5.9964447021484375
10.3189652047012,4.564941883087158
8.829561804598438,7.738753795623779
10.909208084253878,13.164222717285156
-2.25262466719878,1.5224342346191406
0.7445982178878973,-7.8240275382995605
-4.813871520282443,0.1361457109451294
2.85060083445348,5.499827861785889
-2.54595208771381,-3.4879279136657715
-8.692928400841772,1.815277099609375
16.618750626525,10.749185562133789
7.37064384347005,8.1962890625
-6.81516141534704,-3.6906561851501465
-10.386374558578522,-5.3547043800354
3.73205068567752,7.853394985198975
-6.40442742836347,-5.379770278930664
1.74273211890989,6.061427116394043
-7.920344649869953,-2.807326316833496
-9.28527551691871,-3.9199094772338867
1.51502173443586,-2.7718563079833984
-90.3299705619704,-68.49076080322266
-6.512385872303066,-19.000137329101562
0.7982616963508231,3.286219358444214
15.8859560938761,6.196541786193848
-23.227454082363305,-34.3785285949707
5.4465900456679694,-1.6491749286651611
-13.2494383747796,5.367697238922119
-2.3458288386735573,1.7324955463409424
-1.5403494549472296,-6.800009250640869
-2.941164138388841,3.9517476558685303
-14.6311710829416,-16.61504364013672
-4.81834176383161,-2.9081311225891113
-4.03806373695381,-16.89971923828125
0.4076170529080399,-2.4946844577789307
-34.8552692363716,-11.438258171081543
-25.0659802428987,-7.765929698944092
-5.8684323426223,-2.3617711067199707
0.6771989561182002,-8.007940292358398
-14.6157572128631,-7.156002998352051
5.344594984386832,-17.870500564575195
-4.75101729862813,-0.9212507605552673
-89.5439156156453,-53.72703552246094
-1.207429910073891,0.3104764223098755
13.667582002208905,10.553668022155762
-82.4887013651952,-46.70258712768555
4.40921359309415,2.599456310272217
-19.923371510770203,-11.513677597045898
-4.665207913971671,-2.0461654663085938
3.42106467876526,0.008341431617736816
-39.0956747424042,-21.18684959411621
-10.288292260688207,-3.5974597930908203
2.3067635611900137,4.6378679275512695
-4.92782811871599,-1.5441042184829712
10.292368565007404,6.204621315002441
-8.184373188662292,-40.94482421875
-4.763634360062484,-8.612578392028809
-2.40000424902785,-5.538178443908691
5.009535132419683,3.411396026611328
-22.2455703021075,-21.586788177490234
3.987299411465438,8.808671951293945
-38.4962238749225,-37.78554153442383
-44.9949251983702,-27.597063064575195
-1.378759213278819,-3.868027925491333
8.07102955700163,11.74459171295166
1.055995951979529,6.265722751617432
2.188685633501576,-0.5118911266326904
1.0880788430276551,-2.9913320541381836
-0.2898522089969393,-1.800050139427185
-3.790702882666694,0.9450905323028564
-7.940842049461227,-8.499022483825684
4.398742241377427,4.247909069061279
2.5565427438131976,-5.737035274505615
4.123908949931413,1.0544259548187256
-76.9668504799361,-30.225875854492188
-14.1325019191809,-15.661284446716309
7.960789166364423,4.019486427307129
0.4423212163888063,0.7962658405303955
2.63206586722876,7.0482306480407715
3.1988276731025875,6.169066905975342
-1.6552655274048038,-1.4772940874099731
8.077984978184695,11.412882804870605
-13.790764753514,-10.022950172424316
2.13745295521649,-4.161160469055176
3.0897024917955025,-2.994025468826294
-0.3530077955256401,-8.14472770690918
-7.639409008216227,-5.450412750244141
2.765011277030255,-5.191408157348633
3.557691046156,2.6015965938568115
4.00031385473591,2.2941977977752686
-55.7541546140486,-35.90159606933594
9.550892694239591,3.0597541332244873
1.775572054007981,-2.991299629211426
-2.248378586620203,-2.4153547286987305
-56.2560888739038,-45.94795227050781
-2.5590885431480426,-1.4282780885696411
-40.5029244010595,-37.492488861083984
-30.8171784242839,-15.992903709411621
2.679404112105611,-2.1318359375
2.76740193393285,1.4227805137634277
-11.341527235964405,-9.78303050994873
-3.448025235667948,-17.95182991027832
-0.0780407432645869,-8.435688972473145
11.616605850275496,-0.2337484359741211
9.179556151687803,-3.242584705352783
7.190050317883171,-2.998676061630249
-39.4932668903457,-27.820159912109375
-2.306526469902426,-5.1413702964782715
0.5403453062071405,-5.28817892074585
-23.6042929930625,-23.755611419677734
-4.172986764275874,-13.805506706237793
0.5394390329931549,5.493806838989258
5.84905996845087,6.875207901000977
-22.9515728231767,-7.907485485076904
-3.134999611446543,-0.29668211936950684
-6.066411004621831,-2.081880569458008
2.24572304437811,-1.7170230150222778
-70.8116033690518,-36.98908233642578
0.3224388648416145,-5.848084449768066
4.755697845162629,-2.057209014892578
1.7336328627834918,0.23596477508544922
3.939818822274421,3.872150182723999
6.09033976794457,2.043449878692627
6.4251548431743295,4.7994704246521
-6.47138721063866,-4.856271743774414
-0.0379657812584102,-0.5946030616760254
4.4105627388370605,-0.015112757682800293
2.3065604778561424,7.187534332275391
7.588764503474316,8.984817504882812
-24.3954295810688,-6.381372451782227
7.380729755239978,14.434103965759277
5.978124919049687,-1.4185614585876465
0.7860328468455551,-0.3078974485397339
-44.1817825469333,-34.81969451904297
3.58036180553514,-7.656400680541992
3.33951124606136,-5.704778671264648
-6.79658968512302,-4.499453067779541
3.7347243087796,-2.0355801582336426
4.76541245752904,9.849825859069824
8.922207576391518,5.720235347747803
-11.864177458483407,-13.871696472167969
1.166748445159433,11.356266975402832
-25.781275563237,-7.302955627441406
4.179707781567577,3.523125410079956
-1.073248118887358,-6.963651180267334
1.7249239205326918,7.727899551391602
-81.52648016021857,-22.669015884399414
13.015759276594096,5.316586971282959
5.35198813185094,-0.6975167989730835
-12.53254789251529,-17.637889862060547
5.45103123545738,-1.1336455345153809
4.128157012788561,-3.083571195602417
-3.8590388668775,3.253169536590576
7.36579899286375,-5.365703582763672
-11.03094492075089,-23.15615463256836
8.017093587799739,-0.31574130058288574
15.384553292915324,-27.694774627685547
2.79124989437018,1.460652470588684
2.81101468536903,-12.16545295715332
-1.7237618714553775,0.2663700580596924
-2.202886656443709,-2.002760171890259
2.369358494612781,-0.047678470611572266
-11.30813578108209,-4.0042500495910645
4.484288991501213,4.553740978240967
-35.8165916579592,-35.5267448425293
-5.19085420781142,-4.239677906036377
2.86709961553106,-2.916795015335083
-4.349210006555943,-0.9776067733764648
5.029017096161708,0.06897902488708496
8.243548509216069,0.41671836376190186
-2.6184282494780104,-2.775379180908203
-5.527709296795018,-5.434906959533691
-52.7336020518746,-41.079872131347656
6.07843040491799,2.8202662467956543
-4.396710286499547,-5.7768707275390625
6.6154810826822,2.0969395637512207
9.772192422094813,-11.008584976196289
2.099307195887115,1.198509693145752
-12.414939844598162,-18.96416473388672
8.24149319055937,-4.074692726135254
-1.5178355576616795,-3.177476167678833
9.144089281431205,0.8198151588439941
1.418014053180695,-0.4989086389541626
-60.92137282626391,-29.263246536254883
5.61896917638109,2.040212631225586
-4.96580172718434,-14.230829238891602
-24.4432878855492,-21.145336151123047
1.675381804264854,1.113204002380371
-2.8447496930443927,-0.5392758846282959
-1.059512617215007,-8.289505958557129
1.41805545618482,-2.5630390644073486
-7.06329362397977,-10.026244163513184
9.400493271217616,6.031888484954834
3.1327986373042376,-0.35167306661605835
4.097668935846943,14.528304100036621
-4.01456885639382,-9.690950393676758
-2.260381023139061,-3.2620034217834473
-8.237627320974727,-10.892736434936523
-2.23616712442702,11.256392478942871
-26.79502671025515,-27.785964965820312
-10.594900847222812,-26.371257781982422
4.509456424718162,10.673243522644043
-22.9219832537164,-8.75072193145752
-6.2026319104393295,-6.812405586242676
-4.662511414401839,-3.408287286758423
-0.4503474699443348,4.273311138153076
-21.5531296050118,-27.4104061126709
-39.7169735486916,-24.798416137695312
-6.13466459150186,-6.951749801635742
6.093529951556334,3.848149299621582
-33.3004252633332,-22.56318473815918
-7.789052707582185,-6.816262245178223
-61.6890402284636,-35.58561706542969
-10.613183176373598,-13.373560905456543
-12.6203596574975,-7.949134349822998
-15.2234416939723,-10.364009857177734
3.42848617073407,-11.832335472106934
-50.4820483838523,-34.2393798828125
-71.7765711158932,-49.3481330871582
4.338369925074482,5.783955097198486
-34.0729170807354,-36.69807434082031
-10.285920522724917,0.4109458923339844
2.71808902854303,3.2543461322784424
2.26767773086615,5.684198379516602
0.3189015990893598,-2.821540117263794
-39.873530292237,-16.91280174255371
5.053393098685065,6.2016777992248535
-5.77665564868809,-6.737870693206787
-22.4462583852743,-26.27719497680664
-10.162041561092582,-23.484323501586914
8.70853787657841,6.982926845550537
-3.73521146317182,-2.8636655807495117
-1.3326443092463092,-15.920401573181152
-5.830142578087577,-6.5474066734313965
-7.815562497274902,-5.4227728843688965
-20.7558388881914,-4.755723476409912
-1.03656181464744,-4.522416114807129
-3.930469946192945,-5.029062271118164
5.391699208755202,-6.973962783813477
7.2595381633228,-1.274166464805603
9.30630078585379,1.3857297897338867
-3.77133000272187,-10.555425643920898
-42.936846127142296,-53.57891082763672
0.5211206139658471,-1.635725736618042
0.7345204104922589,-0.3300449848175049
6.86106163750481,-4.062097549438477
-21.61387508166409,-10.432209014892578
-24.577379709126298,-24.871450424194336
3.986867952152618,5.942718982696533
-63.2346715672369,-58.568145751953125
4.55602013063716,6.564901828765869
-20.3623076046531,-8.846190452575684
8.678125432705007,2.7368545532226562
-2.1147225087047508,0.6284472942352295
-1.14890133483728,3.867039442062378
3.7921116228684086,4.556541919708252
-1.3811964732242277,-0.6736016273498535
0.1752112379752922,-3.4717905521392822
3.3452637215970498,-5.647897243499756
6.63109301847755,4.809385299682617
-8.72128086410909,-16.553726196289062
-0.1160299782726794,-0.03474271297454834
0.1119561526876595,-0.13334918022155762
11.877856996640997,9.286149978637695
-3.2142130797467816,-1.3635690212249756
-3.9552380984537248,-8.157196998596191
-1.593720937577549,-13.495450973510742
3.3899996482015826,2.836257219314575
7.66334596528203,5.2171525955200195
2.60625970962018,-0.7311463356018066
5.006519903780723,-2.7839596271514893
-58.5527340809363,-34.87094497680664
3.776985072333982,1.6009135246276855
2.4866177573815964,0.7040684223175049
-0.6920482116816997,-0.7505033016204834
2.1747311895065486,7.249492168426514
-13.14009076535719,-17.996929168701172
2.745769909533195,3.6293139457702637
-10.626155896203898,-9.847389221191406
0.0548896546292299,-3.0148770809173584
-69.1366966634013,-33.747398376464844
14.8508222506114,13.478464126586914
-28.3488859938485,-21.614145278930664
0.6884341878779402,5.078164577484131
12.566471603210276,0.003919839859008789
-5.472376660417956,-6.632691860198975
-2.1691769605730515,1.6351556777954102
-0.3887710448227697,-7.891597270965576
9.1356503291117,8.148062705993652
4.93167956005568,5.966866493225098
2.713132201978397,1.7298028469085693
9.090654061652296,8.779936790466309
1.741670982094262,2.2726547718048096
-5.89266438028177,-2.0754153728485107
-1.130678948105339,-0.755696177482605
-46.587141393021525,-42.13446044921875
4.366245372711767,5.2837934494018555
2.858782897786812,2.703130006790161
2.53362859007723,-1.3844993114471436
-1.7943154401891548,0.46864748001098633
-0.6435038581465955,-4.69605016708374
5.99108205682079,0.444740891456604
2.44728958086436,-1.9471559524536133
1.5718362711845366,0.6816851496696472
-55.54568697318505,-61.124977111816406
-9.231606713935047,-7.747841835021973
3.547124544521316,-15.880659103393555
-73.5286754265322,-37.682777404785156
0.2047767843086013,-0.2387857437133789
-10.398648228661925,-7.01860237121582
-46.9980356488569,-15.309513092041016
-62.9031214125763,-47.2359504699707
-10.35739215730591,-0.5348249077796936
1.83593808226401,1.022141456604004
7.827394642815597,4.83863639831543
-9.742168339465294,-6.845467567443848
-0.29408409265346,-2.198363780975342
-5.653435188749545,-11.82361888885498
-14.57002364123529,-21.134166717529297
-18.1797235112709,-12.733768463134766
-5.45440876641342,-4.264743328094482
8.596988309863011,1.2362486124038696
-5.493763326806099,-6.428019046783447
-8.393586343504198,-0.9690156579017639
-3.963646539183849,-4.12739372253418
9.625121597198186,6.487251281738281
-6.18357684414468,-6.84231424331665
-3.41466344580097,-0.17448759078979492
-4.03025121975644,-0.6246914863586426
-2.66483863280114,-3.492377758026123
-0.190891674386513,2.2607622146606445
16.1850033157246,12.964130401611328
-7.910003358009165,-6.244809150695801
-2.07861348348741,-4.207857131958008
12.331931266595111,14.164292335510254
0.8825935384285006,2.6275455951690674
-2.1789667599796294,-4.328065872192383
3.0307168501552093,3.0725133419036865
14.8229623836697,16.489713668823242
6.795393661635613,5.7365193367004395
5.16750826555368,2.969007968902588
-57.144820014625296,-23.8896427154541
6.167862854629888,-15.960684776306152
-2.698758931910008,-12.689311981201172
1.289294757415069,-6.794108867645264
13.9692836454661,0.43665480613708496
-38.6438610292767,-20.481586456298828
-3.119647295186995,2.0611343383789062
-6.745372906074374,-13.634125709533691
-2.7468186065138984,3.274318218231201
1.6198341998494314,1.097748875617981
1.6646916021852596,-0.8293230533599854
-7.87226820943855,-5.043619155883789
8.652061852316729,-4.0883965492248535
2.4933992323843923,-6.825445175170898
2.35160533891099,-9.598068237304688
1.30779520720034,0.6205863952636719
-11.9965988914421,2.2010602951049805
4.780848076735348,-0.4613538980484009
11.2728180991378,12.048787117004395
0.7651079053562314,2.8544411659240723
-10.6557437737239,-9.881766319274902
3.27100049685324,0.8986289501190186
-5.2815921348029296,-1.3679474592208862
-27.5445722402187,-29.680835723876953
-2.683955047842884,0.3079960346221924
-43.929359067237,-29.710437774658203
-4.639593570653838,-3.1824240684509277
-14.7229944429405,-11.069687843322754
-5.00028834575103,-2.5596063137054443
-1.2236747050651609,-0.5353949069976807
-17.6830733389949,-16.87611198425293
-9.979741434164584,-9.730257034301758
-0.2823200449385875,-4.879993438720703
-36.50577458359941,-32.05146026611328
-4.853312003098937,-25.059768676757812
-27.4476544011683,-28.22347068786621
-49.5120706514507,-52.26125717163086
1.2287673509824204,6.29904317855835
9.503977484174175,7.645770072937012
-5.5186956836840375,-15.615899085998535
-2.99361591491145,6.0850677490234375
7.99575647038201,2.4623818397521973
11.7225687296843,7.286412715911865
6.987950206462267,6.878331661224365
5.5273920092716775,-19.77390480041504
-7.19378137939456,-8.958688735961914
6.001532732018722,7.916657447814941
7.92708077877978,6.53488826751709
4.316615136301563,-5.649725437164307
0.1590569364430157,0.061966896057128906
2.8348518495029404,4.3534393310546875
-46.6686841099013,-49.110435485839844
-0.8984319813221007,3.92202091217041
4.30511943579503,-5.9407148361206055
-3.36735139960915,-2.983436107635498
6.58117049992555,0.4097481966018677
6.753311816554961,-4.978570461273193
-1.1091988250418725,0.6749937534332275
5.26551760771767,8.670231819152832
-37.3999740396079,-22.41801643371582
-34.48768519828235,-22.280181884765625
-46.862925671502296,-20.65860939025879
-1.19024715514191,-3.1255908012390137
-1.4920816076829602,-6.0730156898498535
-5.775806690181939,-8.579249382019043
-14.2382866820043,-6.786733150482178
1.3131129859732091,0.312091588973999
13.1991243046288,12.763712882995605
3.6035536346157695,-8.146806716918945
4.97603191479674,3.294542074203491
2.9737175212081803,1.7239468097686768
-35.1782981083837,-37.786895751953125
-10.480511156242285,-16.993913650512695
-0.3170472839931941,-1.0864933729171753
3.59745169898486,8.227104187011719
-5.139364658294922,-0.11943602561950684
-29.2662792150344,-14.152820587158203
11.555346181601609,7.699069499969482
3.7092867134231,-9.563921928405762
-0.7280966227290082,3.364053249359131
0.9480162028997956,-6.761167049407959
-9.619042312244815,-24.040929794311523
-3.15562863494722,-2.3873796463012695
7.285509446842615,1.2410719394683838
2.71319811317338,-0.5265549421310425
1.026942322157092,-2.9960529804229736
-4.65691689928222,-5.648821830749512
-8.677497573270493,-9.149449348449707
14.3436638764016,6.119045257568359
-11.8973420493851,-7.873051643371582
-6.61979034735207,-7.768150806427002
8.86280218600469,2.8900907039642334
-3.43040335892423,-8.041742324829102
0.4443344011282492,-5.828069686889648
2.6678241356197647,-1.0841312408447266
2.334382802629,-3.2333128452301025
-13.8157551615103,-10.857454299926758
1.9007667723773176,-2.456507444381714
-17.190033530139498,-19.710609436035156
3.88810032819938,1.702651023864746
1.2705701336207027,-0.7780581712722778
3.887422638441485,2.4248502254486084
10.349523074958825,9.174088478088379
9.62907409316032,3.597480535507202
0.7709161631446207,8.005727767944336
2.3166834950764685,0.8517755270004272
2.76912169862866,-2.8548319339752197
-46.2372447228831,-43.59250259399414
-37.0930621901092,-28.370141983032227
0.996650643215182,3.10957670211792
-12.898019313824,-12.710021018981934
-0.71117494174041,0.47679710388183594
-0.5663484394051013,-0.11069250106811523
-12.4595255596924,-11.579365730285645
-0.6089836493556324,6.5751495361328125
6.92534745147092,2.7240543365478516
3.320229681965675,7.833616733551025
-10.274169876330886,-6.981909275054932
-49.062306315025,-45.69852828979492
-30.7261055182573,-52.70581817626953
22.7414116448382,9.144554138183594
-0.9529303605806088,6.900296211242676
-10.739322929783883,-0.020081520080566406
-20.9507978903398,-34.26448059082031
-24.96156751119129,-18.566987991333008
14.9823899147147,8.17236614227295
-14.564555056626377,-5.344248294830322
1.907333647224608,4.056728363037109
-1.178255647098801,10.456911087036133
1.9806048133258944,-13.335000038146973
8.833837192566008,3.826550006866455
-18.5255095356289,-27.981874465942383
3.010752586641185,-3.333308219909668
3.67041582610247,0.22095322608947754
-33.7845903951132,-41.221961975097656
-13.812973987503693,-6.540161609649658
-13.861300672159,4.226764678955078
-26.24662901330595,-31.44697380065918
-1.61504571199055,-1.5503215789794922
8.754663680824095,11.322468757629395
3.22816419080692,2.481583595275879
-2.0585753436264698,2.506640911102295
-9.59094984812801,-14.66415786743164
6.02246857213521,3.192755699157715
-4.11149235653684,-3.7752254009246826
-4.361976736345532,-8.2132568359375
-2.4097304318056905,4.848000526428223
4.967381413305823,7.189146995544434
-11.9154244975033,2.2762322425842285
-11.183106529127476,12.390767097473145
-2.3538192484503564,-0.006885051727294922
-2.204579993178592,-5.538920879364014
-91.8886792382854,-17.69580841064453
3.2582764286422226,6.996391773223877
9.859104788483815,1.5056548118591309
-2.6304973605131474,2.156615972518921
8.398744223780918,7.202715873718262
1.4955767028094,4.788412570953369
6.720388221210122,5.56252908706665
6.99756701325662,2.973257064819336
12.966325580978296,3.30570912361145
-22.8644313188967,-0.29929304122924805
-14.4731176558811,-13.322822570800781
-0.0918051514147744,3.447392463684082
0.9434331950199416,-5.971513271331787
7.877641553655238,2.633202314376831
-27.1636490162131,-17.369768142700195
3.42669038506664,-11.862128257751465
0.31232235517322,5.219056129455566
1.1848602197973823,-6.378243923187256
-5.822632503482525,-6.447507858276367
-2.989164004622407,-2.116129159927368
1.69213972357191,1.8685671091079712
-0.89184437235696,1.7389442920684814
2.446050707651698,3.523120880126953
5.07108724357905,2.0261855125427246
5.42147270471237,10.627314567565918
-2.20364176327536,1.9443235397338867
3.08443697315444,-4.26624870300293
-5.97248436581227,-6.337471008300781
-1.0190872666435924,-3.3108179569244385
-14.885807229381896,-3.3876233100891113
0.046018285265003,-19.32689094543457
6.00089213826483,13.523819923400879
-1.4680391508473674,-12.988456726074219
-49.8653288018085,-32.835426330566406
-7.283890318199592,-16.470478057861328
3.6053774296538297,9.679192543029785
6.364261125349779,-2.783384323120117
-51.4043293278057,-24.920087814331055
-64.65676531723692,-35.85066223144531
-26.1965705632023,5.1962385177612305
2.63157412115867,3.157914876937866
16.694612728237402,14.54770565032959
-17.0314498829154,-15.168347358703613
-58.40351531723695,-54.75456237792969
-15.3173389528898,-12.472603797912598
-6.613686761665703,-19.14093780517578
-39.0646563811545,-45.686222076416016
0.809697096857583,-8.83267879486084
0.4685622181175212,-8.86786937713623
-6.376202369524528,-2.9768455028533936
-14.434457477598505,-10.645700454711914
-26.0047332498617,-23.997774124145508
-17.5801214502402,-13.752907752990723
-2.60072537807549,0.9789887070655823
7.184930267876617,10.668010711669922
0.555665600488549,3.469468116760254
8.747205755218493,9.452621459960938
-2.289513933263135,-5.1619157791137695
3.8009101564042025,-2.6499102115631104
-1.67197513843126,-31.696855545043945
-15.746453943284,-32.03534698486328
