Score,Pred Score
-5.73967918172164,-4.571058750152588
-23.3725501337939,-9.463550567626953
9.04709717330502,3.5367937088012695
-3.724573545179619,5.80894136428833
4.4516036428765,7.679084777832031
-1.657597602265355,-0.14331340789794922
5.586124430090477,-4.003094673156738
-26.6651088566214,-29.17298126220703
3.028467183462371,-0.847937822341919
-40.7258600860177,-27.880952835083008
-26.912205886836706,-16.95684051513672
-3.9965921287470247,-6.158382415771484
-4.739766082030863,0.5444188117980957
4.2006804390709,-2.060481071472168
-22.3071231538392,-17.190866470336914
-18.5891767455387,-23.82516098022461
-5.960419628776203,-2.3722007274627686
-18.9061714872788,-18.419414520263672
-21.4141717786538,-19.92215347290039
-12.208208404490907,-16.457185745239258
-3.72583443525641,1.3117177486419678
-2.377061578670744,-0.702255368232727
6.075310726130807,4.377401828765869
2.12042655289975,-1.985892653465271
3.181253849239128,1.3792574405670166
10.41580460128629,11.322958946228027
-23.8934551543691,-31.709096908569336
-0.8981307679622897,-2.9814305305480957
3.7078671714499096,1.752058506011963
11.644495901203598,5.376579761505127
-22.42608065327665,-20.05014991760254
-1.2036514942358316,0.8121614456176758
-13.5091075877696,-18.30826759338379
-1.79502295092813,-2.564201831817627
2.332279780348585,-4.7395806312561035
3.11049964318654,10.066377639770508
3.54836143321337,-0.8242850303649902
3.77256113899207,2.9160733222961426
-2.35314836228574,-0.7877945303916931
7.837521570550837,2.541964054107666
9.328533024448705,4.322232246398926
-37.9495035857927,-6.260879993438721
-4.144685584269085,-5.643950939178467
8.91646092056966,3.020446538925171
5.635020609606415,8.08022689819336
-15.1006814359747,-2.289558172225952
-2.4599041427842496,-5.891961097717285
2.42002639701588,11.754410743713379
-3.0331069492891496,-1.2468364238739014
10.480393919522983,12.219934463500977
4.452168509343501,4.8213887214660645
-2.552277046947741,-0.7594811916351318
-5.97419023328963,-5.094024181365967
-0.5734820606807138,-5.742103576660156
3.7606671418030695,5.652493476867676
-31.4759298257721,-35.24320602416992
0.300408103033295,2.1721725463867188
-6.32558602127377,-4.138058662414551
0.90894434552881,0.973177969455719
5.954690473588823,3.035050392150879
0.0804428699766095,-2.721529483795166
8.45389840526827,9.334578514099121
-2.8859593337581737,-5.604423522949219
-1.122073026503361,-3.605889320373535
-75.56229656723696,-41.21593475341797
-6.291328737399075,-3.9266247749328613
-10.1192188918475,-8.981127738952637
-56.3663437951974,-50.8272819519043
2.4288820651169605,-0.47446274757385254
5.05355462238675,3.407461643218994
-13.1809903671301,-9.078611373901367
-6.75960002722117,-5.258546352386475
9.0758909366509,2.091275453567505
-1.4230966237807086,-10.008014678955078
5.59963570142504,7.797447204589844
4.133325903305868,1.0101845264434814
3.00680128293027,-5.389758586883545
-27.8195558011628,-19.903804779052734
-29.9162730471743,-33.57419967651367
20.7191486697607,-10.064251899719238
3.455876052191651,6.415733814239502
2.595279020812243,3.5863795280456543
-4.0896099478500325,-3.9107398986816406
5.3817717725564,1.7381820678710938
-1.9802660997523944,-3.654247760772705
0.4007388327427847,-1.6438385248184204
10.11870938841209,7.745769500732422
-1.7174251595272625,-2.5933122634887695
-13.2363849677504,-6.386512279510498
-58.24412469223692,-57.88581085205078
-47.9875704511971,-50.469703674316406
-3.681083449701528,-3.3079042434692383
0.1118559290339978,-0.4185929298400879
-8.998840630677615,-7.553833484649658
1.1941842843275,0.9222579002380371
19.33685959748449,15.851790428161621
-3.09775596823669,0.3261399269104004
1.2555345380058751,-2.975754499435425
-78.7451798053926,-56.11122512817383
8.35813394800668,6.1282958984375
-19.6754058911438,-23.479650497436523
4.743603615290096,-4.583255290985107
1.3155747227446202,-3.0667905807495117
11.316750179392892,13.712337493896484
11.779516260068313,3.540196180343628
-3.802611775309477,-14.10174560546875
-10.539071528779305,-13.038239479064941
4.49646859469848,-5.993241786956787
3.59102041590596,4.331683158874512
2.1560784090827942,1.0373339653015137
-17.309192174305,-9.474814414978027
-1.768261666543676,4.510210990905762
-3.34531377329845,1.6637108325958252
-9.09730633851708,-9.242219924926758
-12.909180343140196,6.654633522033691
4.020569536845237,12.271097183227539
2.28163515100639,-0.759467601776123
-1.6307504375632549,-7.702719211578369
7.809600001042748,2.0819942951202393
-83.9761260280997,-71.75069427490234
7.656482330373112,4.54709005355835
1.675245639565673,1.7299529314041138
-15.991582533821994,-5.037746429443359
8.681027307740193,4.037228584289551
11.10272802991041,5.6334357261657715
3.42951329804928,0.31929850578308105
-1.4295761119406232,-0.1948409080505371
-11.9299972333177,-13.436107635498047
11.923948375295712,11.292262077331543
5.960801203295765,0.40230894088745117
-0.4381862293696001,-2.6526079177856445
-2.43808381047612,-2.231936454772949
5.72263802046558,4.887995719909668
1.1496085756031087,-1.1774954795837402
-6.72144892291601,-4.62276029586792
18.1939100849816,13.151588439941406
3.61441892535489,2.420614719390869
-0.8028238008287005,4.480470657348633
0.7001962140772594,1.5089861154556274
2.125547882163602,0.051444053649902344
-2.8472026300298463,-4.011990070343018
-4.534682244798708,-2.244812488555908
4.49418879319923,7.088614463806152
-10.901275449743116,-7.324671268463135
-4.736229867816737,0.5075572729110718
-0.0053525606393112,-2.130380153656006
7.06923762363823,4.718509674072266
-0.0084306638066775,1.0217981338500977
2.11900133622217,11.999332427978516
8.106852576346123,6.2232537269592285
-0.1428452494230792,-1.3910057544708252
-1.0683487237199796,-6.000697612762451
0.0285872237409883,-0.10050797462463379
2.75380173901167,0.11683797836303711
-7.69948364751984,-0.6063964366912842
-0.0556983764780604,0.5613425374031067
-1.32131943338233,-1.8889822959899902
-3.0345245902191325,0.5964593887329102
-2.93911844531118,-2.5601160526275635
9.94612085382829,15.020989418029785
-3.5546157663424616,-13.414128303527832
-11.221818720505304,-9.369364738464355
3.9797293996962297,6.966680526733398
4.54734483862441,-1.7485058307647705
-45.634880019414,-48.10990905761719
-1.6020246929696491,-9.543866157531738
-4.12581810820042,0.11281239986419678
-3.019531285218114,-5.506525039672852
5.42509465390903,8.271501541137695
-21.5871320482388,-14.388531684875488
-1.2497809936708242,-12.840585708618164
-35.0272315856836,-41.8796501159668
3.37898618824583,6.399024486541748
-13.4460672849668,-7.417998790740967
10.982614675109394,5.725654602050781
2.35164464781062,1.071664810180664
-20.9676231329802,-10.213762283325195
-1.6422791314174887,-3.4933722019195557
-0.3136273830120112,-4.129411697387695
-16.967828162594074,-8.595047950744629
-2.8325461302865187,7.197061061859131
-2.6871577689602653,-1.2740163803100586
7.570838092245207,5.591930389404297
-13.547300817594484,-22.70052719116211
8.99923705482913,7.476197719573975
-0.003939288658445,0.31658101081848145
6.147225205740463,1.553053855895996
-2.149900469098629,2.3027048110961914
-25.2381267145584,-41.0960578918457
-5.36204355968609,-2.2136006355285645
4.43276114617859,4.300305366516113
3.27144637329635,4.052426338195801
-1.626797120535592,-4.153212070465088
-9.859535687586003,-0.6941111087799072
2.0008593011464906,-0.6984848976135254
0.369316059642221,-0.7472615242004395
5.79128728304933,0.41277337074279785
0.1235817830644999,1.8714638948440552
-3.36903782007548,2.410576105117798
7.06032809637297,0.8437750339508057
13.71198107208239,11.539977073669434
0.2886204877907422,-2.8917272090911865
16.4171583068458,17.53015899658203
-44.7886924625105,-52.953861236572266
-7.726553411266567,-8.018387794494629
4.065326821312747,7.637948036193848
2.12749125232924,0.14304304122924805
9.06213659212517,13.287508964538574
-4.51305804704249,-6.150502681732178
4.28301459624688,5.344584941864014
-7.211196994815285,-16.343252182006836
-58.4491138315396,-64.68712615966797
-0.5413656534735456,-7.2757768630981445
3.24770439300306,4.645423889160156
-0.6472060937938101,-0.8438736200332642
-1.93656353174353,-2.852759599685669
-1.94666134980912,-2.974135160446167
-0.670930828719279,-6.3520283699035645
17.1612744381531,5.570589542388916
-8.044482691931467,-16.650550842285156
16.9968892380515,13.796010971069336
3.62056380925444,1.6121773719787598
4.07090957771029,1.200256586074829
-1.0680791130593923,3.1967711448669434
4.69437535963172,4.425483226776123
0.3837795244341289,10.575916290283203
0.6681105368389735,-1.6146975755691528
-8.08045020128908,-1.4195406436920166
-42.6579269422049,-44.75374221801758
-30.89708550466269,-38.57023620605469
-1.1617148968623687,-9.673989295959473
6.46185690649625,3.2024598121643066
8.658679095048068,13.91703987121582
-0.1898191226144924,7.123230457305908
6.457932781589695,11.21234130859375
-33.7712071062874,-26.72526741027832
-4.786538605318405,2.099574089050293
-13.5632540546311,-15.497746467590332
-82.13826531723697,-25.567094802856445
-3.0453156276270903,-4.011205673217773
6.430237727930085,3.6130592823028564
5.31082796058257,-4.87308931350708
-70.65073406723695,-72.22449493408203
4.71112087372323,3.5836305618286133
-10.78700495517378,-9.345905303955078
-6.055427015859325,-3.919135808944702
-16.475900892606802,-2.3806326389312744
-2.487076105276776,-0.4637796878814697
-48.3858044800915,-59.43476867675781
5.893700156574014,6.698913097381592
-47.9957157156951,-39.78350067138672
-1.511416195100045,-20.49509620666504
-7.071587649042333,-2.2790136337280273
-0.3550158381598589,10.139410972595215
-17.0078420331655,-8.302434921264648
10.3189652047012,6.22934103012085
8.829561804598438,10.900529861450195
10.909208084253878,11.978767395019531
-2.25262466719878,1.7334377765655518
0.7445982178878973,-5.779055118560791
-4.813871520282443,-0.9988632202148438
2.85060083445348,4.909443378448486
-2.54595208771381,-1.214916706085205
-8.692928400841772,3.035773992538452
16.618750626525,17.010530471801758
7.37064384347005,6.761155605316162
-6.81516141534704,-6.4247636795043945
-10.386374558578522,-5.314760684967041
3.73205068567752,3.6932499408721924
-6.40442742836347,-8.093572616577148
1.74273211890989,4.178607940673828
-7.920344649869953,-4.293075084686279
-9.28527551691871,-3.3872292041778564
1.51502173443586,-1.0886539220809937
-90.3299705619704,-88.1656265258789
-6.512385872303066,-21.64168930053711
0.7982616963508231,4.7598090171813965
15.8859560938761,9.147211074829102
-23.227454082363305,-29.341997146606445
5.4465900456679694,-1.9694550037384033
-13.2494383747796,5.046086311340332
-2.3458288386735573,2.8040988445281982
-1.5403494549472296,-2.5383782386779785
-2.941164138388841,2.8299500942230225
-14.6311710829416,-18.10411262512207
-4.81834176383161,1.3555142879486084
-4.03806373695381,-10.1304292678833
0.4076170529080399,-1.8272120952606201
-34.8552692363716,-18.125715255737305
-25.0659802428987,-16.31930160522461
-5.8684323426223,-3.4000332355499268
0.6771989561182002,-5.194418907165527
-14.6157572128631,-5.196637153625488
5.344594984386832,-12.863490104675293
-4.75101729862813,-2.7296276092529297
-89.5439156156453,-63.550445556640625
-1.207429910073891,1.2696532011032104
13.667582002208905,14.921304702758789
-82.4887013651952,-48.70707321166992
4.40921359309415,4.398369312286377
-19.923371510770203,-14.36913013458252
-4.665207913971671,-1.1125226020812988
3.42106467876526,-2.1734578609466553
-39.0956747424042,-24.82926368713379
-10.288292260688207,-4.783749580383301
2.3067635611900137,4.4331254959106445
-4.92782811871599,-0.5625903606414795
10.292368565007404,11.760863304138184
-8.184373188662292,-31.62019157409668
-4.763634360062484,-8.557902336120605
-2.40000424902785,0.7265592813491821
5.009535132419683,5.069885730743408
-22.2455703021075,-21.539987564086914
3.987299411465438,16.05980682373047
-38.4962238749225,-37.13094711303711
-44.9949251983702,-27.0894832611084
-1.378759213278819,-0.007994532585144043
8.07102955700163,12.822589874267578
1.055995951979529,8.523366928100586
2.188685633501576,6.526917457580566
1.0880788430276551,0.09578418731689453
-0.2898522089969393,-0.9509496688842773
-3.790702882666694,0.19310641288757324
-7.940842049461227,-6.829026699066162
4.398742241377427,6.797304630279541
2.5565427438131976,0.3197910785675049
4.123908949931413,3.919882297515869
-76.9668504799361,-43.78117370605469
-14.1325019191809,-16.171762466430664
7.960789166364423,9.632203102111816
0.4423212163888063,1.6292929649353027
2.63206586722876,5.3200578689575195
3.1988276731025875,1.4555132389068604
-1.6552655274048038,-2.2458369731903076
8.077984978184695,11.74537467956543
-13.790764753514,-12.578967094421387
2.13745295521649,-2.815215587615967
3.0897024917955025,0.8946965932846069
-0.3530077955256401,-2.790348529815674
-7.639409008216227,-7.630841255187988
2.765011277030255,-0.4330589771270752
3.557691046156,3.489588737487793
4.00031385473591,4.326203346252441
-55.7541546140486,-54.93111038208008
9.550892694239591,5.418371200561523
1.775572054007981,-0.3536524772644043
-2.248378586620203,-2.505434274673462
-56.2560888739038,-54.912132263183594
-2.5590885431480426,2.2071547508239746
-40.5029244010595,-42.628299713134766
-30.8171784242839,-17.757755279541016
2.679404112105611,3.351487636566162
2.76740193393285,5.036648750305176
-11.341527235964405,-8.482115745544434
-3.448025235667948,-16.447553634643555
-0.0780407432645869,-4.06820821762085
11.616605850275496,4.606684684753418
9.179556151687803,4.749743938446045
7.190050317883171,-3.303488254547119
-39.4932668903457,-28.739046096801758
-2.306526469902426,-3.4448742866516113
0.5403453062071405,-3.1550724506378174
-23.6042929930625,-25.481721878051758
-4.172986764275874,-13.433944702148438
0.5394390329931549,5.349628448486328
5.84905996845087,7.548088073730469
-22.9515728231767,-5.355986595153809
-3.134999611446543,1.6444449424743652
-6.066411004621831,-3.5003747940063477
2.24572304437811,4.090803146362305
-70.8116033690518,-39.00558090209961
0.3224388648416145,-2.370558500289917
4.755697845162629,5.446925640106201
1.7336328627834918,-1.2484369277954102
3.939818822274421,5.423417568206787
6.09033976794457,5.299905776977539
6.4251548431743295,8.493096351623535
-6.47138721063866,-1.3224068880081177
-0.0379657812584102,1.6201674938201904
4.4105627388370605,5.2489519119262695
2.3065604778561424,12.860597610473633
7.588764503474316,15.646129608154297
-24.3954295810688,-5.6998724937438965
7.380729755239978,12.353635787963867
5.978124919049687,-2.023763656616211
0.7860328468455551,1.7537999153137207
-44.1817825469333,-28.3309326171875
3.58036180553514,-4.9831862449646
3.33951124606136,1.4827739000320435
-6.79658968512302,-6.014910697937012
3.7347243087796,-0.019260883331298828
4.76541245752904,7.192905902862549
8.922207576391518,6.8104705810546875
-11.864177458483407,-16.941591262817383
1.166748445159433,6.317643165588379
-25.781275563237,-2.8660924434661865
4.179707781567577,6.2510600090026855
-1.073248118887358,-4.543827533721924
1.7249239205326918,8.398565292358398
-81.52648016021857,-16.74591827392578
13.015759276594096,6.906520843505859
5.35198813185094,1.369478702545166
-12.53254789251529,-17.395254135131836
5.45103123545738,-2.3070945739746094
4.128157012788561,2.486520528793335
-3.8590388668775,-1.2533812522888184
7.36579899286375,-1.5502345561981201
-11.03094492075089,-22.15494155883789
8.017093587799739,7.126041889190674
15.384553292915324,-17.827632904052734
2.79124989437018,3.6111724376678467
2.81101468536903,-6.126007080078125
-1.7237618714553775,1.191324234008789
-2.202886656443709,0.888453483581543
2.369358494612781,1.4713020324707031
-11.30813578108209,-3.0090739727020264
4.484288991501213,5.027571201324463
-35.8165916579592,-33.72210693359375
-5.19085420781142,-2.3043620586395264
2.86709961553106,-1.3556772470474243
-4.349210006555943,4.155187606811523
5.029017096161708,0.8389418125152588
8.243548509216069,2.134209156036377
-2.6184282494780104,-2.734074354171753
-5.527709296795018,-3.3409712314605713
-52.7336020518746,-49.7561149597168
6.07843040491799,3.5960140228271484
-4.396710286499547,-2.4716432094573975
6.6154810826822,3.9132068157196045
9.772192422094813,-6.637980937957764
2.099307195887115,-0.9763559103012085
-12.414939844598162,-11.612879753112793
8.24149319055937,-4.189694881439209
-1.5178355576616795,-2.4814505577087402
9.144089281431205,4.684067726135254
1.418014053180695,-2.237323760986328
-60.92137282626391,-42.292144775390625
5.61896917638109,3.2884440422058105
-4.96580172718434,-13.730988502502441
-24.4432878855492,-24.23457908630371
1.675381804264854,1.1313652992248535
-2.8447496930443927,-0.9193115234375
-1.059512617215007,-2.515315294265747
1.41805545618482,0.5115203857421875
-7.06329362397977,-10.912958145141602
9.400493271217616,9.53615951538086
3.1327986373042376,-0.21720647811889648
4.097668935846943,12.55368423461914
-4.01456885639382,-8.773494720458984
-2.260381023139061,-5.517299652099609
-8.237627320974727,-11.364587783813477
-2.23616712442702,8.07390308380127
-26.79502671025515,-27.443424224853516
-10.594900847222812,-21.274477005004883
4.509456424718162,11.792889595031738
-22.9219832537164,-15.655580520629883
-6.2026319104393295,0.2093493938446045
-4.662511414401839,-2.6923604011535645
-0.4503474699443348,3.3701233863830566
-21.5531296050118,-21.166311264038086
-39.7169735486916,-31.1125545501709
-6.13466459150186,-9.098710060119629
6.093529951556334,4.2027974128723145
-33.3004252633332,-30.624732971191406
-7.789052707582185,-4.837207317352295
-61.6890402284636,-39.32560729980469
-10.613183176373598,-11.391982078552246
-12.6203596574975,-8.851542472839355
-15.2234416939723,-9.052482604980469
3.42848617073407,-6.341800212860107
-50.4820483838523,-31.428308486938477
-71.7765711158932,-66.32666778564453
4.338369925074482,5.491349697113037
-34.0729170807354,-42.37120819091797
-10.285920522724917,-1.3231678009033203
2.71808902854303,2.9672610759735107
2.26767773086615,3.7869720458984375
0.3189015990893598,-3.949647903442383
-39.873530292237,-18.6397647857666
5.053393098685065,-0.5251879692077637
-5.77665564868809,-8.361828804016113
-22.4462583852743,-23.470741271972656
-10.162041561092582,-25.14086151123047
8.70853787657841,1.5211725234985352
-3.73521146317182,-0.8816318511962891
-1.3326443092463092,-10.728605270385742
-5.830142578087577,-6.765841960906982
-7.815562497274902,-5.306772232055664
-20.7558388881914,-4.902622222900391
-1.03656181464744,-1.610039472579956
-3.930469946192945,-5.243767261505127
5.391699208755202,2.7733960151672363
7.2595381633228,-1.4628076553344727
9.30630078585379,5.735882759094238
-3.77133000272187,-5.8439130783081055
-42.936846127142296,-47.612876892089844
0.5211206139658471,1.12369966506958
0.7345204104922589,-4.6819305419921875
6.86106163750481,-2.6557881832122803
-21.61387508166409,-5.234363079071045
-24.577379709126298,-25.202505111694336
3.986867952152618,7.16443395614624
-63.2346715672369,-59.86661148071289
4.55602013063716,5.399946212768555
-20.3623076046531,-15.105714797973633
8.678125432705007,4.2254638671875
-2.1147225087047508,1.7649579048156738
-1.14890133483728,3.5177626609802246
3.7921116228684086,4.002560615539551
-1.3811964732242277,-1.8473689556121826
0.1752112379752922,-1.0738831758499146
3.3452637215970498,-6.462530136108398
6.63109301847755,7.13170051574707
-8.72128086410909,-12.158349990844727
-0.1160299782726794,-0.5539309978485107
0.1119561526876595,3.1803555488586426
11.877856996640997,9.185208320617676
-3.2142130797467816,-2.5280754566192627
-3.9552380984537248,-3.746596336364746
-1.593720937577549,-7.417667388916016
3.3899996482015826,4.993626594543457
7.66334596528203,6.807859897613525
2.60625970962018,-1.1427314281463623
5.006519903780723,3.563478708267212
-58.5527340809363,-48.50321960449219
3.776985072333982,2.5696394443511963
2.4866177573815964,3.009209632873535
-0.6920482116816997,1.050630807876587
2.1747311895065486,7.365294933319092
-13.14009076535719,-17.044157028198242
2.745769909533195,2.3650612831115723
-10.626155896203898,-14.58980941772461
0.0548896546292299,-9.805232048034668
-69.1366966634013,-32.5987434387207
14.8508222506114,11.520660400390625
-28.3488859938485,-8.966121673583984
0.6884341878779402,0.5475056171417236
12.566471603210276,-0.9975800514221191
-5.472376660417956,-1.1737346649169922
-2.1691769605730515,-2.9873604774475098
-0.3887710448227697,-6.595102787017822
9.1356503291117,6.17025899887085
4.93167956005568,10.553995132446289
2.713132201978397,1.6518657207489014
9.090654061652296,7.7003493309021
1.741670982094262,-0.2765488624572754
-5.89266438028177,-6.157971382141113
-1.130678948105339,-2.0213708877563477
-46.587141393021525,-36.21706008911133
4.366245372711767,7.744431972503662
2.858782897786812,4.091929912567139
2.53362859007723,0.555020809173584
-1.7943154401891548,0.6807167530059814
-0.6435038581465955,-3.2868244647979736
5.99108205682079,1.526410698890686
2.44728958086436,-6.193056583404541
1.5718362711845366,4.268178462982178
-55.54568697318505,-48.774471282958984
-9.231606713935047,-10.718029975891113
3.547124544521316,-3.307687520980835
-73.5286754265322,-52.22626876831055
0.2047767843086013,-0.7092299461364746
-10.398648228661925,-14.286236763000488
-46.9980356488569,-21.863916397094727
-62.9031214125763,-57.163883209228516
-10.35739215730591,-8.348933219909668
1.83593808226401,0.05504322052001953
7.827394642815597,6.339424133300781
-9.742168339465294,-7.95677375793457
-0.29408409265346,-8.57694149017334
-5.653435188749545,-13.876791954040527
-14.57002364123529,-23.237943649291992
-18.1797235112709,-15.378128051757812
-5.45440876641342,-5.338473320007324
8.596988309863011,2.783586263656616
-5.493763326806099,-1.4871251583099365
-8.393586343504198,-4.48464822769165
-3.963646539183849,-4.607311725616455
9.625121597198186,6.709827899932861
-6.18357684414468,-9.131775856018066
-3.41466344580097,2.8216402530670166
-4.03025121975644,-0.2818524241447449
-2.66483863280114,-5.062475681304932
-0.190891674386513,2.5598278045654297
16.1850033157246,9.035077095031738
-7.910003358009165,-2.1431634426116943
-2.07861348348741,-5.753668785095215
12.331931266595111,12.456660270690918
0.8825935384285006,0.2904853820800781
-2.1789667599796294,-3.5663599967956543
3.0307168501552093,3.5160465240478516
14.8229623836697,14.324423789978027
6.795393661635613,7.192782878875732
5.16750826555368,4.658314228057861
-57.144820014625296,-24.5989990234375
6.167862854629888,-10.958242416381836
-2.698758931910008,-14.839395523071289
1.289294757415069,-1.3899239301681519
13.9692836454661,2.3213064670562744
-38.6438610292767,-24.45663833618164
-3.119647295186995,2.425560235977173
-6.745372906074374,-11.585962295532227
-2.7468186065138984,-1.2197773456573486
1.6198341998494314,2.426055431365967
1.6646916021852596,-0.3336143493652344
-7.87226820943855,-2.289285182952881
8.652061852316729,-2.583200454711914
2.4933992323843923,-6.700244903564453
2.35160533891099,-7.84725284576416
1.30779520720034,-1.028240442276001
-11.9965988914421,-1.229840874671936
4.780848076735348,3.815619945526123
11.2728180991378,13.133439064025879
0.7651079053562314,0.653433084487915
-10.6557437737239,-10.670085906982422
3.27100049685324,-0.48649680614471436
-5.2815921348029296,4.36672830581665
-27.5445722402187,-28.63833236694336
-2.683955047842884,-2.5041017532348633
-43.929359067237,-33.697628021240234
-4.639593570653838,-1.1614747047424316
-14.7229944429405,-14.584382057189941
-5.00028834575103,-1.4204384088516235
-1.2236747050651609,0.8746325969696045
-17.6830733389949,-21.488801956176758
-9.979741434164584,-5.777993202209473
-0.2823200449385875,-6.498107433319092
-36.50577458359941,-32.23984146118164
-4.853312003098937,-13.148037910461426
-27.4476544011683,-30.073266983032227
-49.5120706514507,-44.30348205566406
1.2287673509824204,2.2878224849700928
9.503977484174175,7.904435634613037
-5.5186956836840375,-13.302767753601074
-2.99361591491145,4.228231430053711
7.99575647038201,4.736270427703857
11.7225687296843,11.374689102172852
6.987950206462267,3.879110097885132
5.5273920092716775,-4.353237152099609
-7.19378137939456,-8.797332763671875
6.001532732018722,9.881629943847656
7.92708077877978,6.582268238067627
4.316615136301563,-0.0393064022064209
0.1590569364430157,-0.7423139214515686
2.8348518495029404,2.4249231815338135
-46.6686841099013,-38.2773551940918
-0.8984319813221007,5.439898490905762
4.30511943579503,-3.1312613487243652
-3.36735139960915,-3.3679239749908447
6.58117049992555,1.0076626539230347
6.753311816554961,-0.2151167392730713
-1.1091988250418725,-3.9542603492736816
5.26551760771767,6.663488388061523
-37.3999740396079,-28.530364990234375
-34.48768519828235,-33.64155197143555
-46.862925671502296,-20.971399307250977
-1.19024715514191,-5.0597429275512695
-1.4920816076829602,-1.1959871053695679
-5.775806690181939,-6.504162311553955
-14.2382866820043,-15.986024856567383
1.3131129859732091,2.517425060272217
13.1991243046288,13.366318702697754
3.6035536346157695,-8.167760848999023
4.97603191479674,0.8284406661987305
2.9737175212081803,1.675007700920105
-35.1782981083837,-28.14846420288086
-10.480511156242285,-13.724806785583496
-0.3170472839931941,3.4599053859710693
3.59745169898486,8.312244415283203
-5.139364658294922,-1.8090591430664062
-29.2662792150344,-21.44593048095703
11.555346181601609,8.968549728393555
3.7092867134231,-1.439636468887329
-0.7280966227290082,3.096066951751709
0.9480162028997956,-1.3127689361572266
-9.619042312244815,-12.134557723999023
-3.15562863494722,-2.7501566410064697
7.285509446842615,3.4390265941619873
2.71319811317338,0.2485283613204956
1.026942322157092,1.7356550693511963
-4.65691689928222,-6.047953128814697
-8.677497573270493,-10.73465347290039
14.3436638764016,8.994717597961426
-11.8973420493851,-3.735243082046509
-6.61979034735207,-11.863614082336426
8.86280218600469,8.941389083862305
-3.43040335892423,-7.9640960693359375
0.4443344011282492,-3.78216290473938
2.6678241356197647,0.48592376708984375
2.334382802629,-0.23178625106811523
-13.8157551615103,-14.777698516845703
1.9007667723773176,-3.7036359310150146
-17.190033530139498,-19.555368423461914
3.88810032819938,1.98569917678833
1.2705701336207027,0.7102384567260742
3.887422638441485,4.128060340881348
10.349523074958825,5.921055793762207
9.62907409316032,2.9680607318878174
0.7709161631446207,2.4312379360198975
2.3166834950764685,-0.4858863353729248
2.76912169862866,1.9907796382904053
-46.2372447228831,-46.14189910888672
-37.0930621901092,-33.25383758544922
0.996650643215182,-0.08451199531555176
-12.898019313824,-10.701326370239258
-0.71117494174041,-2.520179271697998
-0.5663484394051013,-0.15822464227676392
-12.4595255596924,-9.882492065429688
-0.6089836493556324,5.746729373931885
6.92534745147092,1.9425580501556396
3.320229681965675,4.494002819061279
-10.274169876330886,-7.853336334228516
-49.062306315025,-43.00099563598633
-30.7261055182573,-46.50944519042969
22.7414116448382,13.5181303024292
-0.9529303605806088,4.515031814575195
-10.739322929783883,-5.374887943267822
-20.9507978903398,-25.571975708007812
-24.96156751119129,-17.401948928833008
14.9823899147147,6.440840244293213
-14.564555056626377,-8.214149475097656
1.907333647224608,4.185676574707031
-1.178255647098801,7.832564353942871
1.9806048133258944,-12.240949630737305
8.833837192566008,6.231993675231934
-18.5255095356289,-23.923837661743164
3.010752586641185,-6.7541632652282715
3.67041582610247,-1.4378082752227783
-33.7845903951132,-39.17151641845703
-13.812973987503693,-11.430488586425781
-13.861300672159,-2.5437912940979004
-26.24662901330595,-39.66183090209961
-1.61504571199055,-2.820100784301758
8.754663680824095,9.321004867553711
3.22816419080692,0.48870134353637695
-2.0585753436264698,-2.1922929286956787
-9.59094984812801,-13.80963134765625
6.02246857213521,4.551895618438721
-4.11149235653684,-2.7791507244110107
-4.361976736345532,-13.10141372680664
-2.4097304318056905,3.3217053413391113
4.967381413305823,4.646886825561523
-11.9154244975033,-1.610526442527771
-11.183106529127476,11.242241859436035
-2.3538192484503564,-2.3919153213500977
-2.204579993178592,-7.277222156524658
-91.8886792382854,-22.785293579101562
3.2582764286422226,8.877010345458984
9.859104788483815,5.088351249694824
-2.6304973605131474,-0.16045010089874268
8.398744223780918,9.689319610595703
1.4955767028094,7.861008167266846
6.720388221210122,2.1569817066192627
6.99756701325662,5.205890655517578
12.966325580978296,1.8979063034057617
-22.8644313188967,-10.720894813537598
-14.4731176558811,-12.726357460021973
-0.0918051514147744,3.2017955780029297
0.9434331950199416,-4.163048267364502
7.877641553655238,2.0701451301574707
-27.1636490162131,-23.077167510986328
3.42669038506664,-9.569089889526367
0.31232235517322,5.355497360229492
1.1848602197973823,-7.475907802581787
-5.822632503482525,-6.429689884185791
-2.989164004622407,-7.311662673950195
1.69213972357191,7.5327324867248535
-0.89184437235696,-0.6468132734298706
2.446050707651698,1.4464373588562012
5.07108724357905,3.377775192260742
5.42147270471237,9.825469970703125
-2.20364176327536,3.1394248008728027
3.08443697315444,-4.22963285446167
-5.97248436581227,-3.7888717651367188
-1.0190872666435924,-6.316288948059082
-14.885807229381896,-8.680660247802734
0.046018285265003,-26.73242950439453
6.00089213826483,16.84088706970215
-1.4680391508473674,-12.083897590637207
-49.8653288018085,-34.10409927368164
-7.283890318199592,-14.922625541687012
3.6053774296538297,11.535112380981445
6.364261125349779,-5.042094707489014
-51.4043293278057,-29.33827018737793
-64.65676531723692,-42.26897048950195
-26.1965705632023,0.16113567352294922
2.63157412115867,2.2989728450775146
16.694612728237402,11.296013832092285
-17.0314498829154,-12.619431495666504
-58.40351531723695,-57.850582122802734
-15.3173389528898,-15.918577194213867
-6.613686761665703,-18.101360321044922
-39.0646563811545,-45.56460952758789
0.809697096857583,-2.9931113719940186
0.4685622181175212,-7.07673454284668
-6.376202369524528,-4.566037178039551
-14.434457477598505,-9.88514518737793
-26.0047332498617,-25.947725296020508
-17.5801214502402,-17.501501083374023
-2.60072537807549,-3.7195937633514404
7.184930267876617,11.039779663085938
0.555665600488549,7.8134002685546875
8.747205755218493,9.927630424499512
-2.289513933263135,-3.5274410247802734
3.8009101564042025,1.141876459121704
-1.67197513843126,-29.135164260864258
-15.746453943284,-24.565893173217773
