Score,Pred Score
-0.6666666666666666,2.092257261276245
7.333333333333333,3.3971757888793945
-0.4444444444444444,-2.2969162464141846
-4.111111111111111,-5.995395183563232
-7.333333333333333,-3.836444139480591
1.3333333333333333,7.926905632019043
-8.444444444444445,-4.328144550323486
1.6666666666666667,-2.644421100616455
3.333333333333333,-0.10757893323898315
2.111111111111111,3.0062062740325928
0.1111111111111111,-2.911640167236328
11.22222222222222,2.5484843254089355
-3.111111111111111,-3.6899752616882324
-3.888888888888889,-8.776195526123047
14.11111111111111,4.580964088439941
-4.444444444444445,-2.3120744228363037
6.0,2.9164419174194336
12.555555555555555,9.472495079040527
-0.8888888888888888,-3.2375495433807373
-4.0,-7.257293701171875
-1.1111111111111112,-1.361344814300537
-3.555555555555556,-3.781555652618408
-10.666666666666666,-15.697900772094727
9.11111111111111,0.2698190212249756
-1.7777777777777777,-2.832096576690674
-3.4444444444444446,-7.496694564819336
23.22222222222222,14.690258026123047
0.8888888888888888,-4.141411781311035
0.3333333333333333,1.014106035232544
-3.7777777777777777,-4.345600128173828
2.111111111111111,1.6022409200668335
-2.2222222222222223,-2.9851443767547607
-2.2222222222222223,-5.322179794311523
3.111111111111111,4.069234848022461
0.1111111111111111,11.47523307800293
-2.555555555555556,-0.8331238031387329
-0.2222222222222222,0.45844602584838867
3.111111111111111,0.7322595119476318
-4.444444444444445,-0.7884688973426819
-5.222222222222222,-2.8018600940704346
4.0,6.580145835876465
-4.777777777777778,-9.785072326660156
1.0,-0.0074024200439453125
-4.111111111111111,-0.7792238593101501
-4.777777777777778,-3.907665491104126
14.11111111111111,-0.8994052410125732
2.2222222222222223,0.09684035181999207
-4.888888888888889,-3.049523115158081
-6.888888888888889,-2.9270055294036865
-9.444444444444445,-5.287827491760254
13.666666666666666,1.2644271850585938
3.4444444444444446,10.660873413085938
-8.222222222222221,-1.7533615827560425
5.777777777777778,3.3718111515045166
0.0,-0.16258788108825684
13.666666666666666,12.734175682067871
-1.0,-0.07551812380552292
7.333333333333333,0.04547595977783203
-2.888888888888889,-2.458946466445923
-7.111111111111111,-0.9111782312393188
-1.2222222222222223,-6.08782958984375
0.0,0.778342604637146
-7.666666666666667,-1.3019291162490845
-1.5555555555555556,2.8112986087799072
11.88888888888889,10.866081237792969
-4.666666666666667,-4.4128594398498535
-10.333333333333334,-1.5327553749084473
-9.555555555555555,-5.789525032043457
-2.6666666666666665,-3.8085203170776367
-3.333333333333333,-4.644226551055908
1.8888888888888888,-0.3758758306503296
-5.666666666666667,-3.6989905834198
-3.888888888888889,6.864634037017822
-1.5555555555555556,4.191707611083984
-1.8888888888888888,-1.6179672479629517
-7.888888888888889,-6.470673561096191
0.4444444444444444,-4.257993698120117
3.555555555555556,3.2629051208496094
-0.8888888888888888,-2.6387505531311035
-5.777777777777778,-2.4796950817108154
-2.888888888888889,-0.3299989700317383
-2.111111111111111,-4.222130298614502
46.333333333333336,17.720067977905273
0.8888888888888888,1.5751359462738037
1.1111111111111112,-0.8923850059509277
0.0,-2.3466434478759766
10.0,4.854825973510742
-1.1111111111111112,-0.8452334403991699
8.555555555555555,4.117249011993408
-4.777777777777778,-1.409862756729126
0.2222222222222222,-4.140133857727051
8.222222222222221,8.575843811035156
10.11111111111111,12.515398025512695
-2.555555555555556,-1.1923134326934814
-4.888888888888889,-2.6116533279418945
20.88888888888889,20.88627052307129
19.33333333333333,15.740612030029297
-1.3333333333333333,0.20395421981811523
-4.111111111111111,-0.1958644986152649
-2.7777777777777777,-1.0770065784454346
9.0,8.938349723815918
-6.111111111111111,2.264333724975586
-3.7777777777777777,-6.7713518142700195
-5.0,-9.052489280700684
-3.0,3.5760695934295654
-6.222222222222222,-8.348091125488281
-6.333333333333333,-4.068538188934326
-1.8888888888888888,0.7676107287406921
3.111111111111111,1.1779111623764038
-4.888888888888889,-2.5220232009887695
6.777777777777778,3.909315347671509
-4.444444444444445,-1.6130832433700562
7.666666666666667,9.17570686340332
0.5555555555555556,-4.6343994140625
-7.0,-3.676027774810791
-10.0,0.7914431095123291
-0.5555555555555556,0.37449777126312256
0.1111111111111111,-3.7912416458129883
-3.4444444444444446,-3.7656338214874268
6.777777777777778,3.5124118328094482
-6.0,-2.7213594913482666
-3.333333333333333,-2.2117552757263184
8.777777777777779,4.755163669586182
-6.333333333333333,-5.162137508392334
-7.444444444444445,-6.831217288970947
0.1111111111111111,2.6798956394195557
-4.0,-4.782705307006836
6.222222222222222,5.732668876647949
-3.4444444444444446,-4.894784927368164
4.777777777777778,-1.3471664190292358
-2.111111111111111,-2.2007646560668945
-4.111111111111111,-2.878427505493164
11.88888888888889,6.96956205368042
-0.5555555555555556,-1.2423142194747925
4.444444444444445,-2.078035831451416
-0.3333333333333333,-3.1625657081604004
-4.555555555555555,-1.9414000511169434
-0.7777777777777778,-3.194474935531616
-2.2222222222222223,-6.432693958282471
-5.222222222222222,-5.376136302947998
10.444444444444445,10.18679141998291
-3.4444444444444446,3.459653615951538
-3.7777777777777777,-3.465202808380127
0.2222222222222222,-0.8390798568725586
-4.0,-0.989548921585083
-22.444444444444443,-2.105422019958496
-5.777777777777778,-6.377009868621826
-4.222222222222222,0.0540202260017395
-2.333333333333333,-4.0561628341674805
5.555555555555555,3.139575242996216
23.0,5.128433704376221
4.777777777777778,3.120361328125
-18.88888888888889,-13.237092018127441
-10.22222222222222,-10.802316665649414
5.222222222222222,-0.25748538970947266
-5.0,-7.2206220626831055
7.444444444444445,1.3047435283660889
6.333333333333333,2.2516188621520996
1.4444444444444444,-1.4053572416305542
-0.8888888888888888,1.3961141109466553
3.111111111111111,-0.35245460271835327
0.5555555555555556,-1.3188283443450928
-1.8888888888888888,1.472880482673645
-11.77777777777778,-1.3188283443450928
-5.555555555555555,-4.7158026695251465
-1.3333333333333333,-1.006962537765503
-1.8888888888888888,-2.141896963119507
0.0,-0.2426190972328186
0.8888888888888888,-0.027764320373535156
5.0,1.7888500690460205
2.4444444444444446,-1.3868279457092285
-0.1111111111111111,-2.555741310119629
2.111111111111111,6.45873498916626
-0.2222222222222222,0.8975571393966675
19.444444444444443,23.31610679626465
3.7777777777777777,2.7107906341552734
-3.111111111111111,-0.9823799729347229
7.555555555555555,13.16367244720459
1.5555555555555556,1.478693962097168
-1.1111111111111112,-4.9341559410095215
-1.6666666666666667,-2.620009183883667
3.111111111111111,1.476804494857788
-1.6666666666666667,-0.9551684856414795
1.3333333333333333,3.1239309310913086
-10.555555555555555,-1.811477780342102
-5.333333333333333,-2.3365519046783447
-0.8888888888888888,-1.6337971687316895
-6.111111111111111,-5.255340099334717
-12.333333333333334,-9.812370300292969
-6.111111111111111,-2.369887113571167
-6.111111111111111,0.2580955922603607
-10.22222222222222,-3.1959879398345947
4.444444444444445,-2.2341527938842773
-2.555555555555556,0.4932710528373718
-8.777777777777779,-0.3592902421951294
-14.555555555555555,-9.408199310302734
-15.0,6.531423091888428
31.33333333333333,26.8950138092041
-20.11111111111111,-3.0256423950195312
-3.4444444444444446,-6.013247966766357
-0.1111111111111111,5.00592565536499
-1.3333333333333333,-3.458812713623047
1.6666666666666667,-0.5259308815002441
-4.888888888888889,-3.508845090866089
2.333333333333333,-2.8769450187683105
-13.333333333333334,-8.12321662902832
0.5555555555555556,-3.5775692462921143
1.2222222222222223,-2.1215386390686035
-8.777777777777779,-3.2524473667144775
-0.2222222222222222,-1.482630729675293
3.2222222222222223,1.5619075298309326
-2.7777777777777777,-1.1591806411743164
-3.333333333333333,-5.510373115539551
-5.0,-4.3356614112854
-3.333333333333333,-5.30541467666626
-6.777777777777778,-3.3227102756500244
1.0,-0.08202651143074036
-4.444444444444445,-2.4292614459991455
-2.111111111111111,-2.1872966289520264
-20.55555555555556,-10.161218643188477
3.333333333333333,-0.7156092524528503
-4.777777777777778,-1.1148561239242554
-1.4444444444444444,-1.2305432558059692
-9.11111111111111,-1.8482531309127808
-12.666666666666666,-7.661953926086426
-21.11111111111111,-4.182295799255371
3.555555555555556,-1.138582468032837
-4.777777777777778,-7.5177998542785645
-5.888888888888889,-7.114924430847168
-7.555555555555555,-4.526014804840088
-3.555555555555556,0.5744646787643433
3.0,1.285234808921814
4.0,6.077804088592529
-5.333333333333333,-2.1271252632141113
17.444444444444443,12.946495056152344
-11.77777777777778,-7.965012550354004
-4.888888888888889,-5.839733123779297
6.444444444444445,-3.1044857501983643
4.0,-0.5168955326080322
-9.88888888888889,-3.2481260299682617
15.77777777777778,16.478775024414062
0.6666666666666666,-3.1764094829559326
-9.444444444444445,-7.961466312408447
-1.7777777777777777,-1.3842421770095825
2.333333333333333,6.274716854095459
-4.222222222222222,-4.658987998962402
-8.11111111111111,-7.135598182678223
1.8888888888888888,-2.833341121673584
-12.555555555555555,-4.677371025085449
5.444444444444445,1.489552617073059
-3.111111111111111,-2.519989013671875
-2.555555555555556,-3.1826558113098145
5.666666666666667,-2.834691286087036
1.4444444444444444,-1.8267621994018555
-3.0,-4.661281108856201
-0.1111111111111111,-2.0796830654144287
1.1111111111111112,-3.612791061401367
-0.8888888888888888,4.066079616546631
-7.333333333333333,-1.4401096105575562
-13.77777777777778,0.281557559967041
0.7777777777777778,-0.4550316333770752
-2.6666666666666665,-7.704034805297852
-19.55555555555556,-6.620803356170654
5.0,-6.066450595855713
-2.2222222222222223,-3.6889848709106445
1.0,-2.0426383018493652
-3.0,6.3679585456848145
-3.888888888888889,-5.035038471221924
-3.4444444444444446,-7.211616516113281
5.0,2.143561840057373
19.22222222222222,12.046405792236328
-2.4444444444444446,-3.8945794105529785
6.222222222222222,-5.975049018859863
-5.333333333333333,-3.673955202102661
-10.77777777777778,-9.489912986755371
0.0,-7.0959248542785645
1.8888888888888888,4.708349227905273
21.55555555555556,10.957716941833496
-7.777777777777778,-5.71281099319458
-7.222222222222222,-4.366354465484619
-1.7777777777777777,-10.334870338439941
5.444444444444445,-5.550919055938721
-3.888888888888889,-5.441072463989258
-8.222222222222221,-2.2810299396514893
6.111111111111111,-2.588927984237671
2.7777777777777777,-0.3572589159011841
-6.333333333333333,-7.807112693786621
0.2222222222222222,-5.406432151794434
-7.777777777777778,0.8990527391433716
1.2222222222222223,-5.929681777954102
3.4444444444444446,-2.4895551204681396
-2.888888888888889,0.23459479212760925
14.88888888888889,15.265986442565918
-1.7777777777777777,-3.0974087715148926
-3.888888888888889,-5.667951583862305
-5.777777777777778,0.3954508602619171
27.11111111111111,10.47977066040039
1.7777777777777777,-4.497795104980469
0.3333333333333333,-0.3826010227203369
-12.77777777777778,-10.750378608703613
27.88888888888889,17.2180118560791
-4.222222222222222,-3.7560575008392334
-1.2222222222222223,-1.0657107830047607
-3.0,0.02131056785583496
3.6666666666666665,0.9023110866546631
-1.5555555555555556,0.7769734859466553
-4.222222222222222,-4.346158981323242
-0.7777777777777778,-1.1106024980545044
6.777777777777778,13.442605972290039
-0.7777777777777778,-3.139697313308716
-8.777777777777779,-4.413741111755371
0.2222222222222222,1.5860120058059692
-0.2222222222222222,2.404421806335449
-8.0,-2.405647039413452
-4.333333333333333,-6.9201459884643555
-3.0,-4.054370880126953
-7.666666666666667,-2.7820229530334473
1.1111111111111112,-0.021595299243927002
-0.5555555555555556,-4.232616901397705
-2.111111111111111,-5.828094959259033
-7.555555555555555,-2.7413675785064697
17.666666666666668,11.212197303771973
-8.11111111111111,-3.5819997787475586
19.55555555555556,12.409778594970703
-6.555555555555555,-0.8512235283851624
10.555555555555555,3.3483755588531494
-14.444444444444445,-12.819767951965332
6.666666666666667,-0.8451646566390991
-3.888888888888889,-4.023700714111328
-6.333333333333333,-2.3059473037719727
-6.666666666666667,-4.445006847381592
-4.444444444444445,-1.7655607461929321
-2.111111111111111,-4.2713446617126465
-10.333333333333334,-4.518157958984375
-6.111111111111111,-5.748764991760254
20.666666666666668,23.42293930053711
-5.444444444444445,-2.3684027194976807
7.555555555555555,4.784100532531738
-1.4444444444444444,-0.40517425537109375
-7.222222222222222,-0.6041837334632874
-3.111111111111111,-3.7388668060302734
-3.555555555555556,-5.25416898727417
-2.4444444444444446,-3.665710687637329
-1.1111111111111112,2.5063233375549316
-7.555555555555555,-3.8515048027038574
10.11111111111111,5.843853950500488
-1.4444444444444444,-3.780500650405884
-2.333333333333333,-3.283763885498047
-1.6666666666666667,-1.5264668464660645
8.88888888888889,6.29846715927124
-3.888888888888889,-5.956791400909424
-6.222222222222222,-0.3098445534706116
-11.88888888888889,-9.783865928649902
-1.5555555555555556,-1.9257307052612305
7.111111111111111,-0.7279316782951355
4.666666666666667,-0.7387323975563049
2.4444444444444446,2.4970908164978027
1.5555555555555556,-7.492318153381348
3.333333333333333,-4.98911714553833
-10.11111111111111,-4.0560302734375
-8.444444444444445,-2.5612571239471436
-2.555555555555556,5.35455322265625
2.4444444444444446,-4.238061904907227
2.888888888888889,-4.881070613861084
-4.111111111111111,-6.064135551452637
-10.444444444444445,-5.3540520668029785
17.666666666666668,10.529888153076172
27.77777777777778,11.38193416595459
-1.7777777777777777,-1.8636211156845093
11.88888888888889,6.5800676345825195
0.5555555555555556,-0.6839104890823364
6.444444444444445,0.1582491397857666
-4.0,-4.556719779968262
-7.444444444444445,-6.77895975112915
-4.555555555555555,-4.119997501373291
12.333333333333334,10.875066757202148
6.0,6.85850191116333
-2.0,-4.407858848571777
1.6666666666666667,1.0545177459716797
17.333333333333332,17.237232208251953
10.11111111111111,10.464006423950195
-1.2222222222222223,-3.207704782485962
5.666666666666667,1.527745008468628
-3.0,-2.0995843410491943
-0.2222222222222222,4.6198601722717285
6.888888888888889,4.191029071807861
1.4444444444444444,0.09538799524307251
-1.2222222222222223,-3.9968297481536865
-2.333333333333333,0.2067800760269165
-7.888888888888889,-3.189509630203247
20.22222222222222,19.230817794799805
-6.111111111111111,3.1273956298828125
-12.444444444444445,-3.275859832763672
-7.888888888888889,-4.424141883850098
1.2222222222222223,-7.6453118324279785
-2.888888888888889,-3.0194807052612305
-17.333333333333332,-8.382097244262695
0.0,4.89581298828125
5.222222222222222,10.766498565673828
5.111111111111111,7.640781879425049
-5.444444444444445,-4.059047698974609
10.22222222222222,-2.4675374031066895
-1.6666666666666667,-3.977825164794922
-4.444444444444445,-2.281012535095215
18.11111111111111,18.216644287109375
-4.777777777777778,-3.24099063873291
5.333333333333333,5.175710678100586
-2.555555555555556,-0.05616989731788635
5.888888888888889,13.269730567932129
8.11111111111111,1.525323510169983
-0.4444444444444444,1.0739048719406128
-5.444444444444445,-2.937274932861328
-0.6666666666666666,-0.5861244201660156
-5.444444444444445,-8.009514808654785
-17.0,-8.068597793579102
-1.0,-0.0933731198310852
2.333333333333333,-0.8467734456062317
0.2222222222222222,-1.250265121459961
-2.7777777777777777,-2.0940277576446533
-6.777777777777778,-4.848369598388672
0.4444444444444444,-0.7174798846244812
0.6666666666666666,-3.153275966644287
-0.7777777777777778,-3.6430320739746094
-7.555555555555555,-5.955463886260986
-7.333333333333333,-5.9422149658203125
-12.77777777777778,-4.1405463218688965
0.2222222222222222,-0.9841009378433228
9.77777777777778,1.5748823881149292
-6.222222222222222,-4.075220584869385
-4.888888888888889,-4.443325519561768
-10.11111111111111,-5.840060234069824
-8.777777777777779,-10.070191383361816
-2.111111111111111,1.111057996749878
1.6666666666666667,0.78374183177948
-0.7777777777777778,-3.1029720306396484
-0.1111111111111111,-2.150826930999756
-0.5555555555555556,-0.7801880836486816
-6.666666666666667,-1.8380143642425537
-9.88888888888889,-3.109785556793213
-8.666666666666666,-9.268330574035645
0.6666666666666666,-1.5605006217956543
-0.7777777777777778,2.6360085010528564
0.3333333333333333,1.2830262184143066
1.3333333333333333,-1.7950338125228882
-2.2222222222222223,-5.139078617095947
-6.444444444444445,-2.0441722869873047
2.4444444444444446,-3.331514596939087
-5.555555555555555,-9.383438110351562
-8.444444444444445,-7.124520301818848
15.0,1.0880483388900757
2.2222222222222223,2.574946403503418
2.6666666666666665,-3.53198504447937
-2.7777777777777777,-2.6533658504486084
-5.222222222222222,-4.326709270477295
-8.555555555555555,-7.571436882019043
-3.0,-5.202794075012207
-1.6666666666666667,-0.5383619666099548
-1.0,-0.40107953548431396
-0.4444444444444444,5.567291259765625
37.11111111111112,15.396614074707031
-4.444444444444445,-3.8747239112854004
0.5555555555555556,-2.8415439128875732
-16.0,-12.459466934204102
-10.22222222222222,-4.549598693847656
-2.333333333333333,-2.2151331901550293
-4.333333333333333,1.458457350730896
-1.8888888888888888,-1.752695918083191
-4.777777777777778,-3.21657657623291
-8.666666666666666,-3.2436068058013916
0.5555555555555556,-0.06349080801010132
17.333333333333332,3.5120632648468018
1.5555555555555556,-0.7486247420310974
-4.222222222222222,-0.5256932973861694
-6.111111111111111,-3.9979963302612305
6.222222222222222,1.0975223779678345
-1.3333333333333333,0.33304059505462646
6.333333333333333,3.4704253673553467
9.444444444444445,0.35051077604293823
-0.1111111111111111,-1.0973308086395264
-6.0,-0.7456546425819397
-4.666666666666667,-5.881287574768066
-6.666666666666667,-2.2976951599121094
12.77777777777778,13.995737075805664
0.2222222222222222,2.224942207336426
-14.555555555555555,-4.544923305511475
-9.333333333333334,-2.2533841133117676
2.6666666666666665,-2.4715473651885986
-1.3333333333333333,-1.1988505125045776
-12.555555555555555,-2.078862190246582
-8.777777777777779,-0.6938766241073608
2.6666666666666665,1.042000412940979
-7.222222222222222,-6.225562572479248
2.6666666666666665,-4.7649641036987305
-6.444444444444445,-5.500797748565674
-42.55555555555556,-6.9924774169921875
4.777777777777778,2.271413803100586
0.5555555555555556,-4.947610855102539
-9.666666666666666,-4.352403163909912
9.77777777777778,11.936919212341309
9.444444444444445,7.736554145812988
-2.7777777777777777,-4.2379560470581055
2.0,-1.898363471031189
-2.111111111111111,-2.569676399230957
-10.666666666666666,1.5097169876098633
-3.888888888888889,-7.559126853942871
-0.6666666666666666,-3.19262957572937
-6.111111111111111,-3.476931571960449
-2.555555555555556,-1.779078722000122
-5.444444444444445,-3.3170881271362305
-3.6666666666666665,-2.8612136840820312
2.555555555555556,1.4165871143341064
4.333333333333333,0.928272545337677
-5.555555555555555,-3.437720775604248
-0.6666666666666666,-1.9225159883499146
-1.6666666666666667,-7.331737041473389
1.5555555555555556,0.7349634170532227
-8.0,-7.35921573638916
1.2222222222222223,0.668696939945221
12.333333333333334,9.511284828186035
0.4444444444444444,-3.778994083404541
0.2222222222222222,-1.0122559070587158
0.4444444444444444,8.199150085449219
0.1111111111111111,-4.800464153289795
0.3333333333333333,-1.742783784866333
1.2222222222222223,3.773343324661255
-1.4444444444444444,-4.291571617126465
2.888888888888889,1.1810429096221924
14.88888888888889,15.695446014404297
0.1111111111111111,-4.161196708679199
-4.888888888888889,-1.1307480335235596
19.55555555555556,16.079591751098633
-3.7777777777777777,-0.3249702453613281
-2.7777777777777777,-0.3925628662109375
-4.0,-5.330214977264404
-4.111111111111111,-6.871344089508057
-0.1111111111111111,-7.559564590454102
2.333333333333333,-2.840744972229004
0.6666666666666666,8.00818157196045
1.0,-0.4852282404899597
-5.111111111111111,-1.6696460247039795
-1.2222222222222223,1.514709711074829
-3.111111111111111,-2.8994388580322266
-16.333333333333332,-4.579192161560059
-7.555555555555555,-1.1968600749969482
-7.777777777777778,-4.708831787109375
-1.5555555555555556,-1.7594127655029297
-7.333333333333333,-5.162498474121094
1.1111111111111112,0.7796423435211182
3.333333333333333,-1.2354892492294312
-6.444444444444445,-2.2404699325561523
-6.0,-0.6789332628250122
-1.7777777777777777,-1.8527116775512695
3.2222222222222223,3.0454578399658203
1.0,-3.146023988723755
-8.0,-3.4447851181030273
0.4444444444444444,-2.910456418991089
1.8888888888888888,-4.076557159423828
8.88888888888889,3.2978293895721436
-0.5555555555555556,0.6172599792480469
-8.444444444444445,1.1101754903793335
0.4444444444444444,-8.183837890625
-2.7777777777777777,-4.137853622436523
-3.6666666666666665,-3.8352596759796143
-5.222222222222222,-5.199869155883789
-10.555555555555555,-7.479296684265137
0.6666666666666666,-3.0419697761535645
8.0,0.8539375066757202
0.2222222222222222,-1.8275376558303833
-2.6666666666666665,-2.340369701385498
-5.111111111111111,-3.977262258529663
-9.333333333333334,-5.094763278961182
-0.3333333333333333,-2.066253662109375
2.6666666666666665,-7.9773054122924805
-8.88888888888889,-8.806347846984863
-5.555555555555555,-5.766385555267334
1.5555555555555556,-5.303567409515381
-4.444444444444445,-1.5052003860473633
-8.0,-2.89277982711792
5.222222222222222,0.7435426712036133
-1.8888888888888888,-2.598311424255371
-7.555555555555555,-3.778602123260498
4.0,9.313079833984375
0.1111111111111111,-0.2753528952598572
1.4444444444444444,0.31060338020324707
-2.0,-0.42806434631347656
-2.7777777777777777,-2.4474146366119385
-6.555555555555555,-3.802630662918091
-8.666666666666666,-8.808976173400879
-5.0,-6.154641628265381
-3.7777777777777777,-5.73466157913208
9.555555555555555,1.7715551853179932
-10.22222222222222,-9.120244026184082
9.0,11.486126899719238
-2.7777777777777777,2.129301071166992
-1.5555555555555556,2.4012691974639893
-1.8888888888888888,3.362200975418091
2.4444444444444446,0.6994458436965942
-5.222222222222222,-5.008042335510254
-1.6666666666666667,-1.7549635171890259
5.888888888888889,3.628692150115967
-6.666666666666667,-7.305117607116699
-0.2222222222222222,-2.361339569091797
-6.666666666666667,-3.908140182495117
-5.111111111111111,0.825698971748352
0.3333333333333333,-2.025460720062256
-0.4444444444444444,2.7110953330993652
-4.444444444444445,-4.580794334411621
3.4444444444444446,2.450930595397949
-0.7777777777777778,-1.7867575883865356
-9.555555555555555,-2.413238763809204
-5.333333333333333,-6.068542003631592
5.222222222222222,1.9758211374282837
6.444444444444445,5.7032647132873535
5.111111111111111,-1.1098980903625488
4.888888888888889,-2.5032577514648438
-6.0,0.4813563823699951
-5.666666666666667,-3.49177885055542
37.77777777777778,18.232929229736328
-7.111111111111111,-5.4118475914001465
-1.4444444444444444,-6.047251224517822
6.777777777777778,0.04442153871059418
-9.444444444444445,-1.7240647077560425
-6.333333333333333,-2.085409641265869
-0.4444444444444444,-3.785003185272217
5.111111111111111,-4.982545852661133
9.11111111111111,0.8343394994735718
-1.7777777777777777,0.8844896554946899
-7.888888888888889,-4.240856647491455
-3.6666666666666665,-1.1650391817092896
-2.888888888888889,-0.3365812301635742
-8.0,-5.948405742645264
-2.4444444444444446,-2.929243803024292
7.888888888888889,9.220015525817871
-0.2222222222222222,-2.252218008041382
-0.5555555555555556,-1.1954989433288574
-2.7777777777777777,-2.461577892303467
-3.555555555555556,-2.9412951469421387
-0.5555555555555556,-1.1473087072372437
-2.111111111111111,-2.3894684314727783
-1.5555555555555556,-0.4762071371078491
2.4444444444444446,1.1533877849578857
-8.11111111111111,-3.1588923931121826
-0.6666666666666666,-2.175644874572754
3.0,-3.947350025177002
-1.4444444444444444,-2.6273868083953857
9.666666666666666,2.7880146503448486
3.111111111111111,6.991279125213623
-12.555555555555555,-3.3238108158111572
4.666666666666667,2.924084424972534
-12.0,-13.51467514038086
-10.88888888888889,-5.490130424499512
17.11111111111111,15.696215629577637
9.22222222222222,8.561080932617188
-1.3333333333333333,-0.8749001026153564
5.666666666666667,3.322307586669922
-5.666666666666667,-2.6992437839508057
-3.888888888888889,-8.589064598083496
-8.11111111111111,-3.969054937362671
-9.444444444444445,-3.888707160949707
-2.7777777777777777,-0.9305906295776367
-5.888888888888889,-4.136294364929199
8.555555555555555,-2.814495325088501
-3.555555555555556,-1.4460606575012207
2.555555555555556,6.860919952392578
-25.22222222222222,-7.02069091796875
5.888888888888889,1.2526881694793701
-2.7777777777777777,-0.029104560613632202
-6.444444444444445,-6.057438850402832
-17.444444444444443,-13.855198860168457
-0.1111111111111111,4.109233856201172
-4.666666666666667,-3.155925750732422
-1.7777777777777777,-1.3586461544036865
-0.2222222222222222,-3.1212832927703857
6.111111111111111,1.287708044052124
-5.444444444444445,-3.486989736557007
-4.222222222222222,-7.488708972930908
-3.6666666666666665,1.649710774421692
-2.4444444444444446,-4.734692573547363
-10.0,-2.9783782958984375
8.333333333333334,-2.313153028488159
25.55555555555556,25.390241622924805
-2.555555555555556,-3.6650726795196533
-4.555555555555555,3.5853238105773926
-1.3333333333333333,-3.143007755279541
22.666666666666668,23.493009567260742
3.2222222222222223,8.731069564819336
-3.2222222222222223,-4.593972206115723
-1.2222222222222223,-3.9467334747314453
-1.1111111111111112,-0.2507915496826172
-6.111111111111111,-4.138577938079834
-12.555555555555555,-5.5188164710998535
13.11111111111111,8.798927307128906
8.88888888888889,-3.9834671020507812
-2.2222222222222223,-4.335325717926025
-8.666666666666666,-3.619473457336426
-11.555555555555555,-1.2579842805862427
-3.2222222222222223,0.8724431991577148
-2.0,3.3721604347229004
-1.5555555555555556,-8.19131851196289
-6.111111111111111,-2.2339842319488525
2.0,1.5826199054718018
-8.333333333333334,-6.863511562347412
-2.4444444444444446,-3.1712658405303955
4.222222222222222,-4.907190799713135
26.22222222222222,-5.472292900085449
-5.0,-3.8674144744873047
-2.2222222222222223,-4.020049571990967
1.1111111111111112,-2.206382989883423
-10.0,-6.519824028015137
4.555555555555555,-5.787783622741699
3.6666666666666665,1.6050233840942383
-11.666666666666666,-8.130234718322754
12.22222222222222,3.7360727787017822
-0.3333333333333333,-3.370420455932617
-9.11111111111111,-5.04866361618042
-1.4444444444444444,-5.449530124664307
-3.4444444444444446,-3.62101674079895
-10.11111111111111,-1.088066577911377
-2.111111111111111,-2.6893792152404785
15.666666666666666,7.847287178039551
-3.888888888888889,1.624250054359436
-3.2222222222222223,-5.426092624664307
2.0,-0.9761245250701904
-4.666666666666667,-2.975083351135254
1.7777777777777777,-2.8771164417266846
1.0,-1.1667784452438354
-1.3333333333333333,-1.051120400428772
-5.222222222222222,-5.316950798034668
-0.2222222222222222,0.3433492183685303
-3.0,-1.6090333461761475
-6.555555555555555,-5.428770542144775
-1.3333333333333333,-2.1755759716033936
-2.111111111111111,-3.29146409034729
9.555555555555555,-0.7996371984481812
0.7777777777777778,-4.038444995880127
38.11111111111112,23.723907470703125
0.0,-0.18204748630523682
-4.222222222222222,-4.915234565734863
1.3333333333333333,-4.51613712310791
8.555555555555555,1.674423098564148
-3.555555555555556,-3.1599314212799072
33.0,23.34541893005371
-4.777777777777778,-2.407011032104492
29.0,18.449216842651367
-12.555555555555555,-10.998066902160645
2.111111111111111,-2.829481601715088
-3.2222222222222223,-6.930880546569824
-7.111111111111111,-9.675454139709473
-4.222222222222222,-4.778219223022461
-7.444444444444445,-4.9272871017456055
-10.0,-3.1411166191101074
7.888888888888889,7.043339729309082
1.6666666666666667,-2.7690014839172363
-4.0,-2.66723370552063
-2.888888888888889,-0.503422737121582
0.5555555555555556,1.4603174924850464
-14.333333333333334,-4.859184265136719
-9.0,0.8242429494857788
-4.888888888888889,-0.021073460578918457
-4.111111111111111,-3.080134153366089
-0.5555555555555556,2.3144614696502686
-1.6666666666666667,1.715587854385376
-1.3333333333333333,-1.5129679441452026
-5.666666666666667,0.8546631336212158
-6.111111111111111,3.8754751682281494
0.8888888888888888,-2.0719282627105713
-5.0,-0.6354885101318359
-14.77777777777778,-7.810530662536621
0.8888888888888888,0.36849474906921387
2.2222222222222223,10.72481632232666
2.7777777777777777,1.9982296228408813
7.666666666666667,1.4510263204574585
-2.555555555555556,3.08735990524292
-5.111111111111111,2.3398027420043945
-1.1111111111111112,-1.2153462171554565
8.222222222222221,15.37575626373291
9.333333333333334,-3.993330955505371
7.888888888888889,4.143611431121826
0.3333333333333333,-7.428722858428955
-8.0,-3.316232442855835
-7.555555555555555,12.358186721801758
-4.777777777777778,-2.5116655826568604
-0.3333333333333333,0.22949159145355225
-5.333333333333333,-6.178346157073975
4.333333333333333,0.020346343517303467
-1.4444444444444444,1.3177837133407593
-2.888888888888889,-4.512233734130859
3.111111111111111,-3.537706136703491
17.333333333333332,11.093668937683105
2.0,0.3989565372467041
-13.88888888888889,-5.01284122467041
-4.444444444444445,-5.293776512145996
-11.666666666666666,-10.677706718444824
-4.444444444444445,-4.861062526702881
-4.222222222222222,-1.2544243335723877
-7.333333333333333,-5.4828643798828125
-3.2222222222222223,-5.652907371520996
-3.4444444444444446,0.32904505729675293
-3.111111111111111,-1.5941879749298096
-5.333333333333333,-6.096446990966797
7.888888888888889,8.645277976989746
19.88888888888889,14.246284484863281
-0.1111111111111111,1.430781364440918
-2.555555555555556,0.22440534830093384
-6.888888888888889,-2.0895144939422607
-6.111111111111111,-2.644909143447876
-1.5555555555555556,-0.0673336386680603
-4.333333333333333,-11.832523345947266
0.6666666666666666,-2.502810001373291
-24.0,-0.08958137035369873
-4.222222222222222,0.7315232753753662
-1.0,-3.9369184970855713
1.3333333333333333,-1.1602481603622437
-12.666666666666666,-4.927043914794922
-7.0,-5.131999492645264
-1.3333333333333333,2.1087307929992676
-7.0,-6.262000560760498
5.888888888888889,4.872320652008057
-8.11111111111111,-8.026029586791992
-5.777777777777778,-1.8861228227615356
-2.888888888888889,0.6827538013458252
-12.77777777777778,-4.501898288726807
-6.444444444444445,-4.200594902038574
-2.4444444444444446,-3.4549238681793213
6.0,6.24244499206543
-8.666666666666666,7.276283264160156
-2.111111111111111,-1.989405870437622
11.11111111111111,4.867696762084961
5.333333333333333,0.28453293442726135
2.4444444444444446,2.450263023376465
-3.7777777777777777,-3.7911417484283447
-1.8888888888888888,-0.2505195736885071
-0.7777777777777778,-5.604481220245361
-5.111111111111111,-8.29134464263916
0.6666666666666666,-0.009604692459106445
-1.3333333333333333,2.6228251457214355
18.77777777777778,22.305583953857422
7.0,2.5740599632263184
-22.55555555555556,-11.46733283996582
-5.333333333333333,0.925205409526825
-0.7777777777777778,1.1924409866333008
10.444444444444445,-5.4163594245910645
-1.4444444444444444,-1.2269090414047241
-0.8888888888888888,-4.418935775756836
10.0,9.140809059143066
23.0,18.90692901611328
0.1111111111111111,-2.961482048034668
-1.6666666666666667,0.0032671689987182617
-8.88888888888889,0.4705076813697815
-10.444444444444445,-7.093244552612305
-1.0,0.6214051842689514
0.6666666666666666,0.81293785572052
-4.111111111111111,-3.735912322998047
18.11111111111111,2.5311594009399414
-1.3333333333333333,-4.104443550109863
-6.333333333333333,-1.1846680641174316
-6.666666666666667,-4.997593402862549
-4.111111111111111,-1.006329894065857
-7.555555555555555,-6.902273178100586
-10.555555555555555,-3.675605058670044
0.5555555555555556,-3.2492785453796387
5.555555555555555,2.3501875400543213
-0.1111111111111111,0.31903737783432007
-2.888888888888889,-4.422000885009766
2.4444444444444446,0.8218069076538086
-2.888888888888889,-6.620617389678955
18.666666666666668,20.88780975341797
1.2222222222222223,-0.29569733142852783
-2.2222222222222223,1.2625678777694702
-1.0,-0.8029518723487854
5.222222222222222,7.108948230743408
4.222222222222222,1.0343701839447021
-0.2222222222222222,-1.2642379999160767
16.444444444444443,-0.7390474677085876
-8.0,-8.436363220214844
-11.666666666666666,-12.777508735656738
0.1111111111111111,-2.639944076538086
2.2222222222222223,1.8037190437316895
-5.333333333333333,-8.38861083984375
-2.333333333333333,-3.1533188819885254
-3.555555555555556,-4.130468368530273
-3.111111111111111,-0.6149342656135559
-9.22222222222222,-5.7896623611450195
-9.666666666666666,0.8567841053009033
-6.333333333333333,-3.4822967052459717
-8.333333333333334,-9.940268516540527
-11.555555555555555,-6.464648723602295
-8.333333333333334,-9.054672241210938
25.0,8.317595481872559
-5.222222222222222,-3.7415268421173096
3.555555555555556,-0.8787438869476318
-2.333333333333333,-1.7417277097702026
-13.666666666666666,-4.330541133880615
-2.333333333333333,-3.857245922088623
-6.444444444444445,0.07882079482078552
10.22222222222222,5.616866588592529
-4.888888888888889,-9.293403625488281
6.444444444444445,13.235548973083496
2.0,2.1561851501464844
15.0,0.43969762325286865
-10.0,-17.583555221557617
-5.666666666666667,-0.059462904930114746
-3.7777777777777777,-5.018357753753662
1.2222222222222223,-2.576728343963623
-1.4444444444444444,2.657716751098633
-4.222222222222222,-6.656406879425049
2.4444444444444446,2.6802968978881836
2.333333333333333,2.794689893722534
-7.666666666666667,-1.2732757329940796
-0.2222222222222222,-1.305427074432373
0.2222222222222222,-0.708066463470459
1.2222222222222223,-1.5008809566497803
-4.888888888888889,-6.895673751831055
-1.2222222222222223,0.30582690238952637
0.7777777777777778,-2.835764169692993
-1.5555555555555556,-4.699687480926514
-4.444444444444445,-2.2858006954193115
-1.1111111111111112,-5.007993221282959
-3.111111111111111,-2.489107370376587
-0.2222222222222222,-4.402062892913818
3.0,1.5184731483459473
30.0,15.879207611083984
12.88888888888889,17.55792808532715
-0.3333333333333333,-0.98997962474823
41.55555555555556,-2.9264891147613525
-13.333333333333334,-5.486103057861328
-10.555555555555555,-2.5132639408111572
0.7777777777777778,-3.5998446941375732
0.3333333333333333,-2.082831859588623
-3.555555555555556,1.1919173002243042
7.222222222222222,6.94987154006958
4.666666666666667,2.246241569519043
-9.88888888888889,-9.358973503112793
-6.111111111111111,-2.287457227706909
-3.4444444444444446,-4.370426654815674
7.888888888888889,6.9253621101379395
0.2222222222222222,-0.16712170839309692
-0.3333333333333333,-0.08163562417030334
2.4444444444444446,11.56665325164795
0.3333333333333333,-0.2586383819580078
-4.777777777777778,-4.917587757110596
-2.111111111111111,-3.9254331588745117
-6.111111111111111,-0.32978880405426025
3.333333333333333,0.31017863750457764
0.8888888888888888,0.200697660446167
-4.777777777777778,-1.1926798820495605
-3.888888888888889,-4.884858131408691
-10.0,-5.318073749542236
-21.33333333333333,-11.0950927734375
-4.444444444444445,-4.546828269958496
2.0,3.5664448738098145
-5.222222222222222,-5.4156060218811035
1.2222222222222223,1.221894383430481
-9.666666666666666,-7.4961371421813965
-7.222222222222222,-1.8531944751739502
-6.555555555555555,-2.6792781352996826
-8.777777777777779,-8.945939064025879
-8.11111111111111,-5.5280961990356445
0.3333333333333333,-6.0413923263549805
0.4444444444444444,0.4948912262916565
0.1111111111111111,-6.148650646209717
13.22222222222222,3.7910993099212646
-3.888888888888889,-2.303309440612793
-0.8888888888888888,-0.3601023256778717
-4.777777777777778,-7.747350692749023
-9.22222222222222,-3.196014642715454
3.111111111111111,-1.7816592454910278
2.2222222222222223,5.182986736297607
-10.555555555555555,-4.2240824699401855
-1.0,-2.4011566638946533
-11.0,-1.2185695171356201
-4.666666666666667,-0.3656570315361023
-4.0,-1.4074279069900513
3.6666666666666665,1.0819674730300903
-1.0,2.3891096115112305
3.0,3.0329031944274902
-9.444444444444445,-4.458804130554199
3.333333333333333,0.833939790725708
-4.111111111111111,-6.229151725769043
6.555555555555555,2.723810911178589
3.333333333333333,4.566294193267822
-7.222222222222222,-4.599696159362793
0.4444444444444444,1.94033944606781
-2.7777777777777777,-6.46115255355835
-2.2222222222222223,-3.8288698196411133
-2.6666666666666665,-8.700562477111816
-1.7777777777777777,-1.7391294240951538
13.22222222222222,17.099323272705078
-3.2222222222222223,-3.2439029216766357
-6.888888888888889,-5.319884300231934
-8.666666666666666,-9.820029258728027
2.0,-0.2670142650604248
0.0,-1.772589921951294
-2.888888888888889,1.0190668106079102
-5.888888888888889,-6.746326923370361
5.555555555555555,5.6433024406433105
-4.0,-2.9219963550567627
6.444444444444445,6.286533355712891
-3.555555555555556,-0.502051830291748
-1.3333333333333333,-9.332318305969238
2.0,-0.8128184676170349
-6.0,-6.300421714782715
-18.88888888888889,-18.157115936279297
-13.555555555555555,-8.4442138671875
-2.888888888888889,-5.808111190795898
6.444444444444445,0.4116078019142151
-4.111111111111111,-8.141988754272461
-6.555555555555555,-7.18079948425293
-3.111111111111111,-1.0708404779434204
-1.5555555555555556,-3.716648817062378
-1.7777777777777777,-5.837092876434326
5.555555555555555,3.3564348220825195
-1.5555555555555556,0.46032512187957764
12.77777777777778,15.722428321838379
-7.777777777777778,-1.9369065761566162
1.3333333333333333,3.336162567138672
-2.555555555555556,0.6697567105293274
19.22222222222222,15.477622985839844
4.666666666666667,-2.2789523601531982
-5.888888888888889,-2.7761824131011963
-7.888888888888889,-2.3443663120269775
10.77777777777778,-4.020779132843018
32.111111111111114,20.11198616027832
-5.666666666666667,-1.1133233308792114
9.11111111111111,6.005518913269043
8.777777777777779,0.6963455080986023
-9.11111111111111,-7.489109039306641
4.555555555555555,3.4276843070983887
3.4444444444444446,0.9790835976600647
-11.555555555555555,-7.877817153930664
-3.0,-3.8112995624542236
-5.222222222222222,0.2527506351470947
1.1111111111111112,-0.26428210735321045
-9.555555555555555,-3.5418434143066406
-3.888888888888889,-2.9689319133758545
-0.3333333333333333,-4.236048221588135
1.6666666666666667,-3.2929704189300537
-8.555555555555555,-6.378836154937744
11.333333333333334,6.5331034660339355
8.88888888888889,2.955340623855591
-4.222222222222222,-1.7929012775421143
-0.6666666666666666,-0.08467340469360352
-8.333333333333334,-6.6233038902282715
-2.888888888888889,-2.0522165298461914
-9.77777777777778,-12.305984497070312
-2.4444444444444446,-2.9467079639434814
7.222222222222222,5.210836410522461
-11.11111111111111,-2.538062334060669
-3.2222222222222223,-1.846016764640808
3.555555555555556,0.5798517465591431
-1.2222222222222223,1.7715190649032593
-15.11111111111111,2.4480390548706055
-8.222222222222221,-7.558295249938965
1.5555555555555556,-1.2119596004486084
-6.222222222222222,-0.7714045643806458
-2.888888888888889,-0.5744428634643555
-1.3333333333333333,-0.15209650993347168
4.0,-1.0603042840957642
5.666666666666667,14.48949146270752
6.777777777777778,0.9939584732055664
-3.6666666666666665,-3.083254098892212
-5.222222222222222,-2.540072441101074
-6.0,-9.874968528747559
0.4444444444444444,-6.454967498779297
-4.444444444444445,-1.0247372388839722
-6.888888888888889,-7.852078437805176
-0.1111111111111111,-4.803886413574219
-5.555555555555555,-4.777037143707275
-8.666666666666666,0.5095148086547852
3.4444444444444446,0.252313494682312
-0.8888888888888888,3.817397117614746
-2.6666666666666665,-3.292463541030884
-1.3333333333333333,-1.5575194358825684
2.4444444444444446,-1.829694390296936
-9.22222222222222,-8.471595764160156
-12.333333333333334,-4.544284343719482
25.666666666666668,17.242666244506836
2.4444444444444446,0.09189772605895996
2.2222222222222223,-1.46017324924469
-1.2222222222222223,0.33540332317352295
-2.6666666666666665,-1.1953412294387817
-5.333333333333333,-3.1223301887512207
0.0,2.062927722930908
-1.4444444444444444,-1.875435709953308
-3.555555555555556,-5.064968109130859
-0.5555555555555556,-3.0922536849975586
-5.222222222222222,-7.814905166625977
-2.0,-2.1572723388671875
3.555555555555556,-0.7238465547561646
3.555555555555556,-0.07426798343658447
-1.0,0.1662076711654663
5.222222222222222,2.517997980117798
-11.11111111111111,-10.933621406555176
-6.222222222222222,-8.493925094604492
-8.11111111111111,-4.967534065246582
5.333333333333333,1.0555894374847412
-1.8888888888888888,-0.1504366397857666
1.7777777777777777,3.6842355728149414
-1.4444444444444444,-4.394962310791016
-2.0,-6.514845371246338
-10.22222222222222,-6.382469177246094
2.2222222222222223,-0.8071829676628113
7.111111111111111,4.554111480712891
-5.0,-3.345557451248169
23.33333333333333,12.143085479736328
2.888888888888889,-0.3342294692993164
-0.3333333333333333,-0.08724051713943481
-2.7777777777777777,-1.3947726488113403
20.11111111111111,7.302810192108154
-6.555555555555555,-0.6965717673301697
-5.888888888888889,-0.18139228224754333
-13.0,-3.858257293701172
-2.6666666666666665,-0.44816720485687256
-4.666666666666667,-3.745697021484375
0.8888888888888888,-0.7606469392776489
-2.111111111111111,-2.213630437850952
21.55555555555556,26.094751358032227
4.444444444444445,2.3149161338806152
1.2222222222222223,0.19497883319854736
13.333333333333334,15.231415748596191
-17.22222222222222,-5.657798767089844
13.11111111111111,8.601140022277832
3.555555555555556,3.681666851043701
-3.4444444444444446,-5.281614303588867
11.22222222222222,0.9331080913543701
-4.555555555555555,1.9971158504486084
1.4444444444444444,-3.2536590099334717
-5.0,-2.717423915863037
15.22222222222222,9.794679641723633
4.444444444444445,1.5052177906036377
-7.666666666666667,-0.6629148125648499
-3.111111111111111,-3.7845911979675293
-6.666666666666667,-4.222972393035889
0.4444444444444444,0.6082987189292908
-4.111111111111111,-0.5169969201087952
-2.2222222222222223,-0.18972176313400269
16.88888888888889,13.754776000976562
-4.0,-7.10597038269043
-11.333333333333334,-9.363731384277344
0.5555555555555556,-0.7415958642959595
8.777777777777779,8.865238189697266
1.0,-1.6963582038879395
-3.2222222222222223,-5.317535877227783
0.0,-1.844547986984253
3.2222222222222223,0.7304149866104126
1.2222222222222223,4.3819451332092285
-4.111111111111111,-2.849609375
-2.4444444444444446,-4.361443996429443
2.0,-1.657350778579712
-4.444444444444445,-3.401994228363037
-8.666666666666666,-2.924027919769287
-1.7777777777777777,2.1288411617279053
-4.333333333333333,-1.893578290939331
-5.333333333333333,-5.384222507476807
2.0,-0.02964538335800171
-0.2222222222222222,0.6859519481658936
4.222222222222222,-3.926809310913086
6.444444444444445,-0.7718231081962585
-15.88888888888889,-4.043535232543945
21.0,16.922893524169922
9.444444444444445,6.92749547958374
1.2222222222222223,6.60767936706543
-7.888888888888889,-2.450716018676758
-2.4444444444444446,-2.1673877239227295
4.111111111111111,0.8717488646507263
3.888888888888889,4.454074859619141
-4.111111111111111,-7.171599864959717
-5.333333333333333,-5.320183277130127
31.22222222222222,2.278831720352173
-4.888888888888889,-3.6449332237243652
-5.777777777777778,-5.32768440246582
-1.8888888888888888,-1.889526128768921
19.55555555555556,14.781143188476562
-2.0,-6.921745777130127
3.111111111111111,9.815415382385254
-1.1111111111111112,-0.22097402811050415
11.22222222222222,3.190661668777466
3.555555555555556,-0.8911178708076477
-0.8888888888888888,-3.2564682960510254
24.88888888888889,15.230463981628418
-4.111111111111111,3.4297475814819336
13.88888888888889,13.113679885864258
-1.5555555555555556,-0.2747761607170105
-7.111111111111111,-6.8671674728393555
-15.666666666666666,-6.008006572723389
-22.88888888888889,-7.267905235290527
9.666666666666666,3.8223721981048584
2.2222222222222223,13.092073440551758
-3.4444444444444446,-2.3660781383514404
-6.555555555555555,-7.176232814788818
-14.0,-7.966090202331543
2.2222222222222223,0.21889066696166992
1.2222222222222223,1.6364598274230957
-5.333333333333333,1.2965883016586304
-6.333333333333333,-3.874789237976074
-4.0,1.084914207458496
-3.2222222222222223,-1.4593489170074463
-1.8888888888888888,-0.910017192363739
0.3333333333333333,0.7875884175300598
7.777777777777778,3.265448808670044
-1.0,-1.7850974798202515
-1.6666666666666667,0.6692301630973816
-17.22222222222222,-4.342435359954834
-2.333333333333333,-0.9254239797592163
11.666666666666666,13.11830997467041
-0.6666666666666666,3.6582322120666504
1.2222222222222223,-1.3397730588912964
19.33333333333333,2.04579758644104
-3.888888888888889,-4.373625755310059
9.333333333333334,0.9314605593681335
-2.555555555555556,-0.6190600395202637
-7.555555555555555,-0.6130315065383911
-0.1111111111111111,-0.21672596037387848
3.888888888888889,2.396819829940796
-7.888888888888889,-9.678252220153809
-1.0,0.7893359065055847
-1.2222222222222223,-0.0875885933637619
-6.222222222222222,-10.564895629882812
-1.3333333333333333,0.43306565284729004
-3.4444444444444446,-1.8098393678665161
0.7777777777777778,5.111847877502441
-6.333333333333333,-4.193873405456543
-8.666666666666666,-4.249383449554443
-0.3333333333333333,-2.114210844039917
1.1111111111111112,0.41429805755615234
3.7777777777777777,7.082895755767822
-4.888888888888889,-0.4852278232574463
7.666666666666667,6.138343334197998
7.333333333333333,13.429213523864746
10.11111111111111,0.5829799175262451
-2.7777777777777777,4.720221519470215
-3.555555555555556,0.7985343933105469
-4.0,-3.6515800952911377
-5.333333333333333,-3.379411220550537
1.6666666666666667,2.097956657409668
-2.555555555555556,-2.0392584800720215
12.22222222222222,8.296954154968262
-2.888888888888889,1.086376667022705
-4.444444444444445,-0.6072472333908081
-3.6666666666666665,-2.1821353435516357
-0.7777777777777778,-4.239543437957764
6.333333333333333,6.325153827667236
-9.555555555555555,-1.4198646545410156
-6.111111111111111,-6.843775749206543
0.8888888888888888,0.8536064624786377
4.222222222222222,-0.6522617936134338
-26.0,-1.0768449306488037
12.88888888888889,15.191475868225098
-4.444444444444445,-4.5126237869262695
-3.6666666666666665,-3.751544237136841
2.0,3.500332832336426
-8.11111111111111,-3.4753048419952393
-0.2222222222222222,-3.084036350250244
4.888888888888889,0.6483455300331116
-4.888888888888889,-5.891616344451904
-3.555555555555556,-0.40944337844848633
6.888888888888889,1.16810941696167
13.333333333333334,8.748205184936523
1.5555555555555556,1.232938289642334
-3.4444444444444446,-2.802464246749878
0.1111111111111111,2.4119834899902344
3.2222222222222223,-2.3311572074890137
-6.222222222222222,-0.6930272579193115
-7.0,-6.630728721618652
4.333333333333333,4.579957962036133
0.7777777777777778,1.3410942554473877
2.4444444444444446,1.569819450378418
-0.2222222222222222,-2.076690673828125
7.333333333333333,2.8506815433502197
0.3333333333333333,-1.786673903465271
-2.6666666666666665,0.16578960418701172
0.2222222222222222,0.27675724029541016
-2.555555555555556,-4.985029220581055
-2.2222222222222223,-1.9899892807006836
-1.2222222222222223,1.3105583190917969
8.777777777777779,0.9011662602424622
-1.3333333333333333,0.03693917393684387
5.222222222222222,2.61476731300354
0.1111111111111111,-0.11777213215827942
-3.333333333333333,-3.4318089485168457
2.6666666666666665,0.5595643520355225
-6.555555555555555,-1.3372511863708496
-17.88888888888889,-8.927678108215332
5.555555555555555,2.156278133392334
6.333333333333333,11.2189359664917
4.777777777777778,2.318908452987671
11.22222222222222,9.557251930236816
1.6666666666666667,5.5200605392456055
-11.22222222222222,-11.040265083312988
-4.555555555555555,-0.7960254549980164
-4.222222222222222,-3.7596611976623535
0.5555555555555556,2.102299213409424
-8.11111111111111,-11.473881721496582
10.0,7.774079322814941
3.888888888888889,1.3970024585723877
-2.555555555555556,-5.748451232910156
-3.333333333333333,-0.5912981033325195
0.7777777777777778,3.3708574771881104
-4.0,-2.0108959674835205
-2.333333333333333,-3.762315034866333
1.8888888888888888,-0.864759087562561
19.88888888888889,4.867528438568115
-12.333333333333334,-4.509737014770508
-5.222222222222222,-3.9130613803863525
-7.777777777777778,-4.522024154663086
0.6666666666666666,0.66016685962677
0.7777777777777778,-0.5014853477478027
4.444444444444445,2.0028600692749023
-5.111111111111111,0.767481803894043
-3.333333333333333,-3.292680501937866
-14.77777777777778,-10.740331649780273
5.0,-1.6144558191299438
-2.0,-3.284022092819214
-1.6666666666666667,1.0569077730178833
-1.5555555555555556,-1.0536463260650635
-2.4444444444444446,-5.7296600341796875
7.777777777777778,7.017804145812988
1.2222222222222223,0.3668506145477295
-9.11111111111111,-0.7901737689971924
-1.8888888888888888,6.788681507110596
-5.555555555555555,-3.4809343814849854
1.3333333333333333,5.178101539611816
-0.5555555555555556,1.9553338289260864
-7.222222222222222,0.6654000878334045
15.444444444444445,25.199440002441406
-13.22222222222222,-2.494579792022705
-6.111111111111111,1.1716482639312744
-0.7777777777777778,-4.770312786102295
-13.0,-1.2973777055740356
-7.111111111111111,-1.713895320892334
-5.777777777777778,-2.0154967308044434
-2.111111111111111,-0.7217568159103394
-5.444444444444445,-4.4864044189453125
-3.333333333333333,-3.0980021953582764
0.0,2.4113101959228516
3.0,0.24916207790374756
26.444444444444443,25.47495460510254
2.6666666666666665,3.7380332946777344
-6.555555555555555,0.24916207790374756
-4.777777777777778,10.872223854064941
5.222222222222222,3.2566606998443604
-16.666666666666668,-10.731311798095703
5.888888888888889,-3.3299667835235596
-5.0,-0.5712835788726807
-4.555555555555555,-0.7903404831886292
-4.555555555555555,-1.691504955291748
2.2222222222222223,-4.843491554260254
1.5555555555555556,-2.247884511947632
-0.8888888888888888,-6.721382141113281
-8.444444444444445,-5.96392822265625
-2.7777777777777777,1.6493204832077026
4.0,2.767453670501709
-0.1111111111111111,4.710691928863525
7.555555555555555,7.555312633514404
-2.333333333333333,0.4564841389656067
-4.333333333333333,-5.213834762573242
0.3333333333333333,-3.2173357009887695
-3.0,2.5857577323913574
3.333333333333333,-6.70612096786499
-4.555555555555555,-3.984384059906006
1.3333333333333333,-5.287718296051025
1.6666666666666667,-2.671440362930298
-4.555555555555555,-9.686025619506836
15.22222222222222,10.834770202636719
-3.7777777777777777,-6.076689720153809
-0.3333333333333333,-3.273042678833008
-2.111111111111111,-2.4907021522521973
-1.7777777777777777,2.448981761932373
-0.7777777777777778,0.548123300075531
-4.888888888888889,-6.653046607971191
-3.111111111111111,0.9893194437026978
-1.4444444444444444,-5.374900817871094
-5.777777777777778,8.09388542175293
16.88888888888889,11.483811378479004
0.1111111111111111,-3.335017681121826
-4.888888888888889,-5.603061199188232
3.4444444444444446,-2.3928918838500977
-2.555555555555556,-3.863698959350586
0.0,-1.1295018196105957
0.8888888888888888,-3.286051034927368
-20.0,-10.917118072509766
3.333333333333333,-7.565065383911133
-2.4444444444444446,-0.847369372844696
-8.777777777777779,-7.206216812133789
-6.666666666666667,-3.37199330329895
-2.888888888888889,1.9398250579833984
-5.444444444444445,-7.695077419281006
-8.555555555555555,-5.509963035583496
-0.4444444444444444,0.5530107021331787
-2.111111111111111,-0.9309565424919128
3.4444444444444446,-0.6127920150756836
-7.333333333333333,-5.134460926055908
-1.4444444444444444,-3.6054816246032715
-11.88888888888889,-0.2979879379272461
-5.555555555555555,-2.0312955379486084
-6.333333333333333,-1.8988975286483765
-1.0,2.0574746131896973
0.4444444444444444,-1.2486757040023804
-11.444444444444445,-9.82845687866211
7.222222222222222,4.330564022064209
-2.333333333333333,-2.4930567741394043
-8.222222222222221,-5.695457935333252
1.7777777777777777,3.1479718685150146
-11.333333333333334,-9.820406913757324
-4.333333333333333,-1.8380649089813232
-9.555555555555555,-1.2168490886688232
0.4444444444444444,10.613247871398926
-8.777777777777779,-5.78670072555542
-8.333333333333334,-1.1085528135299683
-2.333333333333333,-2.420738458633423
19.55555555555556,3.1870107650756836
-7.222222222222222,-9.41556453704834
-2.888888888888889,-1.9450268745422363
-19.77777777777778,-11.078208923339844
7.111111111111111,9.009894371032715
-4.0,-4.008780479431152
-8.444444444444445,-8.233735084533691
6.444444444444445,6.105001449584961
13.11111111111111,1.2274447679519653
-1.6666666666666667,-4.472614765167236
1.7777777777777777,2.265611410140991
-3.6666666666666665,-2.4042129516601562
15.444444444444445,15.516312599182129
-0.3333333333333333,3.7107279300689697
37.0,12.826912879943848
-4.666666666666667,-3.698882579803467
-6.0,-5.828999042510986
34.55555555555556,31.48348045349121
-1.7777777777777777,-3.130667209625244
-3.888888888888889,2.514294385910034
20.77777777777778,6.159343242645264
-4.777777777777778,0.18386074900627136
-4.555555555555555,0.41778039932250977
-10.88888888888889,-1.8000997304916382
-19.88888888888889,-6.815392971038818
0.3333333333333333,-3.8153879642486572
-0.6666666666666666,-7.285490989685059
-11.444444444444445,0.34514081478118896
-6.666666666666667,-5.247278213500977
23.666666666666668,15.984416007995605
2.0,0.8615955114364624
-4.222222222222222,-5.373389720916748
-3.2222222222222223,-7.327540874481201
-2.555555555555556,-5.318075180053711
-0.6666666666666666,3.1481001377105713
-6.222222222222222,-0.0772397518157959
2.888888888888889,-2.3237805366516113
-0.8888888888888888,-0.9168614149093628
0.1111111111111111,-2.841360092163086
0.6666666666666666,-4.008318901062012
-23.88888888888889,-5.2542500495910645
-2.555555555555556,-3.4814064502716064
0.5555555555555556,-0.5420904159545898
-3.0,-7.398185729980469
-10.555555555555555,-8.620217323303223
3.333333333333333,-0.6332999467849731
3.111111111111111,7.717353343963623
0.2222222222222222,-4.630671501159668
-2.7777777777777777,-3.313112497329712
-1.3333333333333333,-2.9606640338897705
-2.6666666666666665,-5.7019195556640625
-10.555555555555555,-6.882776737213135
-2.0,-7.172360897064209
-1.7777777777777777,-5.384543418884277
-1.4444444444444444,-7.295873641967773
-12.88888888888889,-3.4479315280914307
-5.666666666666667,5.855597972869873
23.0,23.543439865112305
0.2222222222222222,-0.15817022323608398
14.666666666666666,6.741792678833008
5.0,-2.9119932651519775
-4.222222222222222,-4.246045112609863
-8.0,-7.58907413482666
1.5555555555555556,2.1737773418426514
0.1111111111111111,-0.33424443006515503
2.333333333333333,-0.3903046250343323
-3.7777777777777777,-3.644199848175049
-0.2222222222222222,-1.1851506233215332
2.555555555555556,3.655088424682617
-10.333333333333334,-10.73892593383789
0.3333333333333333,1.9904050827026367
-7.0,-2.230761766433716
-9.88888888888889,-9.096456527709961
4.666666666666667,4.207940101623535
-1.8888888888888888,0.5357809066772461
-3.888888888888889,-5.716833591461182
-13.0,-6.831597328186035
4.333333333333333,4.897345066070557
-2.7777777777777777,-5.498749256134033
-2.4444444444444446,-1.2724089622497559
9.444444444444445,8.343196868896484
14.666666666666666,5.02639627456665
-5.555555555555555,-6.565083980560303
-3.4444444444444446,-4.794339179992676
-9.333333333333334,-10.193244934082031
-1.8888888888888888,-1.813707947731018
-2.333333333333333,-5.7552008628845215
5.555555555555555,-0.9168622493743896
-3.111111111111111,-3.1241822242736816
11.88888888888889,5.935410022735596
-10.22222222222222,-5.579616546630859
2.888888888888889,-3.5003621578216553
9.555555555555555,2.1544363498687744
-0.4444444444444444,2.466273784637451
-7.333333333333333,-3.615015745162964
-8.666666666666666,-4.230170726776123
-5.777777777777778,-4.82869291305542
6.777777777777778,1.7785955667495728
-7.444444444444445,-3.3078408241271973
-0.5555555555555556,-3.6368026733398438
-2.7777777777777777,-0.4395601153373718
-4.222222222222222,-4.571807861328125
-3.555555555555556,-1.8625012636184692
0.4444444444444444,-0.2938433885574341
2.6666666666666665,1.7277345657348633
15.444444444444445,22.46446990966797
0.8888888888888888,1.2871992588043213
-3.0,-3.4393186569213867
-3.888888888888889,-2.029247760772705
-2.888888888888889,-5.553491592407227
-8.333333333333334,-4.115579128265381
-5.333333333333333,-5.171042442321777
-2.0,-4.495241165161133
-5.111111111111111,-6.3314738273620605
-1.6666666666666667,-4.7685465812683105
1.8888888888888888,-0.8349961042404175
-6.0,-4.582416534423828
3.6666666666666665,6.289840221405029
4.444444444444445,1.0651057958602905
-6.333333333333333,-6.954564094543457
-5.0,-5.370282173156738
-4.222222222222222,-3.962967872619629
-4.111111111111111,-2.6274869441986084
-0.7777777777777778,-0.6057896614074707
0.3333333333333333,1.9411803483963013
-2.888888888888889,-2.054572820663452
-2.7777777777777777,-3.5985512733459473
5.666666666666667,0.3609982132911682
-2.7777777777777777,-3.839364528656006
0.3333333333333333,-6.264266490936279
0.6666666666666666,0.8175082802772522
-10.666666666666666,-0.7276445031166077
-8.88888888888889,4.508638858795166
2.4444444444444446,-3.9958302974700928
-13.555555555555555,-9.846670150756836
2.4444444444444446,11.673893928527832
-1.6666666666666667,-6.637979507446289
18.444444444444443,7.417978286743164
-3.333333333333333,2.187791585922241
-2.888888888888889,-1.9239007234573364
-4.222222222222222,-3.164121150970459
-1.1111111111111112,-2.1475346088409424
-3.7777777777777777,-5.307016849517822
31.11111111111111,16.177459716796875
-2.2222222222222223,-5.534324645996094
-3.555555555555556,-8.340387344360352
-3.888888888888889,0.9587095379829407
-6.666666666666667,-6.285604953765869
-1.5555555555555556,-4.085869789123535
0.5555555555555556,-1.4980289936065674
-4.222222222222222,-2.4659790992736816
-18.22222222222222,-9.701111793518066
-2.333333333333333,-1.288414716720581
0.2222222222222222,-5.145331382751465
3.2222222222222223,-4.952337741851807
3.4444444444444446,1.2389600276947021
-2.333333333333333,-7.862828731536865
2.7777777777777777,-6.3017096519470215
1.3333333333333333,0.1580691933631897
-4.777777777777778,-5.070471286773682
-8.11111111111111,-9.31453800201416
-0.7777777777777778,-3.647862672805786
-7.444444444444445,-4.39367151260376
1.3333333333333333,1.341120958328247
-3.111111111111111,-4.3270463943481445
13.444444444444445,9.742838859558105
13.77777777777778,3.368053436279297
-2.888888888888889,1.4871137142181396
-3.111111111111111,-1.705345630645752
-4.333333333333333,-5.88214635848999
3.2222222222222223,7.283112525939941
-0.1111111111111111,-5.419021129608154
0.3333333333333333,-0.9297783970832825
0.0,0.5614174604415894
7.111111111111111,6.482170581817627
24.22222222222222,23.875408172607422
-6.0,-8.076587677001953
-11.0,-2.8391170501708984
-2.111111111111111,-0.8140829801559448
-2.4444444444444446,-4.002011775970459
-2.2222222222222223,3.3411507606506348
4.222222222222222,1.9414671659469604
-9.22222222222222,-6.758517265319824
10.333333333333334,11.07532024383545
-3.555555555555556,-1.517364740371704
17.555555555555557,16.035484313964844
1.8888888888888888,-3.4487056732177734
1.8888888888888888,6.3985795974731445
-5.666666666666667,-1.3463149070739746
14.88888888888889,12.433839797973633
0.6666666666666666,1.3548771142959595
1.1111111111111112,-1.8668420314788818
-3.333333333333333,-0.8712731599807739
3.4444444444444446,-0.9453884363174438
-6.555555555555555,-6.369042873382568
-6.888888888888889,-5.913972854614258
-2.888888888888889,-2.423112630844116
-2.2222222222222223,0.3783647418022156
2.333333333333333,0.7116169333457947
-4.666666666666667,-1.666466474533081
-2.888888888888889,-5.253988265991211
-0.7777777777777778,-3.6532785892486572
-9.77777777777778,-1.3017410039901733
-4.111111111111111,-4.693697929382324
-7.777777777777778,-8.55609130859375
-4.111111111111111,-6.634343147277832
0.8888888888888888,1.3296366930007935
-7.666666666666667,-6.227818489074707
-4.333333333333333,1.445400595664978
-11.666666666666666,-9.30808162689209
0.2222222222222222,-1.7825497388839722
-3.0,-3.444981098175049
-3.0,-2.507561683654785
8.444444444444445,15.34171199798584
-6.333333333333333,-8.681411743164062
-8.333333333333334,-5.854892253875732
-0.3333333333333333,-2.664442539215088
-7.222222222222222,-3.4381589889526367
-0.3333333333333333,1.5275013446807861
4.222222222222222,2.1241989135742188
-2.555555555555556,-2.226055383682251
-8.444444444444445,-6.992834091186523
-4.111111111111111,-1.0929168462753296
-0.1111111111111111,-6.462527751922607
-2.555555555555556,-0.5271754264831543
-2.4444444444444446,-6.596433639526367
-2.888888888888889,1.0923848152160645
10.11111111111111,4.906222820281982
-2.4444444444444446,-6.7294020652771
7.0,5.081533432006836
-4.222222222222222,-2.787250280380249
-2.4444444444444446,-0.3892688751220703
-12.11111111111111,-8.271524429321289
0.3333333333333333,0.39399033784866333
6.111111111111111,-3.366875648498535
-16.666666666666668,-11.266260147094727
1.8888888888888888,3.762545585632324
3.6666666666666665,3.4908699989318848
0.8888888888888888,-1.186471700668335
-6.777777777777778,-4.225988388061523
-9.333333333333334,-10.35250473022461
-13.0,-2.6888442039489746
1.3333333333333333,-6.500360488891602
2.333333333333333,5.625423431396484
-2.888888888888889,-0.47574079036712646
-8.0,2.5603935718536377
1.3333333333333333,-3.653364896774292
-1.0,-1.0408693552017212
1.6666666666666667,1.4769023656845093
8.333333333333334,-1.7605191469192505
3.6666666666666665,11.089600563049316
-3.111111111111111,0.6381864547729492
-7.444444444444445,-7.858470439910889
2.6666666666666665,-0.524511456489563
11.22222222222222,11.902985572814941
-2.0,-6.436431407928467
-2.555555555555556,-2.3133432865142822
-6.111111111111111,-5.59788703918457
-5.111111111111111,-3.4646825790405273
-8.777777777777779,-6.447846412658691
-10.11111111111111,-7.352404594421387
-0.5555555555555556,-3.073740243911743
1.8888888888888888,0.08745598793029785
-0.2222222222222222,-4.558557510375977
-13.666666666666666,-4.406059265136719
1.6666666666666667,-1.541969895362854
6.444444444444445,11.519761085510254
-5.111111111111111,-2.582592248916626
-1.0,0.19804343581199646
2.6666666666666665,-3.6740894317626953
-4.111111111111111,-3.8866987228393555
-2.2222222222222223,-5.629794597625732
-0.3333333333333333,-2.7042672634124756
-4.888888888888889,-3.8075315952301025
25.11111111111111,23.32286834716797
-10.88888888888889,-9.350552558898926
2.555555555555556,-3.610182046890259
-0.4444444444444444,-3.1381020545959473
-19.55555555555556,-3.534695863723755
-0.8888888888888888,-2.42507004737854
-6.555555555555555,-7.253235816955566
-4.222222222222222,-1.2473973035812378
-5.0,-3.840055465698242
-4.444444444444445,-4.126152515411377
-2.333333333333333,-1.3356741666793823
-3.888888888888889,-2.0831077098846436
-2.111111111111111,-5.360363960266113
-6.111111111111111,-1.8407002687454224
2.2222222222222223,-0.6660740375518799
-8.88888888888889,-10.54021167755127
1.8888888888888888,-2.6521761417388916
24.77777777777778,14.7075777053833
0.3333333333333333,-1.7267228364944458
-2.2222222222222223,-5.411978244781494
8.555555555555555,-2.807124137878418
-2.7777777777777777,2.018634080886841
3.4444444444444446,-1.4781438112258911
-2.555555555555556,-1.7462018728256226
2.555555555555556,-3.010511636734009
28.88888888888889,14.869468688964844
-18.11111111111111,-5.465903282165527
-5.666666666666667,16.071081161499023
-1.0,-5.856882095336914
0.3333333333333333,1.3702208995819092
0.3333333333333333,-1.3369054794311523
-1.3333333333333333,-2.3658759593963623
-4.888888888888889,-3.6229288578033447
-7.555555555555555,-1.5587266683578491
-6.888888888888889,-1.8020009994506836
-4.0,-4.876553535461426
1.6666666666666667,2.328606128692627
8.666666666666666,2.6639633178710938
1.7777777777777777,-2.3535711765289307
0.1111111111111111,0.6745583415031433
13.88888888888889,9.113444328308105
-0.3333333333333333,0.4373987913131714
8.444444444444445,1.2792139053344727
-0.2222222222222222,-3.3675782680511475
-6.555555555555555,-1.4572830200195312
2.6666666666666665,12.245923042297363
-4.555555555555555,-0.3966214954853058
-0.5555555555555556,4.6325249671936035
-1.0,0.1809214949607849
14.666666666666666,8.352431297302246
-2.4444444444444446,-4.393320560455322
-1.0,-4.894100666046143
-12.0,-7.173990249633789
-0.5555555555555556,-0.9656598567962646
-0.8888888888888888,2.0938470363616943
-6.888888888888889,-2.9160215854644775
-4.555555555555555,-5.213271617889404
0.1111111111111111,-3.265507936477661
-5.333333333333333,-8.892385482788086
-6.777777777777778,-5.795978546142578
27.88888888888889,20.272817611694336
-7.888888888888889,-6.052094459533691
-0.2222222222222222,-3.1220803260803223
6.222222222222222,0.4872312545776367
-14.444444444444445,-9.397315979003906
-5.555555555555555,-7.926589488983154
-13.555555555555555,-6.317392826080322
-9.88888888888889,-4.475979328155518
-7.333333333333333,-5.624815464019775
0.0,-2.823345422744751
0.1111111111111111,-1.2346001863479614
-5.555555555555555,-0.34006500244140625
-8.666666666666666,-6.971703052520752
-4.666666666666667,-6.3595871925354
0.4444444444444444,-1.7183923721313477
0.0,0.33806270360946655
-5.444444444444445,-4.4511542320251465
0.2222222222222222,-6.294128894805908
-16.555555555555557,-10.398005485534668
5.222222222222222,1.2603874206542969
-4.333333333333333,-2.8699240684509277
-2.555555555555556,-4.315721035003662
15.11111111111111,3.0560390949249268
-0.6666666666666666,0.0061005353927612305
-0.4444444444444444,-0.24541443586349487
-4.333333333333333,-7.925203800201416
-3.7777777777777777,-4.1059699058532715
-2.333333333333333,-1.7055832147598267
2.555555555555556,-3.949897289276123
15.88888888888889,7.654954433441162
-21.88888888888889,-12.742470741271973
21.444444444444443,22.372785568237305
4.333333333333333,1.525903582572937
-1.2222222222222223,-2.973412036895752
1.2222222222222223,-2.5062808990478516
-3.6666666666666665,-3.6099531650543213
3.0,6.281774520874023
-2.333333333333333,-0.29849565029144287
-3.888888888888889,-4.990952014923096
14.444444444444445,-3.7818033695220947
-4.666666666666667,-7.667794704437256
-4.0,-3.875354766845703
3.0,0.8433119058609009
-6.555555555555555,-7.546726226806641
-4.333333333333333,5.317452907562256
6.888888888888889,4.807948589324951
0.4444444444444444,-5.573931694030762
-3.6666666666666665,-3.112842082977295
28.444444444444443,17.902820587158203
3.0,3.0339279174804688
-24.11111111111111,-14.455710411071777
14.22222222222222,10.309247016906738
10.666666666666666,0.7889769673347473
3.4444444444444446,3.5819478034973145
-6.888888888888889,12.78974437713623
0.0,-2.995105266571045
9.11111111111111,8.376897811889648
-2.888888888888889,-1.135502576828003
-11.0,-5.655850410461426
-4.111111111111111,-1.1840139627456665
-4.777777777777778,-1.3808432817459106
22.11111111111111,7.951977729797363
8.222222222222221,4.806243896484375
-4.777777777777778,-3.2723512649536133
-5.444444444444445,-7.915611743927002
1.5555555555555556,2.024261713027954
-3.4444444444444446,-1.2884927988052368
-2.555555555555556,1.9224424362182617
-5.111111111111111,-4.177057266235352
-11.333333333333334,-6.715317249298096
-5.777777777777778,-2.1502957344055176
-10.555555555555555,-4.627634048461914
-13.666666666666666,-3.1474521160125732
-4.888888888888889,-0.747054934501648
1.2222222222222223,1.3727551698684692
-5.888888888888889,-6.018943786621094
-2.555555555555556,-3.170968532562256
-9.333333333333334,-2.781351089477539
-9.22222222222222,-0.1994217038154602
-8.333333333333334,-3.665778875350952
-2.0,-1.8180283308029175
-5.333333333333333,-0.39133673906326294
-0.2222222222222222,-2.6265461444854736
0.4444444444444444,1.6064907312393188
-3.333333333333333,-1.8301982879638672
1.5555555555555556,1.083065152168274
-2.2222222222222223,-5.7588791847229
-3.888888888888889,-2.4279608726501465
11.444444444444445,13.776202201843262
12.666666666666666,11.493935585021973
1.3333333333333333,-1.001204013824463
-5.555555555555555,-4.172255992889404
-2.0,2.5014472007751465
-2.0,-3.061028242111206
-5.222222222222222,-2.682149887084961
-0.5555555555555556,-0.5830636024475098
9.333333333333334,0.5154093503952026
5.333333333333333,0.10788136720657349
-6.0,-6.9163618087768555
-4.777777777777778,-5.131886005401611
-5.555555555555555,0.6940665245056152
-7.333333333333333,-7.465143203735352
9.444444444444445,0.344732403755188
2.555555555555556,-3.4564125537872314
-1.2222222222222223,-6.767119407653809
-1.1111111111111112,-3.5130674839019775
-10.0,-11.738802909851074
0.4444444444444444,-3.619288444519043
-4.444444444444445,-3.2186644077301025
-9.666666666666666,-7.1705451011657715
1.3333333333333333,-3.998203992843628
-0.8888888888888888,-0.8459190726280212
-1.7777777777777777,0.3484869599342346
2.2222222222222223,0.988955020904541
-2.2222222222222223,-3.3862040042877197
0.5555555555555556,-0.154319167137146
-9.88888888888889,1.2606935501098633
4.444444444444445,7.0403265953063965
-1.0,-0.40869009494781494
-2.888888888888889,-4.631876468658447
-6.0,-9.850552558898926
-0.2222222222222222,-0.11657881736755371
-5.222222222222222,-4.206244468688965
-3.0,-2.902822256088257
0.5555555555555556,0.2937915325164795
-5.0,-4.9956536293029785
-2.6666666666666665,-4.108950138092041
-10.444444444444445,-7.789205551147461
-0.7777777777777778,-6.932924747467041
7.111111111111111,1.1506530046463013
-4.222222222222222,1.953045129776001
2.111111111111111,0.2019886076450348
-0.1111111111111111,-3.7664003372192383
42.55555555555556,13.921367645263672
-8.11111111111111,-9.268024444580078
-3.6666666666666665,-3.6241323947906494
-4.777777777777778,-6.434337139129639
1.7777777777777777,-3.251119613647461
7.222222222222222,-0.6397311091423035
-2.111111111111111,-13.673569679260254
-9.0,0.3458297848701477
1.3333333333333333,1.4515113830566406
-1.4444444444444444,0.6459025740623474
32.44444444444444,21.01337432861328
10.0,7.83446741104126
-5.666666666666667,-4.559804439544678
4.111111111111111,-2.817457914352417
-9.0,-9.3372163772583
21.22222222222222,24.20528221130371
-6.666666666666667,-3.199286460876465
3.0,2.0655596256256104
-1.4444444444444444,-2.380237579345703
-0.2222222222222222,4.719983100891113
-1.1111111111111112,-2.239978075027466
-8.555555555555555,-9.49443531036377
0.7777777777777778,-0.9454832077026367
4.555555555555555,4.601673603057861
4.222222222222222,-0.04110044240951538
-41.333333333333336,-17.57139778137207
-4.888888888888889,-5.063891887664795
4.555555555555555,-1.8384103775024414
2.2222222222222223,-0.281968355178833
-1.5555555555555556,-2.3707873821258545
-0.4444444444444444,0.6947627663612366
-0.8888888888888888,0.5156478881835938
10.0,11.34136962890625
-8.222222222222221,-11.965155601501465
18.444444444444443,11.6875
-4.888888888888889,-2.5954532623291016
0.1111111111111111,-4.6797404289245605
-5.555555555555555,-5.532342910766602
-2.4444444444444446,-4.89813232421875
-5.222222222222222,-5.131890296936035
29.666666666666668,23.65263557434082
0.0,9.56129264831543
2.2222222222222223,0.27380144596099854
20.88888888888889,17.320201873779297
-2.333333333333333,0.5133683681488037
-4.111111111111111,-1.2941796779632568
-10.444444444444445,-8.48969841003418
-10.77777777777778,-4.203738689422607
-4.666666666666667,-3.1673405170440674
8.777777777777779,0.9335126280784607
-3.2222222222222223,-3.5797133445739746
-1.4444444444444444,-1.1714012622833252
-1.1111111111111112,-3.6949610710144043
6.888888888888889,2.9633166790008545
-5.444444444444445,-2.6214306354522705
2.4444444444444446,2.247514009475708
-12.555555555555555,-8.159659385681152
17.444444444444443,17.5290470123291
0.1111111111111111,3.260058879852295
9.666666666666666,-2.82940936088562
-3.0,-3.174858331680298
3.0,-3.3766584396362305
-0.1111111111111111,-8.755144119262695
-10.333333333333334,-4.982580661773682
1.3333333333333333,-0.213617205619812
-10.77777777777778,-8.673380851745605
0.3333333333333333,-4.842048168182373
2.2222222222222223,0.406721830368042
-4.777777777777778,-6.775561332702637
-2.4444444444444446,-2.2390799522399902
1.6666666666666667,3.8539083003997803
-2.7777777777777777,-3.689546585083008
0.2222222222222222,-3.410808801651001
-2.555555555555556,-3.3662607669830322
2.333333333333333,-9.760626792907715
1.6666666666666667,1.4998949766159058
-1.6666666666666667,-1.3297264575958252
-1.8888888888888888,-1.5304914712905884
-5.888888888888889,-5.093099117279053
-0.6666666666666666,-2.3499741554260254
-0.8888888888888888,-1.6542609930038452
1.5555555555555556,1.866952896118164
-4.222222222222222,-2.522944927215576
1.7777777777777777,2.7365641593933105
-6.111111111111111,-4.107284069061279
-2.4444444444444446,-1.8620541095733643
-0.7777777777777778,-0.7708455324172974
8.0,5.587378025054932
1.3333333333333333,-0.7514001727104187
20.33333333333333,17.413578033447266
1.3333333333333333,2.259002208709717
-4.222222222222222,-8.343803405761719
-8.777777777777779,-2.4154469966888428
-4.333333333333333,-0.5154531002044678
-2.7777777777777777,-3.9875996112823486
6.0,3.5390350818634033
0.1111111111111111,2.1980342864990234
-2.888888888888889,-5.177055358886719
-0.1111111111111111,1.53974187374115
-2.7777777777777777,5.606626033782959
-10.11111111111111,-6.51006555557251
-10.0,-8.031825065612793
-2.555555555555556,0.332546591758728
3.4444444444444446,-1.5469393730163574
3.4444444444444446,3.9789047241210938
-1.6666666666666667,2.119417190551758
-1.6666666666666667,-2.206263303756714
1.5555555555555556,3.02760648727417
5.666666666666667,-1.7371995449066162
5.777777777777778,1.594440221786499
6.666666666666667,6.315909385681152
5.333333333333333,2.8570432662963867
7.222222222222222,6.988992691040039
-10.333333333333334,-2.3979170322418213
0.4444444444444444,3.7400996685028076
8.666666666666666,15.852663040161133
-6.555555555555555,-5.65997314453125
1.7777777777777777,-0.2642693519592285
-6.777777777777778,-4.909101486206055
7.111111111111111,9.065242767333984
-1.6666666666666667,0.9152235388755798
-0.6666666666666666,-4.222994327545166
8.777777777777779,-0.16519886255264282
-0.6666666666666666,-3.9851677417755127
-7.777777777777778,-4.973180294036865
5.888888888888889,-1.0585802793502808
-4.111111111111111,-5.427242755889893
-4.111111111111111,-3.282141923904419
0.6666666666666666,-3.3607728481292725
-7.0,-9.283376693725586
-1.0,-0.9167780876159668
-0.6666666666666666,-1.9517580270767212
6.777777777777778,2.125715732574463
0.5555555555555556,-0.07576662302017212
-1.3333333333333333,-1.5888818502426147
-2.111111111111111,-3.1672778129577637
-8.11111111111111,-9.544283866882324
3.4444444444444446,-2.2618448734283447
-5.444444444444445,-4.6023688316345215
-1.5555555555555556,1.6108373403549194
-3.2222222222222223,-2.652531862258911
4.444444444444445,-1.3118809461593628
-1.3333333333333333,-6.501845359802246
-8.333333333333334,-3.005549192428589
-5.0,-7.335023403167725
1.0,0.506986141204834
0.8888888888888888,-3.1914267539978027
-8.444444444444445,1.9717234373092651
-5.222222222222222,-1.0331811904907227
-4.888888888888889,-7.3818440437316895
8.333333333333334,1.4667882919311523
7.333333333333333,1.846643090248108
1.2222222222222223,-0.8341610431671143
-8.88888888888889,1.8869084119796753
4.333333333333333,0.4771089255809784
-0.6666666666666666,-1.049470067024231
3.111111111111111,0.7430758476257324
3.555555555555556,4.937162399291992
-3.111111111111111,1.0156995058059692
-1.8888888888888888,1.0226197242736816
1.6666666666666667,-2.6832165718078613
-7.666666666666667,-5.226147174835205
-4.111111111111111,-1.7434115409851074
3.4444444444444446,-1.7291696071624756
-9.333333333333334,-5.490837574005127
1.5555555555555556,1.625680923461914
7.333333333333333,-1.058579921722412
-7.111111111111111,-4.435566425323486
-0.2222222222222222,-2.1027984619140625
7.333333333333333,0.1368952989578247
0.6666666666666666,-0.18224099278450012
-2.0,-2.0357120037078857
-5.888888888888889,-2.843808174133301
-5.666666666666667,-2.2708113193511963
1.7777777777777777,5.5128703117370605
-14.666666666666666,-5.079528331756592
-15.333333333333334,-6.888352394104004
-7.777777777777778,-4.203745365142822
3.6666666666666665,0.9952630400657654
-6.444444444444445,-4.051941871643066
-1.3333333333333333,1.0227749347686768
-11.333333333333334,-3.116835117340088
-15.88888888888889,-13.46605396270752
0.3333333333333333,-0.40635836124420166
5.888888888888889,2.5481009483337402
-5.555555555555555,-2.82973575592041
-4.222222222222222,1.5572720766067505
-1.3333333333333333,-4.8183698654174805
-3.2222222222222223,-3.7565503120422363
-0.1111111111111111,3.0633208751678467
-6.666666666666667,-3.9406778812408447
-7.333333333333333,-2.3038766384124756
-5.111111111111111,-1.9744396209716797
5.222222222222222,7.334864616394043
-7.444444444444445,-10.162795066833496
17.444444444444443,18.15790367126465
-3.4444444444444446,0.9123497605323792
-5.333333333333333,-5.363809108734131
3.6666666666666665,-1.1208643913269043
-2.4444444444444446,-3.436828136444092
-21.0,-10.23051929473877
-8.333333333333334,-5.0378804206848145
-3.333333333333333,-6.280414581298828
1.5555555555555556,-0.6598114967346191
-3.0,1.9029618501663208
-14.333333333333334,-9.84397029876709
-2.2222222222222223,0.5828365087509155
5.0,5.9923529624938965
0.4444444444444444,0.11347901821136475
-8.222222222222221,-4.014859199523926
2.7777777777777777,-0.4561113119125366
-12.444444444444445,-13.71813678741455
5.555555555555555,0.9898626804351807
-2.111111111111111,-3.030320405960083
-1.6666666666666667,1.2675074338912964
-9.88888888888889,-3.3885509967803955
-7.333333333333333,-4.345913410186768
-10.88888888888889,-7.814484119415283
-4.777777777777778,-1.3503291606903076
-5.111111111111111,2.9593331813812256
0.8888888888888888,5.431643009185791
2.333333333333333,2.54982590675354
1.3333333333333333,5.793864727020264
-3.333333333333333,4.009761333465576
5.555555555555555,-6.716332912445068
-2.6666666666666665,-0.3390958309173584
-4.555555555555555,-0.19100546836853027
4.0,-0.6550736427307129
-1.0,-3.124453544616699
1.3333333333333333,-2.9665029048919678
-21.0,-21.803043365478516
-1.6666666666666667,-3.6795709133148193
2.111111111111111,4.611965179443359
-7.888888888888889,-3.6320908069610596
-0.3333333333333333,-1.0825051069259644
2.0,-0.7173333764076233
26.11111111111111,17.264686584472656
-0.1111111111111111,-6.134105205535889
-0.7777777777777778,-3.0851612091064453
-11.0,-3.949509620666504
4.222222222222222,3.5606672763824463
-1.7777777777777777,-0.24751579761505127
-9.0,-5.620344161987305
-4.555555555555555,-7.0520405769348145
-5.0,-2.571122407913208
0.7777777777777778,-7.835623741149902
-3.333333333333333,-6.753114223480225
-3.111111111111111,-4.0647501945495605
5.0,3.8556931018829346
-1.2222222222222223,-6.43248176574707
-7.555555555555555,-7.472743034362793
-3.4444444444444446,-1.425610065460205
-7.555555555555555,-10.782194137573242
-8.444444444444445,-9.07394790649414
-2.555555555555556,-2.1525607109069824
-2.2222222222222223,-0.7462801933288574
-3.4444444444444446,-4.017665386199951
4.888888888888889,-1.8141528367996216
4.111111111111111,-0.9579857587814331
-11.22222222222222,-9.647253036499023
-5.0,-5.138822078704834
0.8888888888888888,-4.519600868225098
-0.7777777777777778,-7.947244644165039
-5.444444444444445,-1.6749345064163208
-9.11111111111111,-1.9176193475723267
-0.8888888888888888,1.063040852546692
-2.0,-4.662760257720947
-2.6666666666666665,-0.9038922190666199
21.55555555555556,12.253946304321289
11.77777777777778,5.974971294403076
14.88888888888889,7.868427753448486
-0.8888888888888888,-0.9791300296783447
1.4444444444444444,-0.7151810526847839
-2.7777777777777777,0.903408408164978
-2.7777777777777777,-3.510200262069702
-8.777777777777779,-0.7250494360923767
-3.555555555555556,-5.517658233642578
-9.444444444444445,-6.9387593269348145
2.0,-3.182067632675171
-7.0,-7.743812561035156
0.1111111111111111,-1.5786075592041016
-5.888888888888889,-6.153830528259277
-11.444444444444445,-3.3460536003112793
-5.777777777777778,1.4641581773757935
-0.4444444444444444,-5.12432861328125
-1.7777777777777777,2.746121644973755
-1.4444444444444444,0.8676100969314575
-4.333333333333333,-9.228006362915039
-8.555555555555555,-1.4623191356658936
-8.222222222222221,-1.8291735649108887
0.4444444444444444,-2.2930572032928467
-4.555555555555555,-6.784905910491943
-6.0,-4.53789758682251
-1.0,-7.750868320465088
-4.333333333333333,-3.397855281829834
-4.111111111111111,-4.486351013183594
16.0,11.114728927612305
-3.4444444444444446,-0.4172632694244385
-3.111111111111111,-3.0404536724090576
10.77777777777778,14.880833625793457
8.222222222222221,8.254738807678223
0.3333333333333333,-3.870908737182617
0.2222222222222222,-0.38235414028167725
-14.88888888888889,-4.519369125366211
3.333333333333333,5.143610954284668
1.0,1.2126293182373047
0.6666666666666666,4.572864532470703
-4.333333333333333,-3.5687854290008545
0.3333333333333333,-2.687222957611084
-4.444444444444445,-3.4655590057373047
0.2222222222222222,-0.3676321506500244
5.222222222222222,5.625428676605225
-2.7777777777777777,-4.198530673980713
-2.0,-1.8427780866622925
28.444444444444443,26.540569305419922
-6.0,-2.7825634479522705
-6.666666666666667,-5.258457183837891
-3.888888888888889,-4.354739189147949
-10.11111111111111,-3.4540536403656006
-4.777777777777778,-0.7172908782958984
1.4444444444444444,0.8989658355712891
-5.0,-3.6893181800842285
0.1111111111111111,1.4333291053771973
-6.444444444444445,-4.339846611022949
-2.333333333333333,-1.0297378301620483
-1.6666666666666667,-1.3372795581817627
-4.111111111111111,-1.014547348022461
-10.0,-5.36052131652832
2.7777777777777777,-4.884802341461182
-1.5555555555555556,-3.2331721782684326
-4.666666666666667,-3.93915057182312
-5.444444444444445,-4.83238410949707
2.0,1.5561723709106445
-6.222222222222222,-2.189208984375
-10.11111111111111,-10.565226554870605
9.555555555555555,2.6453306674957275
-10.0,-4.897162437438965
-6.444444444444445,-4.091518402099609
0.8888888888888888,-3.2138330936431885
-0.5555555555555556,-0.2302844524383545
-1.8888888888888888,0.4173446297645569
3.888888888888889,-4.980867862701416
3.333333333333333,-1.3994617462158203
17.0,7.495598316192627
-0.7777777777777778,-1.38825261592865
-3.2222222222222223,-4.782276153564453
-4.777777777777778,-1.9814361333847046
-3.2222222222222223,-5.197499752044678
-4.222222222222222,-3.4805686473846436
-9.11111111111111,2.2527878284454346
-6.333333333333333,-8.134160995483398
