Score,Pred Score
-0.6666666666666666,-3.4465458393096924
7.333333333333333,-4.013707637786865
-0.4444444444444444,-5.902283668518066
-4.111111111111111,-3.8719353675842285
-7.333333333333333,-2.713599681854248
1.3333333333333333,-0.9988754987716675
-8.444444444444445,-2.1809918880462646
1.6666666666666667,-6.954649925231934
3.333333333333333,-2.3663747310638428
2.111111111111111,3.185425281524658
0.1111111111111111,-1.2129924297332764
11.22222222222222,-0.3275102972984314
-3.111111111111111,-5.416224956512451
-3.888888888888889,-1.9543335437774658
14.11111111111111,-1.9746603965759277
-4.444444444444445,-0.26392099261283875
6.0,-3.349860191345215
12.555555555555555,4.726789951324463
-0.8888888888888888,-2.5631916522979736
-4.0,-1.3324042558670044
-1.1111111111111112,-5.616401195526123
-3.555555555555556,-1.0560216903686523
-10.666666666666666,-1.2895053625106812
9.11111111111111,-1.9500168561935425
-1.7777777777777777,-0.8630379438400269
-3.4444444444444446,-1.4455432891845703
23.22222222222222,6.116628646850586
0.8888888888888888,-2.1359827518463135
0.3333333333333333,0.8423159718513489
-3.7777777777777777,-3.3468451499938965
2.111111111111111,-2.5656259059906006
-2.2222222222222223,-2.1450581550598145
-2.2222222222222223,-3.4538252353668213
3.111111111111111,-2.2354254722595215
0.1111111111111111,-0.375601202249527
-2.555555555555556,-0.8772594332695007
-0.2222222222222222,-1.8877692222595215
3.111111111111111,1.2504857778549194
-4.444444444444445,-3.340097427368164
-5.222222222222222,-0.5898463129997253
4.0,10.475481033325195
-4.777777777777778,-3.667475938796997
1.0,-0.31173861026763916
-4.111111111111111,-3.5420172214508057
-4.777777777777778,-2.3750741481781006
14.11111111111111,1.797340989112854
2.2222222222222223,-3.570089340209961
-4.888888888888889,-3.50667667388916
-6.888888888888889,-2.116361141204834
-9.444444444444445,1.1123912334442139
13.666666666666666,6.22362756729126
3.4444444444444446,-2.227895975112915
-8.222222222222221,-0.6125913262367249
5.777777777777778,-2.1606318950653076
0.0,1.0266213417053223
13.666666666666666,6.562480926513672
-1.0,6.453063011169434
7.333333333333333,-4.137603282928467
-2.888888888888889,-2.863750696182251
-7.111111111111111,-4.452036380767822
-1.2222222222222223,-3.090043067932129
0.0,-2.597885847091675
-7.666666666666667,-5.648449897766113
-1.5555555555555556,0.11645130813121796
11.88888888888889,13.970494270324707
-4.666666666666667,-2.3816559314727783
-10.333333333333334,-2.4038124084472656
-9.555555555555555,-3.0479629039764404
-2.6666666666666665,-3.2505149841308594
-3.333333333333333,-1.923713207244873
1.8888888888888888,-1.1024075746536255
-5.666666666666667,-7.255443572998047
-3.888888888888889,0.09296992421150208
-1.5555555555555556,-3.228632926940918
-1.8888888888888888,-2.4581334590911865
-7.888888888888889,-3.825286626815796
0.4444444444444444,-0.5142832398414612
3.555555555555556,0.08718273043632507
-0.8888888888888888,-2.8232614994049072
-5.777777777777778,-2.862165927886963
-2.888888888888889,-0.7000319957733154
-2.111111111111111,-0.8743083477020264
46.333333333333336,6.0479888916015625
0.8888888888888888,0.6623801589012146
1.1111111111111112,-2.166870355606079
0.0,-3.940418004989624
10.0,-3.1681578159332275
-1.1111111111111112,-2.7482268810272217
8.555555555555555,1.619680643081665
-4.777777777777778,0.6650622487068176
0.2222222222222222,-0.9283308982849121
8.222222222222221,0.9612045288085938
10.11111111111111,11.418214797973633
-2.555555555555556,-1.8557696342468262
-4.888888888888889,-3.1002464294433594
20.88888888888889,21.516357421875
19.33333333333333,20.165081024169922
-1.3333333333333333,-0.8798009157180786
-4.111111111111111,-3.2356231212615967
-2.7777777777777777,7.2304487228393555
9.0,0.07271726429462433
-6.111111111111111,7.715628623962402
-3.7777777777777777,0.31287097930908203
-5.0,-2.8488569259643555
-3.0,-2.563443422317505
-6.222222222222222,-3.877500057220459
-6.333333333333333,-3.173992395401001
-1.8888888888888888,-2.3318405151367188
3.111111111111111,-2.336730718612671
-4.888888888888889,-4.3114190101623535
6.777777777777778,-2.8420815467834473
-4.444444444444445,-2.056276559829712
7.666666666666667,9.452200889587402
0.5555555555555556,-1.5780816078186035
-7.0,-1.8571051359176636
-10.0,-2.6618971824645996
-0.5555555555555556,-1.642106533050537
0.1111111111111111,0.12942218780517578
-3.4444444444444446,-1.8829126358032227
6.777777777777778,-1.2151061296463013
-6.0,-2.770873546600342
-3.333333333333333,-5.440850734710693
8.777777777777779,11.398270606994629
-6.333333333333333,-1.0777734518051147
-7.444444444444445,-5.0377655029296875
0.1111111111111111,-4.344858646392822
-4.0,-3.4980897903442383
6.222222222222222,0.6062875390052795
-3.4444444444444446,-5.400259017944336
4.777777777777778,1.0971696376800537
-2.111111111111111,-2.35968017578125
-4.111111111111111,-3.578956365585327
11.88888888888889,8.364180564880371
-0.5555555555555556,-2.6758711338043213
4.444444444444445,-1.913804292678833
-0.3333333333333333,-3.0982279777526855
-4.555555555555555,-0.5983206033706665
-0.7777777777777778,-5.313738822937012
-2.2222222222222223,-3.3809001445770264
-5.222222222222222,-4.066586971282959
10.444444444444445,11.258463859558105
-3.4444444444444446,-3.898934841156006
-3.7777777777777777,-1.184433102607727
0.2222222222222222,-3.589618682861328
-4.0,2.400916337966919
-22.444444444444443,-7.894005298614502
-5.777777777777778,-2.9632227420806885
-4.222222222222222,-2.111515522003174
-2.333333333333333,-0.5427500009536743
5.555555555555555,6.99874210357666
23.0,4.9393134117126465
4.777777777777778,-2.5117218494415283
-18.88888888888889,-3.3281335830688477
-10.22222222222222,-5.680776596069336
5.222222222222222,-0.7271332144737244
-5.0,-3.2071104049682617
7.444444444444445,0.9073500633239746
6.333333333333333,-1.2387957572937012
1.4444444444444444,-2.9509663581848145
-0.8888888888888888,-4.445577144622803
3.111111111111111,-2.120750665664673
0.5555555555555556,-4.434099197387695
-1.8888888888888888,3.2716641426086426
-11.77777777777778,-4.434099197387695
-5.555555555555555,-3.2771310806274414
-1.3333333333333333,-3.040527105331421
-1.8888888888888888,-0.6275936365127563
0.0,-2.610130548477173
0.8888888888888888,5.019782066345215
5.0,0.08965983986854553
2.4444444444444446,-2.489345073699951
-0.1111111111111111,-1.9741756916046143
2.111111111111111,-0.9042422771453857
-0.2222222222222222,21.857913970947266
19.444444444444443,15.493279457092285
3.7777777777777777,3.833373546600342
-3.111111111111111,-2.2158308029174805
7.555555555555555,0.6956464648246765
1.5555555555555556,-0.9666614532470703
-1.1111111111111112,-1.2574886083602905
-1.6666666666666667,-0.06313824653625488
3.111111111111111,-3.517820119857788
-1.6666666666666667,-2.1437699794769287
1.3333333333333333,-3.254338502883911
-10.555555555555555,-2.0010502338409424
-5.333333333333333,-1.5972909927368164
-0.8888888888888888,-3.9985837936401367
-6.111111111111111,-2.7976162433624268
-12.333333333333334,-0.5316011905670166
-6.111111111111111,-0.23612916469573975
-6.111111111111111,2.461176872253418
-10.22222222222222,-3.482732057571411
4.444444444444445,-1.8345142602920532
-2.555555555555556,-3.3544747829437256
-8.777777777777779,-0.18404151499271393
-14.555555555555555,-3.6794114112854004
-15.0,4.596147537231445
31.33333333333333,19.472827911376953
-20.11111111111111,2.3784732818603516
-3.4444444444444446,-4.536795139312744
-0.1111111111111111,-0.11820150911808014
-1.3333333333333333,-1.980376958847046
1.6666666666666667,-1.8639193773269653
-4.888888888888889,-1.3638684749603271
2.333333333333333,-2.031201124191284
-13.333333333333334,-4.122869968414307
0.5555555555555556,0.03584009408950806
1.2222222222222223,-3.9905436038970947
-8.777777777777779,-0.9249225854873657
-0.2222222222222222,0.5576852560043335
3.2222222222222223,-2.116565227508545
-2.7777777777777777,-2.7955312728881836
-3.333333333333333,-0.31906625628471375
-5.0,-1.0831562280654907
-3.333333333333333,-5.152988433837891
-6.777777777777778,-2.274371385574341
1.0,-2.8612685203552246
-4.444444444444445,-3.3184919357299805
-2.111111111111111,-3.111422538757324
-20.55555555555556,-2.976895332336426
3.333333333333333,-1.263184905052185
-4.777777777777778,-0.8289532661437988
-1.4444444444444444,-2.139026165008545
-9.11111111111111,1.3759056329727173
-12.666666666666666,-4.426116943359375
-21.11111111111111,2.146522045135498
3.555555555555556,2.2559783458709717
-4.777777777777778,-3.0919408798217773
-5.888888888888889,-3.5213420391082764
-7.555555555555555,-5.528317451477051
-3.555555555555556,-2.6645545959472656
3.0,-0.3023454546928406
4.0,0.455039918422699
-5.333333333333333,-2.309396743774414
17.444444444444443,7.2602458000183105
-11.77777777777778,-0.03053101897239685
-4.888888888888889,-0.133571058511734
6.444444444444445,0.6946637034416199
4.0,5.052204132080078
-9.88888888888889,-1.2228351831436157
15.77777777777778,0.7859196066856384
0.6666666666666666,-2.461446762084961
-9.444444444444445,-3.1825110912323
-1.7777777777777777,-0.8284821510314941
2.333333333333333,10.535798072814941
-4.222222222222222,-3.571439504623413
-8.11111111111111,-1.060533046722412
1.8888888888888888,0.40806230902671814
-12.555555555555555,-2.1223561763763428
5.444444444444445,-0.7890052795410156
-3.111111111111111,-2.822638511657715
-2.555555555555556,-4.613897800445557
5.666666666666667,-3.287144899368286
1.4444444444444444,-0.9717638492584229
-3.0,-6.254256248474121
-0.1111111111111111,-0.6920979022979736
1.1111111111111112,-4.247278213500977
-0.8888888888888888,-2.192188262939453
-7.333333333333333,-2.2705471515655518
-13.77777777777778,1.4057695865631104
0.7777777777777778,0.7048888206481934
-2.6666666666666665,-3.4653379917144775
-19.55555555555556,-2.6051342487335205
5.0,-2.5780959129333496
-2.2222222222222223,-5.745217800140381
1.0,-0.6287909746170044
-3.0,-2.6093850135803223
-3.888888888888889,-5.327645778656006
-3.4444444444444446,-2.908052682876587
5.0,-0.46380019187927246
19.22222222222222,19.010133743286133
-2.4444444444444446,-0.9395062923431396
6.222222222222222,-3.4806292057037354
-5.333333333333333,-0.5307247042655945
-10.77777777777778,-3.7624900341033936
0.0,-3.2935080528259277
1.8888888888888888,0.1666736602783203
21.55555555555556,8.978455543518066
-7.777777777777778,-2.5800724029541016
-7.222222222222222,-2.988954544067383
-1.7777777777777777,-0.8621008396148682
5.444444444444445,0.7118010520935059
-3.888888888888889,-4.0606465339660645
-8.222222222222221,-2.1156530380249023
6.111111111111111,-3.709094285964966
2.7777777777777777,-4.18861198425293
-6.333333333333333,-1.5681002140045166
0.2222222222222222,-1.0562283992767334
-7.777777777777778,-3.738994598388672
1.2222222222222223,-1.5402511358261108
3.4444444444444446,-1.5251569747924805
-2.888888888888889,-4.384812831878662
14.88888888888889,0.22038215398788452
-1.7777777777777777,-3.3622748851776123
-3.888888888888889,-3.7592477798461914
-5.777777777777778,-2.993565559387207
27.11111111111111,13.311514854431152
1.7777777777777777,1.1634676456451416
0.3333333333333333,-2.276578664779663
-12.77777777777778,-1.8434609174728394
27.88888888888889,14.817191123962402
-4.222222222222222,-0.42636072635650635
-1.2222222222222223,-0.5431985259056091
-3.0,-4.196364402770996
3.6666666666666665,12.632369995117188
-1.5555555555555556,-4.482935428619385
-4.222222222222222,-7.77428674697876
-0.7777777777777778,0.595965564250946
6.777777777777778,14.823163986206055
-0.7777777777777778,-5.051450252532959
-8.777777777777779,-3.979095220565796
0.2222222222222222,2.0530147552490234
-0.2222222222222222,-1.0966733694076538
-8.0,-4.616940498352051
-4.333333333333333,-3.3695809841156006
-3.0,-2.415531635284424
-7.666666666666667,-3.8766591548919678
1.1111111111111112,-2.1129658222198486
-0.5555555555555556,-3.313845157623291
-2.111111111111111,-3.902531623840332
-7.555555555555555,-1.7422211170196533
17.666666666666668,-0.32957541942596436
-8.11111111111111,-1.9006211757659912
19.55555555555556,9.623472213745117
-6.555555555555555,-3.0774803161621094
10.555555555555555,1.8616575002670288
-14.444444444444445,-4.436271667480469
6.666666666666667,-3.077944755554199
-3.888888888888889,-1.5606451034545898
-6.333333333333333,-1.0743470191955566
-6.666666666666667,-2.552708625793457
-4.444444444444445,-0.26757168769836426
-2.111111111111111,-4.566963195800781
-10.333333333333334,-2.4401586055755615
-6.111111111111111,-2.7577006816864014
20.666666666666668,25.71826171875
-5.444444444444445,3.075906991958618
7.555555555555555,-2.3902430534362793
-1.4444444444444444,-1.2700724601745605
-7.222222222222222,-3.491814136505127
-3.111111111111111,0.7526502013206482
-3.555555555555556,-4.2694501876831055
-2.4444444444444446,-3.4420642852783203
-1.1111111111111112,-3.4801077842712402
-7.555555555555555,-1.4296092987060547
10.11111111111111,-0.2862934172153473
-1.4444444444444444,-2.1297411918640137
-2.333333333333333,-2.7839877605438232
-1.6666666666666667,-3.495734691619873
8.88888888888889,6.540674686431885
-3.888888888888889,4.729139804840088
-6.222222222222222,-2.831594467163086
-11.88888888888889,-6.73195743560791
-1.5555555555555556,-1.7431765794754028
7.111111111111111,-0.6279570460319519
4.666666666666667,-0.4225001931190491
2.4444444444444446,-2.886315107345581
1.5555555555555556,-3.0990283489227295
3.333333333333333,-1.1894186735153198
-10.11111111111111,0.30557680130004883
-8.444444444444445,-2.8034839630126953
-2.555555555555556,3.794579267501831
2.4444444444444446,-4.673834800720215
2.888888888888889,-3.6372039318084717
-4.111111111111111,-4.276939392089844
-10.444444444444445,-0.21494126319885254
17.666666666666668,6.999602317810059
27.77777777777778,15.150886535644531
-1.7777777777777777,-1.8266268968582153
11.88888888888889,-0.5403563380241394
0.5555555555555556,-2.582968235015869
6.444444444444445,8.50034236907959
-4.0,-2.8559513092041016
-7.444444444444445,-3.048713207244873
-4.555555555555555,-2.8057031631469727
12.333333333333334,9.530570983886719
6.0,-2.4273433685302734
-2.0,-2.5490760803222656
1.6666666666666667,-0.10498857498168945
17.333333333333332,19.839778900146484
10.11111111111111,-0.41426217555999756
-1.2222222222222223,-1.4313112497329712
5.666666666666667,6.248280048370361
-3.0,-4.72746467590332
-0.2222222222222222,0.06339162588119507
6.888888888888889,-2.3257603645324707
1.4444444444444444,-1.6351561546325684
-1.2222222222222223,-4.3101348876953125
-2.333333333333333,-2.147571325302124
-7.888888888888889,-3.695859670639038
20.22222222222222,9.499160766601562
-6.111111111111111,-2.2117269039154053
-12.444444444444445,-3.7051148414611816
-7.888888888888889,-1.800520658493042
1.2222222222222223,-1.990164041519165
-2.888888888888889,-0.9758994579315186
-17.333333333333332,-4.875731468200684
0.0,-0.7868062257766724
5.222222222222222,1.097843885421753
5.111111111111111,0.2283158302307129
-5.444444444444445,-2.730541467666626
10.22222222222222,-3.468261957168579
-1.6666666666666667,0.318279892206192
-4.444444444444445,-0.19771422445774078
18.11111111111111,14.448260307312012
-4.777777777777778,-3.4121992588043213
5.333333333333333,3.1979732513427734
-2.555555555555556,-1.2370243072509766
5.888888888888889,5.490257263183594
8.11111111111111,-0.05249866843223572
-0.4444444444444444,-3.12192964553833
-5.444444444444445,-1.6711301803588867
-0.6666666666666666,-0.2771872878074646
-5.444444444444445,-4.437316417694092
-17.0,-2.6692395210266113
-1.0,-3.1833696365356445
2.333333333333333,-2.5112862586975098
0.2222222222222222,-3.127437114715576
-2.7777777777777777,-2.560065507888794
-6.777777777777778,-1.9112727642059326
0.4444444444444444,0.9835801124572754
0.6666666666666666,2.0282881259918213
-0.7777777777777778,-2.355100631713867
-7.555555555555555,-2.599069356918335
-7.333333333333333,-3.6266586780548096
-12.77777777777778,-1.0816729068756104
0.2222222222222222,-1.7398309707641602
9.77777777777778,1.681143879890442
-6.222222222222222,-3.722735643386841
-4.888888888888889,-5.102260589599609
-10.11111111111111,0.7954227924346924
-8.777777777777779,-2.6190104484558105
-2.111111111111111,-4.638532638549805
1.6666666666666667,2.649351119995117
-0.7777777777777778,-1.7308090925216675
-0.1111111111111111,0.5336938500404358
-0.5555555555555556,-0.691278874874115
-6.666666666666667,-3.468261957168579
-9.88888888888889,-3.631979465484619
-8.666666666666666,-1.990156888961792
0.6666666666666666,-0.6561582088470459
-0.7777777777777778,4.401993751525879
0.3333333333333333,-1.5813512802124023
1.3333333333333333,-3.5333704948425293
-2.2222222222222223,-2.294320583343506
-6.444444444444445,-2.3382623195648193
2.4444444444444446,-2.1415462493896484
-5.555555555555555,-4.268360137939453
-8.444444444444445,-4.254024505615234
15.0,3.8481836318969727
2.2222222222222223,12.899996757507324
2.6666666666666665,3.962658405303955
-2.7777777777777777,-3.050541877746582
-5.222222222222222,-3.9702823162078857
-8.555555555555555,-3.436145544052124
-3.0,-1.5278042554855347
-1.6666666666666667,-0.005017101764678955
-1.0,-0.26350903511047363
-0.4444444444444444,-0.0016871541738510132
37.11111111111112,-0.6648575067520142
-4.444444444444445,-3.0001211166381836
0.5555555555555556,-2.4239211082458496
-16.0,-2.391618251800537
-10.22222222222222,-4.4582200050354
-2.333333333333333,-4.470364570617676
-4.333333333333333,-0.528215765953064
-1.8888888888888888,-4.939678192138672
-4.777777777777778,-2.731966733932495
-8.666666666666666,-2.147970199584961
0.5555555555555556,-1.4287315607070923
17.333333333333332,1.8801486492156982
1.5555555555555556,-3.362760305404663
-4.222222222222222,1.7281888723373413
-6.111111111111111,-1.1627362966537476
6.222222222222222,-1.543338656425476
-1.3333333333333333,-1.3013417720794678
6.333333333333333,-2.8566784858703613
9.444444444444445,-4.3466572761535645
-0.1111111111111111,-3.993561267852783
-6.0,-0.37329089641571045
-4.666666666666667,-7.932498455047607
-6.666666666666667,-10.75377368927002
12.77777777777778,7.581323623657227
0.2222222222222222,-3.207214593887329
-14.555555555555555,-3.307668924331665
-9.333333333333334,-6.765749931335449
2.6666666666666665,-3.3778562545776367
-1.3333333333333333,-2.6984729766845703
-12.555555555555555,0.11510331928730011
-8.777777777777779,-1.1999437808990479
2.6666666666666665,-0.12302204966545105
-7.222222222222222,-5.892782688140869
2.6666666666666665,0.5971599817276001
-6.444444444444445,-6.426168441772461
-42.55555555555556,-5.162466526031494
4.777777777777778,-0.3237287402153015
0.5555555555555556,-4.3111467361450195
-9.666666666666666,-8.920807838439941
9.77777777777778,14.600234985351562
9.444444444444445,0.43185660243034363
-2.7777777777777777,-3.34771466255188
2.0,0.73091721534729
-2.111111111111111,-1.5463372468948364
-10.666666666666666,4.461460113525391
-3.888888888888889,-1.0804688930511475
-0.6666666666666666,-2.0455288887023926
-6.111111111111111,-4.141745090484619
-2.555555555555556,0.7167496085166931
-5.444444444444445,-1.042011022567749
-3.6666666666666665,-3.0553271770477295
2.555555555555556,-0.2704835832118988
4.333333333333333,-0.28154006600379944
-5.555555555555555,-4.641704559326172
-0.6666666666666666,-0.6990764141082764
-1.6666666666666667,3.0114104747772217
1.5555555555555556,-3.3241190910339355
-8.0,-1.7830203771591187
1.2222222222222223,-0.5645377039909363
12.333333333333334,10.260972023010254
0.4444444444444444,-3.970355749130249
0.2222222222222222,-6.363833904266357
0.4444444444444444,-1.051307201385498
0.1111111111111111,-3.0107128620147705
0.3333333333333333,0.7556374669075012
1.2222222222222223,0.38154906034469604
-1.4444444444444444,-4.1440558433532715
2.888888888888889,0.3492262363433838
14.88888888888889,12.437397956848145
0.1111111111111111,-3.5614876747131348
-4.888888888888889,0.43648284673690796
19.55555555555556,7.129004001617432
-3.7777777777777777,-1.430928111076355
-2.7777777777777777,-3.3913698196411133
-4.0,-3.6342813968658447
-4.111111111111111,-2.8137917518615723
-0.1111111111111111,-5.614490032196045
2.333333333333333,-3.98211669921875
0.6666666666666666,4.091259002685547
1.0,-0.017032355070114136
-5.111111111111111,-3.7290008068084717
-1.2222222222222223,-3.946129560470581
-3.111111111111111,-0.07897686958312988
-16.333333333333332,-1.6769360303878784
-7.555555555555555,-4.161597728729248
-7.777777777777778,-3.643049478530884
-1.5555555555555556,-5.625735282897949
-7.333333333333333,-4.623431205749512
1.1111111111111112,-3.483140707015991
3.333333333333333,0.22728121280670166
-6.444444444444445,-5.132442474365234
-6.0,-2.103672742843628
-1.7777777777777777,-2.5827114582061768
3.2222222222222223,0.8517252802848816
1.0,0.273329496383667
-8.0,-6.719923496246338
0.4444444444444444,-2.898677110671997
1.8888888888888888,-1.977609395980835
8.88888888888889,1.034508466720581
-0.5555555555555556,-0.6015682816505432
-8.444444444444445,-1.6024264097213745
0.4444444444444444,-3.391164541244507
-2.7777777777777777,-2.195911407470703
-3.6666666666666665,-0.37909674644470215
-5.222222222222222,-4.644019603729248
-10.555555555555555,0.7838404178619385
0.6666666666666666,-0.8365249633789062
8.0,-3.2109169960021973
0.2222222222222222,4.2885870933532715
-2.6666666666666665,-0.4183148145675659
-5.111111111111111,-2.8157849311828613
-9.333333333333334,-4.696824073791504
-0.3333333333333333,-0.10406740009784698
2.6666666666666665,-3.206821918487549
-8.88888888888889,-5.482346534729004
-5.555555555555555,-3.853954792022705
1.5555555555555556,-5.1641716957092285
-4.444444444444445,-1.7946614027023315
-8.0,-2.4981048107147217
5.222222222222222,-1.6776310205459595
-1.8888888888888888,-1.1783143281936646
-7.555555555555555,2.623326063156128
4.0,0.3908745348453522
0.1111111111111111,-0.2196897268295288
1.4444444444444444,-4.097044944763184
-2.0,1.1254163980484009
-2.7777777777777777,0.49128198623657227
-6.555555555555555,-3.32741379737854
-8.666666666666666,-1.741884708404541
-5.0,-2.2391045093536377
-3.7777777777777777,-1.8724976778030396
9.555555555555555,-2.9441044330596924
-10.22222222222222,-4.585567951202393
9.0,4.366321086883545
-2.7777777777777777,0.999484658241272
-1.5555555555555556,-3.843475818634033
-1.8888888888888888,0.1523895263671875
2.4444444444444446,-2.2794687747955322
-5.222222222222222,-2.408548355102539
-1.6666666666666667,-3.087803840637207
5.888888888888889,-0.6044812202453613
-6.666666666666667,-2.814039707183838
-0.2222222222222222,-0.8213111162185669
-6.666666666666667,-2.0713515281677246
-5.111111111111111,-0.05387422442436218
0.3333333333333333,1.1241035461425781
-0.4444444444444444,-2.3745899200439453
-4.444444444444445,-5.544507026672363
3.4444444444444446,-3.5029306411743164
-0.7777777777777778,0.1472800225019455
-9.555555555555555,-2.688716173171997
-5.333333333333333,-2.509214162826538
5.222222222222222,-2.9592714309692383
6.444444444444445,0.2401602864265442
5.111111111111111,-0.568942666053772
4.888888888888889,-0.7309827208518982
-6.0,-1.3838874101638794
-5.666666666666667,-3.181931257247925
37.77777777777778,18.838157653808594
-7.111111111111111,1.515202522277832
-1.4444444444444444,-2.481384515762329
6.777777777777778,0.5083246231079102
-9.444444444444445,-2.1322245597839355
-6.333333333333333,-5.227864742279053
-0.4444444444444444,1.209670066833496
5.111111111111111,-2.4588751792907715
9.11111111111111,-3.0954909324645996
-1.7777777777777777,-2.198418140411377
-7.888888888888889,-2.4501047134399414
-3.6666666666666665,-4.159749984741211
-2.888888888888889,4.900310039520264
-8.0,-3.4042279720306396
-2.4444444444444446,-3.2024130821228027
7.888888888888889,4.393061637878418
-0.2222222222222222,1.31456458568573
-0.5555555555555556,-1.6569883823394775
-2.7777777777777777,-2.868701219558716
-3.555555555555556,-2.735694408416748
-0.5555555555555556,-3.2697718143463135
-2.111111111111111,-2.5036118030548096
-1.5555555555555556,-7.553514003753662
2.4444444444444446,-2.3625330924987793
-8.11111111111111,-3.618844747543335
-0.6666666666666666,-1.6231120824813843
3.0,-1.7626351118087769
-1.4444444444444444,-3.773958921432495
9.666666666666666,-3.053586006164551
3.111111111111111,-2.2634875774383545
-12.555555555555555,-1.2146207094192505
4.666666666666667,10.387635231018066
-12.0,-3.027777910232544
-10.88888888888889,-1.9003989696502686
17.11111111111111,0.5557788014411926
9.22222222222222,1.8482773303985596
-1.3333333333333333,-0.9480095505714417
5.666666666666667,-0.48422515392303467
-5.666666666666667,-3.196603536605835
-3.888888888888889,-5.674291133880615
-8.11111111111111,-4.671889305114746
-9.444444444444445,-4.534534454345703
-2.7777777777777777,-0.5047454237937927
-5.888888888888889,1.3080426454544067
8.555555555555555,-2.000861167907715
-3.555555555555556,-3.310673713684082
2.555555555555556,-0.791154146194458
-25.22222222222222,-3.3333191871643066
5.888888888888889,-0.47203630208969116
-2.7777777777777777,-2.0495452880859375
-6.444444444444445,0.404085636138916
-17.444444444444443,-9.081250190734863
-0.1111111111111111,-2.4511122703552246
-4.666666666666667,-3.563403367996216
-1.7777777777777777,-3.5883049964904785
-0.2222222222222222,-0.9375051856040955
6.111111111111111,-1.763988971710205
-5.444444444444445,-3.1736152172088623
-4.222222222222222,-4.37668514251709
-3.6666666666666665,0.12370884418487549
-2.4444444444444446,-0.24440467357635498
-10.0,-4.044125556945801
8.333333333333334,3.0640947818756104
25.55555555555556,21.165468215942383
-2.555555555555556,-0.6591390371322632
-4.555555555555555,-1.7314547300338745
-1.3333333333333333,-2.5180130004882812
22.666666666666668,29.54084014892578
3.2222222222222223,3.7231595516204834
-3.2222222222222223,-6.840188980102539
-1.2222222222222223,-5.97269344329834
-1.1111111111111112,-2.6634793281555176
-6.111111111111111,-0.7568992972373962
-12.555555555555555,-2.4608213901519775
13.11111111111111,0.24047493934631348
8.88888888888889,-3.0586228370666504
-2.2222222222222223,-1.72542142868042
-8.666666666666666,-3.4355645179748535
-11.555555555555555,-0.4951980710029602
-3.2222222222222223,3.262916088104248
-2.0,-3.8539469242095947
-1.5555555555555556,-2.3928322792053223
-6.111111111111111,-4.0868306159973145
2.0,-4.22411584854126
-8.333333333333334,-3.4656548500061035
-2.4444444444444446,-5.766820907592773
4.222222222222222,0.04301103949546814
26.22222222222222,-3.438526153564453
-5.0,0.9418109655380249
-2.2222222222222223,2.0755112171173096
1.1111111111111112,0.6319366693496704
-10.0,-2.925246238708496
4.555555555555555,-1.9568067789077759
3.6666666666666665,-3.464909315109253
-11.666666666666666,-1.456055998802185
12.22222222222222,11.868145942687988
-0.3333333333333333,3.6720738410949707
-9.11111111111111,-3.224674701690674
-1.4444444444444444,-1.2643169164657593
-3.4444444444444446,-3.518091917037964
-10.11111111111111,-0.37264686822891235
-2.111111111111111,1.2952858209609985
15.666666666666666,5.812147617340088
-3.888888888888889,-4.026387691497803
-3.2222222222222223,-1.7238693237304688
2.0,-2.0735580921173096
-4.666666666666667,-1.921807050704956
1.7777777777777777,-1.369593620300293
1.0,-3.6392288208007812
-1.3333333333333333,0.6807746291160583
-5.222222222222222,-0.1376204490661621
-0.2222222222222222,6.552530765533447
-3.0,-1.2662838697433472
-6.555555555555555,1.2178596258163452
-1.3333333333333333,-2.538053035736084
-2.111111111111111,-1.4965236186981201
9.555555555555555,-2.4479422569274902
0.7777777777777778,2.511275291442871
38.11111111111112,26.267131805419922
0.0,2.8733627796173096
-4.222222222222222,-1.496590256690979
1.3333333333333333,-0.7806811928749084
8.555555555555555,-3.1472151279449463
-3.555555555555556,-3.4525279998779297
33.0,12.75356674194336
-4.777777777777778,-1.2422583103179932
29.0,12.477842330932617
-12.555555555555555,-3.942997932434082
2.111111111111111,-0.8038841485977173
-3.2222222222222223,-3.7040700912475586
-7.111111111111111,-1.8807564973831177
-4.222222222222222,-3.98152232170105
-7.444444444444445,-2.961355447769165
-10.0,-4.191214084625244
7.888888888888889,-0.4100205600261688
1.6666666666666667,0.4547867178916931
-4.0,-2.795301914215088
-2.888888888888889,0.586214542388916
0.5555555555555556,-3.419872522354126
-14.333333333333334,-4.298266410827637
-9.0,1.3914742469787598
-4.888888888888889,-1.5233081579208374
-4.111111111111111,-2.4591410160064697
-0.5555555555555556,-1.2861953973770142
-1.6666666666666667,-0.4489334225654602
-1.3333333333333333,-2.3108408451080322
-5.666666666666667,-0.7528437376022339
-6.111111111111111,-1.2157328128814697
0.8888888888888888,0.2348613739013672
-5.0,5.783999443054199
-14.77777777777778,-0.03134825825691223
0.8888888888888888,-2.1147613525390625
2.2222222222222223,4.713488578796387
2.7777777777777777,1.3610771894454956
7.666666666666667,0.9643580913543701
-2.555555555555556,0.23897415399551392
-5.111111111111111,-3.1787166595458984
-1.1111111111111112,-2.7075695991516113
8.222222222222221,14.826519966125488
9.333333333333334,-4.326166152954102
7.888888888888889,9.364693641662598
0.3333333333333333,0.2747204005718231
-8.0,1.0161356925964355
-7.555555555555555,-2.40659499168396
-4.777777777777778,-2.345386505126953
-0.3333333333333333,-0.28068044781684875
-5.333333333333333,-1.9556657075881958
4.333333333333333,2.9939262866973877
-1.4444444444444444,-1.7514903545379639
-2.888888888888889,-1.9894145727157593
3.111111111111111,-2.332468271255493
17.333333333333332,25.094207763671875
2.0,-1.2123955488204956
-13.88888888888889,-2.5552420616149902
-4.444444444444445,-4.908061981201172
-11.666666666666666,-4.569146633148193
-4.444444444444445,-2.636603832244873
-4.222222222222222,-0.5550779700279236
-7.333333333333333,-5.323151588439941
-3.2222222222222223,-1.5793797969818115
-3.4444444444444446,-1.512380599975586
-3.111111111111111,-1.057846188545227
-5.333333333333333,-0.9677425622940063
7.888888888888889,-2.400153875350952
19.88888888888889,8.444718360900879
-0.1111111111111111,-2.9017629623413086
-2.555555555555556,1.3818491697311401
-6.888888888888889,-2.465315341949463
-6.111111111111111,3.9137206077575684
-1.5555555555555556,-2.433321714401245
-4.333333333333333,-4.74846887588501
0.6666666666666666,-0.3842390179634094
-24.0,-4.223334312438965
-4.222222222222222,-2.9564208984375
-1.0,0.014645785093307495
1.3333333333333333,2.2770371437072754
-12.666666666666666,0.20679786801338196
-7.0,-5.374607563018799
-1.3333333333333333,-2.9051477909088135
-7.0,-3.6245851516723633
5.888888888888889,-0.30643394589424133
-8.11111111111111,-2.138462781906128
-5.777777777777778,-0.9562387466430664
-2.888888888888889,3.692293167114258
-12.77777777777778,-3.637632131576538
-6.444444444444445,-3.9811997413635254
-2.4444444444444446,-1.660705327987671
6.0,7.594736576080322
-8.666666666666666,6.609551906585693
-2.111111111111111,-3.009241819381714
11.11111111111111,1.719576120376587
5.333333333333333,-0.806489884853363
2.4444444444444446,-1.7967710494995117
-3.7777777777777777,-3.4735333919525146
-1.8888888888888888,1.8311394453048706
-0.7777777777777778,-3.2771494388580322
-5.111111111111111,-4.100801944732666
0.6666666666666666,3.1856720447540283
-1.3333333333333333,0.07407224178314209
18.77777777777778,26.057533264160156
7.0,7.253091812133789
-22.55555555555556,-2.9645872116088867
-5.333333333333333,0.6474059820175171
-0.7777777777777778,-2.5968093872070312
10.444444444444445,-5.666109085083008
-1.4444444444444444,-3.7146823406219482
-0.8888888888888888,0.8459954261779785
10.0,0.670793890953064
23.0,7.648217678070068
0.1111111111111111,0.3727257251739502
-1.6666666666666667,1.9793590307235718
-8.88888888888889,-3.4104363918304443
-10.444444444444445,-2.4253835678100586
-1.0,-3.018432140350342
0.6666666666666666,-2.9205193519592285
-4.111111111111111,-3.1303012371063232
18.11111111111111,1.7494802474975586
-1.3333333333333333,-3.0295259952545166
-6.333333333333333,-2.342292308807373
-6.666666666666667,-4.307153701782227
-4.111111111111111,3.13171124458313
-7.555555555555555,-6.313405513763428
-10.555555555555555,-1.5472359657287598
0.5555555555555556,0.49156689643859863
5.555555555555555,-1.8017170429229736
-0.1111111111111111,-3.0153510570526123
-2.888888888888889,-2.6255104541778564
2.4444444444444446,-2.284149408340454
-2.888888888888889,-2.6637279987335205
18.666666666666668,19.334104537963867
1.2222222222222223,0.2998238503932953
-2.2222222222222223,-2.21561861038208
-1.0,-2.6470859050750732
5.222222222222222,12.395342826843262
4.222222222222222,5.099605560302734
-0.2222222222222222,-3.3779566287994385
16.444444444444443,1.1600350141525269
-8.0,-2.7616851329803467
-11.666666666666666,-3.7507858276367188
0.1111111111111111,-1.2062573432922363
2.2222222222222223,3.5199553966522217
-5.333333333333333,-2.1151673793792725
-2.333333333333333,-0.7204685807228088
-3.555555555555556,-1.4279000759124756
-3.111111111111111,-4.091879844665527
-9.22222222222222,-2.291609525680542
-9.666666666666666,-2.011923313140869
-6.333333333333333,0.9020779132843018
-8.333333333333334,-0.9077779054641724
-11.555555555555555,-4.895785331726074
-8.333333333333334,-3.020820379257202
25.0,-0.522903323173523
-5.222222222222222,-4.122751712799072
3.555555555555556,-2.6543688774108887
-2.333333333333333,-3.5039684772491455
-13.666666666666666,-2.071861743927002
-2.333333333333333,-3.5049118995666504
-6.444444444444445,-1.5398375988006592
10.22222222222222,-0.34935078024864197
-4.888888888888889,-1.5634981393814087
6.444444444444445,4.845785617828369
2.0,-0.39842575788497925
15.0,0.5309295058250427
-10.0,-3.1270337104797363
-5.666666666666667,-2.591836929321289
-3.7777777777777777,-1.8884669542312622
1.2222222222222223,-3.775118350982666
-1.4444444444444444,-2.3231449127197266
-4.222222222222222,-1.5417693853378296
2.4444444444444446,-1.5938342809677124
2.333333333333333,-0.007646322250366211
-7.666666666666667,0.38364899158477783
-0.2222222222222222,-2.2719080448150635
0.2222222222222222,1.3790643215179443
1.2222222222222223,-4.4342732429504395
-4.888888888888889,-2.5085437297821045
-1.2222222222222223,-0.2958226799964905
0.7777777777777778,-1.2860296964645386
-1.5555555555555556,-1.7282384634017944
-4.444444444444445,-9.832148551940918
-1.1111111111111112,-2.865957736968994
-3.111111111111111,-4.987698078155518
-0.2222222222222222,-3.1957316398620605
3.0,0.43028488755226135
30.0,13.173197746276855
12.88888888888889,12.044766426086426
-0.3333333333333333,0.57855623960495
41.55555555555556,-1.1745905876159668
-13.333333333333334,-2.8681576251983643
-10.555555555555555,-3.0808663368225098
0.7777777777777778,-2.233668565750122
0.3333333333333333,-0.3972291350364685
-3.555555555555556,-1.8919391632080078
7.222222222222222,-0.11713768541812897
4.666666666666667,7.1865739822387695
-9.88888888888889,-11.108256340026855
-6.111111111111111,-2.3776702880859375
-3.4444444444444446,-2.0695536136627197
7.888888888888889,7.818572521209717
0.2222222222222222,-0.925291895866394
-0.3333333333333333,-4.178354263305664
2.4444444444444446,2.152186632156372
0.3333333333333333,-1.5445396900177002
-4.777777777777778,-2.301449775695801
-2.111111111111111,-1.2357008457183838
-6.111111111111111,0.59079909324646
3.333333333333333,0.4428303837776184
0.8888888888888888,-0.5223448872566223
-4.777777777777778,-3.3069417476654053
-3.888888888888889,-1.852622151374817
-10.0,-1.7973817586898804
-21.33333333333333,-0.4102931320667267
-4.444444444444445,-1.6672414541244507
2.0,0.8360399007797241
-5.222222222222222,-3.2416913509368896
1.2222222222222223,-1.019677758216858
-9.666666666666666,-0.6368963122367859
-7.222222222222222,-3.450382947921753
-6.555555555555555,-1.7890220880508423
-8.777777777777779,-3.913191556930542
-8.11111111111111,-0.6043716669082642
0.3333333333333333,-2.8220930099487305
0.4444444444444444,0.09127169847488403
0.1111111111111111,0.7608709335327148
13.22222222222222,12.514179229736328
-3.888888888888889,-2.9371793270111084
-0.8888888888888888,-6.035295009613037
-4.777777777777778,-1.518293857574463
-9.22222222222222,-2.3848962783813477
3.111111111111111,0.10945817828178406
2.2222222222222223,-0.30635857582092285
-10.555555555555555,-0.789664626121521
-1.0,-2.4021782875061035
-11.0,-1.7450382709503174
-4.666666666666667,-8.865736961364746
-4.0,-0.8323213458061218
3.6666666666666665,-2.2948498725891113
-1.0,-1.9483842849731445
3.0,1.4908583164215088
-9.444444444444445,0.03100109100341797
3.333333333333333,-2.660276412963867
-4.111111111111111,-0.8925478458404541
6.555555555555555,0.18375881016254425
3.333333333333333,-3.0846238136291504
-7.222222222222222,-4.731125354766846
0.4444444444444444,0.20793581008911133
-2.7777777777777777,-3.7385828495025635
-2.2222222222222223,-0.06736207008361816
-2.6666666666666665,-3.1935946941375732
-1.7777777777777777,-2.7540204524993896
13.22222222222222,22.496173858642578
-3.2222222222222223,-0.03491568565368652
-6.888888888888889,-0.9107602834701538
-8.666666666666666,-1.0082324743270874
2.0,0.6319954991340637
0.0,-0.8382508158683777
-2.888888888888889,-2.6923165321350098
-5.888888888888889,-1.0628219842910767
5.555555555555555,-1.1522635221481323
-4.0,0.33551597595214844
6.444444444444445,-0.7319219708442688
-3.555555555555556,0.6695748567581177
-1.3333333333333333,-2.3493597507476807
2.0,-3.332479238510132
-6.0,-1.1304579973220825
-18.88888888888889,-1.7373473644256592
-13.555555555555555,-1.8641817569732666
-2.888888888888889,0.40163809061050415
6.444444444444445,-3.78334641456604
-4.111111111111111,-0.5458874702453613
-6.555555555555555,-0.528858482837677
-3.111111111111111,-1.5088330507278442
-1.5555555555555556,-2.380830764770508
-1.7777777777777777,2.186683177947998
5.555555555555555,-1.6282775402069092
-1.5555555555555556,-2.6923165321350098
12.77777777777778,-0.9493419528007507
-7.777777777777778,-2.900413751602173
1.3333333333333333,-4.356352806091309
-2.555555555555556,-1.436090111732483
19.22222222222222,22.496173858642578
4.666666666666667,0.33551597595214844
-5.888888888888889,-1.6512811183929443
-7.888888888888889,-0.844652533531189
10.77777777777778,-1.1476365327835083
32.111111111111114,21.7606143951416
-5.666666666666667,-1.1992069482803345
9.11111111111111,-0.3225657045841217
8.777777777777779,-2.5599005222320557
-9.11111111111111,-3.569511890411377
4.555555555555555,1.7310066223144531
3.4444444444444446,-1.065056324005127
-11.555555555555555,-10.805788040161133
-3.0,-1.5940923690795898
-5.222222222222222,-2.931349515914917
1.1111111111111112,-1.1151007413864136
-9.555555555555555,-2.181414842605591
-3.888888888888889,-3.7891335487365723
-0.3333333333333333,-0.8803326487541199
1.6666666666666667,1.601462960243225
-8.555555555555555,0.5757430195808411
11.333333333333334,0.32361364364624023
8.88888888888889,-2.003763437271118
-4.222222222222222,-3.178478717803955
-0.6666666666666666,-1.9055780172348022
-8.333333333333334,-0.6308432817459106
-2.888888888888889,-7.728970527648926
-9.77777777777778,-2.839512586593628
-2.4444444444444446,-3.2953505516052246
7.222222222222222,-0.7826610803604126
-11.11111111111111,-3.9863173961639404
-3.2222222222222223,-3.939016342163086
3.555555555555556,-0.9097118973731995
-1.2222222222222223,-1.6403404474258423
-15.11111111111111,-0.44399213790893555
-8.222222222222221,-4.120333194732666
1.5555555555555556,-3.9730217456817627
-6.222222222222222,-2.36873459815979
-2.888888888888889,-0.03869250416755676
-1.3333333333333333,1.1442837715148926
4.0,-1.217777967453003
5.666666666666667,6.373658657073975
6.777777777777778,1.215653657913208
-3.6666666666666665,-2.3396804332733154
-5.222222222222222,-5.326706409454346
-6.0,-2.2912960052490234
0.4444444444444444,-0.38129380345344543
-4.444444444444445,-2.0490782260894775
-6.888888888888889,2.7482571601867676
-0.1111111111111111,-4.384555339813232
-5.555555555555555,-2.062147617340088
-8.666666666666666,4.432277202606201
3.4444444444444446,-2.673346996307373
-0.8888888888888888,0.19139033555984497
-2.6666666666666665,-0.6752411723136902
-1.3333333333333333,-3.0864357948303223
2.4444444444444446,2.478600263595581
-9.22222222222222,-3.642457962036133
-12.333333333333334,-1.5310688018798828
25.666666666666668,-0.5500884056091309
2.4444444444444446,0.16939586400985718
2.2222222222222223,0.7167649269104004
-1.2222222222222223,2.1735239028930664
-2.6666666666666665,-2.583815813064575
-5.333333333333333,-4.552769184112549
0.0,-0.6151175498962402
-1.4444444444444444,-4.516061782836914
-3.555555555555556,-0.9617490172386169
-0.5555555555555556,-3.502586841583252
-5.222222222222222,-2.645928144454956
-2.0,-1.4197189807891846
3.555555555555556,-1.1686623096466064
3.555555555555556,-2.537937641143799
-1.0,-1.5226638317108154
5.222222222222222,-0.9480714797973633
-11.11111111111111,-2.113823652267456
-6.222222222222222,-2.837535858154297
-8.11111111111111,2.2578084468841553
5.333333333333333,-0.8149244785308838
-1.8888888888888888,-0.6605044007301331
1.7777777777777777,6.277674198150635
-1.4444444444444444,-2.5522825717926025
-2.0,-0.46976837515830994
-10.22222222222222,-3.32195782661438
2.2222222222222223,-0.02406039834022522
7.111111111111111,-0.5089265704154968
-5.0,-2.6927380561828613
23.33333333333333,0.11646759510040283
2.888888888888889,-3.7057034969329834
-0.3333333333333333,-0.9443514943122864
-2.7777777777777777,-1.741762399673462
20.11111111111111,-2.1555583477020264
-6.555555555555555,-2.244905948638916
-5.888888888888889,-4.921792507171631
-13.0,-3.8222527503967285
-2.6666666666666665,-3.696629524230957
-4.666666666666667,-5.672850131988525
0.8888888888888888,-1.6663564443588257
-2.111111111111111,-1.3669581413269043
21.55555555555556,19.95447540283203
4.444444444444445,-2.2208921909332275
1.2222222222222223,-2.61000919342041
13.333333333333334,6.6595139503479
-17.22222222222222,-3.3293581008911133
13.11111111111111,11.191590309143066
3.555555555555556,-0.34971708059310913
-3.4444444444444446,-4.145071029663086
11.22222222222222,0.5148484706878662
-4.555555555555555,5.443058967590332
1.4444444444444444,-4.824343681335449
-5.0,-2.155397891998291
15.22222222222222,5.405279636383057
4.444444444444445,3.3187639713287354
-7.666666666666667,-3.5902976989746094
-3.111111111111111,-2.2680745124816895
-6.666666666666667,-3.385840654373169
0.4444444444444444,-3.0358145236968994
-4.111111111111111,-2.8836569786071777
-2.2222222222222223,-4.016722679138184
16.88888888888889,18.462583541870117
-4.0,-3.9447546005249023
-11.333333333333334,-4.0608134269714355
0.5555555555555556,-3.8111908435821533
8.777777777777779,5.848741054534912
1.0,1.512727975845337
-3.2222222222222223,-2.0788111686706543
0.0,-1.1289809942245483
3.2222222222222223,-0.3574410676956177
1.2222222222222223,-0.43672239780426025
-4.111111111111111,-1.022321343421936
-2.4444444444444446,-0.49961215257644653
2.0,-2.3567984104156494
-4.444444444444445,-0.10167831182479858
-8.666666666666666,-2.492377519607544
-1.7777777777777777,0.3803132176399231
-4.333333333333333,-4.345515727996826
-5.333333333333333,-6.03019905090332
2.0,-1.9537615776062012
-0.2222222222222222,-2.0678369998931885
4.222222222222222,-2.594301223754883
6.444444444444445,-2.1374640464782715
-15.88888888888889,-1.685382604598999
21.0,22.314754486083984
9.444444444444445,1.5742629766464233
1.2222222222222223,0.6508813500404358
-7.888888888888889,-3.327672004699707
-2.4444444444444446,-3.5387518405914307
4.111111111111111,-0.293223112821579
3.888888888888889,1.6661136150360107
-4.111111111111111,-3.7141239643096924
-5.333333333333333,-2.8946027755737305
31.22222222222222,-1.7129448652267456
-4.888888888888889,-2.698542594909668
-5.777777777777778,-3.353602886199951
-1.8888888888888888,-0.5595996379852295
19.55555555555556,-0.44729071855545044
-2.0,-2.268413782119751
3.111111111111111,0.5464743971824646
-1.1111111111111112,-3.607499599456787
11.22222222222222,3.170976161956787
3.555555555555556,-0.5001181364059448
-0.8888888888888888,-3.001225471496582
24.88888888888889,19.56776237487793
-4.111111111111111,-1.1286917924880981
13.88888888888889,13.097857475280762
-1.5555555555555556,-2.146868944168091
-7.111111111111111,-3.813586711883545
-15.666666666666666,-5.158056259155273
-22.88888888888889,-4.532148361206055
9.666666666666666,-1.215297818183899
2.2222222222222223,5.891384124755859
-3.4444444444444446,-4.1768083572387695
-6.555555555555555,-4.690030097961426
-14.0,-1.8319239616394043
2.2222222222222223,-1.8277336359024048
1.2222222222222223,-0.5206762552261353
-5.333333333333333,-1.661794662475586
-6.333333333333333,-1.877799153327942
-4.0,-1.5063835382461548
-3.2222222222222223,-1.600710391998291
-1.8888888888888888,-2.6918580532073975
0.3333333333333333,-1.445664644241333
7.777777777777778,-0.883676290512085
-1.0,-0.7514255046844482
-1.6666666666666667,0.9610634446144104
-17.22222222222222,-3.947566509246826
-2.333333333333333,-1.7579821348190308
11.666666666666666,3.5197596549987793
-0.6666666666666666,0.4956797957420349
1.2222222222222223,-1.8121024370193481
19.33333333333333,-2.8189597129821777
-3.888888888888889,-1.3038620948791504
9.333333333333334,-2.568878412246704
-2.555555555555556,-0.0013901293277740479
-7.555555555555555,-3.9076087474823
-0.1111111111111111,-1.3197740316390991
3.888888888888889,-0.4964827597141266
-7.888888888888889,-3.179696798324585
-1.0,-3.659637451171875
-1.2222222222222223,0.060842275619506836
-6.222222222222222,6.68133544921875
-1.3333333333333333,-2.0994627475738525
-3.4444444444444446,-2.772649049758911
0.7777777777777778,0.5592730045318604
-6.333333333333333,-2.606398582458496
-8.666666666666666,-2.7527554035186768
-0.3333333333333333,-1.2998788356781006
1.1111111111111112,-2.0604608058929443
3.7777777777777777,1.8885602951049805
-4.888888888888889,2.6402218341827393
7.666666666666667,0.5094795823097229
7.333333333333333,0.22844284772872925
10.11111111111111,-1.553941011428833
-2.7777777777777777,-2.3215975761413574
-3.555555555555556,-0.29844021797180176
-4.0,-3.6682608127593994
-5.333333333333333,1.0533497333526611
1.6666666666666667,-1.8047651052474976
-2.555555555555556,-0.22443731129169464
12.22222222222222,6.780501842498779
-2.888888888888889,-1.7596802711486816
-4.444444444444445,1.1205493211746216
-3.6666666666666665,-3.3814198970794678
-0.7777777777777778,-3.408308267593384
6.333333333333333,-1.0070353746414185
-9.555555555555555,-1.723472237586975
-6.111111111111111,-1.9341528415679932
0.8888888888888888,-1.90220046043396
4.222222222222222,-0.9300966858863831
-26.0,-2.815100908279419
12.88888888888889,-0.5261643528938293
-4.444444444444445,-3.0745577812194824
-3.6666666666666665,-0.906901478767395
2.0,-0.44423824548721313
-8.11111111111111,-4.146641731262207
-0.2222222222222222,-2.896193265914917
4.888888888888889,-0.6971632838249207
-4.888888888888889,-4.798408508300781
-3.555555555555556,-1.046763300895691
6.888888888888889,-2.713223695755005
13.333333333333334,19.003602981567383
1.5555555555555556,-0.6121131181716919
-3.4444444444444446,-1.3924238681793213
0.1111111111111111,-1.7078585624694824
3.2222222222222223,-1.244681715965271
-6.222222222222222,-3.613307476043701
-7.0,-1.5864288806915283
4.333333333333333,0.7580118179321289
0.7777777777777778,-1.502084732055664
2.4444444444444446,-2.5574417114257812
-0.2222222222222222,-3.4912309646606445
7.333333333333333,0.2127884030342102
0.3333333333333333,-0.6212260127067566
-2.6666666666666665,4.549051284790039
0.2222222222222222,-1.7279343605041504
-2.555555555555556,-4.496256351470947
-2.2222222222222223,-0.968708336353302
-1.2222222222222223,0.9570029377937317
8.777777777777779,2.2531561851501465
-1.3333333333333333,-0.8756368160247803
5.222222222222222,-0.4281872510910034
0.1111111111111111,1.406125783920288
-3.333333333333333,-2.872924566268921
2.6666666666666665,-1.246860146522522
-6.555555555555555,-1.943859338760376
-17.88888888888889,-2.275540351867676
5.555555555555555,-1.1123476028442383
6.333333333333333,-0.3639363944530487
4.777777777777778,-0.5052443742752075
11.22222222222222,-1.8348997831344604
1.6666666666666667,0.42908117175102234
-11.22222222222222,-4.081463813781738
-4.555555555555555,-3.227717161178589
-4.222222222222222,-3.0596132278442383
0.5555555555555556,-1.4976459741592407
-8.11111111111111,-3.7766897678375244
10.0,8.956221580505371
3.888888888888889,-2.449944257736206
-2.555555555555556,-5.479582786560059
-3.333333333333333,-2.478358268737793
0.7777777777777778,-0.4730733633041382
-4.0,-2.9294395446777344
-2.333333333333333,-4.219705104827881
1.8888888888888888,-1.6760129928588867
19.88888888888889,19.956640243530273
-12.333333333333334,-7.0131025314331055
-5.222222222222222,-1.109734058380127
-7.777777777777778,-4.4809651374816895
0.6666666666666666,-1.8476277589797974
0.7777777777777778,6.66351842880249
4.444444444444445,-3.826939582824707
-5.111111111111111,-0.37419652938842773
-3.333333333333333,-0.9229229092597961
-14.77777777777778,-3.156221628189087
5.0,-1.9913103580474854
-2.0,-2.063837766647339
-1.6666666666666667,4.665701389312744
-1.5555555555555556,1.803126335144043
-2.4444444444444446,-3.1600801944732666
7.777777777777778,14.594496726989746
1.2222222222222223,-0.22907361388206482
-9.11111111111111,-2.9674322605133057
-1.8888888888888888,-2.2567355632781982
-5.555555555555555,-1.910270094871521
1.3333333333333333,0.2362537533044815
-0.5555555555555556,-2.1200196743011475
-7.222222222222222,-1.5334248542785645
15.444444444444445,5.571569442749023
-13.22222222222222,-0.2920525074005127
-6.111111111111111,-3.017277479171753
-0.7777777777777778,-4.375761032104492
-13.0,-2.767343759536743
-7.111111111111111,-2.3461484909057617
-5.777777777777778,-0.21266260743141174
-2.111111111111111,-4.537638187408447
-5.444444444444445,-2.479199171066284
-3.333333333333333,-5.873849391937256
0.0,-1.9013686180114746
3.0,-2.275513172149658
26.444444444444443,23.971298217773438
2.6666666666666665,0.7052374482154846
-6.555555555555555,-2.275513172149658
-4.777777777777778,-0.8348475694656372
5.222222222222222,4.296481609344482
-16.666666666666668,-5.02236270904541
5.888888888888889,-2.6286611557006836
-5.0,-1.2237852811813354
-4.555555555555555,-3.612847328186035
-4.555555555555555,-2.5510032176971436
2.2222222222222223,-2.355966806411743
1.5555555555555556,-2.236112356185913
-0.8888888888888888,-1.7061166763305664
-8.444444444444445,-17.10288429260254
-2.7777777777777777,2.5532302856445312
4.0,-3.5430197715759277
-0.1111111111111111,-1.191618800163269
7.555555555555555,-0.282366007566452
-2.333333333333333,-1.8002430200576782
-4.333333333333333,-1.6511276960372925
0.3333333333333333,-3.671433210372925
-3.0,-2.4699087142944336
3.333333333333333,-3.5783095359802246
-4.555555555555555,-0.015601903200149536
1.3333333333333333,2.6051902770996094
1.6666666666666667,1.099690556526184
-4.555555555555555,-3.8403003215789795
15.22222222222222,2.1664113998413086
-3.7777777777777777,-1.8154066801071167
-0.3333333333333333,-1.5063402652740479
-2.111111111111111,-3.4091105461120605
-1.7777777777777777,-3.3367981910705566
-0.7777777777777778,-1.4004894495010376
-4.888888888888889,-2.705352306365967
-3.111111111111111,-1.3316211700439453
-1.4444444444444444,-5.472574234008789
-5.777777777777778,-0.9823172092437744
16.88888888888889,-1.8076282739639282
0.1111111111111111,-1.4772409200668335
-4.888888888888889,7.750528335571289
3.4444444444444446,-1.6698238849639893
-2.555555555555556,0.1882743239402771
0.0,-1.020859718322754
0.8888888888888888,0.5685718655586243
-20.0,0.4926365613937378
3.333333333333333,-0.509514331817627
-2.4444444444444446,-1.9978643655776978
-8.777777777777779,-3.620137929916382
-6.666666666666667,-2.7805371284484863
-2.888888888888889,-0.8725073337554932
-5.444444444444445,-6.249917984008789
-8.555555555555555,5.04457426071167
-0.4444444444444444,-1.918104887008667
-2.111111111111111,-1.6617634296417236
3.4444444444444446,-0.7826467752456665
-7.333333333333333,-1.6825207471847534
-1.4444444444444444,-2.5027332305908203
-11.88888888888889,-1.7201886177062988
-5.555555555555555,-0.6078866720199585
-6.333333333333333,-0.6396201252937317
-1.0,-1.9577986001968384
0.4444444444444444,-0.6006511449813843
-11.444444444444445,-3.1969051361083984
7.222222222222222,-1.6969175338745117
-2.333333333333333,-2.4693524837493896
-8.222222222222221,-4.305251121520996
1.7777777777777777,-1.3285584449768066
-11.333333333333334,-4.062497615814209
-4.333333333333333,-2.2877838611602783
-9.555555555555555,-2.248378276824951
0.4444444444444444,8.555486679077148
-8.777777777777779,-3.4969253540039062
-8.333333333333334,0.2308119535446167
-2.333333333333333,-1.6189956665039062
19.55555555555556,-0.6739140152931213
-7.222222222222222,-5.517891883850098
-2.888888888888889,-0.9332044720649719
-19.77777777777778,-4.123075008392334
7.111111111111111,-1.3527621030807495
-4.0,-1.4167158603668213
-8.444444444444445,-1.542917251586914
6.444444444444445,1.5558269023895264
13.11111111111111,-0.8092793822288513
-1.6666666666666667,-3.74369478225708
1.7777777777777777,-1.048301100730896
-3.6666666666666665,0.48592498898506165
15.444444444444445,0.2792116701602936
-0.3333333333333333,-0.22291339933872223
37.0,30.058212280273438
-4.666666666666667,-2.6085386276245117
-6.0,-3.5803229808807373
34.55555555555556,27.116565704345703
-1.7777777777777777,-2.081300735473633
-3.888888888888889,-1.3517496585845947
20.77777777777778,5.128763675689697
-4.777777777777778,-0.6361753940582275
-4.555555555555555,-4.306058883666992
-10.88888888888889,-2.8148741722106934
-19.88888888888889,-3.1005547046661377
0.3333333333333333,-2.947580575942993
-0.6666666666666666,-1.8305474519729614
-11.444444444444445,-1.112692952156067
-6.666666666666667,-0.400081604719162
23.666666666666668,0.9391870498657227
2.0,-2.405198812484741
-4.222222222222222,-5.357235908508301
-3.2222222222222223,-2.1699917316436768
-2.555555555555556,-2.3298544883728027
-0.6666666666666666,1.540419578552246
-6.222222222222222,9.121627807617188
2.888888888888889,-0.950875997543335
-0.8888888888888888,0.5565876960754395
0.1111111111111111,0.45840588212013245
0.6666666666666666,-1.6619174480438232
-23.88888888888889,-2.4181387424468994
-2.555555555555556,0.8092713356018066
0.5555555555555556,13.035677909851074
-3.0,-3.516693115234375
-10.555555555555555,-4.168503284454346
3.333333333333333,2.8942713737487793
3.111111111111111,5.660008907318115
0.2222222222222222,-0.04919728636741638
-2.7777777777777777,-1.499861240386963
-1.3333333333333333,-1.6651201248168945
-2.6666666666666665,-2.2057321071624756
-10.555555555555555,0.09050357341766357
-2.0,-5.170356750488281
-1.7777777777777777,-0.30462944507598877
-1.4444444444444444,-3.4568727016448975
-12.88888888888889,-2.559826374053955
-5.666666666666667,1.5632975101470947
23.0,12.11690902709961
0.2222222222222222,-0.6057907938957214
14.666666666666666,-0.6283774375915527
5.0,0.6002047061920166
-4.222222222222222,-0.9141746163368225
-8.0,-3.7957112789154053
1.5555555555555556,2.045722246170044
0.1111111111111111,-2.1382830142974854
2.333333333333333,-1.3573424816131592
-3.7777777777777777,-1.119106411933899
-0.2222222222222222,0.5215306878089905
2.555555555555556,1.2431970834732056
-10.333333333333334,-3.485036611557007
0.3333333333333333,0.19655898213386536
-7.0,-1.9428179264068604
-9.88888888888889,-3.9286398887634277
4.666666666666667,-1.2182822227478027
-1.8888888888888888,-1.4010275602340698
-3.888888888888889,-2.8090500831604004
-13.0,0.31642618775367737
4.333333333333333,-1.3943016529083252
-2.7777777777777777,-3.5932867527008057
-2.4444444444444446,-3.2624945640563965
9.444444444444445,5.23882532119751
14.666666666666666,-0.7310446500778198
-5.555555555555555,-1.7353426218032837
-3.4444444444444446,-1.4215824604034424
-9.333333333333334,-4.0782270431518555
-1.8888888888888888,-3.510784387588501
-2.333333333333333,-3.7518458366394043
5.555555555555555,1.9572582244873047
-3.111111111111111,-4.239999294281006
11.88888888888889,13.942164421081543
-10.22222222222222,-6.280637264251709
2.888888888888889,-1.8074836730957031
9.555555555555555,-0.997321367263794
-0.4444444444444444,-3.6771938800811768
-7.333333333333333,-1.5596634149551392
-8.666666666666666,-2.8274993896484375
-5.777777777777778,-3.9494118690490723
6.777777777777778,-2.2318098545074463
-7.444444444444445,-3.046234369277954
-0.5555555555555556,-2.0320465564727783
-2.7777777777777777,-4.072040557861328
-4.222222222222222,-0.08932653069496155
-3.555555555555556,1.1975125074386597
0.4444444444444444,5.111458778381348
2.6666666666666665,3.718862771987915
15.444444444444445,10.806640625
0.8888888888888888,0.5726532340049744
-3.0,-0.031080245971679688
-3.888888888888889,-0.9146973490715027
-2.888888888888889,-2.2267980575561523
-8.333333333333334,-0.00683140754699707
-5.333333333333333,-0.8623908758163452
-2.0,-3.1779186725616455
-5.111111111111111,-3.4127495288848877
-1.6666666666666667,-2.2333831787109375
1.8888888888888888,-0.1696314811706543
-6.0,2.3576176166534424
3.6666666666666665,-0.290171355009079
4.444444444444445,-0.9395248889923096
-6.333333333333333,-4.759827136993408
-5.0,-2.2546486854553223
-4.222222222222222,-1.56588876247406
-4.111111111111111,-2.892589807510376
-0.7777777777777778,-0.4660319685935974
0.3333333333333333,-0.8697531223297119
-2.888888888888889,-3.4090795516967773
-2.7777777777777777,-2.8372039794921875
5.666666666666667,0.6197695732116699
-2.7777777777777777,0.46004873514175415
0.3333333333333333,-2.055852174758911
0.6666666666666666,-0.7814676761627197
-10.666666666666666,-1.1855957508087158
-8.88888888888889,-2.3338706493377686
2.4444444444444446,-5.444944858551025
-13.555555555555555,-4.378972053527832
2.4444444444444446,5.637137413024902
-1.6666666666666667,-1.5116384029388428
18.444444444444443,-1.6643362045288086
-3.333333333333333,-2.2586441040039062
-2.888888888888889,-2.8763372898101807
-4.222222222222222,-3.887935161590576
-1.1111111111111112,-2.993936061859131
-3.7777777777777777,2.9775006771087646
31.11111111111111,-0.5933342576026917
-2.2222222222222223,3.923015832901001
-3.555555555555556,-3.8932430744171143
-3.888888888888889,-0.6528100967407227
-6.666666666666667,-1.6115013360977173
-1.5555555555555556,-1.5742501020431519
0.5555555555555556,0.9561581015586853
-4.222222222222222,-4.685748100280762
-18.22222222222222,-3.546077251434326
-2.333333333333333,-0.44660618901252747
0.2222222222222222,-4.382199287414551
3.2222222222222223,-3.1063811779022217
3.4444444444444446,-1.0614501237869263
-2.333333333333333,0.7778657078742981
2.7777777777777777,-1.6940271854400635
1.3333333333333333,-1.964022159576416
-4.777777777777778,-3.1053125858306885
-8.11111111111111,-3.6035077571868896
-0.7777777777777778,-3.9566099643707275
-7.444444444444445,-0.6596158742904663
1.3333333333333333,3.433211088180542
-3.111111111111111,-0.736494779586792
13.444444444444445,5.434908390045166
13.77777777777778,-3.0913710594177246
-2.888888888888889,-1.0345239639282227
-3.111111111111111,-1.9052515029907227
-4.333333333333333,-6.020745754241943
3.2222222222222223,20.704248428344727
-0.1111111111111111,-0.7147930860519409
0.3333333333333333,-1.8385547399520874
0.0,-1.2449103593826294
7.111111111111111,0.17073464393615723
24.22222222222222,14.704136848449707
-6.0,-3.226984977722168
-11.0,0.10398423671722412
-2.111111111111111,-1.3507431745529175
-2.4444444444444446,-5.58052396774292
-2.2222222222222223,-0.5055171251296997
4.222222222222222,-1.0742390155792236
-9.22222222222222,-2.207125186920166
10.333333333333334,0.7585286498069763
-3.555555555555556,-1.2363117933273315
17.555555555555557,19.78888511657715
1.8888888888888888,-1.618935227394104
1.8888888888888888,0.9236385822296143
-5.666666666666667,-2.9991207122802734
14.88888888888889,9.558723449707031
0.6666666666666666,-0.9941662549972534
1.1111111111111112,-1.0696253776550293
-3.333333333333333,-0.9233013391494751
3.4444444444444446,-3.0286691188812256
-6.555555555555555,-3.0012834072113037
-6.888888888888889,-2.1501927375793457
-2.888888888888889,-0.8409831523895264
-2.2222222222222223,-6.112685203552246
2.333333333333333,-0.2843833863735199
-4.666666666666667,-0.7357601523399353
-2.888888888888889,-0.7494686245918274
-0.7777777777777778,-3.4394185543060303
-9.77777777777778,-5.064772605895996
-4.111111111111111,-1.6905107498168945
-7.777777777777778,-3.856701612472534
-4.111111111111111,-1.882890224456787
0.8888888888888888,-1.5976330041885376
-7.666666666666667,-1.9540549516677856
-4.333333333333333,-1.5905847549438477
-11.666666666666666,-3.1671667098999023
0.2222222222222222,-1.0323560237884521
-3.0,0.6454815864562988
-3.0,-3.3768303394317627
8.444444444444445,6.919735908508301
-6.333333333333333,-1.6267014741897583
-8.333333333333334,-2.3400654792785645
-0.3333333333333333,-4.280250072479248
-7.222222222222222,3.796313524246216
-0.3333333333333333,0.30010437965393066
4.222222222222222,-2.1273739337921143
-2.555555555555556,-4.167375087738037
-8.444444444444445,-3.3877508640289307
-4.111111111111111,-1.005500078201294
-0.1111111111111111,-1.103043556213379
-2.555555555555556,0.37857380509376526
-2.4444444444444446,0.014849595725536346
-2.888888888888889,-1.143808126449585
10.11111111111111,-0.4488186836242676
-2.4444444444444446,0.7404839396476746
7.0,-1.327951192855835
-4.222222222222222,-2.938717842102051
-2.4444444444444446,0.048780813813209534
-12.11111111111111,-1.4221839904785156
0.3333333333333333,0.8415826559066772
6.111111111111111,0.8819043636322021
-16.666666666666668,-3.170314311981201
1.8888888888888888,9.17060375213623
3.6666666666666665,-0.6240013837814331
0.8888888888888888,-2.3962595462799072
-6.777777777777778,0.671158492565155
-9.333333333333334,-1.0975325107574463
-13.0,-1.3543305397033691
1.3333333333333333,-1.983842134475708
2.333333333333333,6.878009796142578
-2.888888888888889,-1.4397175312042236
-8.0,-1.1965972185134888
1.3333333333333333,-1.9916549921035767
-1.0,-0.4587726294994354
1.6666666666666667,-3.160590410232544
8.333333333333334,4.476995944976807
3.6666666666666665,12.634854316711426
-3.111111111111111,-1.1473963260650635
-7.444444444444445,-4.081868648529053
2.6666666666666665,-0.19112995266914368
11.22222222222222,9.551003456115723
-2.0,-4.252682685852051
-2.555555555555556,-1.448117733001709
-6.111111111111111,-3.205665349960327
-5.111111111111111,-2.2658066749572754
-8.777777777777779,-0.5954239368438721
-10.11111111111111,-3.344862937927246
-4.666666666666667,-3.1762945652008057
9.444444444444445,-1.9736839532852173
1.6666666666666667,-2.0128285884857178
-3.0,-2.460609197616577
-5.444444444444445,-1.609352469444275
2.111111111111111,1.3350573778152466
-5.888888888888889,-1.5901496410369873
-1.8888888888888888,-1.6118961572647095
-4.777777777777778,-3.3071248531341553
2.111111111111111,-1.7828871011734009
0.5555555555555556,-3.073943614959717
-3.111111111111111,-3.099233627319336
-11.88888888888889,-1.5442016124725342
-0.6666666666666666,-4.169805526733398
12.11111111111111,1.2438440322875977
-0.5555555555555556,-0.2521950304508209
0.6666666666666666,8.730815887451172
-4.888888888888889,-1.4232172966003418
-3.111111111111111,-2.895825147628784
-2.2222222222222223,0.75751131772995
-3.2222222222222223,-4.400930404663086
-6.888888888888889,-1.2636996507644653
3.4444444444444446,-1.4262316226959229
24.11111111111111,12.343018531799316
-0.8888888888888888,-0.015612125396728516
0.8888888888888888,0.6550909280776978
-6.555555555555555,-3.2171032428741455
-1.3333333333333333,-4.103296756744385
-4.111111111111111,-4.953840255737305
9.666666666666666,-1.9061126708984375
5.111111111111111,1.9531148672103882
4.333333333333333,-3.4580507278442383
0.4444444444444444,-0.7462009787559509
-15.444444444444445,-11.723992347717285
-7.0,-4.626109600067139
1.7777777777777777,-2.9181196689605713
6.777777777777778,0.11482876539230347
8.0,-2.03556489944458
4.777777777777778,3.8854012489318848
19.55555555555556,15.76575756072998
-6.777777777777778,-2.3780994415283203
-7.222222222222222,-3.7275214195251465
0.1111111111111111,-2.4774272441864014
-0.4444444444444444,-2.2182655334472656
-3.555555555555556,-3.3280110359191895
10.444444444444445,0.8875620365142822
3.4444444444444446,11.951162338256836
-0.1111111111111111,0.2982774078845978
-7.666666666666667,-2.296393394470215
0.1111111111111111,-0.5896199345588684
-3.333333333333333,-3.282944679260254
-4.222222222222222,0.09428739547729492
-0.7777777777777778,8.476771354675293
-11.666666666666666,-4.449153900146484
-2.333333333333333,-2.0049524307250977
-0.3333333333333333,-4.755112171173096
17.88888888888889,-1.0659899711608887
32.55555555555556,22.564743041992188
-11.0,9.082452774047852
-4.0,0.05222877860069275
-6.777777777777778,-7.126046180725098
-15.333333333333334,-1.2212640047073364
-7.666666666666667,-1.4499815702438354
-3.555555555555556,-3.3806850910186768
-2.7777777777777777,-1.2682639360427856
0.1111111111111111,-3.6590890884399414
38.11111111111112,18.277507781982422
-8.0,-2.1038734912872314
-4.222222222222222,-4.609796047210693
0.0,-3.956355571746826
23.55555555555556,8.076794624328613
1.7777777777777777,-3.296420097351074
-2.7777777777777777,0.16576603055000305
-5.777777777777778,-2.2683377265930176
7.333333333333333,5.416275501251221
-6.555555555555555,-2.5169732570648193
-9.333333333333334,-7.7017741203308105
5.111111111111111,-2.125030517578125
-5.444444444444445,-0.17544490098953247
3.6666666666666665,-3.4838368892669678
-6.555555555555555,-1.5042178630828857
19.444444444444443,7.723960876464844
-4.777777777777778,-3.7132766246795654
4.888888888888889,-1.113019585609436
-3.2222222222222223,-0.7198129892349243
-1.6666666666666667,-1.0659934282302856
-7.555555555555555,-2.0286574363708496
-3.4444444444444446,-1.0420509576797485
1.5555555555555556,-3.0988314151763916
-7.555555555555555,-0.6276811361312866
-13.333333333333334,-0.7311056852340698
-5.0,-3.213696241378784
-3.111111111111111,13.113539695739746
-8.777777777777779,0.12909778952598572
-1.1111111111111112,-0.5601581931114197
1.8888888888888888,-4.375696182250977
-6.222222222222222,-2.831580877304077
-0.1111111111111111,-4.572376728057861
4.0,-0.9813328385353088
-18.22222222222222,-2.9408211708068848
-1.7777777777777777,-1.5594353675842285
-13.333333333333334,-2.4287116527557373
-7.666666666666667,-1.5945801734924316
-1.6666666666666667,2.7874536514282227
-4.444444444444445,-1.8511048555374146
-11.444444444444445,-0.9506781697273254
2.888888888888889,0.1400507688522339
27.0,18.29111099243164
1.8888888888888888,0.6177912950515747
-8.88888888888889,2.701707363128662
-4.888888888888889,-5.502805709838867
-5.888888888888889,-3.2917163372039795
-3.6666666666666665,-4.011439800262451
9.555555555555555,11.611449241638184
-1.6666666666666667,-2.0274195671081543
0.8888888888888888,-1.435128092765808
-13.666666666666666,-4.219844341278076
-3.555555555555556,-3.178701877593994
-1.6666666666666667,-2.502324104309082
8.88888888888889,11.569942474365234
-4.888888888888889,-1.8079255819320679
-3.888888888888889,-2.068044900894165
-9.88888888888889,-3.169299840927124
-1.5555555555555556,-1.7615866661071777
7.666666666666667,14.945356369018555
3.7777777777777777,-2.7692782878875732
12.666666666666666,-3.9551806449890137
-4.555555555555555,-0.23457802832126617
13.555555555555555,14.474652290344238
6.777777777777778,-3.9961652755737305
-9.11111111111111,-4.353636264801025
-2.555555555555556,-1.3502649068832397
-1.4444444444444444,-3.099085569381714
-6.222222222222222,-4.584438800811768
-7.555555555555555,-4.1237640380859375
1.0,11.767740249633789
-1.4444444444444444,0.5324251651763916
-9.88888888888889,-3.7749881744384766
1.2222222222222223,-2.1013407707214355
2.2222222222222223,-2.3662045001983643
1.2222222222222223,0.22656548023223877
8.444444444444445,-1.4822014570236206
0.8888888888888888,-2.98771333694458
-10.444444444444445,-3.8103952407836914
4.444444444444445,-2.122638702392578
-1.6666666666666667,-0.4221128821372986
-3.888888888888889,-0.7312736511230469
3.2222222222222223,-2.3521995544433594
-5.666666666666667,3.6105387210845947
-9.0,-3.8201661109924316
8.777777777777779,-0.479501336812973
1.5555555555555556,-2.1765761375427246
-2.555555555555556,-0.2064739167690277
4.777777777777778,1.7272074222564697
-16.11111111111111,-3.5008485317230225
-5.555555555555555,-1.4177191257476807
-1.8888888888888888,-3.2897698879241943
25.11111111111111,8.09749698638916
-2.555555555555556,-0.17621128261089325
-12.0,-8.059072494506836
-10.333333333333334,-2.07116961479187
-7.333333333333333,-2.6876158714294434
0.0,-0.49558043479919434
1.8888888888888888,-4.168569087982178
1.4444444444444444,0.07859010994434357
19.55555555555556,-0.8724007606506348
-5.222222222222222,-2.6311495304107666
0.3333333333333333,3.4849579334259033
1.1111111111111112,-3.23854923248291
25.666666666666668,10.875815391540527
-3.0,-3.98087215423584
3.555555555555556,0.3943200409412384
4.222222222222222,1.9114938974380493
1.7777777777777777,-4.065038681030273
31.444444444444443,-2.5772953033447266
19.33333333333333,9.463281631469727
-1.6666666666666667,-4.73415470123291
1.5555555555555556,6.782067775726318
7.222222222222222,-1.5239661931991577
-3.7777777777777777,-3.9075498580932617
-1.6666666666666667,-2.6321113109588623
0.2222222222222222,-0.6635841131210327
3.7777777777777777,9.330146789550781
-2.0,-5.279429912567139
1.6666666666666667,-3.879169464111328
1.3333333333333333,-0.060196101665496826
0.1111111111111111,-0.5187968015670776
-1.0,-1.9201297760009766
7.0,-2.0751793384552
-3.111111111111111,-0.9215463399887085
9.11111111111111,-2.0107781887054443
3.6666666666666665,-3.0064969062805176
-4.888888888888889,-1.5436714887619019
-1.6666666666666667,-1.902140498161316
-3.555555555555556,-4.129248142242432
-1.4444444444444444,-0.8930625915527344
-15.0,0.7167050838470459
1.0,-3.8259449005126953
5.333333333333333,0.24669574201107025
5.444444444444445,0.5318772196769714
-3.0,-1.6421632766723633
-2.333333333333333,0.7022198438644409
-5.111111111111111,-2.3454861640930176
-3.6666666666666665,-2.7439942359924316
2.7777777777777777,-3.5970911979675293
-8.777777777777779,-4.525633335113525
2.333333333333333,-1.2529195547103882
3.4444444444444446,6.039370059967041
12.333333333333334,1.6609833240509033
-1.0,1.4930229187011719
1.6666666666666667,-1.739096760749817
-1.1111111111111112,0.16703927516937256
-5.0,-3.28312087059021
-5.222222222222222,-2.093010187149048
-4.777777777777778,-1.944657325744629
0.5555555555555556,-0.2860751450061798
6.0,3.3339056968688965
13.77777777777778,6.926114082336426
6.666666666666667,-2.556811809539795
-1.0,-1.6885215044021606
-3.7777777777777777,0.09176027774810791
-5.777777777777778,-2.0864877700805664
-3.555555555555556,-3.243772506713867
0.2222222222222222,-0.1308184415102005
-3.888888888888889,1.6989424228668213
-3.0,-6.342519760131836
-5.888888888888889,-4.493048667907715
5.0,4.003810405731201
-10.666666666666666,-3.5275919437408447
-3.333333333333333,-1.455660104751587
-9.666666666666666,-0.4372249245643616
2.7777777777777777,-1.342450737953186
-7.333333333333333,-2.55218243598938
19.22222222222222,17.005435943603516
-12.333333333333334,-2.2790613174438477
-5.0,-5.013021945953369
-3.555555555555556,-3.632286787033081
-13.666666666666666,-3.259857416152954
6.777777777777778,-2.107560157775879
1.3333333333333333,-0.572742223739624
48.22222222222222,26.941553115844727
3.2222222222222223,-0.22982358932495117
-4.0,-1.829140067100525
10.77777777777778,0.6000884771347046
-4.555555555555555,-0.4230971932411194
10.333333333333334,-0.500573992729187
0.8888888888888888,-2.184170961380005
-5.111111111111111,-1.7531427145004272
5.0,11.489686965942383
-25.77777777777778,-5.180298805236816
-6.777777777777778,-2.042508125305176
6.111111111111111,-1.0072523355484009
-9.22222222222222,-3.0354814529418945
-5.111111111111111,-0.8697127103805542
1.7777777777777777,-5.22595739364624
4.777777777777778,-0.646744430065155
16.11111111111111,0.15029403567314148
-0.8888888888888888,-2.6703054904937744
-2.888888888888889,1.3914510011672974
4.666666666666667,2.794266939163208
-3.2222222222222223,-1.3882108926773071
11.0,-0.7940107583999634
6.777777777777778,13.74310302734375
-3.2222222222222223,-1.0065144300460815
5.111111111111111,-1.8524949550628662
-10.22222222222222,-0.36993807554244995
2.333333333333333,-3.1760294437408447
2.2222222222222223,-1.6046342849731445
-14.77777777777778,-5.569511890411377
0.8888888888888888,-2.727250337600708
-8.777777777777779,-1.0065144300460815
2.888888888888889,-3.276732921600342
-5.333333333333333,-2.869072198867798
-2.0,-3.7649054527282715
0.1111111111111111,-1.8759739398956299
-1.0,-3.0778849124908447
1.2222222222222223,-2.6885972023010254
11.444444444444445,4.372490882873535
-2.0,-3.893949270248413
-1.4444444444444444,-0.2984868288040161
-5.333333333333333,-4.286583423614502
-4.777777777777778,-2.6023895740509033
-2.7777777777777777,-3.864560604095459
4.333333333333333,1.7722249031066895
-0.8888888888888888,-4.011940956115723
7.222222222222222,-1.4022796154022217
-6.777777777777778,-1.3549717664718628
28.22222222222222,15.505467414855957
6.555555555555555,-1.9151496887207031
0.8888888888888888,0.1970665454864502
-6.555555555555555,-2.2984204292297363
1.3333333333333333,-2.9288430213928223
-1.5555555555555556,1.8025178909301758
0.7777777777777778,-2.22764253616333
-1.2222222222222223,-2.3864974975585938
-7.333333333333333,-0.722117006778717
-4.333333333333333,-0.47742608189582825
-0.6666666666666666,-2.45806622505188
-3.2222222222222223,-0.736824631690979
-8.11111111111111,0.9467265605926514
6.666666666666667,-2.8445351123809814
-4.777777777777778,-3.123969316482544
-7.222222222222222,2.9040751457214355
-4.222222222222222,-0.6003333926200867
3.888888888888889,3.219093084335327
1.7777777777777777,2.825467348098755
-2.7777777777777777,-2.903904676437378
0.4444444444444444,-1.1399718523025513
-7.666666666666667,-2.418471097946167
10.0,-2.2778589725494385
2.0,-1.0997872352600098
1.4444444444444444,-2.2128052711486816
3.2222222222222223,0.447857141494751
-6.111111111111111,-2.9101500511169434
-2.0,0.39767009019851685
-6.888888888888889,-2.149190902709961
6.222222222222222,-1.2447214126586914
-5.111111111111111,-1.932712435722351
-3.4444444444444446,1.1543316841125488
-3.333333333333333,0.30689817667007446
0.5555555555555556,-3.9446942806243896
-7.222222222222222,-2.7687313556671143
2.111111111111111,-2.3696460723876953
-1.6666666666666667,-1.8849340677261353
19.88888888888889,18.833654403686523
-5.666666666666667,-3.0226640701293945
0.1111111111111111,-2.6026339530944824
0.0,-0.9573698043823242
-1.4444444444444444,1.1997522115707397
-1.4444444444444444,-1.5172979831695557
1.1111111111111112,3.108525037765503
-1.4444444444444444,0.924828052520752
-4.777777777777778,-2.7587671279907227
-16.88888888888889,-3.548395872116089
-3.2222222222222223,-3.9681556224823
3.6666666666666665,-3.7551426887512207
-5.555555555555555,-5.3195013999938965
0.7777777777777778,-4.182034015655518
0.4444444444444444,0.14983224868774414
-1.3333333333333333,-1.7285406589508057
-1.5555555555555556,-1.0988305807113647
-3.2222222222222223,-5.759826183319092
14.88888888888889,2.834446430206299
-1.4444444444444444,-3.0744030475616455
-0.6666666666666666,-4.448768138885498
-1.8888888888888888,-3.65718936920166
0.4444444444444444,-2.2099740505218506
-6.0,-1.9246844053268433
-47.22222222222222,-13.322750091552734
40.55555555555556,22.838266372680664
-7.666666666666667,0.6743625402450562
2.6666666666666665,-3.4100725650787354
-3.0,-2.8190317153930664
-1.5555555555555556,1.0785855054855347
2.7777777777777777,1.2222015857696533
-3.7777777777777777,2.5520756244659424
-8.555555555555555,-1.04914128780365
-3.7777777777777777,0.33567312359809875
-1.7777777777777777,-0.44644665718078613
3.0,-2.68839168548584
16.22222222222222,2.3029167652130127
-7.0,-3.799325466156006
-4.666666666666667,3.4690752029418945
4.111111111111111,5.662301063537598
-1.4444444444444444,-2.6007273197174072
0.0,-1.297192931175232
-3.111111111111111,-1.5831314325332642
1.5555555555555556,-3.0391581058502197
-1.7777777777777777,0.6111212372779846
-6.222222222222222,-0.0642227828502655
-5.666666666666667,-4.027761459350586
-1.2222222222222223,-6.1893310546875
-3.555555555555556,-2.5021586418151855
-12.77777777777778,3.168489694595337
-3.0,-4.45345401763916
-1.2222222222222223,-2.2378714084625244
-10.22222222222222,-2.938894033432007
12.444444444444445,-0.004215598106384277
9.22222222222222,9.565494537353516
-5.777777777777778,-4.0904541015625
-5.888888888888889,-0.9153127670288086
0.3333333333333333,-0.39744463562965393
3.6666666666666665,0.38800954818725586
-3.0,-2.416755199432373
-19.88888888888889,-12.143373489379883
-6.333333333333333,-1.7415108680725098
-0.2222222222222222,-2.641601085662842
-4.777777777777778,-0.48200908303260803
-3.888888888888889,-1.8243629932403564
1.4444444444444444,-3.368591547012329
-2.888888888888889,1.1227517127990723
1.5555555555555556,6.013550758361816
-1.7777777777777777,0.15061116218566895
-12.333333333333334,3.569763660430908
16.11111111111111,26.61941146850586
-3.888888888888889,-0.9640930891036987
-2.555555555555556,-1.317314624786377
2.888888888888889,-1.0829846858978271
-3.2222222222222223,-1.3227167129516602
-0.6666666666666666,-4.310073375701904
13.666666666666666,15.050687789916992
11.333333333333334,-0.4453401565551758
-7.666666666666667,-0.4867539405822754
-15.555555555555555,-0.8417679071426392
-3.555555555555556,-4.255782604217529
-1.4444444444444444,-3.902564764022827
-1.6666666666666667,-3.1204447746276855
-9.0,-4.125335216522217
11.666666666666666,13.067353248596191
-20.88888888888889,-2.766636610031128
-5.777777777777778,-4.238245010375977
3.333333333333333,0.8640709519386292
1.4444444444444444,-2.0508816242218018
-3.111111111111111,-3.0945377349853516
1.2222222222222223,-2.5127556324005127
3.555555555555556,0.3961631655693054
-9.444444444444445,-2.172640800476074
-3.0,-2.379237651824951
-8.444444444444445,-3.5591375827789307
-0.6666666666666666,6.6777567863464355
-4.555555555555555,-0.5734556317329407
-2.2222222222222223,0.39037024974823
-0.5555555555555556,-3.8805301189422607
-4.333333333333333,-3.2182393074035645
-2.4444444444444446,-1.8907990455627441
-8.222222222222221,1.137315273284912
-0.7777777777777778,-1.1775802373886108
-17.555555555555557,-2.088284730911255
1.1111111111111112,-1.0608041286468506
-0.1111111111111111,0.010166287422180176
-3.888888888888889,-2.4276280403137207
-5.666666666666667,-3.2209010124206543
0.4444444444444444,1.4616955518722534
-11.444444444444445,-0.4867539405822754
-5.777777777777778,-1.4788678884506226
-2.4444444444444446,-3.765169143676758
-1.3333333333333333,0.013201609253883362
-2.888888888888889,-2.8310282230377197
-0.2222222222222222,-3.881319999694824
3.4444444444444446,5.315890312194824
-15.77777777777778,-3.3440515995025635
-1.8888888888888888,-1.4246071577072144
2.111111111111111,-0.9503884315490723
2.888888888888889,-2.778236150741577
4.333333333333333,0.30245232582092285
-4.444444444444445,-2.753048896789551
16.555555555555557,16.19854736328125
0.8888888888888888,-3.9151036739349365
-0.4444444444444444,1.2783719301223755
-17.0,0.484424352645874
-1.7777777777777777,-4.48917818069458
-5.888888888888889,-0.5902889966964722
5.111111111111111,4.103363990783691
-1.2222222222222223,-4.433145999908447
3.7777777777777777,0.5679078102111816
22.77777777777778,12.54407787322998
0.5555555555555556,12.188879013061523
4.111111111111111,-3.6973700523376465
4.0,2.83117413520813
-3.2222222222222223,0.42104318737983704
21.33333333333333,6.103372573852539
5.333333333333333,-3.5226314067840576
11.11111111111111,-1.574397087097168
-3.2222222222222223,1.1232892274856567
0.2222222222222222,-2.191046714782715
-2.2222222222222223,-2.4856228828430176
-24.33333333333333,-1.3716869354248047
-3.333333333333333,-3.678767442703247
5.555555555555555,-1.9983086585998535
2.2222222222222223,-1.4366471767425537
-0.3333333333333333,1.7427048683166504
-0.3333333333333333,-6.206037998199463
-0.1111111111111111,1.007258653640747
-3.4444444444444446,0.34802696108818054
-1.1111111111111112,-2.3677196502685547
-9.88888888888889,0.2016608715057373
1.4444444444444444,-2.3333334922790527
-5.555555555555555,-3.2896082401275635
-12.444444444444445,-4.728320121765137
3.333333333333333,-2.113114833831787
8.222222222222221,-3.2472996711730957
-9.555555555555555,-3.1411685943603516
-0.8888888888888888,0.22247380018234253
-2.333333333333333,-6.963052272796631
-0.6666666666666666,-2.856255531311035
-1.7777777777777777,-1.3249077796936035
17.88888888888889,0.30290478467941284
-5.888888888888889,0.0106353759765625
-0.7777777777777778,-1.5442484617233276
-3.0,-2.7384095191955566
-1.2222222222222223,-0.14108413457870483
-6.555555555555555,0.4362469017505646
-5.888888888888889,4.185242176055908
1.7777777777777777,-2.5796589851379395
-8.444444444444445,-3.7155067920684814
1.4444444444444444,-1.8317795991897583
-0.4444444444444444,-3.665452480316162
0.1111111111111111,-0.7401351928710938
-5.111111111111111,2.0629944801330566
-12.0,-2.255988597869873
-3.333333333333333,-0.7516896724700928
-3.333333333333333,-2.397146224975586
5.0,1.1507337093353271
-0.6666666666666666,0.585759699344635
3.6666666666666665,0.17072495818138123
-6.444444444444445,-3.2145936489105225
6.111111111111111,-2.2324981689453125
-6.222222222222222,-3.642975330352783
-3.0,-5.663169860839844
-0.3333333333333333,-2.271113634109497
-3.555555555555556,-2.240488052368164
-7.333333333333333,-4.937427520751953
27.55555555555556,3.4795377254486084
-8.444444444444445,-4.650204658508301
-0.1111111111111111,-5.76112174987793
2.888888888888889,-1.7968978881835938
-0.5555555555555556,-3.3494410514831543
4.777777777777778,2.6814236640930176
-2.6666666666666665,0.9107978343963623
-37.888888888888886,-5.376261234283447
-0.4444444444444444,-2.2967262268066406
-6.888888888888889,27.5858097076416
-6.0,-2.7528507709503174
-2.888888888888889,-0.008939981460571289
4.0,1.2327299118041992
-1.4444444444444444,-2.4469845294952393
-2.555555555555556,4.4872517585754395
-3.0,-4.252424716949463
1.4444444444444444,-2.727302074432373
0.3333333333333333,-0.39008334279060364
-1.5555555555555556,-3.3436410427093506
-2.888888888888889,-4.651284217834473
-5.888888888888889,-4.246784687042236
1.7777777777777777,-1.550333023071289
-6.444444444444445,-4.260866641998291
12.333333333333334,0.07457263022661209
1.1111111111111112,-1.7405166625976562
-2.555555555555556,-4.142052173614502
-3.111111111111111,-5.244276523590088
-1.4444444444444444,-3.9916133880615234
-12.333333333333334,-0.518068790435791
12.555555555555555,10.49144458770752
-6.777777777777778,2.9198317527770996
-0.8888888888888888,-2.364368200302124
5.222222222222222,-2.039963960647583
-2.111111111111111,1.2269047498703003
0.0,-1.00215482711792
-0.8888888888888888,-3.038301706314087
1.4444444444444444,0.09807366132736206
0.4444444444444444,-2.326096773147583
1.3333333333333333,1.5966346263885498
-6.777777777777778,-5.5424113273620605
-7.777777777777778,-3.399157762527466
7.555555555555555,0.9221005439758301
-24.55555555555556,0.6284070014953613
32.22222222222222,31.383031845092773
9.333333333333334,-1.3109849691390991
8.777777777777779,-1.289423942565918
-4.777777777777778,-3.33176851272583
-6.333333333333333,-4.361836910247803
