Score,Pred Score
-0.6666666666666666,7.582297325134277
7.333333333333333,2.561976194381714
-0.4444444444444444,-4.929736614227295
-4.111111111111111,-4.9753522872924805
-7.333333333333333,-5.246201515197754
1.3333333333333333,-2.654869794845581
-8.444444444444445,-12.947300910949707
1.6666666666666667,4.1170244216918945
3.333333333333333,1.74912428855896
2.111111111111111,-6.874760150909424
0.1111111111111111,-3.2689807415008545
11.22222222222222,0.20146626234054565
-3.111111111111111,-8.779618263244629
-3.888888888888889,-5.402581691741943
14.11111111111111,-0.4144689440727234
-4.444444444444445,-2.587721347808838
6.0,-2.9784226417541504
12.555555555555555,1.5343220233917236
-0.8888888888888888,-1.1740695238113403
-4.0,0.46861156821250916
-1.1111111111111112,-5.334719181060791
-3.555555555555556,-4.219250202178955
-10.666666666666666,-1.053912878036499
9.11111111111111,0.7064014077186584
-1.7777777777777777,-1.7372322082519531
-3.4444444444444446,-7.352724552154541
23.22222222222222,0.9458012580871582
0.8888888888888888,-4.157285690307617
0.3333333333333333,-6.962535858154297
-3.7777777777777777,16.312618255615234
2.111111111111111,-4.723659038543701
-2.2222222222222223,-3.7742397785186768
-2.2222222222222223,1.9454331398010254
3.111111111111111,-1.4906601905822754
0.1111111111111111,0.470340371131897
-2.555555555555556,-6.313371181488037
-0.2222222222222222,-5.657683849334717
3.111111111111111,1.7043524980545044
-4.444444444444445,5.783492088317871
-5.222222222222222,0.5607039332389832
4.0,-2.3347787857055664
-4.777777777777778,-2.9912660121917725
1.0,8.048376083374023
-4.111111111111111,-3.1328675746917725
-4.777777777777778,-0.7501530051231384
14.11111111111111,0.25787055492401123
2.2222222222222223,0.051439762115478516
-4.888888888888889,-5.577054023742676
-6.888888888888889,-6.319735527038574
-9.444444444444445,-5.056849956512451
13.666666666666666,-1.6108628511428833
3.4444444444444446,1.5365633964538574
-8.222222222222221,-1.9419972896575928
5.777777777777778,-7.805909633636475
0.0,0.02971211075782776
13.666666666666666,-0.7547479271888733
-1.0,-1.160109519958496
7.333333333333333,4.540914535522461
-2.888888888888889,-3.7570791244506836
-7.111111111111111,-2.402949094772339
-1.2222222222222223,-9.189027786254883
0.0,-3.318572998046875
-7.666666666666667,2.156449556350708
-1.5555555555555556,-1.5923806428909302
11.88888888888889,1.8471094369888306
-4.666666666666667,1.1042057275772095
-10.333333333333334,2.3134684562683105
-9.555555555555555,-2.768206834793091
-2.6666666666666665,-5.826818466186523
-3.333333333333333,2.201394557952881
1.8888888888888888,3.515303134918213
-5.666666666666667,-4.194054126739502
-3.888888888888889,2.2734451293945312
-1.5555555555555556,6.3116278648376465
-1.8888888888888888,-5.413571834564209
-7.888888888888889,-8.459233283996582
0.4444444444444444,-3.1501073837280273
3.555555555555556,-6.914278507232666
-0.8888888888888888,-1.3327192068099976
-5.777777777777778,3.311429500579834
-2.888888888888889,0.4922914505004883
-2.111111111111111,-8.436747550964355
46.333333333333336,5.177875518798828
0.8888888888888888,2.7258427143096924
1.1111111111111112,-0.8008731603622437
0.0,-3.758094072341919
10.0,2.0656700134277344
-1.1111111111111112,1.0091217756271362
8.555555555555555,-0.5537381172180176
-4.777777777777778,-2.4834415912628174
0.2222222222222222,2.1224775314331055
8.222222222222221,2.7077627182006836
10.11111111111111,1.5768218040466309
-2.555555555555556,2.5119664669036865
-4.888888888888889,2.497708559036255
20.88888888888889,0.8854820132255554
19.33333333333333,1.696089744567871
-1.3333333333333333,1.4436240196228027
-4.111111111111111,1.1329491138458252
-2.7777777777777777,-5.708146095275879
9.0,0.328325092792511
-6.111111111111111,2.2844080924987793
-3.7777777777777777,3.432521104812622
-5.0,-3.1084988117218018
-3.0,-0.36704689264297485
-6.222222222222222,-1.0393178462982178
-6.333333333333333,2.5783889293670654
-1.8888888888888888,2.436615467071533
3.111111111111111,5.007611274719238
-4.888888888888889,-3.0913610458374023
6.777777777777778,2.1323506832122803
-4.444444444444445,3.194329261779785
7.666666666666667,6.723826885223389
0.5555555555555556,0.7071064114570618
-7.0,2.8070578575134277
-10.0,0.137748122215271
-0.5555555555555556,-1.6792129278182983
0.1111111111111111,1.2261470556259155
-3.4444444444444446,-1.1539113521575928
6.777777777777778,-0.06594681739807129
-6.0,2.9969804286956787
-3.333333333333333,0.07725727558135986
8.777777777777779,-4.925337791442871
-6.333333333333333,-0.5433551073074341
-7.444444444444445,-3.159181833267212
0.1111111111111111,-0.839907169342041
-4.0,-2.3706250190734863
6.222222222222222,1.7754755020141602
-3.4444444444444446,-0.09566402435302734
4.777777777777778,-0.6635634899139404
-2.111111111111111,1.6697943210601807
-4.111111111111111,-29.44740104675293
11.88888888888889,10.362560272216797
-0.5555555555555556,-2.0960474014282227
4.444444444444445,-21.819984436035156
-0.3333333333333333,0.7748879194259644
-4.555555555555555,-1.9505290985107422
-0.7777777777777778,2.0051238536834717
-2.2222222222222223,-9.244477272033691
-5.222222222222222,-6.442724704742432
10.444444444444445,1.6495940685272217
-3.4444444444444446,0.7176210880279541
-3.7777777777777777,-2.0891261100769043
0.2222222222222222,-13.587367057800293
-4.0,0.1795153021812439
-22.444444444444443,0.4952596426010132
-5.777777777777778,-2.9177377223968506
-4.222222222222222,-30.686010360717773
-2.333333333333333,0.6279500722885132
5.555555555555555,3.947563648223877
23.0,2.210190773010254
4.777777777777778,-2.4271798133850098
-18.88888888888889,-0.8596556186676025
-10.22222222222222,0.8482518196105957
5.222222222222222,-0.592999279499054
-5.0,-16.544328689575195
7.444444444444445,-6.860648155212402
6.333333333333333,-1.0285362005233765
1.4444444444444444,-7.602837085723877
-0.8888888888888888,-0.6202150583267212
3.111111111111111,-3.9138519763946533
0.5555555555555556,3.092181921005249
-1.8888888888888888,-0.4736356735229492
-11.77777777777778,3.092181921005249
-5.555555555555555,0.4022936224937439
-1.3333333333333333,1.4796786308288574
-1.8888888888888888,1.0919698476791382
0.0,2.1874961853027344
0.8888888888888888,1.7589322328567505
5.0,-0.07520174980163574
2.4444444444444446,1.9150899648666382
-0.1111111111111111,-10.590615272521973
2.111111111111111,0.7310165166854858
-0.2222222222222222,5.605802536010742
19.444444444444443,-0.3159921169281006
3.7777777777777777,-2.4959568977355957
-3.111111111111111,-5.802576065063477
7.555555555555555,2.2977190017700195
1.5555555555555556,-6.673637390136719
-1.1111111111111112,-3.0593340396881104
-1.6666666666666667,1.2448310852050781
3.111111111111111,1.7715272903442383
-1.6666666666666667,-10.894172668457031
1.3333333333333333,-1.471910834312439
-10.555555555555555,-0.06549835205078125
-5.333333333333333,-13.256515502929688
-0.8888888888888888,0.33284151554107666
-6.111111111111111,1.1195359230041504
-12.333333333333334,2.39542818069458
-6.111111111111111,-1.3369522094726562
-6.111111111111111,0.6939079761505127
-10.22222222222222,-66.09606170654297
4.444444444444445,-2.615562677383423
-2.555555555555556,7.876904010772705
-8.777777777777779,0.41327720880508423
-14.555555555555555,1.8099420070648193
-15.0,0.41702914237976074
31.33333333333333,-0.19006991386413574
-20.11111111111111,-1.5864460468292236
-3.4444444444444446,-3.2046191692352295
-0.1111111111111111,-4.084797382354736
-1.3333333333333333,0.6192260384559631
1.6666666666666667,0.10128366947174072
-4.888888888888889,-1.0964981317520142
2.333333333333333,-2.868032455444336
-13.333333333333334,-4.076033115386963
0.5555555555555556,-1.9965558052062988
1.2222222222222223,-9.530085563659668
-8.777777777777779,-5.239620685577393
-0.2222222222222222,10.706900596618652
3.2222222222222223,4.52228307723999
-2.7777777777777777,-0.21744096279144287
-3.333333333333333,1.332659363746643
-5.0,-3.4683215618133545
-3.333333333333333,0.5722554922103882
-6.777777777777778,-5.592031002044678
1.0,1.7449525594711304
-4.444444444444445,1.5674281120300293
-2.111111111111111,-1.1788132190704346
-20.55555555555556,-2.93977952003479
3.333333333333333,-0.3269905149936676
-4.777777777777778,0.2682640552520752
-1.4444444444444444,-8.905183792114258
-9.11111111111111,-5.98289680480957
-12.666666666666666,-1.3182264566421509
-21.11111111111111,-1.5891773700714111
3.555555555555556,11.289480209350586
-4.777777777777778,-4.485779285430908
-5.888888888888889,-1.0039609670639038
-7.555555555555555,1.0896462202072144
-3.555555555555556,9.951166152954102
3.0,2.3096160888671875
4.0,-0.02539965510368347
-5.333333333333333,1.4860000610351562
17.444444444444443,1.1751923561096191
-11.77777777777778,-5.137533664703369
-4.888888888888889,-0.526513934135437
6.444444444444445,-0.011371135711669922
4.0,10.809281349182129
-9.88888888888889,1.6116284132003784
15.77777777777778,1.4887899160385132
0.6666666666666666,-1.2658106088638306
-9.444444444444445,2.6284985542297363
-1.7777777777777777,1.7480762004852295
2.333333333333333,-0.12602639198303223
-4.222222222222222,-4.037342071533203
-8.11111111111111,-9.300386428833008
1.8888888888888888,1.848378300666809
-12.555555555555555,0.41178661584854126
5.444444444444445,-0.8153179287910461
-3.111111111111111,-1.3079010248184204
-2.555555555555556,-5.015644073486328
5.666666666666667,1.0601420402526855
1.4444444444444444,-2.0975921154022217
-3.0,-14.980195999145508
-0.1111111111111111,9.816226959228516
1.1111111111111112,-3.8438823223114014
-0.8888888888888888,-0.40668654441833496
-7.333333333333333,-2.5739803314208984
-13.77777777777778,-9.346025466918945
0.7777777777777778,1.4436726570129395
-2.6666666666666665,-4.839514255523682
-19.55555555555556,3.2600650787353516
5.0,-1.2415173053741455
-2.2222222222222223,-3.309382438659668
1.0,0.1251542568206787
-3.0,2.8150510787963867
-3.888888888888889,-7.726268768310547
-3.4444444444444446,-15.788215637207031
5.0,2.4647364616394043
19.22222222222222,-1.5918241739273071
-2.4444444444444446,-6.947053909301758
6.222222222222222,0.5827010869979858
-5.333333333333333,4.820615768432617
-10.77777777777778,-5.431679725646973
0.0,-4.344051837921143
1.8888888888888888,1.6603333950042725
21.55555555555556,-1.0637496709823608
-7.777777777777778,-2.1393096446990967
-7.222222222222222,-1.7512993812561035
-1.7777777777777777,-1.7598131895065308
5.444444444444445,0.4948965311050415
-3.888888888888889,-3.75042986869812
-8.222222222222221,-2.907123565673828
6.111111111111111,-5.171325206756592
2.7777777777777777,1.233014702796936
-6.333333333333333,4.117814064025879
0.2222222222222222,-3.8888447284698486
-7.777777777777778,-6.277729034423828
1.2222222222222223,-1.0555704832077026
3.4444444444444446,1.5867788791656494
-2.888888888888889,-0.7469139099121094
14.88888888888889,3.830883741378784
-1.7777777777777777,-5.533766746520996
-3.888888888888889,-4.164005756378174
-5.777777777777778,-2.190232276916504
27.11111111111111,-2.1526193618774414
1.7777777777777777,0.07578885555267334
0.3333333333333333,0.4574013948440552
-12.77777777777778,-1.4020496606826782
27.88888888888889,1.916416883468628
-4.222222222222222,-2.5879926681518555
-1.2222222222222223,-1.0735054016113281
-3.0,-2.956489086151123
3.6666666666666665,2.5261435508728027
-1.5555555555555556,1.4888603687286377
-4.222222222222222,2.6773979663848877
-0.7777777777777778,0.22257304191589355
6.777777777777778,-2.1855595111846924
-0.7777777777777778,-13.489729881286621
-8.777777777777779,-3.749114990234375
0.2222222222222222,-0.28203868865966797
-0.2222222222222222,2.065748929977417
-8.0,0.0041828155517578125
-4.333333333333333,-1.0135164260864258
-3.0,-0.6361842155456543
-7.666666666666667,0.9908202886581421
1.1111111111111112,0.9648137092590332
-0.5555555555555556,-10.881447792053223
-2.111111111111111,-2.7947797775268555
-7.555555555555555,-1.2112089395523071
17.666666666666668,3.4045987129211426
-8.11111111111111,-1.5451991558074951
19.55555555555556,0.47310858964920044
-6.555555555555555,0.4523155093193054
10.555555555555555,0.24027681350708008
-14.444444444444445,-7.95849609375
6.666666666666667,-4.536451816558838
-3.888888888888889,-0.8567146062850952
-6.333333333333333,2.9888391494750977
-6.666666666666667,1.903647541999817
-4.444444444444445,1.6714085340499878
-2.111111111111111,14.525436401367188
-10.333333333333334,8.565929412841797
-6.111111111111111,-3.9061131477355957
20.666666666666668,1.8933700323104858
-5.444444444444445,3.4896039962768555
7.555555555555555,-2.7282259464263916
-1.4444444444444444,-2.0693507194519043
-7.222222222222222,3.707211971282959
-3.111111111111111,-2.9161598682403564
-3.555555555555556,-1.323462724685669
-2.4444444444444446,10.537189483642578
-1.1111111111111112,2.3639073371887207
-7.555555555555555,7.135488986968994
10.11111111111111,2.672065496444702
-1.4444444444444444,-0.3654329776763916
-2.333333333333333,-0.21014022827148438
-1.6666666666666667,1.5980089902877808
8.88888888888889,-1.220101237297058
-3.888888888888889,2.6321983337402344
-6.222222222222222,-3.571106433868408
-11.88888888888889,-1.943678379058838
-1.5555555555555556,9.683263778686523
7.111111111111111,2.0178215503692627
4.666666666666667,-4.381561279296875
2.4444444444444446,-1.0975561141967773
1.5555555555555556,4.344354629516602
3.333333333333333,2.2025797367095947
-10.11111111111111,-1.6913635730743408
-8.444444444444445,3.417818069458008
-2.555555555555556,-3.9285387992858887
2.4444444444444446,-1.0468415021896362
2.888888888888889,-3.896294593811035
-4.111111111111111,-0.5921609401702881
-10.444444444444445,-5.038675308227539
17.666666666666668,1.142934799194336
27.77777777777778,-0.8300631642341614
-1.7777777777777777,7.7047953605651855
11.88888888888889,1.4793003797531128
0.5555555555555556,-0.3790172338485718
6.444444444444445,3.9767262935638428
-4.0,10.634056091308594
-7.444444444444445,-1.86148202419281
-4.555555555555555,3.3095860481262207
12.333333333333334,2.706850290298462
6.0,5.064516544342041
-2.0,1.26131010055542
1.6666666666666667,1.6965688467025757
17.333333333333332,2.323845386505127
10.11111111111111,2.974294662475586
-1.2222222222222223,-2.9382121562957764
5.666666666666667,3.4762587547302246
-3.0,-3.0223660469055176
-0.2222222222222222,3.6730549335479736
6.888888888888889,-3.696028232574463
1.4444444444444444,-7.400243759155273
-1.2222222222222223,-26.745738983154297
-2.333333333333333,1.5309240818023682
-7.888888888888889,-14.294865608215332
20.22222222222222,2.329967975616455
-6.111111111111111,2.982381582260132
-12.444444444444445,2.02138352394104
-7.888888888888889,2.7903971672058105
1.2222222222222223,-16.510160446166992
-2.888888888888889,3.226905107498169
-17.333333333333332,2.5444133281707764
0.0,-15.511959075927734
5.222222222222222,2.700176477432251
5.111111111111111,4.789122104644775
-5.444444444444445,-5.972560405731201
10.22222222222222,-11.851553916931152
-1.6666666666666667,0.9591975212097168
-4.444444444444445,0.27249956130981445
18.11111111111111,1.3376038074493408
-4.777777777777778,-9.5214262008667
5.333333333333333,1.691702127456665
-2.555555555555556,2.741684913635254
5.888888888888889,2.552234649658203
8.11111111111111,3.7572505474090576
-0.4444444444444444,0.8547589778900146
-5.444444444444445,3.19484543800354
-0.6666666666666666,3.3863868713378906
-5.444444444444445,-7.604782581329346
-17.0,0.8072435855865479
-1.0,-10.434121131896973
2.333333333333333,3.286731243133545
0.2222222222222222,-0.12539935111999512
-2.7777777777777777,-3.3762800693511963
-6.777777777777778,2.9595706462860107
0.4444444444444444,-0.9885988235473633
0.6666666666666666,9.451787948608398
-0.7777777777777778,-0.4666628837585449
-7.555555555555555,-21.483745574951172
-7.333333333333333,-1.2870304584503174
-12.77777777777778,-2.4816858768463135
0.2222222222222222,-13.66838264465332
9.77777777777778,1.792316198348999
-6.222222222222222,-5.060829162597656
-4.888888888888889,-12.006937026977539
-10.11111111111111,-10.011048316955566
-8.777777777777779,-0.9980368614196777
-2.111111111111111,-4.614022254943848
1.6666666666666667,-9.820136070251465
-0.7777777777777778,1.754532814025879
-0.1111111111111111,-10.721811294555664
-0.5555555555555556,5.979872226715088
-6.666666666666667,-11.851553916931152
-9.88888888888889,-8.055878639221191
-8.666666666666666,-4.71626615524292
0.6666666666666666,2.892383575439453
-0.7777777777777778,2.8544583320617676
0.3333333333333333,4.646671295166016
1.3333333333333333,-2.0628342628479004
-2.2222222222222223,-0.7360371351242065
-6.444444444444445,-6.236616611480713
2.4444444444444446,-3.9472286701202393
-5.555555555555555,-11.955988883972168
-8.444444444444445,-2.6092312335968018
15.0,-0.2578965425491333
2.2222222222222223,1.1933214664459229
2.6666666666666665,15.560935020446777
-2.7777777777777777,-10.314684867858887
-5.222222222222222,-0.08139240741729736
-8.555555555555555,17.978816986083984
-3.0,-0.7723557949066162
-1.6666666666666667,0.35085225105285645
-1.0,-2.301515579223633
-0.4444444444444444,-0.0954928994178772
37.11111111111112,2.5345957279205322
-4.444444444444445,-3.5875234603881836
0.5555555555555556,-3.6886281967163086
-16.0,40.69255065917969
-10.22222222222222,0.46369147300720215
-2.333333333333333,-4.953333377838135
-4.333333333333333,-2.9983127117156982
-1.8888888888888888,0.8572232723236084
-4.777777777777778,3.173459053039551
-8.666666666666666,2.519465923309326
0.5555555555555556,-4.250678062438965
17.333333333333332,1.2628628015518188
1.5555555555555556,-3.7945635318756104
-4.222222222222222,-0.37254178524017334
-6.111111111111111,-0.18168306350708008
6.222222222222222,-4.926402568817139
-1.3333333333333333,0.5675663948059082
6.333333333333333,-1.901648998260498
9.444444444444445,2.494893789291382
-0.1111111111111111,0.47626781463623047
-6.0,-2.1678097248077393
-4.666666666666667,3.2266616821289062
-6.666666666666667,3.6086628437042236
12.77777777777778,0.05285370349884033
0.2222222222222222,-5.914854526519775
-14.555555555555555,1.755472183227539
-9.333333333333334,0.126167893409729
2.6666666666666665,-3.351961851119995
-1.3333333333333333,-4.765087127685547
-12.555555555555555,3.134803533554077
-8.777777777777779,-3.548541784286499
2.6666666666666665,-0.8968938589096069
-7.222222222222222,-0.6362457275390625
2.6666666666666665,0.584791898727417
-6.444444444444445,7.269974231719971
-42.55555555555556,-1.2147748470306396
4.777777777777778,-1.260469675064087
0.5555555555555556,23.606651306152344
-9.666666666666666,-2.5193705558776855
9.77777777777778,-0.27424895763397217
9.444444444444445,0.35523080825805664
-2.7777777777777777,0.9445037841796875
2.0,-0.28605887293815613
-2.111111111111111,-3.5319740772247314
-10.666666666666666,2.2371490001678467
-3.888888888888889,0.05001723766326904
-0.6666666666666666,-3.5189523696899414
-6.111111111111111,0.002023935317993164
-2.555555555555556,-0.05941605567932129
-5.444444444444445,1.1097698211669922
-3.6666666666666665,1.0665919780731201
2.555555555555556,0.956411600112915
4.333333333333333,0.758493185043335
-5.555555555555555,-6.4337873458862305
-0.6666666666666666,-14.254210472106934
-1.6666666666666667,-3.1582889556884766
1.5555555555555556,-4.1406683921813965
-8.0,-0.06191205978393555
1.2222222222222223,-5.046200752258301
12.333333333333334,-0.33936166763305664
0.4444444444444444,-0.5600824356079102
0.2222222222222222,-7.33494758605957
0.4444444444444444,-0.9144399166107178
0.1111111111111111,-1.2396321296691895
0.3333333333333333,3.1522409915924072
1.2222222222222223,-0.25152647495269775
-1.4444444444444444,-5.0759806632995605
2.888888888888889,3.8630425930023193
14.88888888888889,0.9036538600921631
0.1111111111111111,-0.9092504978179932
-4.888888888888889,1.0061185359954834
19.55555555555556,-0.0175936222076416
-3.7777777777777777,-4.699549674987793
-2.7777777777777777,-3.380439281463623
-4.0,33.76192092895508
-4.111111111111111,-2.8857712745666504
-0.1111111111111111,-4.910209655761719
2.333333333333333,-0.2975292205810547
0.6666666666666666,-0.13340461254119873
1.0,-1.3466614484786987
-5.111111111111111,-0.29499292373657227
-1.2222222222222223,-0.36977624893188477
-3.111111111111111,0.6813352108001709
-16.333333333333332,-0.5617058873176575
-7.555555555555555,-2.688324213027954
-7.777777777777778,-2.620591402053833
-1.5555555555555556,-0.6891447305679321
-7.333333333333333,-1.4718267917633057
1.1111111111111112,1.8279743194580078
3.333333333333333,-2.5142459869384766
-6.444444444444445,-7.520814418792725
-6.0,5.184422969818115
-1.7777777777777777,-0.4450657367706299
3.2222222222222223,1.093395471572876
1.0,-1.63791823387146
-8.0,-0.47155308723449707
0.4444444444444444,-6.668188095092773
1.8888888888888888,-3.0042197704315186
8.88888888888889,-1.9192743301391602
-0.5555555555555556,-1.5209654569625854
-8.444444444444445,-4.157017230987549
0.4444444444444444,-1.583045482635498
-2.7777777777777777,-0.950995147228241
-3.6666666666666665,0.6270664930343628
-5.222222222222222,-0.9381504058837891
-10.555555555555555,-2.2515885829925537
0.6666666666666666,-1.6330443620681763
8.0,-3.0890588760375977
0.2222222222222222,-2.1787145137786865
-2.6666666666666665,-0.33519506454467773
-5.111111111111111,-5.777792453765869
-9.333333333333334,-0.5868453979492188
-0.3333333333333333,-0.8435215950012207
2.6666666666666665,-2.7863192558288574
-8.88888888888889,-3.8851206302642822
-5.555555555555555,-1.022407054901123
1.5555555555555556,-0.33828985691070557
-4.444444444444445,0.34534573554992676
-8.0,-8.3743314743042
5.222222222222222,-1.7628297805786133
-1.8888888888888888,-0.32377198338508606
-7.555555555555555,-0.23093366622924805
4.0,-0.12664151191711426
0.1111111111111111,-2.108489513397217
1.4444444444444444,-3.78385591506958
-2.0,-2.8063926696777344
-2.7777777777777777,-3.921787738800049
-6.555555555555555,-0.8350682258605957
-8.666666666666666,-4.933635711669922
-5.0,-4.4831929206848145
-3.7777777777777777,-0.3346683084964752
9.555555555555555,1.0339794158935547
-10.22222222222222,-3.9921417236328125
9.0,-0.36969757080078125
-2.7777777777777777,-0.8901064395904541
-1.5555555555555556,-0.9568299055099487
-1.8888888888888888,-0.11405885219573975
2.4444444444444446,-0.5286300182342529
-5.222222222222222,-9.671483039855957
-1.6666666666666667,-0.20311838388442993
5.888888888888889,-1.4050686359405518
-6.666666666666667,-0.7362493276596069
-0.2222222222222222,-1.468627691268921
-6.666666666666667,-0.72397381067276
-5.111111111111111,-2.0102598667144775
0.3333333333333333,0.06807035207748413
-0.4444444444444444,0.45269083976745605
-4.444444444444445,-2.1688644886016846
3.4444444444444446,-3.712484359741211
-0.7777777777777778,-0.3218885660171509
-9.555555555555555,-0.10440492630004883
-5.333333333333333,-3.4001903533935547
5.222222222222222,-3.4625375270843506
6.444444444444445,-0.9995477795600891
5.111111111111111,-6.600416660308838
4.888888888888889,-1.2154418230056763
-6.0,-1.850810170173645
-5.666666666666667,-2.075745105743408
37.77777777777778,-0.555858850479126
-7.111111111111111,0.007378816604614258
-1.4444444444444444,-7.727077484130859
6.777777777777778,-1.446918249130249
-9.444444444444445,-5.363483428955078
-6.333333333333333,-0.6660590171813965
-0.4444444444444444,-1.4435908794403076
5.111111111111111,-0.22109615802764893
9.11111111111111,-0.6636109352111816
-1.7777777777777777,-7.351006984710693
-7.888888888888889,-1.5187108516693115
-3.6666666666666665,-4.631606578826904
-2.888888888888889,0.6566802859306335
-8.0,-1.9200860261917114
-2.4444444444444446,-0.5924725532531738
7.888888888888889,-2.006134033203125
-0.2222222222222222,0.4530561566352844
-0.5555555555555556,-1.9739753007888794
-2.7777777777777777,-2.192577838897705
-3.555555555555556,0.019426286220550537
-0.5555555555555556,-3.329207420349121
-2.111111111111111,-0.5840044617652893
-1.5555555555555556,-2.5833253860473633
2.4444444444444446,24.948259353637695
-8.11111111111111,-2.186732292175293
-0.6666666666666666,-11.616249084472656
3.0,0.04464709758758545
-1.4444444444444444,-0.7008212208747864
9.666666666666666,-0.17692577838897705
3.111111111111111,0.4011297821998596
-12.555555555555555,-3.2975282669067383
4.666666666666667,1.02877938747406
-12.0,1.2606791257858276
-10.88888888888889,-2.2447457313537598
17.11111111111111,1.002563238143921
9.22222222222222,-0.5825090408325195
-1.3333333333333333,-3.7637906074523926
5.666666666666667,-1.7511186599731445
-5.666666666666667,-2.1857895851135254
-3.888888888888889,-6.0147271156311035
-8.11111111111111,0.6461846828460693
-9.444444444444445,2.3200783729553223
-2.7777777777777777,-4.747693061828613
-5.888888888888889,0.22838836908340454
8.555555555555555,-4.0079240798950195
-3.555555555555556,-1.5437301397323608
2.555555555555556,1.0140751600265503
-25.22222222222222,-3.369189500808716
5.888888888888889,-1.4059762954711914
-2.7777777777777777,0.8209068775177002
-6.444444444444445,-0.7356243133544922
-17.444444444444443,0.7030305862426758
-0.1111111111111111,0.36273932456970215
-4.666666666666667,4.81342887878418
-1.7777777777777777,-2.353407621383667
-0.2222222222222222,-2.659102201461792
6.111111111111111,0.6132950782775879
-5.444444444444445,1.1240689754486084
-4.222222222222222,2.229387044906616
-3.6666666666666665,-2.431830883026123
-2.4444444444444446,0.9251835346221924
-10.0,-0.05559587478637695
8.333333333333334,1.2517396211624146
25.55555555555556,-0.9710121154785156
-2.555555555555556,0.4017559289932251
-4.555555555555555,0.31503209471702576
-1.3333333333333333,0.6924974918365479
22.666666666666668,0.8670504093170166
3.2222222222222223,0.24693721532821655
-3.2222222222222223,-3.052588939666748
-1.2222222222222223,-2.0404350757598877
-1.1111111111111112,-0.7805299758911133
-6.111111111111111,-6.682269096374512
-12.555555555555555,-0.10157215595245361
13.11111111111111,0.5619003176689148
8.88888888888889,-0.0455629825592041
-2.2222222222222223,-3.368274688720703
-8.666666666666666,-2.546487808227539
-11.555555555555555,-1.0109161138534546
-3.2222222222222223,0.7871756553649902
-2.0,0.1211056113243103
-1.5555555555555556,-1.0796047449111938
-6.111111111111111,-13.496070861816406
2.0,-3.161090612411499
-8.333333333333334,-2.847078561782837
-2.4444444444444446,7.460631370544434
4.222222222222222,-1.3627859354019165
26.22222222222222,2.0886082649230957
-5.0,-0.6444383859634399
-2.2222222222222223,-3.631514072418213
1.1111111111111112,-3.7943544387817383
-10.0,-0.13291192054748535
4.555555555555555,-5.314490795135498
3.6666666666666665,5.340453147888184
-11.666666666666666,-3.475714921951294
12.22222222222222,1.256505012512207
-0.3333333333333333,1.6707651615142822
-9.11111111111111,-2.1856467723846436
-1.4444444444444444,3.311807155609131
-3.4444444444444446,1.0424853563308716
-10.11111111111111,-1.9597238302230835
-2.111111111111111,-3.667057514190674
15.666666666666666,-1.929781198501587
-3.888888888888889,-0.636643648147583
-3.2222222222222223,3.073047161102295
2.0,-0.583158016204834
-4.666666666666667,-7.271912097930908
1.7777777777777777,-3.2976503372192383
1.0,-17.433256149291992
-1.3333333333333333,1.1520365476608276
-5.222222222222222,-1.9848600625991821
-0.2222222222222222,-3.4048566818237305
-3.0,1.6005775928497314
-6.555555555555555,-1.2623186111450195
-1.3333333333333333,-12.520620346069336
-2.111111111111111,0.4836413860321045
9.555555555555555,-0.07701683044433594
0.7777777777777778,-0.7744733691215515
38.11111111111112,1.2567864656448364
0.0,-2.038328170776367
-4.222222222222222,3.0396106243133545
1.3333333333333333,-11.027132987976074
8.555555555555555,1.5944488048553467
-3.555555555555556,-2.9542782306671143
33.0,2.2466344833374023
-4.777777777777778,-0.30761972069740295
29.0,-1.291456937789917
-12.555555555555555,1.5282083749771118
2.111111111111111,2.020580291748047
-3.2222222222222223,-3.486400604248047
-7.111111111111111,1.1802289485931396
-4.222222222222222,-1.6857571601867676
-7.444444444444445,1.742748498916626
-10.0,-1.6722462177276611
7.888888888888889,1.69591224193573
1.6666666666666667,-0.27623462677001953
-4.0,0.4049668312072754
-2.888888888888889,-2.995797872543335
0.5555555555555556,-3.4949655532836914
-14.333333333333334,0.4769299030303955
-9.0,2.123716115951538
-4.888888888888889,0.5290374755859375
-4.111111111111111,2.915417432785034
-0.5555555555555556,2.5879316329956055
-1.6666666666666667,1.0412304401397705
-1.3333333333333333,-10.015708923339844
-5.666666666666667,2.090378999710083
-6.111111111111111,2.437208414077759
0.8888888888888888,2.482386350631714
-5.0,1.1977320909500122
-14.77777777777778,-1.4620331525802612
0.8888888888888888,35.45923614501953
2.2222222222222223,1.3935297727584839
2.7777777777777777,-0.6888421773910522
7.666666666666667,1.4124858379364014
-2.555555555555556,2.1169142723083496
-5.111111111111111,0.42792022228240967
-1.1111111111111112,-4.466346740722656
8.222222222222221,-2.1401705741882324
9.333333333333334,-6.203446388244629
7.888888888888889,0.6318683624267578
0.3333333333333333,-0.4356938600540161
-8.0,0.05378687381744385
-7.555555555555555,1.5683705806732178
-4.777777777777778,-4.9876389503479
-0.3333333333333333,0.5189737677574158
-5.333333333333333,-5.966182708740234
4.333333333333333,2.569335460662842
-1.4444444444444444,0.9842058420181274
-2.888888888888889,-5.087604999542236
3.111111111111111,-7.7780632972717285
17.333333333333332,-1.5463759899139404
2.0,1.2344233989715576
-13.88888888888889,-1.4152109622955322
-4.444444444444445,3.534085750579834
-11.666666666666666,-4.132936000823975
-4.444444444444445,-6.718780994415283
-4.222222222222222,0.7310289740562439
-7.333333333333333,0.13661715388298035
-3.2222222222222223,5.514721870422363
-3.4444444444444446,1.9375054836273193
-3.111111111111111,0.8454556465148926
-5.333333333333333,1.0907349586486816
7.888888888888889,-1.6203656196594238
19.88888888888889,1.3020395040512085
-0.1111111111111111,0.23200243711471558
-2.555555555555556,2.2779464721679688
-6.888888888888889,-1.832977056503296
-6.111111111111111,1.173484206199646
-1.5555555555555556,-1.9157358407974243
-4.333333333333333,-4.580043315887451
0.6666666666666666,1.5661813020706177
-24.0,-2.789450168609619
-4.222222222222222,-7.987387657165527
-1.0,-4.821756839752197
1.3333333333333333,12.541072845458984
-12.666666666666666,-0.9855109453201294
-7.0,-3.2744812965393066
-1.3333333333333333,17.05452537536621
-7.0,-1.2685878276824951
5.888888888888889,-7.296876430511475
-8.11111111111111,3.4674017429351807
-5.777777777777778,-9.282535552978516
-2.888888888888889,-1.8192453384399414
-12.77777777777778,0.36689209938049316
-6.444444444444445,-3.765855550765991
-2.4444444444444446,1.4015394449234009
6.0,1.3080452680587769
-8.666666666666666,-1.945031762123108
-2.111111111111111,2.512160062789917
11.11111111111111,0.3249218463897705
5.333333333333333,0.5183361768722534
2.4444444444444446,0.47716665267944336
-3.7777777777777777,-2.0106606483459473
-1.8888888888888888,33.390628814697266
-0.7777777777777778,2.787349224090576
-5.111111111111111,-7.533231735229492
0.6666666666666666,-2.4308693408966064
-1.3333333333333333,-7.144479751586914
18.77777777777778,1.4093647003173828
7.0,-0.21240386366844177
-22.55555555555556,3.105775833129883
-5.333333333333333,1.2276904582977295
-0.7777777777777778,-0.4254727363586426
10.444444444444445,-2.2647533416748047
-1.4444444444444444,17.477811813354492
-0.8888888888888888,-0.28232407569885254
10.0,-0.022497355937957764
23.0,-3.1775875091552734
0.1111111111111111,1.0531500577926636
-1.6666666666666667,0.6692607998847961
-8.88888888888889,1.1400136947631836
-10.444444444444445,-1.7965993881225586
-1.0,-0.05730175971984863
0.6666666666666666,-6.33243465423584
-4.111111111111111,-6.24381685256958
18.11111111111111,-2.634579658508301
-1.3333333333333333,-9.14653491973877
-6.333333333333333,-6.149166107177734
-6.666666666666667,-5.769555568695068
-4.111111111111111,0.47018295526504517
-7.555555555555555,-17.75090789794922
-10.555555555555555,-1.1488542556762695
0.5555555555555556,0.3634641170501709
5.555555555555555,-4.910252571105957
-0.1111111111111111,12.89362621307373
-2.888888888888889,-2.786041021347046
2.4444444444444446,1.1196407079696655
-2.888888888888889,-6.718828201293945
18.666666666666668,1.3734867572784424
1.2222222222222223,-0.41543805599212646
-2.2222222222222223,-3.127014636993408
-1.0,-1.2419533729553223
5.222222222222222,0.10025554895401001
4.222222222222222,-0.9885846972465515
-0.2222222222222222,3.393587112426758
16.444444444444443,-8.174057006835938
-8.0,-11.20938777923584
-11.666666666666666,-15.821401596069336
0.1111111111111111,-10.26064682006836
2.2222222222222223,-0.12625136971473694
-5.333333333333333,-0.20580625534057617
-2.333333333333333,1.1293601989746094
-3.555555555555556,0.4740777611732483
-3.111111111111111,-2.9080612659454346
-9.22222222222222,1.7357549667358398
-9.666666666666666,-13.009129524230957
-6.333333333333333,0.2404317855834961
-8.333333333333334,-5.350376129150391
-11.555555555555555,-4.682011127471924
-8.333333333333334,-2.5899498462677
25.0,1.3579744100570679
-5.222222222222222,-0.4538077116012573
3.555555555555556,0.15064477920532227
-2.333333333333333,-1.9423936605453491
-13.666666666666666,3.947930097579956
-2.333333333333333,-5.4846272468566895
-6.444444444444445,-1.1321567296981812
10.22222222222222,-0.3050873279571533
-4.888888888888889,2.383040428161621
6.444444444444445,2.154995918273926
2.0,0.34298181533813477
15.0,0.6568291187286377
-10.0,-26.654932022094727
-5.666666666666667,1.5866305828094482
-3.7777777777777777,0.4467524290084839
1.2222222222222223,-0.9079601764678955
-1.4444444444444444,6.451733112335205
-4.222222222222222,2.6698431968688965
2.4444444444444446,3.52884578704834
2.333333333333333,2.7005083560943604
-7.666666666666667,2.0295517444610596
-0.2222222222222222,0.45634210109710693
0.2222222222222222,3.1881282329559326
1.2222222222222223,-2.6990530490875244
-4.888888888888889,-2.4131412506103516
-1.2222222222222223,1.7267180681228638
0.7777777777777778,-3.863668918609619
-1.5555555555555556,-1.18442702293396
-4.444444444444445,-3.810141086578369
-1.1111111111111112,0.8461763858795166
-3.111111111111111,-0.8994303941726685
-0.2222222222222222,2.9944183826446533
3.0,1.970629096031189
30.0,1.5709073543548584
12.88888888888889,2.8376059532165527
-0.3333333333333333,2.469710111618042
41.55555555555556,1.7153940200805664
-13.333333333333334,-1.0761240720748901
-10.555555555555555,-35.18638229370117
0.7777777777777778,-2.451977252960205
0.3333333333333333,0.9288996458053589
-3.555555555555556,-16.715673446655273
7.222222222222222,1.776180386543274
4.666666666666667,0.49525290727615356
-9.88888888888889,1.148637294769287
-6.111111111111111,-0.747500479221344
-3.4444444444444446,-1.739377737045288
7.888888888888889,2.110428810119629
0.2222222222222222,-4.538576602935791
-0.3333333333333333,-1.982456922531128
2.4444444444444446,2.675550699234009
0.3333333333333333,-1.0902897119522095
-4.777777777777778,-3.999480962753296
-2.111111111111111,1.941815972328186
-6.111111111111111,0.28724205493927
3.333333333333333,1.6405513286590576
0.8888888888888888,-7.937439918518066
-4.777777777777778,1.023451566696167
-3.888888888888889,1.9377961158752441
-10.0,-1.9868446588516235
-21.33333333333333,-1.712256908416748
-4.444444444444445,-3.2468910217285156
2.0,2.7639825344085693
-5.222222222222222,-1.2234113216400146
1.2222222222222223,0.06949818134307861
-9.666666666666666,-1.1415431499481201
-7.222222222222222,-13.676414489746094
-6.555555555555555,-2.7806289196014404
-8.777777777777779,-0.3590806722640991
-8.11111111111111,3.927943706512451
0.3333333333333333,-2.196352005004883
0.4444444444444444,1.8692981004714966
0.1111111111111111,-3.4749574661254883
13.22222222222222,1.0302982330322266
-3.888888888888889,1.273354172706604
-0.8888888888888888,-0.7358906269073486
-4.777777777777778,-0.1716458797454834
-9.22222222222222,-5.438934803009033
3.111111111111111,0.006324350833892822
2.2222222222222223,1.6043965816497803
-10.555555555555555,-1.12693452835083
-1.0,-2.1712734699249268
-11.0,-2.527697801589966
-4.666666666666667,2.574333429336548
-4.0,0.5831490755081177
3.6666666666666665,3.8333237171173096
-1.0,-3.0928263664245605
3.0,0.5830307006835938
-9.444444444444445,-0.9339552521705627
3.333333333333333,-0.7990248203277588
-4.111111111111111,-2.841104745864868
6.555555555555555,1.8081386089324951
3.333333333333333,-1.6223983764648438
-7.222222222222222,1.3338203430175781
0.4444444444444444,-0.5334373712539673
-2.7777777777777777,-8.734782218933105
-2.2222222222222223,0.35337769985198975
-2.6666666666666665,-5.59502649307251
-1.7777777777777777,1.691145658493042
13.22222222222222,0.24001741409301758
-3.2222222222222223,0.17580509185791016
-6.888888888888889,-1.7186390161514282
-8.666666666666666,-0.7988044619560242
2.0,-1.5911316871643066
0.0,1.9283292293548584
-2.888888888888889,2.2315495014190674
-5.888888888888889,1.4200485944747925
5.555555555555555,0.9379329085350037
-4.0,-0.5692960023880005
6.444444444444445,-0.16731971502304077
-3.555555555555556,0.7281071543693542
-1.3333333333333333,-0.0006747841835021973
2.0,-1.9527798891067505
-6.0,-4.442986965179443
-18.88888888888889,-2.3761355876922607
-13.555555555555555,-5.39265251159668
-2.888888888888889,-2.0483758449554443
6.444444444444445,1.0113468170166016
-4.111111111111111,-0.08968447148799896
-6.555555555555555,2.7089896202087402
-3.111111111111111,-6.475093364715576
-1.5555555555555556,-4.181351661682129
-1.7777777777777777,-1.6783134937286377
5.555555555555555,-1.2849950790405273
-1.5555555555555556,2.2315495014190674
12.77777777777778,1.4010522365570068
-7.777777777777778,-4.0060272216796875
1.3333333333333333,-2.5488979816436768
-2.555555555555556,0.7123391628265381
19.22222222222222,0.24001741409301758
4.666666666666667,-0.5692960023880005
-5.888888888888889,-0.28899624943733215
-7.888888888888889,0.0006439387798309326
10.77777777777778,-1.516272783279419
32.111111111111114,-0.6757507920265198
-5.666666666666667,1.9881501197814941
9.11111111111111,-0.06069403886795044
8.777777777777779,-7.177415370941162
-9.11111111111111,-1.9612802267074585
4.555555555555555,-1.8405667543411255
3.4444444444444446,3.278261661529541
-11.555555555555555,-2.48750638961792
-3.0,2.8114891052246094
-5.222222222222222,0.8354895710945129
1.1111111111111112,0.9761826992034912
-9.555555555555555,-0.8327270150184631
-3.888888888888889,0.29536014795303345
-0.3333333333333333,-0.024416029453277588
1.6666666666666667,-1.2928942441940308
-8.555555555555555,1.1905779838562012
11.333333333333334,2.831740379333496
8.88888888888889,-2.28420090675354
-4.222222222222222,23.71794319152832
-0.6666666666666666,1.1247236728668213
-8.333333333333334,0.03706347942352295
-2.888888888888889,2.9560396671295166
-9.77777777777778,-1.5039176940917969
-2.4444444444444446,-3.3360342979431152
7.222222222222222,4.298037528991699
-11.11111111111111,-7.668056488037109
-3.2222222222222223,-4.306717872619629
3.555555555555556,1.268747091293335
-1.2222222222222223,-1.6547962427139282
-15.11111111111111,3.6677753925323486
-8.222222222222221,0.2121978998184204
1.5555555555555556,-4.182616233825684
-6.222222222222222,-9.336535453796387
-2.888888888888889,2.311113119125366
-1.3333333333333333,3.867748260498047
4.0,-1.159694790840149
5.666666666666667,2.802119016647339
6.777777777777778,-0.6557913422584534
-3.6666666666666665,3.0288262367248535
-5.222222222222222,4.554103374481201
-6.0,0.39062201976776123
0.4444444444444444,2.8161613941192627
-4.444444444444445,-0.4978174567222595
-6.888888888888889,0.9783743023872375
-0.1111111111111111,-4.938262939453125
-5.555555555555555,3.683901309967041
-8.666666666666666,-0.16173839569091797
3.4444444444444446,-4.971723556518555
-0.8888888888888888,0.5309171676635742
-2.6666666666666665,-2.0028903484344482
-1.3333333333333333,-12.910181045532227
2.4444444444444446,2.068380355834961
-9.22222222222222,-3.0265655517578125
-12.333333333333334,1.5999475717544556
25.666666666666668,3.1765761375427246
2.4444444444444446,4.2771782875061035
2.2222222222222223,1.0165177583694458
-1.2222222222222223,2.5745484828948975
-2.6666666666666665,-0.31512773036956787
-5.333333333333333,14.216269493103027
0.0,0.5779908895492554
-1.4444444444444444,1.798318862915039
-3.555555555555556,-1.3445314168930054
-0.5555555555555556,8.92269515991211
-5.222222222222222,3.9302284717559814
-2.0,1.1864153146743774
3.555555555555556,9.761470794677734
3.555555555555556,-0.6091753244400024
-1.0,7.991720199584961
5.222222222222222,-1.3337832689285278
-11.11111111111111,0.3372631072998047
-6.222222222222222,-2.8979897499084473
-8.11111111111111,-1.0324889421463013
5.333333333333333,-3.4678702354431152
-1.8888888888888888,-9.55407428741455
1.7777777777777777,1.589847445487976
-1.4444444444444444,-1.7386665344238281
-2.0,-10.955809593200684
-10.22222222222222,-3.983346700668335
2.2222222222222223,-4.1143035888671875
7.111111111111111,-0.58160001039505
-5.0,-4.546018600463867
23.33333333333333,0.15642347931861877
2.888888888888889,-3.583050489425659
-0.3333333333333333,-8.239764213562012
-2.7777777777777777,-0.7157480716705322
20.11111111111111,-0.35151636600494385
-6.555555555555555,-5.706674575805664
-5.888888888888889,-2.485279083251953
-13.0,-3.195540428161621
-2.6666666666666665,-0.6666755676269531
-4.666666666666667,0.41602420806884766
0.8888888888888888,-0.49349021911621094
-2.111111111111111,-3.2005648612976074
21.55555555555556,-2.8439929485321045
4.444444444444445,-2.335493326187134
1.2222222222222223,0.10616052150726318
13.333333333333334,-0.06456184387207031
-17.22222222222222,-4.5164923667907715
13.11111111111111,7.0327911376953125
3.555555555555556,-1.6744338274002075
-3.4444444444444446,-2.2095561027526855
11.22222222222222,-1.3578171730041504
-4.555555555555555,-2.0188984870910645
1.4444444444444444,-3.783695936203003
-5.0,3.8881592750549316
15.22222222222222,0.6250002384185791
4.444444444444445,3.7684640884399414
-7.666666666666667,-2.519162654876709
-3.111111111111111,-2.2672393321990967
-6.666666666666667,-3.8802778720855713
0.4444444444444444,-1.3677339553833008
-4.111111111111111,-2.0049922466278076
-2.2222222222222223,-6.312295913696289
16.88888888888889,-0.41887879371643066
-4.0,-1.9198051691055298
-11.333333333333334,-1.7312978506088257
0.5555555555555556,-6.141677379608154
8.777777777777779,0.3003302216529846
1.0,-0.9736732244491577
-3.2222222222222223,-3.8214097023010254
0.0,-2.298706293106079
3.2222222222222223,1.2464232444763184
1.2222222222222223,-2.138559341430664
-4.111111111111111,-0.8441380262374878
-2.4444444444444446,-5.520829200744629
2.0,5.128565788269043
-4.444444444444445,-2.1615753173828125
-8.666666666666666,-3.8077194690704346
-1.7777777777777777,-2.237382411956787
-4.333333333333333,-9.60792350769043
-5.333333333333333,6.445986270904541
2.0,0.17121171951293945
-0.2222222222222222,3.7074427604675293
4.222222222222222,-2.8561036586761475
6.444444444444445,0.529757022857666
-15.88888888888889,0.11887365579605103
21.0,4.001673698425293
9.444444444444445,3.3122971057891846
1.2222222222222223,4.90454626083374
-7.888888888888889,-2.9453823566436768
-2.4444444444444446,-2.9945919513702393
4.111111111111111,-2.339366912841797
3.888888888888889,1.190221905708313
-4.111111111111111,-0.0985640287399292
-5.333333333333333,2.6677379608154297
31.22222222222222,0.46463310718536377
-4.888888888888889,-1.9450913667678833
-5.777777777777778,-5.01704216003418
-1.8888888888888888,2.097930669784546
19.55555555555556,3.778369188308716
-2.0,-1.0006922483444214
3.111111111111111,3.3169031143188477
-1.1111111111111112,-2.891495943069458
11.22222222222222,0.9058659076690674
3.555555555555556,-25.74880599975586
-0.8888888888888888,-4.421382427215576
24.88888888888889,2.1472809314727783
-4.111111111111111,0.19867980480194092
13.88888888888889,2.6753089427948
-1.5555555555555556,-2.525632619857788
-7.111111111111111,0.1721501350402832
-15.666666666666666,-2.698683261871338
-22.88888888888889,2.433025598526001
9.666666666666666,2.929671049118042
2.2222222222222223,3.4623289108276367
-3.4444444444444446,-0.3170667886734009
-6.555555555555555,0.20808053016662598
-14.0,1.804178237915039
2.2222222222222223,2.3915534019470215
1.2222222222222223,-1.2046723365783691
-5.333333333333333,2.9159111976623535
-6.333333333333333,-0.21817652881145477
-4.0,-3.4551727771759033
-3.2222222222222223,1.572901725769043
-1.8888888888888888,0.24482297897338867
0.3333333333333333,2.8538875579833984
7.777777777777778,0.3806164264678955
-1.0,-0.19611167907714844
-1.6666666666666667,4.589276313781738
-17.22222222222222,-0.23793137073516846
-2.333333333333333,-4.439718246459961
11.666666666666666,1.3430259227752686
-0.6666666666666666,3.8247616291046143
1.2222222222222223,-1.1439549922943115
19.33333333333333,0.7197100520133972
-3.888888888888889,-0.6569293737411499
9.333333333333334,0.7412632703781128
-2.555555555555556,1.0871570110321045
-7.555555555555555,1.1789023876190186
-0.1111111111111111,-2.3998875617980957
3.888888888888889,-0.34576326608657837
-7.888888888888889,-4.708010673522949
-1.0,-7.258240699768066
-1.2222222222222223,3.0865845680236816
-6.222222222222222,1.4014378786087036
-1.3333333333333333,2.2398319244384766
-3.4444444444444446,0.27378416061401367
0.7777777777777778,0.9570502042770386
-6.333333333333333,-2.78269624710083
-8.666666666666666,-10.765457153320312
-0.3333333333333333,-1.533027172088623
1.1111111111111112,-1.1856739521026611
3.7777777777777777,2.8622560501098633
-4.888888888888889,-0.030499815940856934
7.666666666666667,2.8691914081573486
7.333333333333333,2.4620184898376465
10.11111111111111,2.784503221511841
-2.7777777777777777,-3.0371222496032715
-3.555555555555556,3.259700059890747
-4.0,0.11002188920974731
-5.333333333333333,2.3002824783325195
1.6666666666666667,0.9878222942352295
-2.555555555555556,2.42028546333313
12.22222222222222,2.9741287231445312
-2.888888888888889,-3.794936418533325
-4.444444444444445,-0.8209669589996338
-3.6666666666666665,-0.4514505863189697
-0.7777777777777778,-0.643801212310791
6.333333333333333,0.0019685029983520508
-9.555555555555555,1.5704028606414795
-6.111111111111111,0.7618638277053833
0.8888888888888888,0.38718104362487793
4.222222222222222,-2.827763080596924
-26.0,-0.6127715110778809
12.88888888888889,3.0037591457366943
-4.444444444444445,-2.309248447418213
-3.6666666666666665,-1.140526294708252
2.0,-2.7114481925964355
-8.11111111111111,0.015593767166137695
-0.2222222222222222,-2.5699102878570557
4.888888888888889,1.1539174318313599
-4.888888888888889,-5.921313762664795
-3.555555555555556,0.3235898017883301
6.888888888888889,4.842169761657715
13.333333333333334,0.8948131799697876
1.5555555555555556,-0.36766231060028076
-3.4444444444444446,-3.9360830783843994
0.1111111111111111,1.285001516342163
3.2222222222222223,2.025170087814331
-6.222222222222222,-0.6220093965530396
-7.0,-0.9895961284637451
4.333333333333333,2.313380479812622
0.7777777777777778,0.39604973793029785
2.4444444444444446,0.6563899517059326
-0.2222222222222222,-2.042459726333618
7.333333333333333,3.477686643600464
0.3333333333333333,1.5381602048873901
-2.6666666666666665,1.9247190952301025
0.2222222222222222,-3.971526861190796
-2.555555555555556,1.3736439943313599
-2.2222222222222223,-0.37271958589553833
-1.2222222222222223,-0.3901340961456299
8.777777777777779,-3.888416051864624
-1.3333333333333333,1.4223209619522095
5.222222222222222,-0.13778811693191528
0.1111111111111111,0.9659863114356995
-3.333333333333333,1.3001512289047241
2.6666666666666665,0.40194737911224365
-6.555555555555555,-0.7179262638092041
-17.88888888888889,-4.290065288543701
5.555555555555555,-0.14747673273086548
6.333333333333333,-0.8809322714805603
4.777777777777778,0.06660974025726318
11.22222222222222,0.501278817653656
1.6666666666666667,-2.362691879272461
-11.22222222222222,-3.5648655891418457
-4.555555555555555,2.030869722366333
-4.222222222222222,-1.7537305355072021
0.5555555555555556,-0.9500576257705688
-8.11111111111111,-2.9034175872802734
10.0,-3.4929003715515137
3.888888888888889,-4.719966888427734
-2.555555555555556,-2.095829486846924
-3.333333333333333,-0.5937187671661377
0.7777777777777778,-0.1633564829826355
-4.0,-7.21260929107666
-2.333333333333333,-1.88860023021698
1.8888888888888888,-0.43958377838134766
19.88888888888889,-6.094302177429199
-12.333333333333334,1.2855812311172485
-5.222222222222222,-1.0902457237243652
-7.777777777777778,-0.3345707654953003
0.6666666666666666,0.06743144989013672
0.7777777777777778,-3.6280934810638428
4.444444444444445,-1.8775838613510132
-5.111111111111111,0.16745811700820923
-3.333333333333333,-0.32424017786979675
-14.77777777777778,-2.0090959072113037
5.0,8.892402648925781
-2.0,-1.6491339206695557
-1.6666666666666667,3.2282958030700684
-1.5555555555555556,0.03699040412902832
-2.4444444444444446,1.0779269933700562
7.777777777777778,1.7780637741088867
1.2222222222222223,1.1011431217193604
-9.11111111111111,-2.3942391872406006
-1.8888888888888888,-4.973835468292236
-5.555555555555555,1.213996171951294
1.3333333333333333,-2.037229299545288
-0.5555555555555556,17.560970306396484
-7.222222222222222,1.949913501739502
15.444444444444445,0.1373838186264038
-13.22222222222222,-2.346646785736084
-6.111111111111111,-4.646752834320068
-0.7777777777777778,-0.13302350044250488
-13.0,2.5718836784362793
-7.111111111111111,-3.2337708473205566
-5.777777777777778,-0.5584848523139954
-2.111111111111111,-5.094799518585205
-5.444444444444445,-6.167727947235107
-3.333333333333333,-2.6762259006500244
0.0,-5.824287414550781
3.0,-0.2965015769004822
26.444444444444443,1.5133711099624634
2.6666666666666665,0.6221078634262085
-6.555555555555555,-0.2965015769004822
-4.777777777777778,0.9060807824134827
5.222222222222222,0.4440203905105591
-16.666666666666668,-2.515817642211914
5.888888888888889,0.44039857387542725
-5.0,0.9555947780609131
-4.555555555555555,0.23974406719207764
-4.555555555555555,-4.005343914031982
2.2222222222222223,-14.081779479980469
1.5555555555555556,-0.33353227376937866
-0.8888888888888888,-6.195511817932129
-8.444444444444445,-5.487031936645508
-2.7777777777777777,0.18849027156829834
4.0,0.541671872138977
-0.1111111111111111,-2.068908214569092
7.555555555555555,0.5405864119529724
-2.333333333333333,-0.03832918405532837
-4.333333333333333,-1.8477705717086792
0.3333333333333333,-0.7376015782356262
-3.0,-1.4446938037872314
3.333333333333333,-2.4569551944732666
-4.555555555555555,-3.7386817932128906
1.3333333333333333,0.46631646156311035
1.6666666666666667,-1.9868656396865845
-4.555555555555555,-5.534024238586426
15.22222222222222,-4.052664756774902
-3.7777777777777777,-7.8277435302734375
-0.3333333333333333,-6.322178840637207
-2.111111111111111,-6.5540876388549805
-1.7777777777777777,1.4162631034851074
-0.7777777777777778,-6.044089317321777
-4.888888888888889,0.7373331785202026
-3.111111111111111,-11.705785751342773
-1.4444444444444444,-2.7363157272338867
-5.777777777777778,0.42621713876724243
16.88888888888889,1.7277171611785889
0.1111111111111111,-2.1882336139678955
-4.888888888888889,-3.8516242504119873
3.4444444444444446,0.9597631692886353
-2.555555555555556,0.39029479026794434
0.0,-0.5550060272216797
0.8888888888888888,-0.585957407951355
-20.0,-4.18342399597168
3.333333333333333,-3.631443500518799
-2.4444444444444446,-2.4456756114959717
-8.777777777777779,-2.0500056743621826
-6.666666666666667,-2.6279706954956055
-2.888888888888889,2.0733580589294434
-5.444444444444445,-6.55531644821167
-8.555555555555555,-1.8225244283676147
-0.4444444444444444,-2.2560689449310303
-2.111111111111111,-2.203829526901245
3.4444444444444446,-2.8925626277923584
-7.333333333333333,-0.339630126953125
-1.4444444444444444,-0.41111040115356445
-11.88888888888889,-1.0301666259765625
-5.555555555555555,-0.8276071548461914
-6.333333333333333,-1.5560474395751953
-1.0,-1.944982647895813
0.4444444444444444,-1.8654441833496094
-11.444444444444445,-5.3039727210998535
7.222222222222222,0.41270291805267334
-2.333333333333333,-1.397606372833252
-8.222222222222221,2.916407585144043
1.7777777777777777,-3.129356622695923
-11.333333333333334,-3.480449914932251
-4.333333333333333,-4.722927093505859
-9.555555555555555,-6.157104015350342
0.4444444444444444,1.0902212858200073
-8.777777777777779,-0.9733049273490906
-8.333333333333334,-1.1200692653656006
-2.333333333333333,-1.270680546760559
19.55555555555556,-0.9688662886619568
-7.222222222222222,-2.6319680213928223
-2.888888888888889,-4.676715850830078
-19.77777777777778,-6.497149467468262
7.111111111111111,-3.396646738052368
-4.0,-4.626803874969482
-8.444444444444445,-3.85318660736084
6.444444444444445,-0.5193877816200256
13.11111111111111,1.4032008647918701
-1.6666666666666667,-0.17217928171157837
1.7777777777777777,-2.706050395965576
-3.6666666666666665,0.6506467461585999
15.444444444444445,0.3237822651863098
-0.3333333333333333,-0.9893279671669006
37.0,0.7286094427108765
-4.666666666666667,-0.25052523612976074
-6.0,-3.9261152744293213
34.55555555555556,0.4195815324783325
-1.7777777777777777,12.52649974822998
-3.888888888888889,-0.6263618469238281
20.77777777777778,-3.5927255153656006
-4.777777777777778,2.7065536975860596
-4.555555555555555,-2.857776403427124
-10.88888888888889,-0.05059787631034851
-19.88888888888889,13.500197410583496
0.3333333333333333,-5.169394493103027
-0.6666666666666666,-6.905506610870361
-11.444444444444445,-2.475095748901367
-6.666666666666667,-0.22037112712860107
23.666666666666668,1.4667185544967651
2.0,-15.959456443786621
-4.222222222222222,-5.8145270347595215
-3.2222222222222223,-0.2833629846572876
-2.555555555555556,-5.70436429977417
-0.6666666666666666,-1.6863497495651245
-6.222222222222222,-1.2084789276123047
2.888888888888889,-5.223644256591797
-0.8888888888888888,-0.05928871035575867
0.1111111111111111,-4.824844837188721
0.6666666666666666,-0.35115349292755127
-23.88888888888889,-2.1584811210632324
-2.555555555555556,0.18210452795028687
0.5555555555555556,0.8020201325416565
-3.0,-4.147844314575195
-10.555555555555555,-4.384521484375
3.333333333333333,-2.1412718296051025
3.111111111111111,0.8330638408660889
0.2222222222222222,2.1340692043304443
-2.7777777777777777,-1.156412124633789
-1.3333333333333333,-1.303002953529358
-2.6666666666666665,-2.1880781650543213
-10.555555555555555,-0.09791572391986847
-2.0,-3.4369711875915527
-1.7777777777777777,-4.3066534996032715
-1.4444444444444444,-0.14098960161209106
-12.88888888888889,0.2650277614593506
-5.666666666666667,-4.235152721405029
23.0,-0.0203092098236084
0.2222222222222222,-2.7229905128479004
14.666666666666666,0.5281210541725159
5.0,-0.8977015018463135
-4.222222222222222,-2.357151508331299
-8.0,-1.6863787174224854
1.5555555555555556,1.58171808719635
0.1111111111111111,2.1594619750976562
2.333333333333333,1.4382522106170654
-3.7777777777777777,-0.9604005813598633
-0.2222222222222222,0.892618715763092
2.555555555555556,0.48266851902008057
-10.333333333333334,-6.390214443206787
0.3333333333333333,1.7671394348144531
-7.0,-9.006852149963379
-9.88888888888889,-3.5581536293029785
4.666666666666667,2.6108286380767822
-1.8888888888888888,1.9404269456863403
-3.888888888888889,2.217874050140381
-13.0,1.6404075622558594
4.333333333333333,-3.3884551525115967
-2.7777777777777777,4.963508129119873
-2.4444444444444446,-3.5537919998168945
9.444444444444445,-1.3838543891906738
14.666666666666666,1.570748209953308
-5.555555555555555,-3.5917203426361084
-3.4444444444444446,1.0109593868255615
-9.333333333333334,-2.2652978897094727
-1.8888888888888888,-4.273192882537842
-2.333333333333333,-3.7116825580596924
5.555555555555555,0.20790895819664001
-3.111111111111111,-2.7058167457580566
11.88888888888889,0.6917333006858826
-10.22222222222222,-0.7234698534011841
2.888888888888889,-0.6507872939109802
9.555555555555555,-1.2403911352157593
-0.4444444444444444,2.167834758758545
-7.333333333333333,-3.9419078826904297
-8.666666666666666,17.093294143676758
-5.777777777777778,-0.907766580581665
6.777777777777778,-3.4503049850463867
-7.444444444444445,-7.685317039489746
-0.5555555555555556,-3.7881906032562256
-2.7777777777777777,-0.5944726467132568
-4.222222222222222,3.279938220977783
-3.555555555555556,0.43895280361175537
0.4444444444444444,-0.39505523443222046
2.6666666666666665,-0.023957252502441406
15.444444444444445,2.895707368850708
0.8888888888888888,-0.5022897720336914
-3.0,-1.728144645690918
-3.888888888888889,0.863667368888855
-2.888888888888889,-0.04817521572113037
-8.333333333333334,-0.34938913583755493
-5.333333333333333,-1.4187421798706055
-2.0,-1.3473924398422241
-5.111111111111111,-1.8743599653244019
-1.6666666666666667,2.0344226360321045
1.8888888888888888,0.7493136525154114
-6.0,2.163422107696533
3.6666666666666665,0.7296764254570007
4.444444444444445,-4.468528747558594
-6.333333333333333,-2.13997483253479
-5.0,-0.3688012957572937
-4.222222222222222,-1.19038987159729
-4.111111111111111,1.130683183670044
-0.7777777777777778,-5.741225719451904
0.3333333333333333,0.8956954479217529
-2.888888888888889,2.2233521938323975
-2.7777777777777777,-4.785285472869873
5.666666666666667,-0.007429659366607666
-2.7777777777777777,-1.7553561925888062
0.3333333333333333,-35.44512176513672
0.6666666666666666,-2.143249988555908
-10.666666666666666,-0.8144330382347107
-8.88888888888889,-4.03825044631958
2.4444444444444446,-2.041029214859009
-13.555555555555555,-3.1355881690979004
2.4444444444444446,0.3056540787220001
-1.6666666666666667,-0.27842605113983154
18.444444444444443,0.4989522695541382
-3.333333333333333,-20.272336959838867
-2.888888888888889,-3.809159278869629
-4.222222222222222,-42.32546615600586
-1.1111111111111112,1.605642318725586
-3.7777777777777777,1.3974558115005493
31.11111111111111,1.499381422996521
-2.2222222222222223,-3.90024471282959
-3.555555555555556,-44.12166976928711
-3.888888888888889,-2.20500111579895
-6.666666666666667,-0.9902253150939941
-1.5555555555555556,-1.5701535940170288
0.5555555555555556,-2.2126080989837646
-4.222222222222222,-6.1783905029296875
-18.22222222222222,-33.666263580322266
-2.333333333333333,-5.016265869140625
0.2222222222222222,-2.681394100189209
3.2222222222222223,-1.5603286027908325
3.4444444444444446,0.49015140533447266
-2.333333333333333,0.6738492250442505
2.7777777777777777,-1.7839432954788208
1.3333333333333333,0.5073438882827759
-4.777777777777778,-0.47212719917297363
-8.11111111111111,-4.790781497955322
-0.7777777777777778,-1.7458548545837402
-7.444444444444445,-3.1877992153167725
1.3333333333333333,-3.3449065685272217
-3.111111111111111,-2.8194034099578857
13.444444444444445,0.619637131690979
13.77777777777778,-1.858734369277954
-2.888888888888889,1.6931788921356201
-3.111111111111111,-0.20673561096191406
-4.333333333333333,-15.034870147705078
3.2222222222222223,-1.0181177854537964
-0.1111111111111111,-5.6425886154174805
0.3333333333333333,-18.377342224121094
0.0,-0.10232466459274292
7.111111111111111,0.20802265405654907
24.22222222222222,-1.1441411972045898
-6.0,-10.666903495788574
-11.0,-1.4022867679595947
-2.111111111111111,-1.216172218322754
-2.4444444444444446,-1.0949745178222656
-2.2222222222222223,0.1976444125175476
4.222222222222222,-0.2835850417613983
-9.22222222222222,-0.513588011264801
10.333333333333334,-0.06655406951904297
-3.555555555555556,0.5618584156036377
17.555555555555557,2.0087506771087646
1.8888888888888888,-5.353378772735596
1.8888888888888888,0.3335380554199219
-5.666666666666667,-1.3354387283325195
14.88888888888889,2.056614875793457
0.6666666666666666,5.394125938415527
1.1111111111111112,0.43215620517730713
-3.333333333333333,-0.11284306645393372
3.4444444444444446,-10.559748649597168
-6.555555555555555,-1.7400778532028198
-6.888888888888889,-5.983224868774414
-2.888888888888889,-2.2608203887939453
-2.2222222222222223,-0.48420393466949463
2.333333333333333,1.7243428230285645
-4.666666666666667,0.8525176048278809
-2.888888888888889,0.41547393798828125
-0.7777777777777778,-1.3908753395080566
-9.77777777777778,-1.188547968864441
-4.111111111111111,-1.2757306098937988
-7.777777777777778,-1.5384790897369385
-4.111111111111111,0.2572358250617981
0.8888888888888888,1.1145298480987549
-7.666666666666667,-5.841377258300781
-4.333333333333333,-2.9373908042907715
-11.666666666666666,-4.2384867668151855
0.2222222222222222,-1.6676385402679443
-3.0,0.9868291616439819
-3.0,-0.31672203540802
8.444444444444445,1.8239845037460327
-6.333333333333333,1.5166796445846558
-8.333333333333334,-3.1049914360046387
-0.3333333333333333,-1.0091596841812134
-7.222222222222222,1.4817554950714111
-0.3333333333333333,-4.051429271697998
4.222222222222222,11.363338470458984
-2.555555555555556,1.5419681072235107
-8.444444444444445,-2.412809371948242
-4.111111111111111,-4.973282814025879
-0.1111111111111111,0.020151376724243164
-2.555555555555556,1.1534991264343262
-2.4444444444444446,-7.021708011627197
-2.888888888888889,-0.05013275146484375
10.11111111111111,0.6892826557159424
-2.4444444444444446,-1.547836422920227
7.0,-2.094644546508789
-4.222222222222222,-0.9313755035400391
-2.4444444444444446,1.743936538696289
-12.11111111111111,1.4568780660629272
0.3333333333333333,4.723311424255371
6.111111111111111,-0.9348772764205933
-16.666666666666668,-4.6368794441223145
1.8888888888888888,-0.5508650541305542
3.6666666666666665,4.219669818878174
0.8888888888888888,1.0804076194763184
-6.777777777777778,-3.612795829772949
-9.333333333333334,0.8452125191688538
-13.0,-0.3876922130584717
1.3333333333333333,-0.21197384595870972
2.333333333333333,1.7356970310211182
-2.888888888888889,-0.7792913913726807
-8.0,0.9705200791358948
1.3333333333333333,-3.0967206954956055
-1.0,1.9883383512496948
1.6666666666666667,-0.5076857805252075
8.333333333333334,1.4344596862792969
3.6666666666666665,1.992775321006775
-3.111111111111111,0.475676566362381
-7.444444444444445,-0.49382686614990234
2.6666666666666665,0.36344683170318604
11.22222222222222,-2.1534359455108643
-2.0,-0.20187079906463623
-2.555555555555556,-7.421813011169434
-6.111111111111111,-1.0351049900054932
-5.111111111111111,-3.11226487159729
-8.777777777777779,-4.537123203277588
-10.11111111111111,-2.7387800216674805
-0.5555555555555556,-0.22954460978507996
1.8888888888888888,-4.712113857269287
-0.2222222222222222,11.237826347351074
-13.666666666666666,-2.9734787940979004
1.6666666666666667,-6.856118679046631
6.444444444444445,-0.8884844183921814
-5.111111111111111,-5.085081100463867
-1.0,-4.4360246658325195
2.6666666666666665,-3.49886417388916
-4.111111111111111,-1.2279629707336426
-2.2222222222222223,-3.5956990718841553
-0.3333333333333333,-5.162569522857666
-4.888888888888889,-2.00467586517334
25.11111111111111,-0.586258590221405
-10.88888888888889,-1.3602781295776367
2.555555555555556,-2.978701114654541
-0.4444444444444444,-2.1610326766967773
-19.55555555555556,-2.4253089427948
-0.8888888888888888,-1.5609772205352783
-6.555555555555555,-2.7737338542938232
-4.222222222222222,-5.273527145385742
-5.0,-4.147928237915039
-4.444444444444445,-4.797959804534912
-2.333333333333333,-10.1073579788208
-3.888888888888889,-2.8640871047973633
-2.111111111111111,-3.8435208797454834
-6.111111111111111,-0.31900787353515625
2.2222222222222223,-5.4569525718688965
-8.88888888888889,-4.938765525817871
1.8888888888888888,-1.426573395729065
24.77777777777778,-0.782742440700531
0.3333333333333333,-1.8086106777191162
-2.2222222222222223,7.863072395324707
8.555555555555555,-0.8732322454452515
-2.7777777777777777,-3.672421932220459
3.4444444444444446,-0.34963154792785645
-2.555555555555556,-4.5107526779174805
2.555555555555556,-1.6975479125976562
28.88888888888889,-0.9421457052230835
-18.11111111111111,-0.9903447031974792
-5.666666666666667,-5.454263687133789
-1.0,-4.531956672668457
0.3333333333333333,-5.949767112731934
0.3333333333333333,-4.004421234130859
-1.3333333333333333,0.4421485662460327
-4.888888888888889,-2.7037878036499023
-7.555555555555555,-3.638235330581665
-6.888888888888889,-5.478716850280762
-4.0,-4.519102573394775
1.6666666666666667,-14.171772956848145
8.666666666666666,-5.582245826721191
1.7777777777777777,-1.0421534776687622
0.1111111111111111,2.7255828380584717
13.88888888888889,0.05684766173362732
-0.3333333333333333,-2.512364625930786
8.444444444444445,-2.516305923461914
-0.2222222222222222,-5.817115306854248
-6.555555555555555,-6.023411750793457
2.6666666666666665,-1.4248048067092896
-4.555555555555555,-2.4814817905426025
-0.5555555555555556,-1.7182626724243164
-1.0,-21.266788482666016
14.666666666666666,-0.45960575342178345
-2.4444444444444446,-5.365373134613037
-1.0,-13.346966743469238
-12.0,-4.88112735748291
-0.5555555555555556,-2.440903425216675
-0.8888888888888888,-5.160853385925293
-6.888888888888889,-5.273094654083252
-4.555555555555555,-1.5902044773101807
0.1111111111111111,-1.015650749206543
-5.333333333333333,-11.794292449951172
-6.777777777777778,-2.3670287132263184
27.88888888888889,0.46917927265167236
-7.888888888888889,-4.09251594543457
-0.2222222222222222,-1.4301984310150146
6.222222222222222,-2.8701236248016357
-14.444444444444445,-9.33782958984375
-5.555555555555555,-6.636141777038574
-13.555555555555555,-6.46964693069458
-9.88888888888889,-0.4259909689426422
-7.333333333333333,-3.939768075942993
0.0,-3.3583321571350098
0.1111111111111111,-13.056868553161621
-5.555555555555555,-0.3845841884613037
-8.666666666666666,-10.527661323547363
-4.666666666666667,-3.889798879623413
0.4444444444444444,-10.266901016235352
0.0,-4.2441487312316895
-5.444444444444445,-3.441568374633789
0.2222222222222222,-9.564692497253418
-16.555555555555557,-32.20550537109375
5.222222222222222,-2.2241289615631104
-4.333333333333333,-1.2558177709579468
-2.555555555555556,4.708242416381836
15.11111111111111,-1.6642855405807495
-0.6666666666666666,-2.41090989112854
-0.4444444444444444,-2.928971529006958
-4.333333333333333,-1.8756719827651978
-3.7777777777777777,-2.7777016162872314
-2.333333333333333,-1.600620985031128
2.555555555555556,-2.78649640083313
15.88888888888889,-1.0020785331726074
-21.88888888888889,-7.167206287384033
21.444444444444443,-2.472050905227661
4.333333333333333,-6.798722743988037
-1.2222222222222223,-0.8429489135742188
1.2222222222222223,-1.256063461303711
-3.6666666666666665,-1.5168125629425049
3.0,-2.1354427337646484
-2.333333333333333,-2.8930740356445312
-3.888888888888889,-4.754183769226074
14.444444444444445,-7.0265302658081055
-4.666666666666667,-6.220895290374756
-4.0,-4.1103949546813965
3.0,-2.5462915897369385
-6.555555555555555,-1.7833343744277954
-4.333333333333333,-8.226703643798828
6.888888888888889,-1.7930285930633545
0.4444444444444444,-2.3010151386260986
-3.6666666666666665,-2.1540427207946777
28.444444444444443,1.7413805723190308
3.0,-0.2972581386566162
-24.11111111111111,15.311437606811523
14.22222222222222,1.1409342288970947
10.666666666666666,-4.179505348205566
3.4444444444444446,1.6220753192901611
-6.888888888888889,1.1207138299942017
0.0,2.569277048110962
9.11111111111111,1.6591588258743286
-2.888888888888889,-2.835793972015381
-11.0,-9.643802642822266
-4.111111111111111,-1.0784744024276733
-4.777777777777778,0.4125049114227295
22.11111111111111,0.5554264783859253
8.222222222222221,0.10705077648162842
-4.777777777777778,-7.951182842254639
-5.444444444444445,-0.9279631972312927
1.5555555555555556,-2.5728919506073
-3.4444444444444446,-1.7155790328979492
-2.555555555555556,-0.22644440829753876
-5.111111111111111,0.7362312078475952
-11.333333333333334,0.1036977469921112
-5.777777777777778,-4.1598005294799805
-10.555555555555555,1.3345813751220703
-13.666666666666666,0.9367547631263733
-4.888888888888889,0.832972526550293
1.2222222222222223,-1.5467567443847656
-5.888888888888889,0.8084979057312012
-2.555555555555556,-7.608565807342529
-9.333333333333334,5.748358249664307
-9.22222222222222,1.106458067893982
-8.333333333333334,-2.9918980598449707
-2.0,-0.13759112358093262
-5.333333333333333,-0.08525347709655762
-0.2222222222222222,-3.1607229709625244
0.4444444444444444,-4.713277816772461
-3.333333333333333,-13.393186569213867
1.5555555555555556,-4.3488874435424805
-2.2222222222222223,-0.8605868816375732
-3.888888888888889,0.9059574604034424
11.444444444444445,0.156835675239563
12.666666666666666,1.8487601280212402
1.3333333333333333,-8.72154712677002
-5.555555555555555,-1.976912498474121
-2.0,0.7840471267700195
-2.0,0.40669238567352295
-5.222222222222222,-3.2190918922424316
-0.5555555555555556,0.07166650891304016
9.333333333333334,-3.129547357559204
5.333333333333333,-0.6538873314857483
-6.0,-5.303771495819092
-4.777777777777778,-0.31508612632751465
-5.555555555555555,-5.718669891357422
-7.333333333333333,-2.5320639610290527
9.444444444444445,-0.21523535251617432
2.555555555555556,-4.01589298248291
-1.2222222222222223,1.0907303094863892
-1.1111111111111112,0.9700026512145996
-10.0,25.381052017211914
0.4444444444444444,-0.48529672622680664
-4.444444444444445,1.6146448850631714
-9.666666666666666,-1.4757078886032104
1.3333333333333333,-4.310809135437012
-0.8888888888888888,0.4527727961540222
-1.7777777777777777,-0.7358804941177368
2.2222222222222223,-1.070839762687683
-2.2222222222222223,-1.6038613319396973
0.5555555555555556,-4.226071357727051
-9.88888888888889,-0.7386622428894043
4.444444444444445,1.1736457347869873
-1.0,-0.45429837703704834
-2.888888888888889,-1.7177419662475586
-6.0,-1.595815896987915
-0.2222222222222222,0.34220051765441895
-5.222222222222222,0.5703305006027222
-3.0,0.27398768067359924
0.5555555555555556,-9.375879287719727
-5.0,-1.4549095630645752
-2.6666666666666665,-2.5961227416992188
-10.444444444444445,-0.7584011554718018
-0.7777777777777778,-5.440309524536133
7.111111111111111,16.796611785888672
-4.222222222222222,0.49610811471939087
2.111111111111111,-3.7492809295654297
-0.1111111111111111,-1.4673402309417725
42.55555555555556,1.2365517616271973
-8.11111111111111,-1.5550763607025146
-3.6666666666666665,-2.961677312850952
-4.777777777777778,-1.2860087156295776
1.7777777777777777,-4.970707893371582
7.222222222222222,-5.014557838439941
-2.111111111111111,-2.8201816082000732
-9.0,-0.21984463930130005
1.3333333333333333,-3.1343934535980225
-1.4444444444444444,17.6758975982666
32.44444444444444,1.8425394296646118
10.0,0.11067578196525574
-5.666666666666667,-0.42861688137054443
4.111111111111111,-3.8852434158325195
-9.0,-1.163098931312561
21.22222222222222,0.8551710247993469
-6.666666666666667,-0.13107919692993164
3.0,-0.08983689546585083
-1.4444444444444444,-0.9985302090644836
-0.2222222222222222,-1.398625135421753
-1.1111111111111112,-6.322439193725586
-8.555555555555555,0.5266648530960083
0.7777777777777778,9.754286766052246
4.555555555555555,-0.39847683906555176
4.222222222222222,-1.5593167543411255
-41.333333333333336,-7.701566219329834
-4.888888888888889,-0.07543087005615234
4.555555555555555,-2.95389723777771
2.2222222222222223,0.012681365013122559
-1.5555555555555556,0.3739978075027466
-0.4444444444444444,-0.43381792306900024
-0.8888888888888888,-0.565303385257721
10.0,0.8714056611061096
-8.222222222222221,0.312014102935791
18.444444444444443,0.6900686621665955
-4.888888888888889,-4.282044887542725
0.1111111111111111,-7.612757682800293
-5.555555555555555,-1.4644370079040527
-2.4444444444444446,-1.589121699333191
-5.222222222222222,-1.8095189332962036
29.666666666666668,-2.8116002082824707
0.0,-8.535311698913574
2.2222222222222223,3.4197444915771484
20.88888888888889,2.0385360717773438
-2.333333333333333,-0.13924884796142578
-4.111111111111111,-0.3650422692298889
-10.444444444444445,-2.8794937133789062
-10.77777777777778,0.7510906457901001
-4.666666666666667,-0.3157702088356018
8.777777777777779,2.820485830307007
-3.2222222222222223,-4.359713077545166
-1.4444444444444444,0.5229268074035645
-1.1111111111111112,2.229257583618164
6.888888888888889,2.5727643966674805
-5.444444444444445,1.8548119068145752
2.4444444444444446,1.693985939025879
-12.555555555555555,-1.9452180862426758
17.444444444444443,2.9051167964935303
0.1111111111111111,4.503874778747559
9.666666666666666,2.289794921875
-3.0,-0.2318759560585022
3.0,-0.1483478546142578
-0.1111111111111111,-6.263652801513672
-10.333333333333334,0.9091427326202393
1.3333333333333333,1.0713216066360474
-10.77777777777778,-2.660200834274292
0.3333333333333333,-0.3587545156478882
2.2222222222222223,1.7688037157058716
-4.777777777777778,2.0474064350128174
-2.4444444444444446,-2.4210331439971924
1.6666666666666667,1.4305344820022583
-2.7777777777777777,2.275418758392334
0.2222222222222222,-2.471482992172241
-2.555555555555556,-0.8094617128372192
2.333333333333333,-4.189497947692871
1.6666666666666667,2.484480857849121
-1.6666666666666667,1.9051730632781982
-1.8888888888888888,-0.8050837516784668
-5.888888888888889,-1.6491460800170898
-0.6666666666666666,0.07129573822021484
-0.8888888888888888,-0.2733386754989624
1.5555555555555556,-3.015777349472046
-4.222222222222222,1.8484351634979248
1.7777777777777777,2.52933669090271
-6.111111111111111,0.4292293190956116
-2.4444444444444446,1.446065068244934
-0.7777777777777778,2.4286296367645264
8.0,0.9695733189582825
1.3333333333333333,3.429969072341919
20.33333333333333,3.272233009338379
1.3333333333333333,-1.486900806427002
-4.222222222222222,-2.485248327255249
-8.777777777777779,-0.14478886127471924
-4.333333333333333,2.919323205947876
-2.7777777777777777,1.010536789894104
6.0,1.8119078874588013
0.1111111111111111,2.346731662750244
-2.888888888888889,-2.1049742698669434
-0.1111111111111111,2.2685818672180176
-2.7777777777777777,-1.6557735204696655
-10.11111111111111,3.3772361278533936
-10.0,-1.1713976860046387
-2.555555555555556,-1.6838146448135376
3.4444444444444446,0.1667485237121582
3.4444444444444446,2.0903232097625732
-1.6666666666666667,2.3539154529571533
-1.6666666666666667,6.885601043701172
1.5555555555555556,-2.0590767860412598
5.666666666666667,-0.1758875846862793
5.777777777777778,-0.0025641918182373047
6.666666666666667,1.3341643810272217
5.333333333333333,1.601783275604248
7.222222222222222,-0.04235363006591797
-10.333333333333334,-3.0016825199127197
0.4444444444444444,-0.19682514667510986
8.666666666666666,1.2781189680099487
-6.555555555555555,-0.7846161723136902
1.7777777777777777,-0.9586844444274902
-6.777777777777778,0.8375098705291748
7.111111111111111,-1.5972836017608643
-1.6666666666666667,0.5538247227668762
-0.6666666666666666,-9.415875434875488
8.777777777777779,-0.10021102428436279
-0.6666666666666666,-1.3719595670700073
-7.777777777777778,-5.948298931121826
5.888888888888889,-29.739242553710938
-4.111111111111111,-3.23539400100708
-4.111111111111111,0.8404631614685059
0.6666666666666666,-4.017103672027588
-7.0,-3.5979366302490234
-1.0,-17.680601119995117
-0.6666666666666666,-24.534988403320312
6.777777777777778,-0.6498326063156128
0.5555555555555556,-1.604953646659851
-1.3333333333333333,-10.021095275878906
-2.111111111111111,-15.2155179977417
-8.11111111111111,-5.564733028411865
3.4444444444444446,-1.0974799394607544
-5.444444444444445,-2.6366026401519775
-1.5555555555555556,-3.576481819152832
-3.2222222222222223,-6.737560272216797
4.444444444444445,-4.133684158325195
-1.3333333333333333,0.8430538177490234
-8.333333333333334,-3.3865630626678467
-5.0,1.8518301248550415
1.0,-0.7678098678588867
0.8888888888888888,-0.9061012268066406
-8.444444444444445,-14.713946342468262
-5.222222222222222,-6.464375972747803
-4.888888888888889,-1.8612642288208008
8.333333333333334,-4.522161483764648
7.333333333333333,-5.247334003448486
1.2222222222222223,-2.103580951690674
-8.88888888888889,0.9905523061752319
4.333333333333333,-0.9901270866394043
-0.6666666666666666,-1.2010908126831055
3.111111111111111,0.07537004351615906
3.555555555555556,-3.2520649433135986
-3.111111111111111,-0.09229487180709839
-1.8888888888888888,-1.9908417463302612
1.6666666666666667,-4.263553619384766
-7.666666666666667,-7.491587162017822
-4.111111111111111,0.6534944176673889
3.4444444444444446,-4.069474220275879
-9.333333333333334,-7.1260576248168945
1.5555555555555556,-2.943044900894165
7.333333333333333,-3.588200569152832
-7.111111111111111,-4.9389495849609375
-0.2222222222222222,-28.75507354736328
7.333333333333333,-4.38872766494751
0.6666666666666666,-13.689600944519043
-2.0,-0.3729746341705322
-5.888888888888889,-0.22509175539016724
-5.666666666666667,0.0019596219062805176
1.7777777777777777,0.043919920921325684
-14.666666666666666,-1.4855506420135498
-15.333333333333334,-12.329254150390625
-7.777777777777778,-3.9407243728637695
3.6666666666666665,-8.255714416503906
-6.444444444444445,-5.226825714111328
-1.3333333333333333,-1.6948221921920776
-11.333333333333334,4.1343207359313965
-15.88888888888889,-5.339277744293213
0.3333333333333333,-0.2556748390197754
5.888888888888889,-2.565011978149414
-5.555555555555555,-1.7259106636047363
-4.222222222222222,-0.5315837860107422
-1.3333333333333333,-2.394784927368164
-3.2222222222222223,0.1304858922958374
-0.1111111111111111,-4.452289581298828
-6.666666666666667,-1.817589521408081
-7.333333333333333,-0.7536499500274658
-5.111111111111111,-4.435079574584961
5.222222222222222,-1.5515780448913574
-7.444444444444445,14.659917831420898
17.444444444444443,0.8016781210899353
-3.4444444444444446,-6.109572410583496
-5.333333333333333,-8.575409889221191
3.6666666666666665,-3.791649103164673
-2.4444444444444446,2.603829860687256
-21.0,-4.718135356903076
-8.333333333333334,-2.912097692489624
-3.333333333333333,-5.481497764587402
1.5555555555555556,-3.91945219039917
-3.0,-3.0271506309509277
-14.333333333333334,-0.09097003936767578
-2.2222222222222223,-1.4466514587402344
5.0,0.5202651023864746
0.4444444444444444,-4.527271747589111
-8.222222222222221,0.4224780201911926
2.7777777777777777,0.128414124250412
-12.444444444444445,-0.8352229595184326
5.555555555555555,-2.3126943111419678
-2.111111111111111,-2.173264980316162
-1.6666666666666667,-4.0065460205078125
-9.88888888888889,-2.2097997665405273
-7.333333333333333,-0.9676171541213989
-10.88888888888889,-4.1349310874938965
-4.777777777777778,-1.9908876419067383
-5.111111111111111,-1.989044427871704
0.8888888888888888,0.35883331298828125
2.333333333333333,-0.5772379636764526
1.3333333333333333,-1.1238057613372803
-3.333333333333333,-1.8621673583984375
5.555555555555555,-0.8762825727462769
-2.6666666666666665,-1.9193851947784424
-4.555555555555555,-2.623814105987549
4.0,1.03605318069458
-1.0,-1.1383990049362183
1.3333333333333333,0.728614330291748
-21.0,-0.6335116624832153
-1.6666666666666667,3.7611594200134277
2.111111111111111,-0.20508086681365967
-7.888888888888889,-4.391420841217041
-0.3333333333333333,-10.602258682250977
2.0,-1.873254656791687
26.11111111111111,-1.2689543962478638
-0.1111111111111111,-5.45487642288208
-0.7777777777777778,-3.5959622859954834
-11.0,-2.889115810394287
4.222222222222222,-3.549060344696045
-1.7777777777777777,-3.8905341625213623
-9.0,-4.657858848571777
-4.555555555555555,-4.728906154632568
-5.0,-5.638287544250488
0.7777777777777778,-6.561840534210205
-3.333333333333333,-10.164532661437988
-3.111111111111111,-2.3237085342407227
5.0,-5.9765119552612305
-1.2222222222222223,-0.2860710024833679
-7.555555555555555,-3.0473713874816895
-3.4444444444444446,2.8324079513549805
-7.555555555555555,-3.729807138442993
-8.444444444444445,-8.020610809326172
-2.555555555555556,-0.9881842136383057
-2.2222222222222223,-3.156325101852417
-3.4444444444444446,2.602024555206299
4.888888888888889,0.19780626893043518
4.111111111111111,-3.106558084487915
-11.22222222222222,-14.197273254394531
-5.0,-3.0533413887023926
0.8888888888888888,-7.6006646156311035
-0.7777777777777778,-9.051788330078125
-5.444444444444445,-2.218634843826294
-9.11111111111111,-3.7965948581695557
-0.8888888888888888,-1.7200002670288086
-2.0,-0.8988520503044128
-2.6666666666666665,-0.3736851215362549
21.55555555555556,-0.3959810137748718
11.77777777777778,-0.052323102951049805
14.88888888888889,0.16321802139282227
-0.8888888888888888,-0.5637314319610596
1.4444444444444444,-5.149018287658691
-2.7777777777777777,-3.2215006351470947
-2.7777777777777777,-3.016528606414795
-8.777777777777779,-0.08879220485687256
-3.555555555555556,-3.4161338806152344
-9.444444444444445,-2.2402541637420654
2.0,-10.868407249450684
-7.0,-6.93041467666626
0.1111111111111111,-1.4475160837173462
-5.888888888888889,-4.842235088348389
-11.444444444444445,-3.090670347213745
-5.777777777777778,-0.7344669103622437
-0.4444444444444444,-3.025225877761841
-1.7777777777777777,-1.7853723764419556
-1.4444444444444444,-11.454174041748047
-4.333333333333333,-3.753249406814575
-8.555555555555555,-2.3250839710235596
-8.222222222222221,-5.069427490234375
0.4444444444444444,-3.7960143089294434
-4.555555555555555,-2.0252606868743896
-6.0,-0.6809800863265991
-1.0,-7.107345104217529
-4.333333333333333,-4.8140974044799805
-4.111111111111111,-4.507331371307373
16.0,-0.5909439325332642
-3.4444444444444446,-4.70205545425415
-3.111111111111111,-0.7299308776855469
10.77777777777778,-0.08220291137695312
8.222222222222221,-1.3052663803100586
0.3333333333333333,-0.8375872373580933
0.2222222222222222,14.089329719543457
-14.88888888888889,-6.311309337615967
3.333333333333333,0.4589137136936188
1.0,-3.4968581199645996
0.6666666666666666,-1.1845139265060425
-4.333333333333333,-6.642088890075684
0.3333333333333333,-2.067915916442871
-4.444444444444445,-1.8857297897338867
0.2222222222222222,-0.30235251784324646
5.222222222222222,-4.075094699859619
-2.7777777777777777,-2.788820266723633
-2.0,0.04307222366333008
28.444444444444443,0.4100915789604187
-6.0,-0.9218149185180664
-6.666666666666667,-1.159624457359314
-3.888888888888889,-2.813466787338257
-10.11111111111111,-1.3872480392456055
-4.777777777777778,-1.6651499271392822
1.4444444444444444,-1.0139310359954834
-5.0,-0.8729549050331116
0.1111111111111111,-2.0622267723083496
-6.444444444444445,-1.145724892616272
-2.333333333333333,-1.9394474029541016
-1.6666666666666667,-3.288403272628784
-4.111111111111111,-0.5042790770530701
-10.0,-6.163995742797852
2.7777777777777777,-3.194241762161255
-1.5555555555555556,7.08432149887085
-4.666666666666667,-3.027985095977783
-5.444444444444445,-1.0049962997436523
2.0,-1.8776835203170776
-6.222222222222222,-1.5432864427566528
-10.11111111111111,-5.451878070831299
9.555555555555555,0.3419855237007141
-10.0,0.6142505407333374
-6.444444444444445,-0.019673064351081848
0.8888888888888888,3.201295852661133
-0.5555555555555556,-0.4858015775680542
-1.8888888888888888,-3.5680551528930664
3.888888888888889,-1.983398199081421
3.333333333333333,-1.9295859336853027
17.0,-0.3594664931297302
-0.7777777777777778,-3.3386693000793457
-3.2222222222222223,-4.2152886390686035
-4.777777777777778,-1.1889978647232056
-3.2222222222222223,-3.0935680866241455
-4.222222222222222,-7.308289527893066
-9.11111111111111,0.4909541606903076
-6.333333333333333,-3.0301833152770996
