Score,Pred Score
-0.6666666666666666,0.045220911502838135
7.333333333333333,-1.028494954109192
-0.4444444444444444,-4.842891693115234
-4.111111111111111,-6.421159267425537
-7.333333333333333,-6.459880352020264
1.3333333333333333,-1.713563323020935
-8.444444444444445,-7.570143699645996
1.6666666666666667,-5.886464595794678
3.333333333333333,-4.528857231140137
2.111111111111111,-3.593090057373047
0.1111111111111111,-4.79262113571167
11.22222222222222,-1.4549225568771362
-3.111111111111111,-2.892350196838379
-3.888888888888889,1.9227564334869385
14.11111111111111,-0.6377527713775635
-4.444444444444445,-1.4704413414001465
6.0,1.6986358165740967
12.555555555555555,10.193456649780273
-0.8888888888888888,-6.005039215087891
-4.0,-0.6246760487556458
-1.1111111111111112,-2.7856342792510986
-3.555555555555556,-3.477808713912964
-10.666666666666666,0.08256039023399353
9.11111111111111,-0.08035880327224731
-1.7777777777777777,0.396830677986145
-3.4444444444444446,-4.496298789978027
23.22222222222222,13.63005256652832
0.8888888888888888,-3.9614999294281006
0.3333333333333333,-4.695971965789795
-3.7777777777777777,-5.754532814025879
2.111111111111111,-6.549928665161133
-2.2222222222222223,-3.7572202682495117
-2.2222222222222223,-1.4150984287261963
3.111111111111111,4.342901706695557
0.1111111111111111,-0.05654503405094147
-2.555555555555556,-5.537396430969238
-0.2222222222222222,-5.450003147125244
3.111111111111111,-0.13667643070220947
-4.444444444444445,-3.8252177238464355
-5.222222222222222,-1.3696209192276
4.0,10.56989860534668
-4.777777777777778,-7.454958915710449
1.0,-3.301321268081665
-4.111111111111111,-1.9856373071670532
-4.777777777777778,-2.0336689949035645
14.11111111111111,-1.214269995689392
2.2222222222222223,-1.9644368886947632
-4.888888888888889,-2.9672229290008545
-6.888888888888889,-3.909479856491089
-9.444444444444445,-1.3019949197769165
13.666666666666666,-1.1210365295410156
3.4444444444444446,-0.3952801525592804
-8.222222222222221,-4.376306056976318
5.777777777777778,0.32657167315483093
0.0,1.377545714378357
13.666666666666666,13.910661697387695
-1.0,-3.0957350730895996
7.333333333333333,-2.1981499195098877
-2.888888888888889,-2.0875797271728516
-7.111111111111111,-6.661646842956543
-1.2222222222222223,-4.0181756019592285
0.0,-0.2756478190422058
-7.666666666666667,-5.281888961791992
-1.5555555555555556,-1.448862075805664
11.88888888888889,11.197136878967285
-4.666666666666667,-4.007620811462402
-10.333333333333334,-5.049758434295654
-9.555555555555555,-12.592780113220215
-2.6666666666666665,-2.0013668537139893
-3.333333333333333,-1.9269566535949707
1.8888888888888888,0.0570046603679657
-5.666666666666667,-1.8947668075561523
-3.888888888888889,0.17252570390701294
-1.5555555555555556,-0.12456238269805908
-1.8888888888888888,-4.450225830078125
-7.888888888888889,-7.147474765777588
0.4444444444444444,-0.7543123960494995
3.555555555555556,6.161342620849609
-0.8888888888888888,-3.4327566623687744
-5.777777777777778,-3.790346145629883
-2.888888888888889,0.2085723876953125
-2.111111111111111,-5.375048637390137
46.333333333333336,2.6003940105438232
0.8888888888888888,-0.7727548480033875
1.1111111111111112,-0.34129759669303894
0.0,-3.8198182582855225
10.0,-0.2914789617061615
-1.1111111111111112,1.789919376373291
8.555555555555555,-1.8766953945159912
-4.777777777777778,-1.4267299175262451
0.2222222222222222,-2.0556704998016357
8.222222222222221,-0.40276217460632324
10.11111111111111,17.278112411499023
-2.555555555555556,-1.207080602645874
-4.888888888888889,-1.5464091300964355
20.88888888888889,10.539725303649902
19.33333333333333,7.119297027587891
-1.3333333333333333,3.3822877407073975
-4.111111111111111,-0.32141804695129395
-2.7777777777777777,-3.243567705154419
9.0,-0.41710975766181946
-6.111111111111111,0.7304525375366211
-3.7777777777777777,-1.1738125085830688
-5.0,-2.369119167327881
-3.0,-0.13962185382843018
-6.222222222222222,-9.511388778686523
-6.333333333333333,-2.035313606262207
-1.8888888888888888,-13.474406242370605
3.111111111111111,7.58750581741333
-4.888888888888889,-5.511886119842529
6.777777777777778,-0.7898749113082886
-4.444444444444445,-1.8332527875900269
7.666666666666667,-0.42918431758880615
0.5555555555555556,-2.8163068294525146
-7.0,-0.7880700826644897
-10.0,3.148876428604126
-0.5555555555555556,-2.178109884262085
0.1111111111111111,1.0535303354263306
-3.4444444444444446,-1.4888179302215576
6.777777777777778,-0.2991223633289337
-6.0,-2.965325355529785
-3.333333333333333,-1.8572001457214355
8.777777777777779,0.7469388246536255
-6.333333333333333,0.08597211539745331
-7.444444444444445,-6.600143909454346
0.1111111111111111,-4.990445137023926
-4.0,-17.030242919921875
6.222222222222222,0.15350571274757385
-3.4444444444444446,-0.9097838997840881
4.777777777777778,-0.9580376744270325
-2.111111111111111,-1.9516665935516357
-4.111111111111111,1.9120562076568604
11.88888888888889,3.9663171768188477
-0.5555555555555556,-3.9979019165039062
4.444444444444445,19.383771896362305
-0.3333333333333333,-4.339374542236328
-4.555555555555555,-2.447174549102783
-0.7777777777777778,-0.09338945150375366
-2.2222222222222223,-9.329296112060547
-5.222222222222222,-10.202083587646484
10.444444444444445,10.592487335205078
-3.4444444444444446,-0.6158716678619385
-3.7777777777777777,-3.8756392002105713
0.2222222222222222,-5.991395473480225
-4.0,-3.531776189804077
-22.444444444444443,-6.4613823890686035
-5.777777777777778,-3.1737887859344482
-4.222222222222222,-4.237175941467285
-2.333333333333333,-1.9163020849227905
5.555555555555555,-0.8705156445503235
23.0,-0.7026206254959106
4.777777777777778,-0.6886540651321411
-18.88888888888889,-6.253063678741455
-10.22222222222222,-11.659350395202637
5.222222222222222,-2.0871572494506836
-5.0,-5.673829078674316
7.444444444444445,-5.14851713180542
6.333333333333333,0.6394453644752502
1.4444444444444444,-1.4706904888153076
-0.8888888888888888,-1.1718271970748901
3.111111111111111,0.26010704040527344
0.5555555555555556,-0.04304182529449463
-1.8888888888888888,-0.8852206468582153
-11.77777777777778,-0.04304182529449463
-5.555555555555555,-1.549033284187317
-1.3333333333333333,-1.394234538078308
-1.8888888888888888,-2.1246347427368164
0.0,-0.4728792607784271
0.8888888888888888,-1.7897872924804688
5.0,-2.9360432624816895
2.4444444444444446,1.7440130710601807
-0.1111111111111111,-0.7349844574928284
2.111111111111111,0.02369174361228943
-0.2222222222222222,-0.0013500452041625977
19.444444444444443,8.712713241577148
3.7777777777777777,-1.1197619438171387
-3.111111111111111,-3.016613721847534
7.555555555555555,0.4026942551136017
1.5555555555555556,-5.662948131561279
-1.1111111111111112,-5.885311126708984
-1.6666666666666667,-2.3569982051849365
3.111111111111111,-1.137655258178711
-1.6666666666666667,1.7306052446365356
1.3333333333333333,-1.9808502197265625
-10.555555555555555,-2.317528009414673
-5.333333333333333,-6.6187567710876465
-0.8888888888888888,-1.355330228805542
-6.111111111111111,-0.9372538328170776
-12.333333333333334,-1.682104468345642
-6.111111111111111,-2.5182456970214844
-6.111111111111111,-0.08475995063781738
-10.22222222222222,-4.806764125823975
4.444444444444445,0.15865278244018555
-2.555555555555556,0.9082513451576233
-8.777777777777779,-0.2105197012424469
-14.555555555555555,-4.260876655578613
-15.0,10.21876335144043
31.33333333333333,15.841208457946777
-20.11111111111111,8.56019401550293
-3.4444444444444446,-4.297036170959473
-0.1111111111111111,-6.266793251037598
-1.3333333333333333,5.300924301147461
1.6666666666666667,-0.0990498960018158
-4.888888888888889,-1.7467056512832642
2.333333333333333,-2.0479960441589355
-13.333333333333334,-7.2553391456604
0.5555555555555556,-2.273468255996704
1.2222222222222223,-5.267127990722656
-8.777777777777779,-3.869748115539551
-0.2222222222222222,-0.8849831819534302
3.2222222222222223,-0.28151336312294006
-2.7777777777777777,-2.2321836948394775
-3.333333333333333,-1.9600220918655396
-5.0,-6.004209041595459
-3.333333333333333,-6.580986022949219
-6.777777777777778,1.5984550714492798
1.0,-0.3275299668312073
-4.444444444444445,-4.134613990783691
-2.111111111111111,-0.5069423913955688
-20.55555555555556,-5.82150936126709
3.333333333333333,-0.8777170181274414
-4.777777777777778,-1.9298352003097534
-1.4444444444444444,-3.538104295730591
-9.11111111111111,-5.426974296569824
-12.666666666666666,-4.446010589599609
-21.11111111111111,4.662137508392334
3.555555555555556,-0.6830743551254272
-4.777777777777778,-2.5123159885406494
-5.888888888888889,-0.630252480506897
-7.555555555555555,-10.905987739562988
-3.555555555555556,-1.1643881797790527
3.0,-0.35119926929473877
4.0,-1.037196397781372
-5.333333333333333,0.46197354793548584
17.444444444444443,11.831074714660645
-11.77777777777778,-5.5332932472229
-4.888888888888889,-0.9319948554039001
6.444444444444445,-1.253832221031189
4.0,-3.1068272590637207
-9.88888888888889,0.3817918300628662
15.77777777777778,0.48442980647087097
0.6666666666666666,-0.5716317892074585
-9.444444444444445,-3.730619430541992
-1.7777777777777777,-0.5012859106063843
2.333333333333333,10.63892936706543
-4.222222222222222,-3.676162004470825
-8.11111111111111,-4.5646257400512695
1.8888888888888888,-1.9509453773498535
-12.555555555555555,-1.2902308702468872
5.444444444444445,-0.6341792345046997
-3.111111111111111,-0.8730412721633911
-2.555555555555556,-3.394866466522217
5.666666666666667,-3.8369977474212646
1.4444444444444444,-0.0810886025428772
-3.0,-1.1670666933059692
-0.1111111111111111,2.0019490718841553
1.1111111111111112,-3.3749940395355225
-0.8888888888888888,-0.9694578647613525
-7.333333333333333,-1.186402440071106
-13.77777777777778,-6.672388076782227
0.7777777777777778,-1.2716145515441895
-2.6666666666666665,-1.604920744895935
-19.55555555555556,-2.074458360671997
5.0,1.3814499378204346
-2.2222222222222223,-1.252429485321045
1.0,-0.6166102290153503
-3.0,-1.136961579322815
-3.888888888888889,-1.8096339702606201
-3.4444444444444446,-6.631181240081787
5.0,0.0885549783706665
19.22222222222222,16.661693572998047
-2.4444444444444446,-7.708829402923584
6.222222222222222,-0.7953765392303467
-5.333333333333333,-0.4202341139316559
-10.77777777777778,-6.9598822593688965
0.0,-1.6509169340133667
1.8888888888888888,-0.2605911195278168
21.55555555555556,16.4826717376709
-7.777777777777778,-6.208263874053955
-7.222222222222222,-1.8022793531417847
-1.7777777777777777,-0.3320525884628296
5.444444444444445,-1.8425930738449097
-3.888888888888889,-1.7091108560562134
-8.222222222222221,-2.1218414306640625
6.111111111111111,-0.7011446952819824
2.7777777777777777,-1.1420278549194336
-6.333333333333333,-0.42499881982803345
0.2222222222222222,-5.030852794647217
-7.777777777777778,-1.1211891174316406
1.2222222222222223,-3.839364528656006
3.4444444444444446,-1.1568595170974731
-2.888888888888889,-5.174408435821533
14.88888888888889,2.452177047729492
-1.7777777777777777,-1.377946138381958
-3.888888888888889,-4.008968353271484
-5.777777777777778,-4.1194987297058105
27.11111111111111,5.740721225738525
1.7777777777777777,-3.22554874420166
0.3333333333333333,-1.073744535446167
-12.77777777777778,-7.269140720367432
27.88888888888889,12.290367126464844
-4.222222222222222,-1.8267877101898193
-1.2222222222222223,-0.058039914816617966
-3.0,-3.0816032886505127
3.6666666666666665,8.711334228515625
-1.5555555555555556,-1.113167405128479
-4.222222222222222,-4.653038024902344
-0.7777777777777778,-2.5267863273620605
6.777777777777778,13.301950454711914
-0.7777777777777778,-4.536409854888916
-8.777777777777779,-5.250601291656494
0.2222222222222222,0.2381862998008728
-0.2222222222222222,0.17474699020385742
-8.0,-0.767318069934845
-4.333333333333333,-2.1848673820495605
-3.0,3.3900275230407715
-7.666666666666667,-0.73853600025177
1.1111111111111112,-4.699582099914551
-0.5555555555555556,-4.564065456390381
-2.111111111111111,-1.0040067434310913
-7.555555555555555,-3.394307851791382
17.666666666666668,1.3852342367172241
-8.11111111111111,0.0903160572052002
19.55555555555556,11.268278121948242
-6.555555555555555,3.2303147315979004
10.555555555555555,2.4149296283721924
-14.444444444444445,-7.2169647216796875
6.666666666666667,-0.09135651588439941
-3.888888888888889,0.8792532682418823
-6.333333333333333,0.2643057703971863
-6.666666666666667,-2.7743849754333496
-4.444444444444445,1.5000311136245728
-2.111111111111111,-3.0575520992279053
-10.333333333333334,-0.7020962238311768
-6.111111111111111,-1.930101752281189
20.666666666666668,16.390480041503906
-5.444444444444445,0.39006203413009644
7.555555555555555,-1.6682623624801636
-1.4444444444444444,-2.56950306892395
-7.222222222222222,-0.25764816999435425
-3.111111111111111,3.351513385772705
-3.555555555555556,-2.6988375186920166
-2.4444444444444446,-3.74052095413208
-1.1111111111111112,-1.014832854270935
-7.555555555555555,-2.5845224857330322
10.11111111111111,0.15195053815841675
-1.4444444444444444,-0.618855357170105
-2.333333333333333,-0.3945264220237732
-1.6666666666666667,-0.817333996295929
8.88888888888889,7.215109825134277
-3.888888888888889,-0.10855090618133545
-6.222222222222222,-3.1938159465789795
-11.88888888888889,-8.064103126525879
-1.5555555555555556,-2.3703324794769287
7.111111111111111,2.9050121307373047
4.666666666666667,-0.7513555288314819
2.4444444444444446,-2.3079724311828613
1.5555555555555556,0.9298958778381348
3.333333333333333,-2.2018063068389893
-10.11111111111111,0.407210111618042
-8.444444444444445,4.686702251434326
-2.555555555555556,-3.468719959259033
2.4444444444444446,-1.555147647857666
2.888888888888889,-2.60998272895813
-4.111111111111111,-2.231412172317505
-10.444444444444445,-1.0448265075683594
17.666666666666668,14.841432571411133
27.77777777777778,8.008062362670898
-1.7777777777777777,3.757660388946533
11.88888888888889,0.2638704776763916
0.5555555555555556,-1.0188103914260864
6.444444444444445,9.231940269470215
-4.0,3.137648105621338
-7.444444444444445,-4.864079475402832
-4.555555555555555,6.076128005981445
12.333333333333334,9.805778503417969
6.0,-0.6785539388656616
-2.0,-0.7542575597763062
1.6666666666666667,2.8711185455322266
17.333333333333332,20.970439910888672
10.11111111111111,1.4660719633102417
-1.2222222222222223,1.2566447257995605
5.666666666666667,7.733380317687988
-3.0,-3.562263011932373
-0.2222222222222222,1.2287676334381104
6.888888888888889,-1.789561152458191
1.4444444444444444,4.461196422576904
-1.2222222222222223,-5.788084030151367
-2.333333333333333,-0.7831787467002869
-7.888888888888889,-1.7409510612487793
20.22222222222222,12.440345764160156
-6.111111111111111,-0.475835382938385
-12.444444444444445,-0.45102494955062866
-7.888888888888889,-0.8845336437225342
1.2222222222222223,-9.925071716308594
-2.888888888888889,-2.2704596519470215
-17.333333333333332,-2.914842128753662
0.0,0.08468717336654663
5.222222222222222,-1.0486316680908203
5.111111111111111,-2.693354606628418
-5.444444444444445,-3.715874195098877
10.22222222222222,-3.199625253677368
-1.6666666666666667,-2.8446526527404785
-4.444444444444445,0.9731229543685913
18.11111111111111,5.3487443923950195
-4.777777777777778,-5.977747440338135
5.333333333333333,-0.49375683069229126
-2.555555555555556,-0.5943122506141663
5.888888888888889,13.062793731689453
8.11111111111111,-0.32951855659484863
-0.4444444444444444,-3.4281728267669678
-5.444444444444445,-2.800855875015259
-0.6666666666666666,1.5708929300308228
-5.444444444444445,-7.681026935577393
-17.0,-0.6389207243919373
-1.0,-1.7601979970932007
2.333333333333333,-2.348933696746826
0.2222222222222222,-2.9410195350646973
-2.7777777777777777,12.124926567077637
-6.777777777777778,0.116985023021698
0.4444444444444444,-0.8165442943572998
0.6666666666666666,1.7895140647888184
-0.7777777777777778,-3.3038816452026367
-7.555555555555555,6.770327568054199
-7.333333333333333,-4.5051984786987305
-12.77777777777778,-1.476308822631836
0.2222222222222222,-6.513705730438232
9.77777777777778,5.087581634521484
-6.222222222222222,-5.44262170791626
-4.888888888888889,-3.936795473098755
-10.11111111111111,-0.9631338119506836
-8.777777777777779,0.2960265278816223
-2.111111111111111,-3.7335898876190186
1.6666666666666667,-0.8838304281234741
-0.7777777777777778,-0.6590701341629028
-0.1111111111111111,-4.297916889190674
-0.5555555555555556,-0.8825397491455078
-6.666666666666667,-3.199625253677368
-9.88888888888889,-3.437614917755127
-8.666666666666666,-5.982637882232666
0.6666666666666666,-1.8463977575302124
-0.7777777777777778,3.3138427734375
0.3333333333333333,-2.1633408069610596
1.3333333333333333,-4.124715328216553
-2.2222222222222223,0.7685446739196777
-6.444444444444445,-5.219028472900391
2.4444444444444446,0.21135056018829346
-5.555555555555555,-6.812481880187988
-8.444444444444445,-6.108033180236816
15.0,0.8776975870132446
2.2222222222222223,-3.071502685546875
2.6666666666666665,-3.1192822456359863
-2.7777777777777777,-11.840269088745117
-5.222222222222222,-2.5176281929016113
-8.555555555555555,-1.7066857814788818
-3.0,1.1137562990188599
-1.6666666666666667,-1.433316946029663
-1.0,-1.4813919067382812
-0.4444444444444444,-0.6289512515068054
37.11111111111112,-0.08119001239538193
-4.444444444444445,-4.682862758636475
0.5555555555555556,-1.6739355325698853
-16.0,-10.71805191040039
-10.22222222222222,-0.6410714387893677
-2.333333333333333,-3.741091728210449
-4.333333333333333,-3.239107608795166
-1.8888888888888888,0.1642915904521942
-4.777777777777778,-1.9533331394195557
-8.666666666666666,-0.8217960596084595
0.5555555555555556,-1.7659790515899658
17.333333333333332,0.048747479915618896
1.5555555555555556,-4.27141809463501
-4.222222222222222,-1.6449066400527954
-6.111111111111111,-1.5725871324539185
6.222222222222222,-3.184237480163574
-1.3333333333333333,-0.2868809700012207
6.333333333333333,-0.10781845450401306
9.444444444444445,-3.0055274963378906
-0.1111111111111111,-6.242307186126709
-6.0,-2.2321484088897705
-4.666666666666667,-8.87275218963623
-6.666666666666667,-1.756223440170288
12.77777777777778,11.345381736755371
0.2222222222222222,-5.082393646240234
-14.555555555555555,0.09671944379806519
-9.333333333333334,-2.0570156574249268
2.6666666666666665,-1.962514042854309
-1.3333333333333333,-1.430993914604187
-12.555555555555555,-1.3087531328201294
-8.777777777777779,-1.650344967842102
2.6666666666666665,-2.7454748153686523
-7.222222222222222,2.422523260116577
2.6666666666666665,-6.399441242218018
-6.444444444444445,-4.777626037597656
-42.55555555555556,-9.319941520690918
4.777777777777778,0.9439500570297241
0.5555555555555556,-5.653573989868164
-9.666666666666666,-5.603929042816162
9.77777777777778,14.9710693359375
9.444444444444445,-0.33346229791641235
-2.7777777777777777,-3.384021043777466
2.0,0.9742081761360168
-2.111111111111111,-0.5270681381225586
-10.666666666666666,2.9865169525146484
-3.888888888888889,-0.7414640188217163
-0.6666666666666666,-2.617990016937256
-6.111111111111111,-0.7968117594718933
-2.555555555555556,-8.210708618164062
-5.444444444444445,1.3779346942901611
-3.6666666666666665,-4.163816452026367
2.555555555555556,0.6544241905212402
4.333333333333333,-2.866440534591675
-5.555555555555555,-0.3656432032585144
-0.6666666666666666,4.220199108123779
-1.6666666666666667,0.80330890417099
1.5555555555555556,-5.279436111450195
-8.0,1.3785098791122437
1.2222222222222223,1.1146461963653564
12.333333333333334,9.214327812194824
0.4444444444444444,1.7846698760986328
0.2222222222222222,-1.8027644157409668
0.4444444444444444,-0.4931739568710327
0.1111111111111111,-0.9890241026878357
0.3333333333333333,-1.6022405624389648
1.2222222222222223,0.09642645716667175
-1.4444444444444444,-6.870624542236328
2.888888888888889,4.008864879608154
14.88888888888889,17.427793502807617
0.1111111111111111,-6.363609313964844
-4.888888888888889,1.4390654563903809
19.55555555555556,12.483209609985352
-3.7777777777777777,0.7193706035614014
-2.7777777777777777,-2.1684842109680176
-4.0,-6.221831798553467
-4.111111111111111,-1.8687410354614258
-0.1111111111111111,-7.32473087310791
2.333333333333333,-1.7770692110061646
0.6666666666666666,9.05230712890625
1.0,-5.112577438354492
-5.111111111111111,-2.217315196990967
-1.2222222222222223,-2.6407735347747803
-3.111111111111111,-0.5307196378707886
-16.333333333333332,0.3891412317752838
-7.555555555555555,-2.1020333766937256
-7.777777777777778,-6.286733150482178
-1.5555555555555556,-1.490471601486206
-7.333333333333333,-1.554007649421692
1.1111111111111112,-0.8408181667327881
3.333333333333333,-1.7058377265930176
-6.444444444444445,-1.5080912113189697
-6.0,3.304687976837158
-1.7777777777777777,-0.6154223680496216
3.2222222222222223,5.415623664855957
1.0,0.37827813625335693
-8.0,-1.318321943283081
0.4444444444444444,4.884018898010254
1.8888888888888888,-7.133544445037842
8.88888888888889,1.8656902313232422
-0.5555555555555556,-1.1252870559692383
-8.444444444444445,-6.502644062042236
0.4444444444444444,-0.30399391055107117
-2.7777777777777777,-0.8160083293914795
-3.6666666666666665,-0.7816622257232666
-5.222222222222222,-1.8933523893356323
-10.555555555555555,0.3226221799850464
0.6666666666666666,-3.686591386795044
8.0,4.356338024139404
0.2222222222222222,7.669670104980469
-2.6666666666666665,-0.321807861328125
-5.111111111111111,0.29408562183380127
-9.333333333333334,-1.4438166618347168
-0.3333333333333333,-1.347337245941162
2.6666666666666665,-0.2868511974811554
-8.88888888888889,-9.235401153564453
-5.555555555555555,-1.4874861240386963
1.5555555555555556,0.3172250986099243
-4.444444444444445,-4.533411502838135
-8.0,-0.937006950378418
5.222222222222222,-1.8021944761276245
-1.8888888888888888,0.4772621989250183
-7.555555555555555,-2.7279481887817383
4.0,-0.64058518409729
0.1111111111111111,-2.099029064178467
1.4444444444444444,-1.5603440999984741
-2.0,-1.8083428144454956
-2.7777777777777777,-2.481299877166748
-6.555555555555555,-2.6529972553253174
-8.666666666666666,-4.055909633636475
-5.0,-2.032494306564331
-3.7777777777777777,0.7495585083961487
9.555555555555555,-0.527187705039978
-10.22222222222222,-5.453364372253418
9.0,6.51071310043335
-2.7777777777777777,-1.5216081142425537
-1.5555555555555556,-2.2930586338043213
-1.8888888888888888,0.049051880836486816
2.4444444444444446,0.05679363012313843
-5.222222222222222,-2.500666618347168
-1.6666666666666667,-2.922783136367798
5.888888888888889,-1.738472580909729
-6.666666666666667,-2.091383695602417
-0.2222222222222222,-2.921257257461548
-6.666666666666667,0.2975299060344696
-5.111111111111111,-0.9290344715118408
0.3333333333333333,-3.414630651473999
-0.4444444444444444,-1.539037823677063
-4.444444444444445,-5.55451774597168
3.4444444444444446,-3.663012981414795
-0.7777777777777778,-3.999725580215454
-9.555555555555555,-4.407278060913086
-5.333333333333333,-1.3174055814743042
5.222222222222222,-1.4210838079452515
6.444444444444445,1.4184430837631226
5.111111111111111,-5.038887977600098
4.888888888888889,-1.288975715637207
-6.0,3.875986337661743
-5.666666666666667,-1.3614563941955566
37.77777777777778,8.05781078338623
-7.111111111111111,-3.715564250946045
-1.4444444444444444,-12.967118263244629
6.777777777777778,-3.052701950073242
-9.444444444444445,-6.2553300857543945
-6.333333333333333,-0.4636313319206238
-0.4444444444444444,-1.2809401750564575
5.111111111111111,-1.2362604141235352
9.11111111111111,2.9019546508789062
-1.7777777777777777,0.6951894760131836
-7.888888888888889,-3.6062381267547607
-3.6666666666666665,-2.096125364303589
-2.888888888888889,6.569895267486572
-8.0,-7.416131019592285
-2.4444444444444446,-0.2837839722633362
7.888888888888889,6.28323221206665
-0.2222222222222222,-0.5224326252937317
-0.5555555555555556,-1.5703132152557373
-2.7777777777777777,-1.9773266315460205
-3.555555555555556,-1.5159142017364502
-0.5555555555555556,-0.6938727498054504
-2.111111111111111,-1.3753352165222168
-1.5555555555555556,-4.568546295166016
2.4444444444444446,2.4169740676879883
-8.11111111111111,-3.0914881229400635
-0.6666666666666666,-7.8816680908203125
3.0,-1.0899728536605835
-1.4444444444444444,-1.9720146656036377
9.666666666666666,-2.2043919563293457
3.111111111111111,0.5184850096702576
-12.555555555555555,-3.2746498584747314
4.666666666666667,3.7079668045043945
-12.0,-4.854196071624756
-10.88888888888889,-9.104750633239746
17.11111111111111,0.7886037826538086
9.22222222222222,-2.864758253097534
-1.3333333333333333,-5.791047096252441
5.666666666666667,-1.3614473342895508
-5.666666666666667,-2.5079073905944824
-3.888888888888889,-10.258391380310059
-8.11111111111111,-2.3584651947021484
-9.444444444444445,-1.515649676322937
-2.7777777777777777,-2.916799545288086
-5.888888888888889,3.4769742488861084
8.555555555555555,-1.4617639780044556
-3.555555555555556,-1.4700872898101807
2.555555555555556,0.2008301019668579
-25.22222222222222,-6.275723934173584
5.888888888888889,0.4379650950431824
-2.7777777777777777,-1.2316040992736816
-6.444444444444445,-6.0941081047058105
-17.444444444444443,-3.341416597366333
-0.1111111111111111,-1.6489723920822144
-4.666666666666667,-8.672792434692383
-1.7777777777777777,-3.599792003631592
-0.2222222222222222,-2.839231491088867
6.111111111111111,0.7283375263214111
-5.444444444444445,-3.094691753387451
-4.222222222222222,-1.0423253774642944
-3.6666666666666665,-0.8635290265083313
-2.4444444444444446,0.37559500336647034
-10.0,-4.375634670257568
8.333333333333334,2.8912527561187744
25.55555555555556,14.75545883178711
-2.555555555555556,-3.3623440265655518
-4.555555555555555,-1.3211686611175537
-1.3333333333333333,-2.605513334274292
22.666666666666668,12.190449714660645
3.2222222222222223,6.725412368774414
-3.2222222222222223,-4.222134113311768
-1.2222222222222223,-4.883249282836914
-1.1111111111111112,-3.042407512664795
-6.111111111111111,-2.6945126056671143
-12.555555555555555,-8.803393363952637
13.11111111111111,-0.515292227268219
8.88888888888889,-4.38839054107666
-2.2222222222222223,-1.2964844703674316
-8.666666666666666,-5.1179585456848145
-11.555555555555555,-0.8270196318626404
-3.2222222222222223,6.591003894805908
-2.0,0.6143710613250732
-1.5555555555555556,-2.7670235633850098
-6.111111111111111,-12.697452545166016
2.0,-1.9239182472229004
-8.333333333333334,-5.508187770843506
-2.4444444444444446,-3.9955248832702637
4.222222222222222,-4.9052414894104
26.22222222222222,1.2359589338302612
-5.0,-3.546664237976074
-2.2222222222222223,-4.469700813293457
1.1111111111111112,-2.901937961578369
-10.0,-1.2275919914245605
4.555555555555555,0.029813170433044434
3.6666666666666665,-1.4449965953826904
-11.666666666666666,-3.2435946464538574
12.22222222222222,1.4712330102920532
-0.3333333333333333,-3.6974236965179443
-9.11111111111111,-4.049208164215088
-1.4444444444444444,1.064508080482483
-3.4444444444444446,-0.43986937403678894
-10.11111111111111,-1.0602436065673828
-2.111111111111111,4.623801231384277
15.666666666666666,7.979348182678223
-3.888888888888889,-4.529674530029297
-3.2222222222222223,0.7341081500053406
2.0,-0.09865611791610718
-4.666666666666667,-6.213977813720703
1.7777777777777777,-5.078073501586914
1.0,-5.418184280395508
-1.3333333333333333,-1.7518270015716553
-5.222222222222222,-6.298521995544434
-0.2222222222222222,0.1652260422706604
-3.0,4.571741580963135
-6.555555555555555,-7.58202600479126
-1.3333333333333333,-3.327772855758667
-2.111111111111111,-1.497139811515808
9.555555555555555,-1.7784062623977661
0.7777777777777778,-1.5360397100448608
38.11111111111112,14.706873893737793
0.0,0.8807366490364075
-4.222222222222222,-0.9575995802879333
1.3333333333333333,-1.68985915184021
8.555555555555555,-2.166206121444702
-3.555555555555556,-4.228495121002197
33.0,15.614527702331543
-4.777777777777778,-1.9750663042068481
29.0,7.657807350158691
-12.555555555555555,0.2333107590675354
2.111111111111111,0.8297178149223328
-3.2222222222222223,-4.3186492919921875
-7.111111111111111,-6.054888725280762
-4.222222222222222,-3.4882705211639404
-7.444444444444445,-1.1486883163452148
-10.0,-4.389035224914551
7.888888888888889,-1.3745969533920288
1.6666666666666667,-4.49501371383667
-4.0,-2.0262105464935303
-2.888888888888889,0.0526888370513916
0.5555555555555556,-0.1804485321044922
-14.333333333333334,-2.945181369781494
-9.0,-0.5161740779876709
-4.888888888888889,-0.9771724939346313
-4.111111111111111,-2.3791089057922363
-0.5555555555555556,1.3232972621917725
-1.6666666666666667,-2.3499293327331543
-1.3333333333333333,-0.7241920232772827
-5.666666666666667,4.810372829437256
-6.111111111111111,-0.7110089063644409
0.8888888888888888,-1.364866852760315
-5.0,4.867307186126709
-14.77777777777778,-0.8118839263916016
0.8888888888888888,7.864729881286621
2.2222222222222223,13.579981803894043
2.7777777777777777,0.77862149477005
7.666666666666667,-0.8240914940834045
-2.555555555555556,1.429274559020996
-5.111111111111111,3.7199337482452393
-1.1111111111111112,-1.6714307069778442
8.222222222222221,12.438385009765625
9.333333333333334,-5.31303071975708
7.888888888888889,9.923673629760742
0.3333333333333333,0.7912636399269104
-8.0,-2.548097610473633
-7.555555555555555,0.3341161012649536
-4.777777777777778,-1.2897775173187256
-0.3333333333333333,2.394592046737671
-5.333333333333333,-3.418020009994507
4.333333333333333,-1.9434715509414673
-1.4444444444444444,1.796257734298706
-2.888888888888889,-5.011831283569336
3.111111111111111,-7.224140167236328
17.333333333333332,-0.8547862768173218
2.0,-0.5273482799530029
-13.88888888888889,-3.066498279571533
-4.444444444444445,-9.180442810058594
-11.666666666666666,-8.79845142364502
-4.444444444444445,-0.8790133595466614
-4.222222222222222,-0.8150432109832764
-7.333333333333333,-1.3658043146133423
-3.2222222222222223,9.29627513885498
-3.4444444444444446,0.3464428186416626
-3.111111111111111,-0.6341778635978699
-5.333333333333333,-0.34825459122657776
7.888888888888889,3.8976805210113525
19.88888888888889,18.42411994934082
-0.1111111111111111,-0.7397383451461792
-2.555555555555556,1.5527467727661133
-6.888888888888889,-0.485962450504303
-6.111111111111111,8.001667976379395
-1.5555555555555556,-2.71563982963562
-4.333333333333333,-9.910317420959473
0.6666666666666666,-1.0070708990097046
-24.0,-2.7603185176849365
-4.222222222222222,-3.1242995262145996
-1.0,-5.6450910568237305
1.3333333333333333,6.289510250091553
-12.666666666666666,-7.1583027839660645
-7.0,-3.5652196407318115
-1.3333333333333333,5.729565620422363
-7.0,-1.8686549663543701
5.888888888888889,-4.710588455200195
-8.11111111111111,1.4664770364761353
-5.777777777777778,-5.178027629852295
-2.888888888888889,-1.7266992330551147
-12.77777777777778,-3.3112010955810547
-6.444444444444445,-2.312272787094116
-2.4444444444444446,-0.3802364468574524
6.0,5.852852821350098
-8.666666666666666,-1.5262947082519531
-2.111111111111111,-1.3918304443359375
11.11111111111111,-0.2725566625595093
5.333333333333333,-0.2665245532989502
2.4444444444444446,0.021235227584838867
-3.7777777777777777,-2.8530452251434326
-1.8888888888888888,10.52382755279541
-0.7777777777777778,-3.9603934288024902
-5.111111111111111,-5.103363037109375
0.6666666666666666,0.6378148794174194
-1.3333333333333333,2.4978513717651367
18.77777777777778,9.504769325256348
7.0,3.5430407524108887
-22.55555555555556,-0.8338489532470703
-5.333333333333333,-1.6191601753234863
-0.7777777777777778,-0.0019508004188537598
10.444444444444445,-4.010756969451904
-1.4444444444444444,4.197412490844727
-0.8888888888888888,-2.196491003036499
10.0,-1.1918234825134277
23.0,0.3593703508377075
0.1111111111111111,-0.6610594987869263
-1.6666666666666667,0.5014179944992065
-8.88888888888889,-1.5573972463607788
-10.444444444444445,-5.687819480895996
-1.0,-1.364101767539978
0.6666666666666666,-0.6140650510787964
-4.111111111111111,-0.05582806468009949
18.11111111111111,-2.434692859649658
-1.3333333333333333,-7.65918493270874
-6.333333333333333,-5.42000150680542
-6.666666666666667,-4.077948093414307
-4.111111111111111,3.979313850402832
-7.555555555555555,-8.266153335571289
-10.555555555555555,-0.11331871151924133
0.5555555555555556,-1.2864090204238892
5.555555555555555,-2.318429708480835
-0.1111111111111111,-2.1886072158813477
-2.888888888888889,-7.338690757751465
2.4444444444444446,-0.21663036942481995
-2.888888888888889,-4.10464334487915
18.666666666666668,11.761637687683105
1.2222222222222223,-0.5665740370750427
-2.2222222222222223,-5.020510196685791
-1.0,-1.3648955821990967
5.222222222222222,3.48964524269104
4.222222222222222,-0.010795950889587402
-0.2222222222222222,-0.6146888732910156
16.444444444444443,-6.156816005706787
-8.0,-3.560683488845825
-11.666666666666666,-15.982985496520996
0.1111111111111111,1.0220541954040527
2.2222222222222223,-1.0960731506347656
-5.333333333333333,-0.7481696009635925
-2.333333333333333,-0.8127225041389465
-3.555555555555556,-1.9989008903503418
-3.111111111111111,-3.9636425971984863
-9.22222222222222,-0.6831880211830139
-9.666666666666666,-0.17900753021240234
-6.333333333333333,-2.4022927284240723
-8.333333333333334,-2.768141746520996
-11.555555555555555,-7.020934581756592
-8.333333333333334,-5.493486404418945
25.0,0.3345333933830261
-5.222222222222222,-1.8619999885559082
3.555555555555556,-2.708250045776367
-2.333333333333333,-3.487952947616577
-13.666666666666666,2.6255195140838623
-2.333333333333333,-6.166145324707031
-6.444444444444445,-1.6816887855529785
10.22222222222222,-0.9193952679634094
-4.888888888888889,0.48776137828826904
6.444444444444445,9.837762832641602
2.0,1.5577247142791748
15.0,-0.9450899958610535
-10.0,-5.392339706420898
-5.666666666666667,0.5888422727584839
-3.7777777777777777,-1.4661895036697388
1.2222222222222223,-2.671565294265747
-1.4444444444444444,-2.389389991760254
-4.222222222222222,-0.45298412442207336
2.4444444444444446,3.140366554260254
2.333333333333333,1.590422511100769
-7.666666666666667,-0.35169902443885803
-0.2222222222222222,-1.419869303703308
0.2222222222222222,-0.37104034423828125
1.2222222222222223,-1.3574919700622559
-4.888888888888889,-6.1067423820495605
-1.2222222222222223,0.5177696347236633
0.7777777777777778,-4.756904125213623
-1.5555555555555556,-0.7169931530952454
-4.444444444444445,-7.26172399520874
-1.1111111111111112,-1.3453369140625
-3.111111111111111,-1.9619230031967163
-0.2222222222222222,-0.29026180505752563
3.0,-0.641798734664917
30.0,16.088714599609375
12.88888888888889,19.777860641479492
-0.3333333333333333,-0.2188345044851303
41.55555555555556,0.5711466670036316
-13.333333333333334,-3.0420494079589844
-10.555555555555555,-10.84956169128418
0.7777777777777778,-4.822566509246826
0.3333333333333333,-1.4959943294525146
-3.555555555555556,-1.5866012573242188
7.222222222222222,-0.43678879737854004
4.666666666666667,1.458871603012085
-9.88888888888889,-1.2693413496017456
-6.111111111111111,-2.4145963191986084
-3.4444444444444446,-2.555234670639038
7.888888888888889,8.548904418945312
0.2222222222222222,-2.188947916030884
-0.3333333333333333,-2.244450807571411
2.4444444444444446,11.901815414428711
0.3333333333333333,-2.5778696537017822
-4.777777777777778,-4.1479315757751465
-2.111111111111111,1.852331519126892
-6.111111111111111,0.7229844331741333
3.333333333333333,1.9596900939941406
0.8888888888888888,-4.611021041870117
-4.777777777777778,0.16136151552200317
-3.888888888888889,0.05128544569015503
-10.0,-3.4340732097625732
-21.33333333333333,-6.481557846069336
-4.444444444444445,-3.260793447494507
2.0,-0.5945349931716919
-5.222222222222222,-3.0692665576934814
1.2222222222222223,1.4194461107254028
-9.666666666666666,-8.11445426940918
-7.222222222222222,-2.05546236038208
-6.555555555555555,-2.7081797122955322
-8.777777777777779,-3.372657537460327
-8.11111111111111,4.67003870010376
0.3333333333333333,-2.6815221309661865
0.4444444444444444,-0.4374542832374573
0.1111111111111111,-8.121027946472168
13.22222222222222,5.942957878112793
-3.888888888888889,-0.3277960419654846
-0.8888888888888888,-0.20983076095581055
-4.777777777777778,-4.092504024505615
-9.22222222222222,-2.3275208473205566
3.111111111111111,-2.2582130432128906
2.2222222222222223,1.3065505027770996
-10.555555555555555,-1.3370102643966675
-1.0,-5.161055564880371
-11.0,-2.411660671234131
-4.666666666666667,0.9823987483978271
-4.0,1.0545610189437866
3.6666666666666665,-0.987930178642273
-1.0,-1.13339364528656
3.0,-0.6043841242790222
-9.444444444444445,-1.4389317035675049
3.333333333333333,-1.644036054611206
-4.111111111111111,-1.4674756526947021
6.555555555555555,2.864631175994873
3.333333333333333,9.678041458129883
-7.222222222222222,-6.745219707489014
0.4444444444444444,0.831180214881897
-2.7777777777777777,-6.678878307342529
-2.2222222222222223,-2.3652212619781494
-2.6666666666666665,-8.917532920837402
-1.7777777777777777,0.10961699485778809
13.22222222222222,15.203886032104492
-3.2222222222222223,-1.8554424047470093
-6.888888888888889,-10.126439094543457
-8.666666666666666,-0.044767022132873535
2.0,-0.050580501556396484
0.0,2.802459716796875
-2.888888888888889,-0.22222673892974854
-5.888888888888889,3.7988226413726807
5.555555555555555,1.4051237106323242
-4.0,-1.1141769886016846
6.444444444444445,-2.605015277862549
-3.555555555555556,1.3758203983306885
-1.3333333333333333,-0.26640594005584717
2.0,-3.371526002883911
-6.0,-5.984463214874268
-18.88888888888889,-2.1327829360961914
-13.555555555555555,-5.117279052734375
-2.888888888888889,-1.5343797206878662
6.444444444444445,-0.3812978267669678
-4.111111111111111,0.5881050825119019
-6.555555555555555,-1.7881171703338623
-3.111111111111111,-3.2952723503112793
-1.5555555555555556,-4.270682334899902
-1.7777777777777777,-1.0132956504821777
5.555555555555555,-0.4541667103767395
-1.5555555555555556,-0.22222673892974854
12.77777777777778,1.0891941785812378
-7.777777777777778,-2.8620052337646484
1.3333333333333333,-1.5493483543395996
-2.555555555555556,-0.5921627283096313
19.22222222222222,15.203886032104492
4.666666666666667,-1.1141769886016846
-5.888888888888889,-0.37973499298095703
-7.888888888888889,-1.9726008176803589
10.77777777777778,-1.9408342838287354
32.111111111111114,12.040863037109375
-5.666666666666667,-1.8117321729660034
9.11111111111111,0.8798357844352722
8.777777777777779,-3.119009494781494
-9.11111111111111,-3.6775014400482178
4.555555555555555,-4.298207759857178
3.4444444444444446,1.706244707107544
-11.555555555555555,-3.003755569458008
-3.0,2.2298290729522705
-5.222222222222222,-1.1270536184310913
1.1111111111111112,-1.1998716592788696
-9.555555555555555,-1.5331416130065918
-3.888888888888889,4.293290138244629
-0.3333333333333333,-0.31652185320854187
1.6666666666666667,-0.801780104637146
-8.555555555555555,0.09697794914245605
11.333333333333334,1.6356477737426758
8.88888888888889,-1.2459678649902344
-4.222222222222222,-2.477156639099121
-0.6666666666666666,0.5229673981666565
-8.333333333333334,-1.403205394744873
-2.888888888888889,-0.6959015727043152
-9.77777777777778,-3.099562883377075
-2.4444444444444446,-1.492992877960205
7.222222222222222,2.592381477355957
-11.11111111111111,-1.0233935117721558
-3.2222222222222223,-3.5147464275360107
3.555555555555556,0.19548344612121582
-1.2222222222222223,-0.13333749771118164
-15.11111111111111,-0.04428178071975708
-8.222222222222221,-0.879849910736084
1.5555555555555556,-1.9653964042663574
-6.222222222222222,-3.85141921043396
-2.888888888888889,0.24364745616912842
-1.3333333333333333,0.880486249923706
4.0,-1.7998675107955933
5.666666666666667,13.381927490234375
6.777777777777778,7.382295608520508
-3.6666666666666665,0.1250152587890625
-5.222222222222222,-3.4003543853759766
-6.0,-1.0591239929199219
0.4444444444444444,-1.5714260339736938
-4.444444444444445,2.696634292602539
-6.888888888888889,0.7399255037307739
-0.1111111111111111,-4.26611852645874
-5.555555555555555,2.5801479816436768
-8.666666666666666,-2.3221840858459473
3.4444444444444446,-1.6163184642791748
-0.8888888888888888,-0.2321982979774475
-2.6666666666666665,-0.5633971095085144
-1.3333333333333333,-3.0052437782287598
2.4444444444444446,-1.3132330179214478
-9.22222222222222,-5.620793342590332
-12.333333333333334,-1.3443059921264648
25.666666666666668,1.6392626762390137
2.4444444444444446,1.7758009433746338
2.2222222222222223,-0.04064583778381348
-1.2222222222222223,1.3817580938339233
-2.6666666666666665,-0.736810564994812
-5.333333333333333,-6.247340202331543
0.0,8.99478816986084
-1.4444444444444444,-6.311698913574219
-3.555555555555556,-1.6719988584518433
-0.5555555555555556,-0.8931189775466919
-5.222222222222222,-2.8922576904296875
-2.0,0.7135541439056396
3.555555555555556,3.2765085697174072
3.555555555555556,-1.7703170776367188
-1.0,9.040974617004395
5.222222222222222,-1.9948129653930664
-11.11111111111111,-1.1665593385696411
-6.222222222222222,-7.933729648590088
-8.11111111111111,-4.023793697357178
5.333333333333333,-10.193961143493652
-1.8888888888888888,-4.827210426330566
1.7777777777777777,1.8178044557571411
-1.4444444444444444,-3.7739694118499756
-2.0,-3.659653425216675
-10.22222222222222,-3.353961944580078
2.2222222222222223,-2.4085707664489746
7.111111111111111,-1.0854501724243164
-5.0,-11.951851844787598
23.33333333333333,-1.351209282875061
2.888888888888889,-4.072441101074219
-0.3333333333333333,-3.7817025184631348
-2.7777777777777777,0.8734365105628967
20.11111111111111,1.9494807720184326
-6.555555555555555,-0.5331990718841553
-5.888888888888889,-4.525633811950684
-13.0,-2.498100519180298
-2.6666666666666665,-1.979682445526123
-4.666666666666667,3.2863805294036865
0.8888888888888888,-2.6947171688079834
-2.111111111111111,-4.748385906219482
21.55555555555556,6.812814235687256
4.444444444444445,-1.9763085842132568
1.2222222222222223,-0.7946614027023315
13.333333333333334,12.916522026062012
-17.22222222222222,-4.434667587280273
13.11111111111111,1.959835410118103
3.555555555555556,-0.18889302015304565
-3.4444444444444446,-3.353790044784546
11.22222222222222,1.4117718935012817
-4.555555555555555,1.5432426929473877
1.4444444444444444,-4.425406455993652
-5.0,3.334132432937622
15.22222222222222,10.30559253692627
4.444444444444445,1.5302778482437134
-7.666666666666667,-1.8390941619873047
-3.111111111111111,-2.1531167030334473
-6.666666666666667,-6.916131973266602
0.4444444444444444,0.5220270752906799
-4.111111111111111,-2.6415529251098633
-2.2222222222222223,-2.629009962081909
16.88888888888889,7.603678226470947
-4.0,-7.027985095977783
-11.333333333333334,-7.333937168121338
0.5555555555555556,-3.1651721000671387
8.777777777777779,9.561644554138184
1.0,-2.762465000152588
-3.2222222222222223,-3.170579433441162
0.0,-3.239755392074585
3.2222222222222223,4.2211103439331055
1.2222222222222223,1.3507252931594849
-4.111111111111111,0.344901978969574
-2.4444444444444446,-0.004629611968994141
2.0,-2.235821008682251
-4.444444444444445,-4.453368663787842
-8.666666666666666,-4.141505241394043
-1.7777777777777777,-3.305363655090332
-4.333333333333333,-1.9882203340530396
-5.333333333333333,-4.2810468673706055
2.0,-6.653137683868408
-0.2222222222222222,0.3154333829879761
4.222222222222222,-3.200207233428955
6.444444444444445,-0.5340256094932556
-15.88888888888889,-1.5496119260787964
21.0,12.83450698852539
9.444444444444445,10.429656028747559
1.2222222222222223,1.2663887739181519
-7.888888888888889,-2.14986515045166
-2.4444444444444446,-5.133874893188477
4.111111111111111,-3.319408655166626
3.888888888888889,4.466307640075684
-4.111111111111111,-1.7448464632034302
-5.333333333333333,-0.9250313639640808
31.22222222222222,0.43877196311950684
-4.888888888888889,-1.6373934745788574
-5.777777777777778,-6.176852703094482
-1.8888888888888888,-0.8013815879821777
19.55555555555556,0.3694413900375366
-2.0,-5.8293843269348145
3.111111111111111,0.5906310677528381
-1.1111111111111112,-6.374984264373779
11.22222222222222,-0.7992504835128784
3.555555555555556,-1.1691687107086182
-0.8888888888888888,-3.7927088737487793
24.88888888888889,19.244691848754883
-4.111111111111111,-0.8304863572120667
13.88888888888889,15.99838638305664
-1.5555555555555556,-5.705512046813965
-7.111111111111111,-1.5760453939437866
-15.666666666666666,-3.144007444381714
-22.88888888888889,-0.21019664406776428
9.666666666666666,1.146568775177002
2.2222222222222223,11.833090782165527
-3.4444444444444446,-2.681007146835327
-6.555555555555555,-1.4319000244140625
-14.0,-1.470350980758667
2.2222222222222223,3.9702365398406982
1.2222222222222223,2.180894374847412
-5.333333333333333,0.46998852491378784
-6.333333333333333,-2.3169102668762207
-4.0,-2.0154972076416016
-3.2222222222222223,-3.7392683029174805
-1.8888888888888888,-1.5008825063705444
0.3333333333333333,0.2453852891921997
7.777777777777778,-0.36646515130996704
-1.0,-7.060314655303955
-1.6666666666666667,1.4048749208450317
-17.22222222222222,-1.8135908842086792
-2.333333333333333,-2.9886903762817383
11.666666666666666,12.101532936096191
-0.6666666666666666,0.2551543116569519
1.2222222222222223,-3.2348387241363525
19.33333333333333,0.19006699323654175
-3.888888888888889,-2.28741455078125
9.333333333333334,-1.7815202474594116
-2.555555555555556,-0.9909811019897461
-7.555555555555555,-5.3056321144104
-0.1111111111111111,-2.0991172790527344
3.888888888888889,-3.135767698287964
-7.888888888888889,-8.753009796142578
-1.0,-5.476345539093018
-1.2222222222222223,-2.799513339996338
-6.222222222222222,-0.4890330731868744
-1.3333333333333333,-2.290524959564209
-3.4444444444444446,0.4359388053417206
0.7777777777777778,0.6670055389404297
-6.333333333333333,-2.5806682109832764
-8.666666666666666,-5.377547264099121
-0.3333333333333333,-3.7850444316864014
1.1111111111111112,-1.2343891859054565
3.7777777777777777,9.973745346069336
-4.888888888888889,3.57238507270813
7.666666666666667,1.3577117919921875
7.333333333333333,0.7709435820579529
10.11111111111111,-0.627439558506012
-2.7777777777777777,-4.149876594543457
-3.555555555555556,0.33048975467681885
-4.0,-1.7128193378448486
-5.333333333333333,1.6442780494689941
1.6666666666666667,-2.5493416786193848
-2.555555555555556,-5.524234771728516
12.22222222222222,11.49371337890625
-2.888888888888889,-1.9913228750228882
-4.444444444444445,-1.0328818559646606
-3.6666666666666665,-2.5099947452545166
-0.7777777777777778,-2.0729150772094727
6.333333333333333,0.733762264251709
-9.555555555555555,1.3877848386764526
-6.111111111111111,-1.2701687812805176
0.8888888888888888,0.5266520380973816
4.222222222222222,-3.2537524700164795
-26.0,-3.5687906742095947
12.88888888888889,0.3036442697048187
-4.444444444444445,-2.297168254852295
-3.6666666666666665,-1.0756287574768066
2.0,0.13207083940505981
-8.11111111111111,-1.685583233833313
-0.2222222222222222,-6.492015361785889
4.888888888888889,-0.8398070335388184
-4.888888888888889,-0.7038778066635132
-3.555555555555556,2.153313398361206
6.888888888888889,4.4988555908203125
13.333333333333334,3.994330406188965
1.5555555555555556,-1.9245697259902954
-3.4444444444444446,-1.852096438407898
0.1111111111111111,-0.6234313249588013
3.2222222222222223,-2.9632134437561035
-6.222222222222222,-1.8501988649368286
-7.0,-0.7392839193344116
4.333333333333333,2.881789445877075
0.7777777777777778,-2.3829891681671143
2.4444444444444446,0.4240933060646057
-0.2222222222222222,-1.7946240901947021
7.333333333333333,2.5668251514434814
0.3333333333333333,-0.9408660531044006
-2.6666666666666665,0.727935791015625
0.2222222222222222,1.7972681522369385
-2.555555555555556,-3.3773608207702637
-2.2222222222222223,-0.1922324299812317
-1.2222222222222223,5.337059497833252
8.777777777777779,-0.7382972240447998
-1.3333333333333333,-0.6033437848091125
5.222222222222222,-2.1002113819122314
0.1111111111111111,0.7587668299674988
-3.333333333333333,0.9289100170135498
2.6666666666666665,-1.4232498407363892
-6.555555555555555,-0.8668171763420105
-17.88888888888889,-0.29356807470321655
5.555555555555555,1.983243465423584
6.333333333333333,-0.8736172318458557
4.777777777777778,-1.93684983253479
11.22222222222222,0.23044490814208984
1.6666666666666667,5.329299449920654
-11.22222222222222,-2.6760618686676025
-4.555555555555555,-0.1698552966117859
-4.222222222222222,-1.292553186416626
0.5555555555555556,-1.1694023609161377
-8.11111111111111,-1.7945706844329834
10.0,8.774094581604004
3.888888888888889,-2.451000690460205
-2.555555555555556,-1.2894022464752197
-3.333333333333333,-0.8832076787948608
0.7777777777777778,2.1811020374298096
-4.0,-1.730523705482483
-2.333333333333333,-0.3983272314071655
1.8888888888888888,0.14968013763427734
19.88888888888889,-4.79807710647583
-12.333333333333334,-2.0844013690948486
-5.222222222222222,-2.8922924995422363
-7.777777777777778,-1.2826381921768188
0.6666666666666666,-1.2735787630081177
0.7777777777777778,-2.357196569442749
4.444444444444445,-0.7612590789794922
-5.111111111111111,2.5130887031555176
-3.333333333333333,1.3219925165176392
-14.77777777777778,-2.286322593688965
5.0,4.0638885498046875
-2.0,-2.2776939868927
-1.6666666666666667,-1.6009031534194946
-1.5555555555555556,0.28130412101745605
-2.4444444444444446,0.3406699299812317
7.777777777777778,6.73721170425415
1.2222222222222223,3.024073362350464
-9.11111111111111,-0.6437808275222778
-1.8888888888888888,-3.8793246746063232
-5.555555555555555,3.75394344329834
1.3333333333333333,-1.3310052156448364
-0.5555555555555556,4.345613956451416
-7.222222222222222,2.3351759910583496
15.444444444444445,9.026034355163574
-13.22222222222222,1.1613795757293701
-6.111111111111111,-2.45925235748291
-0.7777777777777778,-0.06177973747253418
-13.0,-13.323639869689941
-7.111111111111111,-0.860260546207428
-5.777777777777778,1.0395478010177612
-2.111111111111111,-4.532302379608154
-5.444444444444445,-2.5175230503082275
-3.333333333333333,-3.2857534885406494
0.0,0.30550146102905273
3.0,0.5058721303939819
26.444444444444443,13.998250961303711
2.6666666666666665,0.592881441116333
-6.555555555555555,0.5058721303939819
-4.777777777777778,2.3323512077331543
5.222222222222222,3.6120855808258057
-16.666666666666668,-6.294106483459473
5.888888888888889,-0.17723646759986877
-5.0,2.9220175743103027
-4.555555555555555,-1.227273941040039
-4.555555555555555,-6.091201305389404
2.2222222222222223,-6.069643974304199
1.5555555555555556,-2.720146656036377
-0.8888888888888888,-4.186394691467285
-8.444444444444445,-3.586951732635498
-2.7777777777777777,0.5184676647186279
4.0,1.421776294708252
-0.1111111111111111,2.46247935295105
7.555555555555555,-2.57494854927063
-2.333333333333333,-2.3682987689971924
-4.333333333333333,-1.296041488647461
0.3333333333333333,-0.6958397626876831
-3.0,1.6936366558074951
3.333333333333333,-6.872298240661621
-4.555555555555555,-1.835839867591858
1.3333333333333333,-2.2938759326934814
1.6666666666666667,-2.0824942588806152
-4.555555555555555,-6.254671096801758
15.22222222222222,0.5745718479156494
-3.7777777777777777,-5.016137599945068
-0.3333333333333333,-6.589737415313721
-2.111111111111111,-4.666507244110107
-1.7777777777777777,1.213024377822876
-0.7777777777777778,1.3945218324661255
-4.888888888888889,-1.0977555513381958
-3.111111111111111,-8.14458179473877
-1.4444444444444444,-2.0849626064300537
-5.777777777777778,0.030404172837734222
16.88888888888889,10.645744323730469
0.1111111111111111,-2.6391196250915527
-4.888888888888889,-5.57473087310791
3.4444444444444446,-1.0489763021469116
-2.555555555555556,-3.499483585357666
0.0,-1.141797423362732
0.8888888888888888,-1.4070923328399658
-20.0,-4.787725448608398
3.333333333333333,-0.9588062167167664
-2.4444444444444446,-4.630527973175049
-8.777777777777779,2.2329373359680176
-6.666666666666667,1.834028720855713
-2.888888888888889,-3.7620694637298584
-5.444444444444445,-3.821563959121704
-8.555555555555555,6.745394229888916
-0.4444444444444444,-2.8014514446258545
-2.111111111111111,-3.2135183811187744
3.4444444444444446,-1.3080412149429321
-7.333333333333333,0.3450571894645691
-1.4444444444444444,-1.1057186126708984
-11.88888888888889,-0.8688859343528748
-5.555555555555555,-2.9806008338928223
-6.333333333333333,-3.9453704357147217
-1.0,-1.1363445520401
0.4444444444444444,-2.450697422027588
-11.444444444444445,-3.823970317840576
7.222222222222222,0.15151053667068481
-2.333333333333333,-0.9472177624702454
-8.222222222222221,3.7809629440307617
1.7777777777777777,1.6891862154006958
-11.333333333333334,-2.4846041202545166
-4.333333333333333,0.446039080619812
-9.555555555555555,-2.34454345703125
0.4444444444444444,8.692732810974121
-8.777777777777779,-3.9817001819610596
-8.333333333333334,-1.2447190284729004
-2.333333333333333,-0.7389363050460815
19.55555555555556,1.353705883026123
-7.222222222222222,-2.24802565574646
-2.888888888888889,-1.823915719985962
-19.77777777777778,-7.566367149353027
7.111111111111111,0.23370304703712463
-4.0,-4.072230339050293
-8.444444444444445,-1.2522958517074585
6.444444444444445,-0.44055628776550293
13.11111111111111,2.4045329093933105
-1.6666666666666667,-2.936046838760376
1.7777777777777777,-1.0776336193084717
-3.6666666666666665,-2.173415422439575
15.444444444444445,13.48900032043457
-0.3333333333333333,0.9240492582321167
37.0,6.3624162673950195
-4.666666666666667,-1.7263895273208618
-6.0,-7.579848289489746
34.55555555555556,16.256807327270508
-1.7777777777777777,-1.8817285299301147
-3.888888888888889,-0.9774734973907471
20.77777777777778,4.79945707321167
-4.777777777777778,-2.2000558376312256
-4.555555555555555,-3.4369843006134033
-10.88888888888889,-1.070394515991211
-19.88888888888889,-13.14549446105957
0.3333333333333333,-5.453700542449951
-0.6666666666666666,-5.2131524085998535
-11.444444444444445,-0.6251283884048462
-6.666666666666667,-1.63687002658844
23.666666666666668,1.6480433940887451
2.0,2.1875085830688477
-4.222222222222222,-6.210324764251709
-3.2222222222222223,-3.3333868980407715
-2.555555555555556,-2.872413158416748
-0.6666666666666666,-2.09120512008667
-6.222222222222222,1.4235291481018066
2.888888888888889,-1.1760331392288208
-0.8888888888888888,-1.615492582321167
0.1111111111111111,0.5046436786651611
0.6666666666666666,-0.6005617380142212
-23.88888888888889,-1.2111611366271973
-2.555555555555556,0.08197230100631714
0.5555555555555556,9.6237211227417
-3.0,-6.743414402008057
-10.555555555555555,-5.4995574951171875
3.333333333333333,1.348212480545044
3.111111111111111,9.956022262573242
0.2222222222222222,0.11786487698554993
-2.7777777777777777,-2.010965585708618
-1.3333333333333333,-2.342146635055542
-2.6666666666666665,-1.7451039552688599
-10.555555555555555,-0.3286743462085724
-2.0,-6.927334785461426
-1.7777777777777777,-1.3011393547058105
-1.4444444444444444,-2.4638445377349854
-12.88888888888889,-0.2546137869358063
-5.666666666666667,3.166555643081665
23.0,13.725456237792969
0.2222222222222222,-2.5652220249176025
14.666666666666666,-0.2571970224380493
5.0,0.3382381796836853
-4.222222222222222,-3.6052279472351074
-8.0,-11.299050331115723
1.5555555555555556,5.330576419830322
0.1111111111111111,-1.459564447402954
2.333333333333333,0.5169699192047119
-3.7777777777777777,-1.7634228467941284
-0.2222222222222222,-2.513535976409912
2.555555555555556,0.27966898679733276
-10.333333333333334,-9.55761432647705
0.3333333333333333,-4.451619625091553
-7.0,-3.494675874710083
-9.88888888888889,-3.399522066116333
4.666666666666667,-0.2222844362258911
-1.8888888888888888,3.1383557319641113
-3.888888888888889,1.1145827770233154
-13.0,-2.3081817626953125
4.333333333333333,-2.71586537361145
-2.7777777777777777,1.2318928241729736
-2.4444444444444446,-2.5890283584594727
9.444444444444445,9.269461631774902
14.666666666666666,-1.7992039918899536
-5.555555555555555,-3.302800178527832
-3.4444444444444446,-0.4735419750213623
-9.333333333333334,-2.8116838932037354
-1.8888888888888888,-1.3132410049438477
-2.333333333333333,-4.157378673553467
5.555555555555555,0.9726269245147705
-3.111111111111111,-2.211834192276001
11.88888888888889,4.033596515655518
-10.22222222222222,-2.744704484939575
2.888888888888889,1.7033495903015137
9.555555555555555,-2.423084020614624
-0.4444444444444444,0.5681114196777344
-7.333333333333333,-0.6120533347129822
-8.666666666666666,1.6959657669067383
-5.777777777777778,-0.38288453221321106
6.777777777777778,-2.6542775630950928
-7.444444444444445,-10.072562217712402
-0.5555555555555556,-0.8498128652572632
-2.7777777777777777,-2.6211459636688232
-4.222222222222222,-3.229954957962036
-3.555555555555556,-3.0787556171417236
0.4444444444444444,1.0984224081039429
2.6666666666666665,11.20681095123291
15.444444444444445,13.64648151397705
0.8888888888888888,-3.732534408569336
-3.0,-2.096301555633545
-3.888888888888889,-2.091762065887451
-2.888888888888889,-1.9495253562927246
-8.333333333333334,-2.7194738388061523
-5.333333333333333,-4.323769569396973
-2.0,-2.3450400829315186
-5.111111111111111,-3.3858437538146973
-1.6666666666666667,-2.4649040699005127
1.8888888888888888,-1.2570596933364868
-6.0,-2.7246899604797363
3.6666666666666665,-2.8012282848358154
4.444444444444445,-2.450774908065796
-6.333333333333333,-8.147382736206055
-5.0,-1.938940167427063
-4.222222222222222,-0.9156255125999451
-4.111111111111111,-3.2304160594940186
-0.7777777777777778,-6.356936931610107
0.3333333333333333,-1.6541329622268677
-2.888888888888889,3.740980863571167
-2.7777777777777777,-1.0547970533370972
5.666666666666667,-1.3674198389053345
-2.7777777777777777,-4.306419372558594
0.3333333333333333,2.4488303661346436
0.6666666666666666,15.813539505004883
-10.666666666666666,0.3689381778240204
-8.88888888888889,-2.503995895385742
2.4444444444444446,-3.963653564453125
-13.555555555555555,-5.115739345550537
2.4444444444444446,13.590497970581055
-1.6666666666666667,-0.5607146620750427
18.444444444444443,-0.7168686985969543
-3.333333333333333,0.9111461639404297
-2.888888888888889,-1.8800705671310425
-4.222222222222222,-10.842199325561523
-1.1111111111111112,2.8621795177459717
-3.7777777777777777,0.2633779048919678
31.11111111111111,-0.8782674074172974
-2.2222222222222223,-2.5824496746063232
-3.555555555555556,-8.873626708984375
-3.888888888888889,-2.5962958335876465
-6.666666666666667,-2.7864418029785156
-1.5555555555555556,-0.7861472368240356
0.5555555555555556,-3.8202717304229736
-4.222222222222222,-5.324751377105713
-18.22222222222222,-10.788087844848633
-2.333333333333333,-3.124958038330078
0.2222222222222222,-2.5557615756988525
3.2222222222222223,0.14069485664367676
3.4444444444444446,-1.7899658679962158
-2.333333333333333,-3.079681158065796
2.7777777777777777,-4.7252984046936035
1.3333333333333333,-2.7238917350769043
-4.777777777777778,-1.3272287845611572
-8.11111111111111,-5.208292484283447
-0.7777777777777778,-1.1974822282791138
-7.444444444444445,0.20497941970825195
1.3333333333333333,-2.3848984241485596
-3.111111111111111,-0.5856163501739502
13.444444444444445,10.012116432189941
13.77777777777778,-6.85001802444458
-2.888888888888889,2.8402953147888184
-3.111111111111111,-0.6892673373222351
-4.333333333333333,-8.143025398254395
3.2222222222222223,1.5844773054122925
-0.1111111111111111,-3.971311092376709
0.3333333333333333,0.500335693359375
0.0,0.9411791563034058
7.111111111111111,0.10614985227584839
24.22222222222222,8.743978500366211
-6.0,1.3448400497436523
-11.0,-3.0456323623657227
-2.111111111111111,-2.667206048965454
-2.4444444444444446,-5.0527753829956055
-2.2222222222222223,-0.5631546974182129
4.222222222222222,-4.022789001464844
-9.22222222222222,-0.21079790592193604
10.333333333333334,-0.3630378246307373
-3.555555555555556,-0.3524318337440491
17.555555555555557,10.24621295928955
1.8888888888888888,-4.626250267028809
1.8888888888888888,-0.1365928053855896
-5.666666666666667,-5.60640287399292
14.88888888888889,9.866679191589355
0.6666666666666666,1.034237027168274
1.1111111111111112,2.464709758758545
-3.333333333333333,1.6306976079940796
3.4444444444444446,-1.512080430984497
-6.555555555555555,-2.2441060543060303
-6.888888888888889,-5.076792240142822
-2.888888888888889,-0.4657766819000244
-2.2222222222222223,-1.6519051790237427
2.333333333333333,0.725624680519104
-4.666666666666667,-0.3456278443336487
-2.888888888888889,2.564750909805298
-0.7777777777777778,-0.6416808366775513
-9.77777777777778,-4.679568767547607
-4.111111111111111,-2.8461596965789795
-7.777777777777778,-6.711269378662109
-4.111111111111111,0.1862010955810547
0.8888888888888888,-1.0029988288879395
-7.666666666666667,-2.1796257495880127
-4.333333333333333,-1.1175800561904907
-11.666666666666666,-1.2607022523880005
0.2222222222222222,-1.807698130607605
-3.0,0.6352763175964355
-3.0,-4.0029616355896
8.444444444444445,10.134507179260254
-6.333333333333333,-0.824653148651123
-8.333333333333334,-5.312851428985596
-0.3333333333333333,-1.843738317489624
-7.222222222222222,-0.9020036458969116
-0.3333333333333333,-0.9263933897018433
4.222222222222222,-1.712617039680481
-2.555555555555556,-5.611974239349365
-8.444444444444445,-3.1009697914123535
-4.111111111111111,-1.5087660551071167
-0.1111111111111111,-1.2566909790039062
-2.555555555555556,4.21543550491333
-2.4444444444444446,-8.769662857055664
-2.888888888888889,2.0940277576446533
10.11111111111111,1.1637533903121948
-2.4444444444444446,2.4924933910369873
7.0,4.757430553436279
-4.222222222222222,-4.3346734046936035
-2.4444444444444446,0.2941540479660034
-12.11111111111111,2.2443184852600098
0.3333333333333333,0.18140363693237305
6.111111111111111,-0.5213131308555603
-16.666666666666668,-7.451251029968262
1.8888888888888888,13.01124095916748
3.6666666666666665,-2.5516788959503174
0.8888888888888888,-1.093611717224121
-6.777777777777778,6.874669075012207
-9.333333333333334,0.7087720632553101
-13.0,-1.0713974237442017
1.3333333333333333,-0.8452629446983337
2.333333333333333,2.2508955001831055
-2.888888888888889,-0.5580964088439941
-8.0,-1.0124931335449219
1.3333333333333333,-0.8095266819000244
-1.0,1.7944437265396118
1.6666666666666667,-3.332573413848877
8.333333333333334,1.755192518234253
3.6666666666666665,9.81449031829834
-3.111111111111111,-2.6172034740448
-7.444444444444445,-3.2221810817718506
2.6666666666666665,-1.1879169940948486
11.22222222222222,12.618243217468262
-2.0,-4.199871063232422
-2.555555555555556,-2.6701202392578125
-6.111111111111111,-0.861148476600647
-5.111111111111111,-2.285477638244629
-8.777777777777779,-2.8721415996551514
-10.11111111111111,-4.035820484161377
-0.5555555555555556,-1.7345231771469116
1.8888888888888888,-2.4796862602233887
-0.2222222222222222,-4.899207592010498
-13.666666666666666,-2.538646936416626
1.6666666666666667,-5.179532051086426
6.444444444444445,-1.5969163179397583
-5.111111111111111,-1.7173445224761963
-1.0,10.573789596557617
2.6666666666666665,-3.4860267639160156
-4.111111111111111,-3.6636905670166016
-2.2222222222222223,-5.428100109100342
-0.3333333333333333,-4.596307754516602
-4.888888888888889,2.731383800506592
25.11111111111111,17.14655876159668
-10.88888888888889,-0.0898028016090393
2.555555555555556,-3.9249823093414307
-0.4444444444444444,-2.0991809368133545
-19.55555555555556,-2.417686700820923
-0.8888888888888888,-3.0392043590545654
-6.555555555555555,-3.342336654663086
-4.222222222222222,-2.7760915756225586
-5.0,-1.9855760335922241
-4.444444444444445,-0.8572688102722168
-2.333333333333333,-3.956357717514038
-3.888888888888889,5.011702060699463
-2.111111111111111,-1.3473814725875854
-6.111111111111111,9.136770248413086
2.2222222222222223,-1.2558902502059937
-8.88888888888889,-2.0993006229400635
1.8888888888888888,-2.9731714725494385
24.77777777777778,15.879176139831543
0.3333333333333333,-3.261939764022827
-2.2222222222222223,-0.7099926471710205
8.555555555555555,2.25591778755188
-2.7777777777777777,-1.4246463775634766
3.4444444444444446,-1.2182588577270508
-2.555555555555556,-2.9973087310791016
2.555555555555556,-1.4401931762695312
28.88888888888889,10.104523658752441
-18.11111111111111,-1.2195627689361572
-5.666666666666667,2.2409205436706543
-1.0,-2.1921768188476562
0.3333333333333333,-3.4484615325927734
0.3333333333333333,-3.129067897796631
-1.3333333333333333,-2.9279582500457764
-4.888888888888889,-3.3782498836517334
-7.555555555555555,-2.371187925338745
-6.888888888888889,-3.0022854804992676
-4.0,-5.035022735595703
1.6666666666666667,-0.7644416689872742
8.666666666666666,-0.887420654296875
1.7777777777777777,-1.4163281917572021
0.1111111111111111,-1.4281203746795654
13.88888888888889,-0.8178991675376892
-0.3333333333333333,-1.6021510362625122
8.444444444444445,-1.3838233947753906
-0.2222222222222222,-4.781803607940674
-6.555555555555555,-3.8601129055023193
2.6666666666666665,14.588248252868652
-4.555555555555555,-4.654031276702881
-0.5555555555555556,5.652374744415283
-1.0,-2.336940288543701
14.666666666666666,3.872551202774048
-2.4444444444444446,-5.7977423667907715
-1.0,-8.821029663085938
-12.0,-5.256049156188965
-0.5555555555555556,-1.8438063859939575
-0.8888888888888888,-3.320091724395752
-6.888888888888889,-2.7133305072784424
-4.555555555555555,-2.1558852195739746
0.1111111111111111,-4.793957710266113
-5.333333333333333,-8.3746919631958
-6.777777777777778,-3.7492928504943848
27.88888888888889,12.281350135803223
-7.888888888888889,-0.9481760263442993
-0.2222222222222222,-3.4281585216522217
6.222222222222222,0.8062193393707275
-14.444444444444445,-6.267192840576172
-5.555555555555555,-7.4280781745910645
-13.555555555555555,-5.254547119140625
-9.88888888888889,-0.5911089181900024
-7.333333333333333,-1.3281420469284058
0.0,-10.837287902832031
0.1111111111111111,-4.283878803253174
-5.555555555555555,6.820782661437988
-8.666666666666666,-8.797563552856445
-4.666666666666667,-7.893870830535889
0.4444444444444444,-0.4105451703071594
0.0,-1.6287312507629395
-5.444444444444445,-5.837515830993652
0.2222222222222222,-5.293972015380859
-16.555555555555557,-17.230520248413086
5.222222222222222,-1.4275574684143066
-4.333333333333333,-1.9088951349258423
-2.555555555555556,-5.568629264831543
15.11111111111111,0.4632842242717743
-0.6666666666666666,-2.094574213027954
-0.4444444444444444,-7.534785747528076
-4.333333333333333,-2.2810418605804443
-3.7777777777777777,-0.7146420478820801
-2.333333333333333,-0.7867310047149658
2.555555555555556,-3.376688003540039
15.88888888888889,-2.071075201034546
-21.88888888888889,-9.668183326721191
21.444444444444443,5.03071403503418
4.333333333333333,-4.088372230529785
-1.2222222222222223,-1.2717716693878174
1.2222222222222223,-1.8160115480422974
-3.6666666666666665,-1.1959861516952515
3.0,0.6496192812919617
-2.333333333333333,0.140580415725708
-3.888888888888889,-1.6520700454711914
14.444444444444445,-0.0406193733215332
-4.666666666666667,-1.1713390350341797
-4.0,-3.11240553855896
3.0,-1.7609738111495972
-6.555555555555555,-2.486138343811035
-4.333333333333333,-0.02659785747528076
6.888888888888889,-0.26301082968711853
0.4444444444444444,-3.97336483001709
-3.6666666666666665,2.2519540786743164
28.444444444444443,2.647331476211548
3.0,-5.684135437011719
-24.11111111111111,-3.004462480545044
14.22222222222222,12.968934059143066
10.666666666666666,-3.071425199508667
3.4444444444444446,-13.109875679016113
-6.888888888888889,1.765884280204773
0.0,-6.767967224121094
9.11111111111111,12.028794288635254
-2.888888888888889,-2.4244983196258545
-11.0,-4.799219131469727
-4.111111111111111,2.2789664268493652
-4.777777777777778,-3.833265542984009
22.11111111111111,-0.03997802734375
8.222222222222221,-0.1719125509262085
-4.777777777777778,-2.0461933612823486
-5.444444444444445,-4.72463321685791
1.5555555555555556,-1.465182900428772
-3.4444444444444446,-3.2370448112487793
-2.555555555555556,6.27709436416626
-5.111111111111111,-0.010575935244560242
-11.333333333333334,-1.6014143228530884
-5.777777777777778,1.052017092704773
-10.555555555555555,-3.2664105892181396
-13.666666666666666,-2.3032894134521484
-4.888888888888889,-2.617358684539795
1.2222222222222223,-0.5371205806732178
-5.888888888888889,-7.935309410095215
-2.555555555555556,-6.236825942993164
-9.333333333333334,-4.834463596343994
-9.22222222222222,-3.168393850326538
-8.333333333333334,-1.0886337757110596
-2.0,-2.036778688430786
-5.333333333333333,-1.1333436965942383
-0.2222222222222222,-1.930105447769165
0.4444444444444444,-4.575987815856934
-3.333333333333333,-10.113136291503906
1.5555555555555556,-2.99346661567688
-2.2222222222222223,-0.6795440316200256
-3.888888888888889,-4.188746929168701
11.444444444444445,19.47146987915039
12.666666666666666,19.24759292602539
1.3333333333333333,-4.219686031341553
-5.555555555555555,-4.96323823928833
-2.0,-2.1404919624328613
-2.0,-0.08835268020629883
-5.222222222222222,2.2947468757629395
-0.5555555555555556,-2.131941080093384
9.333333333333334,5.763837814331055
5.333333333333333,-0.33065861463546753
-6.0,-4.572325706481934
-4.777777777777778,-3.096458911895752
-5.555555555555555,-3.6191859245300293
-7.333333333333333,-5.5889892578125
9.444444444444445,-4.856874942779541
2.555555555555556,-3.3865888118743896
-1.2222222222222223,1.956042766571045
-1.1111111111111112,-1.5708450078964233
-10.0,0.7240204811096191
0.4444444444444444,-2.6537089347839355
-4.444444444444445,2.959785223007202
-9.666666666666666,-1.39613676071167
1.3333333333333333,-7.070860862731934
-0.8888888888888888,-0.5969839692115784
-1.7777777777777777,0.46333611011505127
2.2222222222222223,0.43163537979125977
-2.2222222222222223,-2.355858087539673
0.5555555555555556,-5.842812538146973
-9.88888888888889,-0.13175907731056213
4.444444444444445,10.860275268554688
-1.0,-3.5809288024902344
-2.888888888888889,-2.5716495513916016
-6.0,-7.531740665435791
-0.2222222222222222,1.7237136363983154
-5.222222222222222,-0.38222795724868774
-3.0,3.546192169189453
0.5555555555555556,0.5738096237182617
-5.0,-3.3861396312713623
-2.6666666666666665,-4.0525336265563965
-10.444444444444445,-1.7608073949813843
-0.7777777777777778,-2.0437679290771484
7.111111111111111,-1.5321130752563477
-4.222222222222222,0.5186546444892883
2.111111111111111,-2.5855796337127686
-0.1111111111111111,-0.1538633108139038
42.55555555555556,12.146288871765137
-8.11111111111111,-2.861922264099121
-3.6666666666666665,-2.1529769897460938
-4.777777777777778,-2.2108755111694336
1.7777777777777777,-5.477366924285889
7.222222222222222,-2.6060123443603516
-2.111111111111111,-4.059201240539551
-9.0,0.0400543212890625
1.3333333333333333,1.774401307106018
-1.4444444444444444,-1.9640769958496094
32.44444444444444,12.042601585388184
10.0,7.520078182220459
-5.666666666666667,3.680426597595215
4.111111111111111,1.926630973815918
-9.0,-0.6069351434707642
21.22222222222222,10.948731422424316
-6.666666666666667,-1.659630298614502
3.0,-0.2232303023338318
-1.4444444444444444,-1.9621045589447021
-0.2222222222222222,-0.9761511087417603
-1.1111111111111112,4.586260795593262
-8.555555555555555,-0.02237410843372345
0.7777777777777778,5.471109390258789
4.555555555555555,-2.3731894493103027
4.222222222222222,5.58143949508667
-41.333333333333336,-7.672535419464111
-4.888888888888889,0.09146906435489655
4.555555555555555,-0.004797995090484619
2.2222222222222223,-1.1749037504196167
-1.5555555555555556,-3.4950129985809326
-0.4444444444444444,0.2703540027141571
-0.8888888888888888,0.13138329982757568
10.0,8.863151550292969
-8.222222222222221,-4.192751884460449
18.444444444444443,-1.1123543977737427
-4.888888888888889,-3.3500821590423584
0.1111111111111111,-3.937013864517212
-5.555555555555555,-4.917288780212402
-2.4444444444444446,-3.9295647144317627
-5.222222222222222,-0.5187000632286072
29.666666666666668,8.680219650268555
0.0,-4.1742634773254395
2.2222222222222223,1.6633028984069824
20.88888888888889,-0.2951622009277344
-2.333333333333333,-0.8571598529815674
-4.111111111111111,3.673675775527954
-10.444444444444445,-5.827957630157471
-10.77777777777778,-1.4107558727264404
-4.666666666666667,-2.1287286281585693
8.777777777777779,2.042314052581787
-3.2222222222222223,-2.388134479522705
-1.4444444444444444,1.4750041961669922
-1.1111111111111112,0.9015056490898132
6.888888888888889,0.3371427655220032
-5.444444444444445,-0.703445315361023
2.4444444444444446,-2.102567195892334
-12.555555555555555,-4.51217794418335
17.444444444444443,11.6702299118042
0.1111111111111111,2.8663201332092285
9.666666666666666,-2.1224007606506348
-3.0,-0.3897251486778259
3.0,-2.8947594165802
-0.1111111111111111,-6.6798481941223145
-10.333333333333334,-1.0903306007385254
1.3333333333333333,-2.724302053451538
-10.77777777777778,-3.4578325748443604
0.3333333333333333,-3.3392326831817627
2.2222222222222223,3.8581619262695312
-4.777777777777778,-0.2685123682022095
-2.4444444444444446,-0.8936924338340759
1.6666666666666667,2.8028829097747803
-2.7777777777777777,-2.8262720108032227
0.2222222222222222,-1.664988398551941
-2.555555555555556,2.071857452392578
2.333333333333333,-6.153846740722656
1.6666666666666667,-1.5170964002609253
-1.6666666666666667,-0.3708263039588928
-1.8888888888888888,0.31781965494155884
-5.888888888888889,-1.0413460731506348
-0.6666666666666666,-2.0794782638549805
-0.8888888888888888,-5.12689208984375
1.5555555555555556,1.84989333152771
-4.222222222222222,-1.5889167785644531
1.7777777777777777,6.086971759796143
-6.111111111111111,-0.8863314986228943
-2.4444444444444446,-1.8003768920898438
-0.7777777777777778,0.8651617169380188
8.0,0.47039201855659485
1.3333333333333333,0.8503890037536621
20.33333333333333,19.484899520874023
1.3333333333333333,-1.6756820678710938
-4.222222222222222,-2.906254768371582
-8.777777777777779,-2.7384209632873535
-4.333333333333333,-0.12815546989440918
-2.7777777777777777,-2.101078510284424
6.0,0.7378591299057007
0.1111111111111111,-0.7042205929756165
-2.888888888888889,-1.2086081504821777
-0.1111111111111111,1.6741855144500732
-2.7777777777777777,11.688088417053223
-10.11111111111111,-2.0423028469085693
-10.0,-4.433626651763916
-2.555555555555556,-0.9318815469741821
3.4444444444444446,-2.2664968967437744
3.4444444444444446,7.505671501159668
-1.6666666666666667,-5.973178386688232
-1.6666666666666667,2.0341248512268066
1.5555555555555556,-3.875842809677124
5.666666666666667,-1.1298044919967651
5.777777777777778,-2.2635722160339355
6.666666666666667,-2.6489038467407227
5.333333333333333,1.942304015159607
7.222222222222222,-0.3654884994029999
-10.333333333333334,-3.5983448028564453
0.4444444444444444,0.4496743679046631
8.666666666666666,13.185708999633789
-6.555555555555555,-3.598461866378784
1.7777777777777777,0.8042476177215576
-6.777777777777778,-1.287992238998413
7.111111111111111,-5.011855125427246
-1.6666666666666667,-0.8896903991699219
-0.6666666666666666,-7.715243816375732
8.777777777777779,-2.34903621673584
-0.6666666666666666,-1.366255283355713
-7.777777777777778,-3.705113649368286
5.888888888888889,3.4839086532592773
-4.111111111111111,-2.58817195892334
-4.111111111111111,-1.6581007242202759
0.6666666666666666,-0.1934107542037964
-7.0,-5.401402950286865
-1.0,3.6042182445526123
-0.6666666666666666,2.3878469467163086
6.777777777777778,-1.8245575428009033
0.5555555555555556,-2.0988433361053467
-1.3333333333333333,-6.09168004989624
-2.111111111111111,-5.885639190673828
-8.11111111111111,-6.669449329376221
3.4444444444444446,0.11075127124786377
-5.444444444444445,-2.967797040939331
-1.5555555555555556,-5.089813709259033
-3.2222222222222223,3.785675048828125
4.444444444444445,-5.231822967529297
-1.3333333333333333,-3.159442663192749
-8.333333333333334,-3.9506125450134277
-5.0,-1.6848278045654297
1.0,-5.867039203643799
0.8888888888888888,-0.4182637929916382
-8.444444444444445,4.560478210449219
-5.222222222222222,-3.459542751312256
-4.888888888888889,-3.546464443206787
8.333333333333334,2.0497968196868896
7.333333333333333,12.166265487670898
1.2222222222222223,-1.4306143522262573
-8.88888888888889,3.6458771228790283
4.333333333333333,-2.065009117126465
-0.6666666666666666,-2.3000710010528564
3.111111111111111,-2.7716081142425537
3.555555555555556,0.5202274322509766
-3.111111111111111,-2.730457067489624
-1.8888888888888888,-1.1993019580841064
1.6666666666666667,-1.7977737188339233
-7.666666666666667,-3.9828107357025146
-4.111111111111111,-0.6057761311531067
3.4444444444444446,-1.258742332458496
-9.333333333333334,-1.893839955329895
1.5555555555555556,-1.074753999710083
7.333333333333333,2.9188315868377686
-7.111111111111111,0.41413694620132446
-0.2222222222222222,-0.8941552639007568
7.333333333333333,-3.4724931716918945
0.6666666666666666,4.071368217468262
-2.0,-1.4237669706344604
-5.888888888888889,5.46439266204834
-5.666666666666667,-1.4482442140579224
1.7777777777777777,1.9533182382583618
-14.666666666666666,-1.9366511106491089
-15.333333333333334,-7.723796844482422
-7.777777777777778,-2.0858676433563232
3.6666666666666665,-4.2492899894714355
-6.444444444444445,-1.0330294370651245
-1.3333333333333333,-0.7574970722198486
-11.333333333333334,-9.556426048278809
-15.88888888888889,-7.354862689971924
0.3333333333333333,0.25447651743888855
5.888888888888889,-1.0517810583114624
-5.555555555555555,-3.0831873416900635
-4.222222222222222,-0.3364908695220947
-1.3333333333333333,-1.4229059219360352
-3.2222222222222223,-1.2558919191360474
-0.1111111111111111,-3.336806058883667
-6.666666666666667,-0.853844404220581
-7.333333333333333,-2.7173893451690674
-5.111111111111111,-3.52256441116333
5.222222222222222,8.98659610748291
-7.444444444444445,-3.588787317276001
17.444444444444443,16.41786003112793
-3.4444444444444446,-1.5341548919677734
-5.333333333333333,-6.942479610443115
3.6666666666666665,2.5293614864349365
-2.4444444444444446,-0.6029708385467529
-21.0,-2.8285675048828125
-8.333333333333334,-8.400690078735352
-3.333333333333333,-2.3694138526916504
1.5555555555555556,-2.440044641494751
-3.0,-2.3282079696655273
-14.333333333333334,-2.4553749561309814
-2.2222222222222223,-0.053187042474746704
5.0,10.042974472045898
0.4444444444444444,-4.791837692260742
-8.222222222222221,0.6319363713264465
2.7777777777777777,-1.3633747100830078
-12.444444444444445,0.5209031105041504
5.555555555555555,-2.394857168197632
-2.111111111111111,0.18677951395511627
-1.6666666666666667,-1.8983393907546997
-9.88888888888889,-1.9135661125183105
-7.333333333333333,-1.3651597499847412
-10.88888888888889,-3.2786612510681152
-4.777777777777778,-1.5694713592529297
-5.111111111111111,2.669083595275879
0.8888888888888888,8.511675834655762
2.333333333333333,-0.7020917534828186
1.3333333333333333,3.2907047271728516
-3.333333333333333,2.3424019813537598
5.555555555555555,-2.7028722763061523
-2.6666666666666665,-0.17118127644062042
-4.555555555555555,-0.5865604877471924
4.0,0.5355182886123657
-1.0,-0.6064106822013855
1.3333333333333333,0.7969450950622559
-21.0,-1.120941162109375
-1.6666666666666667,-5.211551189422607
2.111111111111111,0.9165324568748474
-7.888888888888889,-7.047111988067627
-0.3333333333333333,-4.654541015625
2.0,-3.56953501701355
26.11111111111111,8.26060676574707
-0.1111111111111111,-5.299652099609375
-0.7777777777777778,-1.862424373626709
-11.0,-2.0503175258636475
4.222222222222222,-1.5167227983474731
-1.7777777777777777,-4.280560493469238
-9.0,-4.766068935394287
-4.555555555555555,-5.490702152252197
-5.0,-2.28313946723938
0.7777777777777778,-4.009605407714844
-3.333333333333333,-4.697110652923584
-3.111111111111111,-2.5128352642059326
5.0,-1.2350994348526
-1.2222222222222223,-1.238213300704956
-7.555555555555555,-0.6090120673179626
-3.4444444444444446,-2.0170881748199463
-7.555555555555555,-5.774116039276123
-8.444444444444445,-3.8158743381500244
-2.555555555555556,-3.228241443634033
-2.2222222222222223,-1.0763158798217773
-3.4444444444444446,-0.1274622678756714
4.888888888888889,6.201637268066406
4.111111111111111,-0.8035750985145569
-11.22222222222222,-22.273832321166992
-5.0,-5.789747714996338
0.8888888888888888,-6.627195358276367
-0.7777777777777778,-5.532581806182861
-5.444444444444445,-0.905522346496582
-9.11111111111111,-3.3122355937957764
-0.8888888888888888,0.46656036376953125
-2.0,-0.8216376304626465
-2.6666666666666665,-3.532402992248535
21.55555555555556,17.478309631347656
11.77777777777778,2.5800135135650635
14.88888888888889,7.732564926147461
-0.8888888888888888,0.14693701267242432
1.4444444444444444,-1.3875017166137695
-2.7777777777777777,-2.367140054702759
-2.7777777777777777,-2.613877296447754
-8.777777777777779,-0.09881705045700073
-3.555555555555556,-3.296811819076538
-9.444444444444445,-4.238735198974609
2.0,-2.9343321323394775
-7.0,1.8657264709472656
0.1111111111111111,-1.8393824100494385
-5.888888888888889,-3.3893020153045654
-11.444444444444445,-0.8292694687843323
-5.777777777777778,-0.3164014220237732
-0.4444444444444444,-3.7538974285125732
-1.7777777777777777,-0.816637396812439
-1.4444444444444444,-0.4603869915008545
-4.333333333333333,-9.220417976379395
-8.555555555555555,-1.3953263759613037
-8.222222222222221,-5.874934196472168
0.4444444444444444,-1.0482945442199707
-4.555555555555555,-2.935988426208496
-6.0,-1.0461291074752808
-1.0,-8.327714920043945
-4.333333333333333,-2.7706620693206787
-4.111111111111111,-4.25612211227417
16.0,6.288513660430908
-3.4444444444444446,-3.5207254886627197
-3.111111111111111,2.182485342025757
10.77777777777778,8.910990715026855
8.222222222222221,-2.7520880699157715
0.3333333333333333,-3.0268499851226807
0.2222222222222222,-0.8149676322937012
-14.88888888888889,-4.830264091491699
3.333333333333333,8.144250869750977
1.0,-2.8364126682281494
0.6666666666666666,-1.676946997642517
-4.333333333333333,-5.68939733505249
0.3333333333333333,-0.8376601338386536
-4.444444444444445,-2.788238525390625
0.2222222222222222,1.9410943984985352
5.222222222222222,-1.1756775379180908
-2.7777777777777777,-1.822209119796753
-2.0,-0.4379301369190216
28.444444444444443,7.92218017578125
-6.0,1.482656478881836
-6.666666666666667,-1.25771164894104
-3.888888888888889,-3.1498677730560303
-10.11111111111111,-2.8201496601104736
-4.777777777777778,-1.0269861221313477
1.4444444444444444,1.0223617553710938
-5.0,-2.97562837600708
0.1111111111111111,-2.301970958709717
-6.444444444444445,-2.708913803100586
-2.333333333333333,-3.7576777935028076
-1.6666666666666667,-2.552356243133545
-4.111111111111111,-1.8849341869354248
-10.0,-4.669218063354492
2.7777777777777777,-0.2820850610733032
-1.5555555555555556,0.24645304679870605
-4.666666666666667,-4.224252223968506
-5.444444444444445,-0.9931558966636658
2.0,6.467555999755859
-6.222222222222222,6.055045127868652
-10.11111111111111,-4.87403678894043
9.555555555555555,-1.8665715456008911
-10.0,-2.240541696548462
-6.444444444444445,1.3278683423995972
0.8888888888888888,-1.2954237461090088
-0.5555555555555556,1.0315961837768555
-1.8888888888888888,-3.132683038711548
3.888888888888889,1.909195899963379
3.333333333333333,-1.8813902139663696
17.0,-1.0382710695266724
-0.7777777777777778,-0.2498164176940918
-3.2222222222222223,-0.7736425995826721
-4.777777777777778,-1.195399522781372
-3.2222222222222223,-5.468369483947754
-4.222222222222222,-4.227609157562256
-9.11111111111111,-1.5185272693634033
-6.333333333333333,-6.569863796234131
