Score,Pred Score
-0.6666666666666666,0.9484761953353882
7.333333333333333,0.26950371265411377
-0.4444444444444444,-10.822427749633789
-4.111111111111111,-4.456141948699951
-7.333333333333333,-6.745096206665039
1.3333333333333333,1.9835495948791504
-8.444444444444445,-0.2369183897972107
1.6666666666666667,-2.720639228820801
3.333333333333333,-2.4862570762634277
2.111111111111111,3.08039927482605
0.1111111111111111,-0.23002254962921143
11.22222222222222,2.931358814239502
-3.111111111111111,-5.322024345397949
-3.888888888888889,2.965022563934326
14.11111111111111,13.545353889465332
-4.444444444444445,-1.784519076347351
6.0,1.8923451900482178
12.555555555555555,9.472668647766113
-0.8888888888888888,-3.7282731533050537
-4.0,-7.43356466293335
-1.1111111111111112,-2.4734458923339844
-3.555555555555556,-0.0032632946968078613
-10.666666666666666,-13.41779899597168
9.11111111111111,0.7127887606620789
-1.7777777777777777,-8.625267028808594
-3.4444444444444446,-5.1345720291137695
23.22222222222222,10.46091365814209
0.8888888888888888,1.4590187072753906
0.3333333333333333,-6.374723434448242
-3.7777777777777777,-2.5541038513183594
2.111111111111111,0.34222471714019775
-2.2222222222222223,-3.3145294189453125
-2.2222222222222223,-4.426060676574707
3.111111111111111,4.797895431518555
0.1111111111111111,5.287317752838135
-2.555555555555556,-0.7780306935310364
-0.2222222222222222,0.4802680015563965
3.111111111111111,4.969517707824707
-4.444444444444445,-0.8723226189613342
-5.222222222222222,-0.7323338985443115
4.0,4.232610702514648
-4.777777777777778,-3.6906583309173584
1.0,1.4609652757644653
-4.111111111111111,-1.2808582782745361
-4.777777777777778,-6.225096702575684
14.11111111111111,-0.16986632347106934
2.2222222222222223,0.3124833106994629
-4.888888888888889,-4.239846229553223
-6.888888888888889,-6.696366786956787
-9.444444444444445,-7.3152570724487305
13.666666666666666,0.058508992195129395
3.4444444444444446,2.143308401107788
-8.222222222222221,-10.388550758361816
5.777777777777778,6.658010959625244
0.0,1.9886442422866821
13.666666666666666,16.983366012573242
-1.0,1.197155475616455
7.333333333333333,-1.657374620437622
-2.888888888888889,-0.4930679202079773
-7.111111111111111,-4.057032585144043
-1.2222222222222223,-6.856296062469482
0.0,2.0338993072509766
-7.666666666666667,-2.1188671588897705
-1.5555555555555556,1.015900731086731
11.88888888888889,14.743823051452637
-4.666666666666667,-5.255040645599365
-10.333333333333334,-0.6053464412689209
-9.555555555555555,-7.071168422698975
-2.6666666666666665,-1.986815333366394
-3.333333333333333,-5.489724159240723
1.8888888888888888,-3.7865798473358154
-5.666666666666667,-2.7994558811187744
-3.888888888888889,5.866005897521973
-1.5555555555555556,0.8218870162963867
-1.8888888888888888,-5.46145486831665
-7.888888888888889,-7.123987674713135
0.4444444444444444,-2.4655892848968506
3.555555555555556,5.800863265991211
-0.8888888888888888,0.7573659420013428
-5.777777777777778,-3.0803568363189697
-2.888888888888889,5.459318161010742
-2.111111111111111,2.0522632598876953
46.333333333333336,3.0451745986938477
0.8888888888888888,0.6344683170318604
1.1111111111111112,2.428584098815918
0.0,-2.978226900100708
10.0,7.372251510620117
-1.1111111111111112,5.5168938636779785
8.555555555555555,0.024346351623535156
-4.777777777777778,-4.190948963165283
0.2222222222222222,-0.6416546702384949
8.222222222222221,5.45770263671875
10.11111111111111,9.110795021057129
-2.555555555555556,-0.9277777671813965
-4.888888888888889,-8.066579818725586
20.88888888888889,17.876951217651367
19.33333333333333,20.05976676940918
-1.3333333333333333,2.881420850753784
-4.111111111111111,1.0190136432647705
-2.7777777777777777,-2.052600383758545
9.0,10.185885429382324
-6.111111111111111,0.8044787645339966
-3.7777777777777777,-10.524004936218262
-5.0,-2.2013115882873535
-3.0,-5.216071605682373
-6.222222222222222,-7.487505912780762
-6.333333333333333,-4.980743885040283
-1.8888888888888888,0.9722217917442322
3.111111111111111,-0.8856730461120605
-4.888888888888889,-8.130230903625488
6.777777777777778,3.796501874923706
-4.444444444444445,-5.007115840911865
7.666666666666667,6.015270233154297
0.5555555555555556,-2.1965954303741455
-7.0,-6.876952648162842
-10.0,-9.202428817749023
-0.5555555555555556,2.5842933654785156
0.1111111111111111,-2.1123046875
-3.4444444444444446,-2.4412484169006348
6.777777777777778,4.563111782073975
-6.0,-4.195242404937744
-3.333333333333333,-3.099008083343506
8.777777777777779,6.709772109985352
-6.333333333333333,-2.498370885848999
-7.444444444444445,-7.458032131195068
0.1111111111111111,-0.23102283477783203
-4.0,-4.173769950866699
6.222222222222222,4.226306915283203
-3.4444444444444446,-2.8543193340301514
4.777777777777778,5.581157207489014
-2.111111111111111,-2.403606653213501
-4.111111111111111,-4.033762454986572
11.88888888888889,2.940722703933716
-0.5555555555555556,0.08695918321609497
4.444444444444445,0.6664560437202454
-0.3333333333333333,-4.671477317810059
-4.555555555555555,1.7487668991088867
-0.7777777777777778,1.821285605430603
-2.2222222222222223,-3.5155935287475586
-5.222222222222222,-2.4781126976013184
10.444444444444445,14.953681945800781
-3.4444444444444446,-1.4198156595230103
-3.7777777777777777,0.22306716442108154
0.2222222222222222,-0.5490187406539917
-4.0,-1.534528136253357
-22.444444444444443,-6.322857856750488
-5.777777777777778,-3.8704123497009277
-4.222222222222222,-1.537420392036438
-2.333333333333333,-3.9900577068328857
5.555555555555555,-0.7047622203826904
23.0,5.204371452331543
4.777777777777778,4.469369411468506
-18.88888888888889,-7.312196254730225
-10.22222222222222,-9.048521995544434
5.222222222222222,2.028158664703369
-5.0,-6.937439441680908
7.444444444444445,5.14757776260376
6.333333333333333,5.089391708374023
1.4444444444444444,-8.299851417541504
-0.8888888888888888,1.4183001518249512
3.111111111111111,-2.0058846473693848
0.5555555555555556,1.2766830921173096
-1.8888888888888888,2.1389453411102295
-11.77777777777778,1.2766830921173096
-5.555555555555555,-8.452181816101074
-1.3333333333333333,-2.395620822906494
-1.8888888888888888,-0.300503134727478
0.0,1.9488645792007446
0.8888888888888888,0.6908457279205322
5.0,2.7372066974639893
2.4444444444444446,0.08748149871826172
-0.1111111111111111,-4.489048004150391
2.111111111111111,3.58425235748291
-0.2222222222222222,0.6355372667312622
19.444444444444443,28.89133644104004
3.7777777777777777,5.21447229385376
-3.111111111111111,-2.0738627910614014
7.555555555555555,10.447508811950684
1.5555555555555556,-3.1608171463012695
-1.1111111111111112,-4.449490547180176
-1.6666666666666667,0.2122754454612732
3.111111111111111,-0.09701001644134521
-1.6666666666666667,1.2190754413604736
1.3333333333333333,0.3418723940849304
-10.555555555555555,-3.6356043815612793
-5.333333333333333,-2.403944492340088
-0.8888888888888888,-3.7504453659057617
-6.111111111111111,3.0109469890594482
-12.333333333333334,-1.9463255405426025
-6.111111111111111,-0.9157159328460693
-6.111111111111111,-1.3361146450042725
-10.22222222222222,-5.3747477531433105
4.444444444444445,-1.8912951946258545
-2.555555555555556,1.0047904253005981
-8.777777777777779,-5.016226768493652
-14.555555555555555,-4.42332649230957
-15.0,-0.8653966188430786
31.33333333333333,23.074254989624023
-20.11111111111111,-4.832552433013916
-3.4444444444444446,2.7148497104644775
-0.1111111111111111,1.1054694652557373
-1.3333333333333333,1.834975004196167
1.6666666666666667,-1.7216733694076538
-4.888888888888889,-5.651793956756592
2.333333333333333,-1.5991060733795166
-13.333333333333334,-11.382428169250488
0.5555555555555556,-2.0507986545562744
1.2222222222222223,0.09991198778152466
-8.777777777777779,-5.927621364593506
-0.2222222222222222,0.6641017198562622
3.2222222222222223,0.29052913188934326
-2.7777777777777777,-2.250690221786499
-3.333333333333333,-3.607895612716675
-5.0,-4.350274085998535
-3.333333333333333,-5.5789079666137695
-6.777777777777778,-3.6359381675720215
1.0,-1.2125749588012695
-4.444444444444445,-1.8117104768753052
-2.111111111111111,2.3127965927124023
-20.55555555555556,-6.215493679046631
3.333333333333333,3.227001428604126
-4.777777777777778,-1.853389859199524
-1.4444444444444444,-2.5631260871887207
-9.11111111111111,-4.706109523773193
-12.666666666666666,-7.423736572265625
-21.11111111111111,3.595244884490967
3.555555555555556,-0.5094970464706421
-4.777777777777778,1.23670494556427
-5.888888888888889,-9.139068603515625
-7.555555555555555,-10.235552787780762
-3.555555555555556,-4.132110118865967
3.0,-0.7986806631088257
4.0,2.6636710166931152
-5.333333333333333,0.2783043384552002
17.444444444444443,8.584922790527344
-11.77777777777778,-10.347997665405273
-4.888888888888889,-2.1571474075317383
6.444444444444445,0.18070197105407715
4.0,0.9499249458312988
-9.88888888888889,-1.3657034635543823
15.77777777777778,9.780113220214844
0.6666666666666666,-3.1395342350006104
-9.444444444444445,-3.2644779682159424
-1.7777777777777777,-2.0412204265594482
2.333333333333333,3.1826412677764893
-4.222222222222222,-3.2855031490325928
-8.11111111111111,-4.576211929321289
1.8888888888888888,-3.9635446071624756
-12.555555555555555,-7.4179158210754395
5.444444444444445,1.45866858959198
-3.111111111111111,-3.85701322555542
-2.555555555555556,-4.809788703918457
5.666666666666667,0.11723220348358154
1.4444444444444444,-0.9203410148620605
-3.0,-2.739121198654175
-0.1111111111111111,-1.4209915399551392
1.1111111111111112,-5.733879089355469
-0.8888888888888888,-1.650138020515442
-7.333333333333333,-4.767530918121338
-13.77777777777778,3.3201904296875
0.7777777777777778,-0.820052981376648
-2.6666666666666665,-1.847275733947754
-19.55555555555556,-3.6429100036621094
5.0,-1.9386447668075562
-2.2222222222222223,-3.877197504043579
1.0,-3.6932928562164307
-3.0,-2.398745536804199
-3.888888888888889,-1.2847013473510742
-3.4444444444444446,-3.516016960144043
5.0,-1.1285758018493652
19.22222222222222,11.755581855773926
-2.4444444444444446,-4.301774501800537
6.222222222222222,-1.5948460102081299
-5.333333333333333,-1.4291560649871826
-10.77777777777778,-3.3975226879119873
0.0,-3.937730312347412
1.8888888888888888,-2.6967074871063232
21.55555555555556,16.3835391998291
-7.777777777777778,-10.09212589263916
-7.222222222222222,-8.199989318847656
-1.7777777777777777,-4.461630344390869
5.444444444444445,-0.6690442562103271
-3.888888888888889,-2.7899487018585205
-8.222222222222221,-1.3323124647140503
6.111111111111111,-1.156394124031067
2.7777777777777777,1.4704241752624512
-6.333333333333333,-7.077870845794678
0.2222222222222222,-1.6959211826324463
-7.777777777777778,1.9859321117401123
1.2222222222222223,-4.681282043457031
3.4444444444444446,-1.2622885704040527
-2.888888888888889,-0.9954824447631836
14.88888888888889,10.636068344116211
-1.7777777777777777,-1.6248284578323364
-3.888888888888889,-2.422459125518799
-5.777777777777778,-5.615659236907959
27.11111111111111,13.65896987915039
1.7777777777777777,-4.3374247550964355
0.3333333333333333,-2.832582712173462
-12.77777777777778,-12.55379867553711
27.88888888888889,15.319125175476074
-4.222222222222222,-3.218897819519043
-1.2222222222222223,-0.13021761178970337
-3.0,-0.46845686435699463
3.6666666666666665,1.714473843574524
-1.5555555555555556,-2.0193653106689453
-4.222222222222222,-6.902308940887451
-0.7777777777777778,-1.2386939525604248
6.777777777777778,9.586026191711426
-0.7777777777777778,-0.4425426125526428
-8.777777777777779,-7.253454208374023
0.2222222222222222,0.04952526092529297
-0.2222222222222222,3.015822649002075
-8.0,-2.075277090072632
-4.333333333333333,-3.741358757019043
-3.0,-1.884110927581787
-7.666666666666667,-6.117406845092773
1.1111111111111112,-3.2770092487335205
-0.5555555555555556,-3.988379716873169
-2.111111111111111,-5.955388069152832
-7.555555555555555,-2.562431812286377
17.666666666666668,17.128929138183594
-8.11111111111111,-4.651031970977783
19.55555555555556,12.785848617553711
-6.555555555555555,-1.0832127332687378
10.555555555555555,0.3098119795322418
-14.444444444444445,-14.43600845336914
6.666666666666667,-2.6924190521240234
-3.888888888888889,2.4896438121795654
-6.333333333333333,0.8841589689254761
-6.666666666666667,0.03757524490356445
-4.444444444444445,0.5676100254058838
-2.111111111111111,-2.8219685554504395
-10.333333333333334,-2.89833664894104
-6.111111111111111,-5.234742164611816
20.666666666666668,22.28607177734375
-5.444444444444445,-4.627769947052002
7.555555555555555,7.472519397735596
-1.4444444444444444,-2.9775216579437256
-7.222222222222222,0.28810983896255493
-3.111111111111111,-3.0934948921203613
-3.555555555555556,-7.457812309265137
-2.4444444444444446,-0.2207518219947815
-1.1111111111111112,-0.6165552139282227
-7.555555555555555,-2.310262441635132
10.11111111111111,5.277090549468994
-1.4444444444444444,-1.2465622425079346
-2.333333333333333,-4.344602584838867
-1.6666666666666667,-0.6191364526748657
8.88888888888889,12.798347473144531
-3.888888888888889,-3.247978448867798
-6.222222222222222,-4.085730075836182
-11.88888888888889,-7.360954761505127
-1.5555555555555556,-2.151113510131836
7.111111111111111,2.218855381011963
4.666666666666667,-7.102810859680176
2.4444444444444446,-2.5277490615844727
1.5555555555555556,-6.2527689933776855
3.333333333333333,-5.493823051452637
-10.11111111111111,-3.9411613941192627
-8.444444444444445,-6.914772033691406
-2.555555555555556,-0.9260621070861816
2.4444444444444446,-2.2544336318969727
2.888888888888889,0.7502666115760803
-4.111111111111111,-4.900485038757324
-10.444444444444445,-5.961551666259766
17.666666666666668,9.143397331237793
27.77777777777778,24.422016143798828
-1.7777777777777777,-0.6293599605560303
11.88888888888889,4.515494346618652
0.5555555555555556,1.8849260807037354
6.444444444444445,1.988886833190918
-4.0,-6.475266456604004
-7.444444444444445,-7.395950794219971
-4.555555555555555,-3.624039649963379
12.333333333333334,14.089737892150879
6.0,2.9565465450286865
-2.0,-5.729986667633057
1.6666666666666667,-2.3420562744140625
17.333333333333332,17.72559928894043
10.11111111111111,8.443953514099121
-1.2222222222222223,-1.4602789878845215
5.666666666666667,8.096531867980957
-3.0,-4.608514308929443
-0.2222222222222222,-0.5101189613342285
6.888888888888889,4.253028869628906
1.4444444444444444,4.013049125671387
-1.2222222222222223,-5.850436210632324
-2.333333333333333,-0.204151451587677
-7.888888888888889,-6.313014984130859
20.22222222222222,15.114492416381836
-6.111111111111111,-1.1223866939544678
-12.444444444444445,-11.58096981048584
-7.888888888888889,-5.462893009185791
1.2222222222222223,-1.6471917629241943
-2.888888888888889,-0.9394116401672363
-17.333333333333332,-9.69296932220459
0.0,1.3616756200790405
5.222222222222222,3.6822047233581543
5.111111111111111,-6.896561622619629
-5.444444444444445,-2.62338924407959
10.22222222222222,-4.242494583129883
-1.6666666666666667,-1.4255249500274658
-4.444444444444445,-3.026524305343628
18.11111111111111,16.24079132080078
-4.777777777777778,-2.018427610397339
5.333333333333333,1.4761199951171875
-2.555555555555556,-5.37106990814209
5.888888888888889,12.042096138000488
8.11111111111111,2.820091962814331
-0.4444444444444444,-0.11795186996459961
-5.444444444444445,-2.7116739749908447
-0.6666666666666666,-2.1582765579223633
-5.444444444444445,-11.131404876708984
-17.0,-9.30302619934082
-1.0,-0.567979097366333
2.333333333333333,0.6713666319847107
0.2222222222222222,0.1184195876121521
-2.7777777777777777,-0.07816159725189209
-6.777777777777778,-3.001981735229492
0.4444444444444444,1.3380684852600098
0.6666666666666666,-5.438905715942383
-0.7777777777777778,-4.393950462341309
-7.555555555555555,-2.469278573989868
-7.333333333333333,-4.285880088806152
-12.77777777777778,-5.89793586730957
0.2222222222222222,0.14472198486328125
9.77777777777778,1.770748496055603
-6.222222222222222,-2.5375380516052246
-4.888888888888889,-5.365158557891846
-10.11111111111111,-9.623266220092773
-8.777777777777779,-6.005173206329346
-2.111111111111111,-0.8382954597473145
1.6666666666666667,1.1806986331939697
-0.7777777777777778,-1.4072374105453491
-0.1111111111111111,-6.46254301071167
-0.5555555555555556,0.8212436437606812
-6.666666666666667,-2.9457168579101562
-9.88888888888889,-4.105018615722656
-8.666666666666666,-7.137421607971191
0.6666666666666666,-1.108919382095337
-0.7777777777777778,-1.5732645988464355
0.3333333333333333,0.06588906049728394
1.3333333333333333,-2.79970645904541
-2.2222222222222223,-2.484586715698242
-6.444444444444445,-2.038801431655884
2.4444444444444446,3.0981051921844482
-5.555555555555555,-8.535264015197754
-8.444444444444445,-7.76617431640625
15.0,3.2154877185821533
2.2222222222222223,6.7555952072143555
2.6666666666666665,-3.578998565673828
-2.7777777777777777,-1.933762788772583
-5.222222222222222,-3.354440927505493
-8.555555555555555,-4.875727653503418
-3.0,-4.742440223693848
-1.6666666666666667,-1.2784898281097412
-1.0,-1.7064621448516846
-0.4444444444444444,1.6505945920944214
37.11111111111112,11.979153633117676
-4.444444444444445,-4.884345054626465
0.5555555555555556,-2.09550142288208
-16.0,0.7743761539459229
-10.22222222222222,-4.062442302703857
-2.333333333333333,-2.321103572845459
-4.333333333333333,1.8695602416992188
-1.8888888888888888,-0.4968966245651245
-4.777777777777778,-3.521946668624878
-8.666666666666666,-0.04427921772003174
0.5555555555555556,-0.44373464584350586
17.333333333333332,5.581587314605713
1.5555555555555556,-0.9683693051338196
-4.222222222222222,-1.0831371545791626
-6.111111111111111,0.5006721615791321
6.222222222222222,3.451228380203247
-1.3333333333333333,1.741340160369873
6.333333333333333,6.080081462860107
9.444444444444445,-0.5637151002883911
-0.1111111111111111,-2.5858232975006104
-6.0,0.5373759865760803
-4.666666666666667,-0.880474328994751
-6.666666666666667,-6.1324849128723145
12.77777777777778,23.9859561920166
0.2222222222222222,-1.386273980140686
-14.555555555555555,-6.324094295501709
-9.333333333333334,-1.667554259300232
2.6666666666666665,0.42241787910461426
-1.3333333333333333,-1.0142040252685547
-12.555555555555555,-4.053650856018066
-8.777777777777779,-5.252685546875
2.6666666666666665,2.9706225395202637
-7.222222222222222,-7.8361053466796875
2.6666666666666665,12.207170486450195
-6.444444444444445,-6.010237693786621
-42.55555555555556,-12.589685440063477
4.777777777777778,5.759963512420654
0.5555555555555556,-4.9255805015563965
-9.666666666666666,-4.287208557128906
9.77777777777778,9.388219833374023
9.444444444444445,3.9682493209838867
-2.7777777777777777,-4.902769565582275
2.0,1.251848816871643
-2.111111111111111,-2.488224983215332
-10.666666666666666,-1.7028474807739258
-3.888888888888889,-0.8857496976852417
-0.6666666666666666,4.067397594451904
-6.111111111111111,-3.988774061203003
-2.555555555555556,-2.7284774780273438
-5.444444444444445,-5.459971904754639
-3.6666666666666665,-8.693387031555176
2.555555555555556,-4.367668628692627
4.333333333333333,-1.0241076946258545
-5.555555555555555,-5.9915313720703125
-0.6666666666666666,-0.9211710691452026
-1.6666666666666667,-1.186144232749939
1.5555555555555556,0.25508809089660645
-8.0,-4.069046497344971
1.2222222222222223,-0.2662973403930664
12.333333333333334,6.9864702224731445
0.4444444444444444,-3.681851387023926
0.2222222222222222,0.5069131851196289
0.4444444444444444,4.15918493270874
0.1111111111111111,-0.8528681993484497
0.3333333333333333,1.8721659183502197
1.2222222222222223,0.42228245735168457
-1.4444444444444444,-1.9706408977508545
2.888888888888889,-0.7855792045593262
14.88888888888889,12.836935043334961
0.1111111111111111,-2.6398866176605225
-4.888888888888889,-1.8217971324920654
19.55555555555556,19.932167053222656
-3.7777777777777777,-4.847404956817627
-2.7777777777777777,-0.9812530279159546
-4.0,-5.5981879234313965
-4.111111111111111,-4.899995803833008
-0.1111111111111111,-7.686323165893555
2.333333333333333,-2.8081936836242676
0.6666666666666666,3.9931182861328125
1.0,2.1168458461761475
-5.111111111111111,-3.6533076763153076
-1.2222222222222223,-3.0049452781677246
-3.111111111111111,-2.6552441120147705
-16.333333333333332,-7.787659168243408
-7.555555555555555,-3.1685965061187744
-7.777777777777778,-6.58290433883667
-1.5555555555555556,0.12477874755859375
-7.333333333333333,-3.652989625930786
1.1111111111111112,-1.097316861152649
3.333333333333333,1.3515722751617432
-6.444444444444445,1.2790782451629639
-6.0,-3.762561082839966
-1.7777777777777777,-4.351493835449219
3.2222222222222223,0.1260022521018982
1.0,0.08738160133361816
-8.0,-2.5122127532958984
0.4444444444444444,1.0228689908981323
1.8888888888888888,-5.85530948638916
0.8888888888888888,-7.680370807647705
-2.111111111111111,-0.8748674392700195
21.55555555555556,11.95712947845459
4.444444444444445,-0.006532251834869385
1.2222222222222223,-6.72397518157959
13.333333333333334,10.137443542480469
-17.22222222222222,-6.268679618835449
13.11111111111111,5.944836139678955
3.555555555555556,-3.0680501461029053
-3.4444444444444446,-7.861387252807617
11.22222222222222,-3.9644598960876465
-4.555555555555555,0.9477074146270752
1.4444444444444444,-6.169977188110352
-5.0,-2.2573399543762207
15.22222222222222,14.862198829650879
4.444444444444445,-0.0076448917388916016
-7.666666666666667,-5.225847244262695
-3.111111111111111,-3.199782371520996
-6.666666666666667,-5.3965020179748535
0.4444444444444444,0.7834771871566772
-4.111111111111111,-2.7769148349761963
-2.2222222222222223,-0.4453534483909607
16.88888888888889,15.720787048339844
-4.0,-1.752908706665039
-11.333333333333334,-6.6184539794921875
0.5555555555555556,2.3720693588256836
8.777777777777779,11.847657203674316
1.0,-1.611485481262207
-3.2222222222222223,-2.6764438152313232
0.0,-0.9431513547897339
3.2222222222222223,2.985361099243164
1.2222222222222223,2.4434773921966553
-4.111111111111111,-4.356991291046143
-2.4444444444444446,-3.274237632751465
2.0,-1.7108663320541382
-4.444444444444445,-5.30283260345459
-8.666666666666666,-5.570121765136719
-1.7777777777777777,-3.873633861541748
-4.333333333333333,-4.05242919921875
-5.333333333333333,-3.1131858825683594
2.0,0.44917166233062744
-0.2222222222222222,-1.5561084747314453
4.222222222222222,-1.4565489292144775
6.444444444444445,0.2821947932243347
-15.88888888888889,-7.3404340744018555
21.0,27.670806884765625
9.444444444444445,5.935659408569336
1.2222222222222223,2.946132183074951
-7.888888888888889,-4.531049728393555
-2.4444444444444446,-5.333498954772949
4.111111111111111,-0.3303301930427551
3.888888888888889,-4.146603584289551
-4.111111111111111,-4.431358337402344
-5.333333333333333,-8.760882377624512
31.22222222222222,-2.7301390171051025
-4.888888888888889,-3.4751782417297363
-5.777777777777778,-8.343332290649414
-1.8888888888888888,-2.8946573734283447
19.55555555555556,15.612117767333984
-2.0,-2.565138578414917
3.111111111111111,2.2218432426452637
-1.1111111111111112,-6.2719573974609375
11.22222222222222,1.688145399093628
3.555555555555556,-1.8086426258087158
-0.8888888888888888,-2.2321534156799316
24.88888888888889,18.555686950683594
-4.111111111111111,-3.147613525390625
13.88888888888889,14.309802055358887
-1.5555555555555556,-0.025948405265808105
-7.111111111111111,-9.252334594726562
-15.666666666666666,-6.649983882904053
-22.88888888888889,-9.429753303527832
9.666666666666666,3.087758779525757
2.2222222222222223,10.783090591430664
-3.4444444444444446,-4.190359115600586
-6.555555555555555,-4.709728717803955
-14.0,-9.694540023803711
2.2222222222222223,3.080657482147217
1.2222222222222223,-0.7477254867553711
-5.333333333333333,-0.9125274419784546
-6.333333333333333,-3.509894609451294
-4.0,-2.0179872512817383
-3.2222222222222223,-3.3951239585876465
-1.8888888888888888,-2.1033620834350586
0.3333333333333333,-8.609292984008789
7.777777777777778,8.79405689239502
-1.0,-5.047708511352539
-1.6666666666666667,2.1298651695251465
-17.22222222222222,-6.461331844329834
-2.333333333333333,-1.8836835622787476
11.666666666666666,17.58616828918457
-0.6666666666666666,1.8741118907928467
1.2222222222222223,-2.351567029953003
19.33333333333333,-2.108588218688965
-3.888888888888889,-11.176623344421387
9.333333333333334,0.7693337202072144
-2.555555555555556,-5.155456066131592
-7.555555555555555,-5.518758296966553
-0.1111111111111111,-4.018455982208252
3.888888888888889,1.611326813697815
-7.888888888888889,-5.193477153778076
-1.0,0.4067155122756958
-1.2222222222222223,0.9340438842773438
-6.222222222222222,-5.068471908569336
-1.3333333333333333,-4.655203819274902
-3.4444444444444446,-1.896077036857605
0.7777777777777778,6.210241317749023
-6.333333333333333,-3.368454694747925
-8.666666666666666,-5.847163200378418
-0.3333333333333333,-2.0646936893463135
1.1111111111111112,-0.12819308042526245
3.7777777777777777,6.018246650695801
-4.888888888888889,-4.7648701667785645
7.666666666666667,7.955202102661133
7.333333333333333,9.677668571472168
10.11111111111111,-0.8965938687324524
-2.7777777777777777,-0.3288620114326477
-3.555555555555556,-2.398505449295044
-4.0,-2.1337859630584717
-5.333333333333333,-4.635784149169922
1.6666666666666667,-1.3019752502441406
-2.555555555555556,-2.006920337677002
12.22222222222222,9.531344413757324
-2.888888888888889,0.24604833126068115
-4.444444444444445,-1.2733209133148193
-3.6666666666666665,-2.1815261840820312
-0.7777777777777778,-2.0323963165283203
6.333333333333333,5.468480587005615
-9.555555555555555,-7.778271198272705
-6.111111111111111,-6.021036148071289
0.8888888888888888,-2.531972885131836
4.222222222222222,1.1851426362991333
-26.0,-22.344846725463867
12.88888888888889,11.464757919311523
-4.444444444444445,-4.445396423339844
-3.6666666666666665,-3.5974552631378174
2.0,3.6226141452789307
-8.11111111111111,-4.339719295501709
-0.2222222222222222,-9.251421928405762
4.888888888888889,1.2615236043930054
-4.888888888888889,-7.292078495025635
-3.555555555555556,-1.8194478750228882
6.888888888888889,0.8303442001342773
13.333333333333334,11.963488578796387
1.5555555555555556,1.4843896627426147
-3.4444444444444446,-1.948809027671814
0.1111111111111111,-1.1988131999969482
3.2222222222222223,-4.394835948944092
-6.222222222222222,-3.384533643722534
-7.0,-7.7849907875061035
4.333333333333333,5.283695220947266
0.7777777777777778,-1.1762865781784058
2.4444444444444446,-6.347867965698242
-0.2222222222222222,-6.532585144042969
7.333333333333333,-0.7403697967529297
0.3333333333333333,-0.06383812427520752
-2.6666666666666665,-0.3156076669692993
0.2222222222222222,-2.3565850257873535
-2.555555555555556,-4.369781970977783
-2.2222222222222223,-3.753845453262329
-1.2222222222222223,-1.2482273578643799
8.777777777777779,7.263209819793701
-1.3333333333333333,-0.30724215507507324
5.222222222222222,-2.8656680583953857
0.1111111111111111,2.286897897720337
-3.333333333333333,-2.1350302696228027
2.6666666666666665,0.27470141649246216
-6.555555555555555,0.4483819007873535
-17.88888888888889,-4.0843281745910645
5.555555555555555,4.078949451446533
6.333333333333333,8.232280731201172
4.777777777777778,2.7894437313079834
11.22222222222222,2.8921830654144287
1.6666666666666667,0.3507263660430908
-11.22222222222222,-5.406619548797607
-4.555555555555555,-4.225245475769043
-4.222222222222222,-4.7450337409973145
0.5555555555555556,0.8202682733535767
-8.11111111111111,-4.051649570465088
10.0,10.5438232421875
3.888888888888889,1.6328513622283936
-2.555555555555556,-2.4956071376800537
-3.333333333333333,0.4461987018585205
0.7777777777777778,-0.6713725328445435
-4.0,-3.1594603061676025
-2.333333333333333,-2.8003365993499756
1.8888888888888888,-0.9732925891876221
19.88888888888889,5.363961696624756
-12.333333333333334,-4.099678039550781
-5.222222222222222,-7.491494178771973
-7.777777777777778,-4.374121189117432
0.6666666666666666,-0.4223257899284363
0.7777777777777778,3.5622966289520264
4.444444444444445,2.6271731853485107
-5.111111111111111,5.548796653747559
-3.333333333333333,-5.962162017822266
-14.77777777777778,-6.1850433349609375
5.0,2.2515017986297607
-2.0,-2.3777360916137695
-1.6666666666666667,-1.2650980949401855
-1.5555555555555556,-4.873361110687256
-2.4444444444444446,-0.41049301624298096
7.777777777777778,3.150230646133423
1.2222222222222223,0.10559779405593872
-9.11111111111111,-4.29279899597168
-1.8888888888888888,-2.326881170272827
-5.555555555555555,-6.022978782653809
1.3333333333333333,4.9897260665893555
-0.5555555555555556,-0.22453805804252625
-7.222222222222222,-2.6842188835144043
15.444444444444445,19.72565269470215
-13.22222222222222,-4.29584264755249
-6.111111111111111,-4.4767374992370605
-0.7777777777777778,0.8211252689361572
-13.0,1.3561065196990967
-7.111111111111111,-2.6098365783691406
-5.777777777777778,-3.1359734535217285
-2.111111111111111,0.46320927143096924
-5.444444444444445,-6.533616065979004
-3.333333333333333,-1.4663172960281372
0.0,-2.0053796768188477
3.0,2.267824649810791
26.444444444444443,22.297441482543945
2.6666666666666665,1.9798232316970825
-6.555555555555555,2.267824649810791
-4.777777777777778,9.034348487854004
5.222222222222222,-2.658708333969116
-16.666666666666668,-9.936410903930664
5.888888888888889,0.9562236070632935
-5.0,-5.047755241394043
-4.555555555555555,-1.44450044631958
-4.555555555555555,-5.723031044006348
2.2222222222222223,-3.4797158241271973
1.5555555555555556,0.5961366295814514
-0.8888888888888888,-5.793061256408691
-8.444444444444445,-5.6664347648620605
-2.7777777777777777,-0.4698168635368347
4.0,0.4568004608154297
-0.1111111111111111,1.9652103185653687
7.555555555555555,7.172360420227051
-2.333333333333333,2.783764123916626
-4.333333333333333,-4.347548961639404
0.3333333333333333,-3.5137901306152344
-3.0,-2.6437108516693115
3.333333333333333,-3.989802837371826
-4.555555555555555,-4.17987585067749
1.3333333333333333,-2.430577516555786
1.6666666666666667,0.4259347915649414
-4.555555555555555,-8.889124870300293
15.22222222222222,11.74955940246582
-3.7777777777777777,-2.705348491668701
-0.3333333333333333,-4.693824768066406
-2.111111111111111,-2.6621201038360596
-1.7777777777777777,-1.6603087186813354
-0.7777777777777778,1.5337077379226685
-4.888888888888889,-1.1878401041030884
-3.111111111111111,0.39206063747406006
-1.4444444444444444,-5.903768539428711
-5.777777777777778,-2.268198013305664
16.88888888888889,13.133153915405273
0.1111111111111111,-1.2516077756881714
-4.888888888888889,-7.667448997497559
3.4444444444444446,-3.522280693054199
-2.555555555555556,-7.605079650878906
0.0,-2.2432398796081543
0.8888888888888888,-1.8013111352920532
-20.0,-10.707720756530762
3.333333333333333,0.1403520703315735
-2.4444444444444446,-1.6730986833572388
-8.777777777777779,-3.0256781578063965
-6.666666666666667,-1.2900793552398682
-2.888888888888889,-0.4975067377090454
-5.444444444444445,-5.0371994972229
-8.555555555555555,-2.799184799194336
-0.4444444444444444,-0.6390677094459534
-2.111111111111111,-3.611889362335205
3.4444444444444446,1.1438887119293213
-7.333333333333333,-7.913822650909424
-1.4444444444444444,-7.012119770050049
-11.88888888888889,-0.9750071167945862
-5.555555555555555,-0.2283879518508911
-6.333333333333333,-0.6298852562904358
-1.0,-1.6821154356002808
0.4444444444444444,1.152997612953186
-11.444444444444445,-8.338945388793945
7.222222222222222,4.109517574310303
-2.333333333333333,-0.9076531529426575
-8.222222222222221,-3.0545175075531006
1.7777777777777777,-0.4604617953300476
-11.333333333333334,-7.8524298667907715
-4.333333333333333,-0.9418383240699768
-9.555555555555555,-2.9883718490600586
0.4444444444444444,12.439179420471191
-8.777777777777779,-5.822306156158447
-8.333333333333334,-2.5287718772888184
-2.333333333333333,-3.391458034515381
19.55555555555556,-1.3889957666397095
-7.222222222222222,-8.487650871276855
-2.888888888888889,-2.8735241889953613
-19.77777777777778,-12.683392524719238
7.111111111111111,6.537623882293701
-4.0,-3.9856770038604736
-8.444444444444445,-5.714059352874756
6.444444444444445,6.564027786254883
13.11111111111111,-1.92500901222229
-1.6666666666666667,0.6301776170730591
1.7777777777777777,-2.828129768371582
-3.6666666666666665,-0.6685992479324341
15.444444444444445,10.631279945373535
-0.3333333333333333,2.375549793243408
37.0,17.961204528808594
-4.666666666666667,2.7531495094299316
-6.0,-4.249631881713867
34.55555555555556,31.949018478393555
-1.7777777777777777,-1.0418709516525269
-3.888888888888889,-4.662739276885986
20.77777777777778,2.2924656867980957
-4.777777777777778,-1.7018836736679077
-4.555555555555555,-5.73438024520874
-10.88888888888889,-2.4605915546417236
-19.88888888888889,-1.1396453380584717
0.3333333333333333,-2.967918872833252
-0.6666666666666666,-5.876871109008789
-11.444444444444445,2.5457921028137207
-6.666666666666667,-6.7981157302856445
23.666666666666668,12.861761093139648
2.0,-1.523626446723938
-4.222222222222222,-5.178022861480713
-3.2222222222222223,-1.367808222770691
-2.555555555555556,-4.740148544311523
-0.6666666666666666,-2.926137685775757
-6.222222222222222,-3.0834479331970215
2.888888888888889,-3.3209526538848877
-0.8888888888888888,2.590592861175537
0.1111111111111111,-3.318053960800171
0.6666666666666666,-1.4649460315704346
-23.88888888888889,-11.180719375610352
-2.555555555555556,-1.2465499639511108
0.5555555555555556,19.643177032470703
-3.0,-8.535021781921387
-10.555555555555555,-7.911426067352295
3.333333333333333,3.905656099319458
3.111111111111111,10.586348533630371
0.2222222222222222,-5.411356449127197
-2.7777777777777777,-6.150545120239258
-1.3333333333333333,-2.7159523963928223
-2.6666666666666665,-1.9563826322555542
-10.555555555555555,-3.086656093597412
-2.0,-8.986621856689453
-1.7777777777777777,-1.4603148698806763
-1.4444444444444444,-1.8129230737686157
-12.88888888888889,-7.8406500816345215
-5.666666666666667,8.03274917602539
23.0,32.6495475769043
0.2222222222222222,-1.1732211112976074
14.666666666666666,6.388065814971924
5.0,6.55632209777832
-4.222222222222222,-3.692784547805786
-8.0,-7.245419502258301
1.5555555555555556,0.27833423018455505
0.1111111111111111,-1.40971839427948
2.333333333333333,-0.2298833727836609
-3.7777777777777777,-1.1311728954315186
-0.2222222222222222,-2.3568685054779053
2.555555555555556,5.465230941772461
-10.333333333333334,-12.571565628051758
0.3333333333333333,3.213261127471924
-7.0,-6.717411518096924
-9.88888888888889,-8.031037330627441
4.666666666666667,6.403421401977539
-1.8888888888888888,-0.589428186416626
-3.888888888888889,-2.46470046043396
-13.0,-1.6177606582641602
4.333333333333333,-0.8855222463607788
-2.7777777777777777,-1.3104978799819946
-2.4444444444444446,-2.1783876419067383
9.444444444444445,10.626496315002441
14.666666666666666,6.055720329284668
-5.555555555555555,-4.514915466308594
-3.4444444444444446,-2.710341215133667
-9.333333333333334,-8.079065322875977
-1.8888888888888888,-0.5325556397438049
-2.333333333333333,-5.717403411865234
5.555555555555555,1.8645288944244385
-3.111111111111111,-8.469586372375488
11.88888888888889,8.19250774383545
-10.22222222222222,-5.5879058837890625
2.888888888888889,6.460386753082275
9.555555555555555,1.6132159233093262
-0.4444444444444444,-0.5013899803161621
-7.333333333333333,-2.13779878616333
-8.666666666666666,-2.798253297805786
-5.777777777777778,-1.9349656105041504
6.777777777777778,-1.7597612142562866
-7.444444444444445,-4.762066841125488
-0.5555555555555556,-3.3481128215789795
-2.7777777777777777,-2.418334484100342
-4.222222222222222,-7.540314674377441
-3.555555555555556,0.14624238014221191
0.4444444444444444,0.44695794582366943
2.6666666666666665,1.7818772792816162
15.444444444444445,21.317106246948242
0.8888888888888888,-3.597871780395508
-3.0,-10.42775821685791
-3.888888888888889,1.6115565299987793
-2.888888888888889,-0.6324217915534973
-8.333333333333334,-3.181445837020874
-5.333333333333333,-4.229429244995117
-2.0,-4.526915550231934
-5.111111111111111,-5.658944606781006
-1.6666666666666667,-2.7811172008514404
1.8888888888888888,1.1962217092514038
-6.0,-1.0975251197814941
3.6666666666666665,3.361071825027466
4.444444444444445,3.744605779647827
-6.333333333333333,-6.164885520935059
-5.0,-4.159870624542236
-4.222222222222222,-4.1570725440979
-4.111111111111111,-3.7980051040649414
-0.7777777777777778,-10.455772399902344
0.3333333333333333,-2.3561549186706543
-2.888888888888889,-2.89223051071167
-2.7777777777777777,-3.5612196922302246
5.666666666666667,5.315940856933594
-2.7777777777777777,-1.486370325088501
0.3333333333333333,-0.5090042352676392
0.6666666666666666,1.1050963401794434
-10.666666666666666,-1.9859957695007324
-8.88888888888889,-7.942148685455322
2.4444444444444446,1.7422834634780884
-13.555555555555555,-10.13405990600586
2.4444444444444446,11.43135929107666
-1.6666666666666667,-2.8102269172668457
18.444444444444443,-0.04610896110534668
-3.333333333333333,-2.6079187393188477
-2.888888888888889,-3.7092883586883545
-4.222222222222222,-6.982053279876709
-1.1111111111111112,-2.1981165409088135
-3.7777777777777777,-6.509527683258057
31.11111111111111,11.929387092590332
-2.2222222222222223,-4.809059143066406
-3.555555555555556,-8.480056762695312
-3.888888888888889,-2.2933950424194336
-6.666666666666667,-6.129391193389893
-1.5555555555555556,-4.9025678634643555
0.5555555555555556,-3.2516133785247803
-4.222222222222222,-3.8333992958068848
-18.22222222222222,-8.076231002807617
-2.333333333333333,-4.977260112762451
0.2222222222222222,-3.4991767406463623
3.2222222222222223,-3.3488991260528564
3.4444444444444446,4.819794654846191
-2.333333333333333,-3.4176297187805176
2.7777777777777777,-4.151113986968994
1.3333333333333333,2.3583762645721436
-4.777777777777778,-2.975898265838623
-8.11111111111111,-7.76324462890625
-0.7777777777777778,-1.4778563976287842
-7.444444444444445,-3.496340036392212
1.3333333333333333,1.3502589464187622
-3.111111111111111,-1.1925768852233887
13.444444444444445,12.022531509399414
13.77777777777778,3.7968904972076416
-2.888888888888889,0.6344976425170898
-3.111111111111111,-4.488000392913818
-4.333333333333333,-4.97283935546875
3.2222222222222223,0.8964476585388184
-0.1111111111111111,-3.8224942684173584
0.3333333333333333,0.729689359664917
0.0,1.1481738090515137
7.111111111111111,6.1422858238220215
24.22222222222222,16.396352767944336
-6.0,-7.595805644989014
-11.0,-5.962424278259277
-2.111111111111111,-1.2259957790374756
-2.4444444444444446,-4.670358180999756
-2.2222222222222223,-1.7576197385787964
4.222222222222222,-0.17716240882873535
-9.22222222222222,-9.383308410644531
10.333333333333334,13.295427322387695
-3.555555555555556,-0.3977229595184326
17.555555555555557,16.092084884643555
1.8888888888888888,-4.034045696258545
1.8888888888888888,5.4297099113464355
-5.666666666666667,-2.3561160564422607
14.88888888888889,14.122283935546875
0.6666666666666666,4.1030778884887695
1.1111111111111112,1.7863987684249878
-3.333333333333333,-2.1994497776031494
3.4444444444444446,0.11461907625198364
-6.555555555555555,-6.827094554901123
-6.888888888888889,-8.327725410461426
-2.888888888888889,-2.93772029876709
-2.2222222222222223,-4.162424564361572
2.333333333333333,0.521080493927002
-4.666666666666667,-3.24186110496521
-2.888888888888889,0.1660151481628418
-0.7777777777777778,-2.6990933418273926
-9.77777777777778,-0.37821710109710693
-4.111111111111111,-5.898855209350586
-7.777777777777778,-11.825501441955566
-4.111111111111111,-4.382445335388184
0.8888888888888888,-1.8384028673171997
-7.666666666666667,-2.7888004779815674
-4.333333333333333,0.7127596139907837
-11.666666666666666,-12.612486839294434
0.2222222222222222,-2.470219373703003
-3.0,-1.5484380722045898
-3.0,-5.352636337280273
8.444444444444445,11.835139274597168
-6.333333333333333,-3.1618618965148926
-8.333333333333334,-7.491362571716309
-0.3333333333333333,-0.8607251644134521
-7.222222222222222,-3.067962169647217
-0.3333333333333333,-2.924116373062134
4.222222222222222,-3.2752203941345215
-2.555555555555556,-1.9306540489196777
-8.444444444444445,-7.719676971435547
-4.111111111111111,-3.9830729961395264
-0.1111111111111111,2.5535948276519775
-2.555555555555556,-0.9598610401153564
-2.4444444444444446,-7.386926651000977
-2.888888888888889,-0.21412712335586548
10.11111111111111,4.539255142211914
-2.4444444444444446,-0.5864845514297485
7.0,2.193807601928711
-4.222222222222222,-4.1171555519104
-2.4444444444444446,1.6911264657974243
-12.11111111111111,-11.7091064453125
0.3333333333333333,-3.431043863296509
6.111111111111111,-0.4699352979660034
-16.666666666666668,-7.952635288238525
1.8888888888888888,-0.6031047105789185
3.6666666666666665,1.8842926025390625
0.8888888888888888,0.9122302532196045
-6.777777777777778,2.5409131050109863
-9.333333333333334,-6.426535606384277
-13.0,-6.622133255004883
1.3333333333333333,-1.9637036323547363
2.333333333333333,2.014237642288208
-2.888888888888889,-2.2828333377838135
-8.0,8.171051025390625
1.3333333333333333,-3.9925975799560547
-1.0,1.5559157133102417
1.6666666666666667,-0.8796372413635254
8.333333333333334,2.9161298274993896
3.6666666666666665,11.977144241333008
-3.111111111111111,-5.781986236572266
-7.444444444444445,-5.998997211456299
2.6666666666666665,0.2068311870098114
11.22222222222222,11.588884353637695
-2.0,-3.6283555030822754
-2.555555555555556,-3.281118154525757
-6.111111111111111,-7.463328838348389
-5.111111111111111,-5.480929851531982
-8.777777777777779,-7.227972507476807
-10.11111111111111,-5.2344183921813965
-0.5555555555555556,-1.7777804136276245
1.8888888888888888,1.8006632328033447
-0.2222222222222222,-0.6684537529945374
-13.666666666666666,-6.320181846618652
1.6666666666666667,-3.763472318649292
6.444444444444445,10.399365425109863
-5.111111111111111,-7.867925643920898
-1.0,-3.691969156265259
2.6666666666666665,-4.122239589691162
-4.111111111111111,-4.259268283843994
-2.2222222222222223,-0.38523876667022705
-0.3333333333333333,-1.6622942686080933
-4.888888888888889,-1.3134163618087769
25.11111111111111,25.201019287109375
-10.88888888888889,-3.664328098297119
2.555555555555556,-0.8390763998031616
-0.4444444444444444,-0.9928629994392395
-19.55555555555556,-8.09902286529541
-0.8888888888888888,-0.8740549683570862
-6.555555555555555,-2.3571414947509766
-4.222222222222222,-1.056831955909729
-5.0,-2.8032238483428955
-4.444444444444445,-3.803267002105713
-2.333333333333333,-2.448408842086792
-3.888888888888889,-1.0062440633773804
-2.111111111111111,-0.3676797151565552
-6.111111111111111,-0.49933260679244995
2.2222222222222223,0.8520680665969849
-8.88888888888889,-7.34306001663208
1.8888888888888888,-2.2675843238830566
24.77777777777778,23.65301513671875
0.3333333333333333,-3.090998888015747
-2.2222222222222223,-1.502171516418457
8.555555555555555,-0.6366932392120361
-2.7777777777777777,-1.9748377799987793
3.4444444444444446,1.1433680057525635
-2.555555555555556,-1.2947481870651245
2.555555555555556,0.7442140579223633
28.88888888888889,17.564008712768555
-18.11111111111111,-8.798933982849121
-5.666666666666667,7.968438148498535
-1.0,-6.984838485717773
0.3333333333333333,-2.17008900642395
0.3333333333333333,-1.964940071105957
-1.3333333333333333,-1.9774377346038818
-4.888888888888889,-4.913331985473633
-7.555555555555555,-2.9519381523132324
-6.888888888888889,0.49557435512542725
-4.0,-1.2873775959014893
1.6666666666666667,1.8685452938079834
8.666666666666666,0.06568801403045654
1.7777777777777777,4.204329490661621
0.1111111111111111,0.8649799823760986
13.88888888888889,16.28040885925293
-0.3333333333333333,-0.1880146861076355
8.444444444444445,-0.27585458755493164
-0.2222222222222222,-3.933114767074585
-6.555555555555555,-5.744987487792969
2.6666666666666665,0.9431224465370178
-4.555555555555555,1.1272101402282715
-0.5555555555555556,-2.076113224029541
-1.0,-2.621746778488159
14.666666666666666,5.772332668304443
-2.4444444444444446,-9.436566352844238
-1.0,-7.137993812561035
-12.0,-8.112274169921875
-0.5555555555555556,-3.2836031913757324
-0.8888888888888888,-4.18159818649292
-6.888888888888889,-0.12352561950683594
-4.555555555555555,-4.493788719177246
0.1111111111111111,-4.508610248565674
-5.333333333333333,-6.515145301818848
-6.777777777777778,-3.863553047180176
27.88888888888889,21.400314331054688
-7.888888888888889,-5.519698143005371
-0.2222222222222222,-0.06334775686264038
6.222222222222222,2.87162184715271
-14.444444444444445,-7.108197212219238
-5.555555555555555,-8.346104621887207
-13.555555555555555,-6.4423089027404785
-9.88888888888889,-6.930967807769775
-7.333333333333333,-2.007279634475708
0.0,-2.1975109577178955
0.1111111111111111,1.495172381401062
-5.555555555555555,2.868208169937134
-8.666666666666666,-7.556071758270264
-4.666666666666667,-5.629670143127441
0.4444444444444444,0.8876321315765381
0.0,1.546659231185913
-5.444444444444445,-2.033454418182373
0.2222222222222222,-5.617394924163818
-16.555555555555557,-7.2508978843688965
5.222222222222222,5.614080905914307
-4.333333333333333,-5.999273777008057
-2.555555555555556,-1.1194467544555664
15.11111111111111,2.3404598236083984
-0.6666666666666666,-5.421751976013184
-0.4444444444444444,-1.040018081665039
-4.333333333333333,-4.425895690917969
-3.7777777777777777,-3.7888433933258057
-2.333333333333333,0.40521693229675293
2.555555555555556,-8.927143096923828
15.88888888888889,8.18703556060791
-21.88888888888889,-12.714991569519043
21.444444444444443,19.79039192199707
4.333333333333333,-1.1206194162368774
-1.2222222222222223,-1.8408329486846924
1.2222222222222223,0.6874678134918213
-3.6666666666666665,0.02871650457382202
3.0,2.8762526512145996
-2.333333333333333,-0.5582382678985596
-3.888888888888889,-5.814420700073242
14.444444444444445,-2.0110957622528076
-4.666666666666667,-5.355072021484375
-4.0,-2.4337685108184814
3.0,5.208033561706543
-6.555555555555555,-7.23440408706665
-4.333333333333333,4.8659586906433105
6.888888888888889,2.601614475250244
0.4444444444444444,-4.274355888366699
-3.6666666666666665,-1.810833215713501
28.444444444444443,13.574819564819336
3.0,-0.09705996513366699
-24.11111111111111,-11.051335334777832
14.22222222222222,18.199657440185547
10.666666666666666,-0.6363070607185364
3.4444444444444446,1.8887174129486084
-6.888888888888889,10.071025848388672
0.0,-4.647458076477051
9.11111111111111,8.86060905456543
-2.888888888888889,-2.5259149074554443
-11.0,-6.777106285095215
-4.111111111111111,-0.6554728746414185
-4.777777777777778,-2.065211772918701
22.11111111111111,4.73677396774292
8.222222222222221,5.0728559494018555
-4.777777777777778,-0.2858409881591797
-5.444444444444445,-8.207496643066406
1.5555555555555556,2.0256903171539307
-3.4444444444444446,-6.5293192863464355
-2.555555555555556,0.07078802585601807
-5.111111111111111,-7.341480255126953
-11.333333333333334,-1.844840168952942
-5.777777777777778,-6.490793704986572
-10.555555555555555,-7.763211727142334
-13.666666666666666,-1.1417982578277588
-4.888888888888889,-0.9494397044181824
1.2222222222222223,-2.279054641723633
-5.888888888888889,-6.669417858123779
-2.555555555555556,-8.002274513244629
-9.333333333333334,-1.129806637763977
-9.22222222222222,-3.109426975250244
-8.333333333333334,-0.8967016935348511
-2.0,2.179274320602417
-5.333333333333333,-4.698688983917236
-0.2222222222222222,-2.9354445934295654
0.4444444444444444,-1.6245139837265015
-3.333333333333333,-1.2862858772277832
1.5555555555555556,0.2641434669494629
-2.2222222222222223,-3.812455892562866
-3.888888888888889,-6.077127456665039
11.444444444444445,13.159889221191406
12.666666666666666,18.911388397216797
1.3333333333333333,1.31027352809906
-5.555555555555555,-1.8432564735412598
-2.0,-1.6063475608825684
-2.0,-0.46389341354370117
-5.222222222222222,-2.596428632736206
-0.5555555555555556,-1.9542213678359985
9.333333333333334,5.964179515838623
5.333333333333333,4.424118518829346
-6.0,-5.743834495544434
-4.777777777777778,-1.648870825767517
-5.555555555555555,-4.928260326385498
-7.333333333333333,-2.5930728912353516
9.444444444444445,-1.4965925216674805
2.555555555555556,-2.040045976638794
-1.2222222222222223,-0.9493314027786255
-1.1111111111111112,-1.326210379600525
-10.0,-6.953110694885254
0.4444444444444444,0.08040225505828857
-4.444444444444445,-2.737114906311035
-9.666666666666666,-6.118424415588379
1.3333333333333333,-2.689035177230835
-0.8888888888888888,-1.3578146696090698
-1.7777777777777777,1.006701111793518
2.2222222222222223,-3.8103816509246826
-2.2222222222222223,-7.1056623458862305
0.5555555555555556,-2.4514636993408203
-9.88888888888889,-9.107710838317871
4.444444444444445,10.289044380187988
-1.0,-3.7508623600006104
-2.888888888888889,-0.9522078037261963
-6.0,-6.164377689361572
-0.2222222222222222,0.7101011872291565
-5.222222222222222,-1.243789792060852
-3.0,-0.31313908100128174
0.5555555555555556,-0.9131979942321777
-5.0,-5.646421909332275
-2.6666666666666665,-3.5267045497894287
-10.444444444444445,-2.633957624435425
-0.7777777777777778,-7.280655384063721
7.111111111111111,0.881028950214386
-4.222222222222222,-7.938772678375244
2.111111111111111,2.232360363006592
-0.1111111111111111,-3.365344285964966
42.55555555555556,24.006330490112305
-8.11111111111111,-6.382940292358398
-3.6666666666666665,-1.100388765335083
-4.777777777777778,-3.9167089462280273
1.7777777777777777,-0.2810713052749634
7.222222222222222,0.9751189351081848
-2.111111111111111,-8.788257598876953
-9.0,2.292691946029663
1.3333333333333333,4.477721214294434
-1.4444444444444444,-4.1602277755737305
32.44444444444444,31.586397171020508
10.0,10.976356506347656
-5.666666666666667,-3.4750823974609375
4.111111111111111,0.10923916101455688
-9.0,-6.973876476287842
21.22222222222222,22.877716064453125
-6.666666666666667,-5.108364582061768
3.0,4.314370155334473
-1.4444444444444444,-0.6733092069625854
-0.2222222222222222,2.0951342582702637
-1.1111111111111112,-1.163204312324524
-8.555555555555555,-6.806118488311768
0.7777777777777778,-0.6374010443687439
4.555555555555555,-0.26817595958709717
4.222222222222222,-1.4273414611816406
-41.333333333333336,-10.03641128540039
-4.888888888888889,-6.011667728424072
4.555555555555555,3.5853960514068604
2.2222222222222223,1.6212852001190186
-1.5555555555555556,-4.590401649475098
-0.4444444444444444,-0.48723697662353516
-0.8888888888888888,0.033241987228393555
10.0,11.553604125976562
-8.222222222222221,0.055269479751586914
18.444444444444443,6.784732341766357
-4.888888888888889,-5.0817036628723145
0.1111111111111111,-4.107326030731201
-5.555555555555555,-0.7185404300689697
-2.4444444444444446,-6.4066081047058105
-5.222222222222222,-4.69279670715332
29.666666666666668,9.905210494995117
0.0,4.732062816619873
2.2222222222222223,-2.6500041484832764
20.88888888888889,23.817453384399414
-2.333333333333333,7.05985689163208
-4.111111111111111,-0.8216370344161987
-10.444444444444445,-11.26308822631836
-10.77777777777778,-7.614016532897949
-4.666666666666667,-7.601757049560547
8.777777777777779,0.28902125358581543
-3.2222222222222223,-5.995579719543457
-1.4444444444444444,-1.3621364831924438
-1.1111111111111112,-1.5764495134353638
6.888888888888889,3.882538080215454
-5.444444444444445,-9.165505409240723
2.4444444444444446,-1.366578221321106
-12.555555555555555,-4.0814385414123535
17.444444444444443,15.133480072021484
0.1111111111111111,-0.1839568018913269
9.666666666666666,5.091553211212158
-3.0,-2.183295965194702
3.0,-0.763292670249939
-0.1111111111111111,-7.127303600311279
-10.333333333333334,-5.157741069793701
1.3333333333333333,-2.9293553829193115
-10.77777777777778,-9.972418785095215
0.3333333333333333,-3.2936954498291016
2.2222222222222223,6.091310501098633
-4.777777777777778,-5.094647407531738
-2.4444444444444446,-1.3136337995529175
1.6666666666666667,0.8142071962356567
-2.7777777777777777,-4.936639785766602
0.2222222222222222,-1.3366916179656982
-2.555555555555556,-3.135223627090454
2.333333333333333,-5.462581157684326
1.6666666666666667,-2.010523557662964
-1.6666666666666667,-2.3639376163482666
-1.8888888888888888,-0.504114031791687
-5.888888888888889,-1.8985533714294434
-0.6666666666666666,1.632540225982666
-0.8888888888888888,-0.3026770353317261
1.5555555555555556,2.727975606918335
-4.222222222222222,-1.3168821334838867
1.7777777777777777,1.7139952182769775
-6.111111111111111,-7.498542785644531
-2.4444444444444446,-2.330517530441284
-0.7777777777777778,-2.062126874923706
8.0,8.452247619628906
1.3333333333333333,-1.2677775621414185
20.33333333333333,19.245376586914062
1.3333333333333333,-0.5032134056091309
-4.222222222222222,-5.395040512084961
-8.777777777777779,-5.398706436157227
-4.333333333333333,-3.0052576065063477
-2.7777777777777777,-3.1052286624908447
6.0,3.8140857219696045
0.1111111111111111,2.9414637088775635
-2.888888888888889,-3.23164701461792
-0.1111111111111111,0.7130849361419678
-2.7777777777777777,1.4264116287231445
-10.11111111111111,-9.512290000915527
-10.0,-8.764021873474121
-2.555555555555556,-3.489915609359741
3.4444444444444446,1.4479844570159912
3.4444444444444446,1.4226922988891602
-1.6666666666666667,1.2884745597839355
-1.6666666666666667,-2.991685628890991
1.5555555555555556,-0.19749689102172852
5.666666666666667,5.767301559448242
5.777777777777778,2.797477960586548
6.666666666666667,1.815978765487671
5.333333333333333,1.2223602533340454
7.222222222222222,7.651136875152588
-10.333333333333334,-6.549679279327393
0.4444444444444444,3.748683452606201
8.666666666666666,12.394452095031738
-6.555555555555555,-5.410097599029541
1.7777777777777777,-0.5813509225845337
-6.777777777777778,-10.423911094665527
7.111111111111111,6.667471408843994
-1.6666666666666667,-1.3278197050094604
-0.6666666666666666,-1.6490479707717896
8.777777777777779,-0.6216504573822021
-0.6666666666666666,-1.3205269575119019
-7.777777777777778,-4.514643669128418
5.888888888888889,2.4329676628112793
-4.111111111111111,-3.4537196159362793
-4.111111111111111,-4.245797157287598
0.6666666666666666,-1.4142895936965942
-7.0,-6.697419166564941
-1.0,0.6886534690856934
-0.6666666666666666,-5.014400005340576
6.777777777777778,5.644515037536621
0.5555555555555556,2.0914173126220703
-1.3333333333333333,2.1166999340057373
-2.111111111111111,-1.3499995470046997
-8.11111111111111,-7.996768951416016
3.4444444444444446,1.9621033668518066
-5.444444444444445,-8.480902671813965
-1.5555555555555556,-0.634539008140564
-3.2222222222222223,-2.1674625873565674
4.444444444444445,0.003656625747680664
-1.3333333333333333,-1.8190231323242188
-8.333333333333334,-4.434386730194092
-5.0,-3.5322134494781494
1.0,3.021836280822754
0.8888888888888888,-2.306043863296509
-8.444444444444445,-1.8208115100860596
-5.222222222222222,-1.3414422273635864
-4.888888888888889,-3.338653326034546
8.333333333333334,0.5569897890090942
7.333333333333333,1.9216171503067017
1.2222222222222223,-3.127235174179077
-8.88888888888889,0.5013308525085449
4.333333333333333,1.5256763696670532
-0.6666666666666666,-0.6371387243270874
3.111111111111111,-3.087151288986206
3.555555555555556,5.635781764984131
-3.111111111111111,-0.30754780769348145
-1.8888888888888888,-4.863749980926514
1.6666666666666667,-2.7429699897766113
-7.666666666666667,-8.02901840209961
-4.111111111111111,-0.4393553137779236
3.4444444444444446,1.1307023763656616
-9.333333333333334,-5.0698041915893555
1.5555555555555556,2.5344395637512207
7.333333333333333,2.7589550018310547
-7.111111111111111,-1.200539231300354
-0.2222222222222222,0.883209228515625
7.333333333333333,-1.603610873222351
0.6666666666666666,-2.2197091579437256
-2.0,-1.20720636844635
-5.888888888888889,-6.752708435058594
-5.666666666666667,-0.9481126070022583
1.7777777777777777,1.1904069185256958
-14.666666666666666,-9.550735473632812
-15.333333333333334,-6.403149127960205
-7.777777777777778,-3.191909074783325
3.6666666666666665,-0.013373851776123047
-6.444444444444445,-3.4602770805358887
-1.3333333333333333,0.014725208282470703
-11.333333333333334,-2.3189055919647217
-15.88888888888889,-6.615844249725342
0.3333333333333333,2.8659768104553223
5.888888888888889,2.060608148574829
-5.555555555555555,-4.873655796051025
-4.222222222222222,3.328256368637085
-1.3333333333333333,-4.68613862991333
-3.2222222222222223,-2.3663711547851562
-0.1111111111111111,-1.9003182649612427
-6.666666666666667,-1.2908695936203003
-7.333333333333333,-2.5983388423919678
-5.111111111111111,-1.4211328029632568
5.222222222222222,3.037748098373413
-7.444444444444445,-3.643400192260742
17.444444444444443,20.26522445678711
-3.4444444444444446,-0.9692980051040649
-5.333333333333333,-5.3727312088012695
3.6666666666666665,1.8016932010650635
-2.4444444444444446,-1.794389247894287
-21.0,-4.98004674911499
-8.333333333333334,-3.596627950668335
-3.333333333333333,-2.2829885482788086
1.5555555555555556,1.6828233003616333
-3.0,-1.5311810970306396
-14.333333333333334,-7.958489418029785
-2.2222222222222223,2.9076015949249268
5.0,13.05489444732666
0.4444444444444444,-2.9550576210021973
-8.222222222222221,-2.4419851303100586
2.7777777777777777,-1.0836762189865112
-12.444444444444445,-9.684937477111816
5.555555555555555,-0.5669171810150146
-2.111111111111111,-0.9073843955993652
-1.6666666666666667,0.5826839804649353
-9.88888888888889,-8.809578895568848
-7.333333333333333,0.8989810943603516
-10.88888888888889,-7.89892053604126
-4.777777777777778,-1.793363094329834
-5.111111111111111,-0.6743614673614502
0.8888888888888888,1.0084551572799683
2.333333333333333,-0.07951503992080688
1.3333333333333333,9.576170921325684
-3.333333333333333,-1.1361968517303467
5.555555555555555,-3.6986336708068848
-2.6666666666666665,-2.673910140991211
-4.555555555555555,8.385008811950684
4.0,1.1020207405090332
-1.0,-1.0335419178009033
1.3333333333333333,1.8813321590423584
-21.0,-5.631118297576904
-1.6666666666666667,0.16467928886413574
2.111111111111111,1.089801549911499
-7.888888888888889,-5.783823490142822
-0.3333333333333333,-2.2165627479553223
2.0,1.1349692344665527
26.11111111111111,25.098276138305664
-0.1111111111111111,-1.1112343072891235
-0.7777777777777778,-4.642298698425293
-11.0,-7.592564105987549
4.222222222222222,3.4936442375183105
-1.7777777777777777,-1.7033534049987793
-9.0,-8.389923095703125
-4.555555555555555,-7.118858814239502
-5.0,-3.5580170154571533
0.7777777777777778,-0.48304033279418945
-3.333333333333333,-2.547293186187744
-3.111111111111111,-3.157857656478882
5.0,4.30068302154541
-1.2222222222222223,-4.121455669403076
-7.555555555555555,-3.6862852573394775
-3.4444444444444446,-0.14783865213394165
-7.555555555555555,-1.1744439601898193
-8.444444444444445,-6.253049373626709
-2.555555555555556,0.7474753856658936
-2.2222222222222223,0.627105176448822
-3.4444444444444446,-2.078270196914673
4.888888888888889,-0.9734749794006348
4.111111111111111,-4.6900506019592285
-11.22222222222222,-5.612975597381592
-5.0,-6.299335479736328
0.8888888888888888,-4.6881537437438965
-0.7777777777777778,-6.515252113342285
-5.444444444444445,-0.9846023321151733
-9.11111111111111,-0.9242392778396606
-0.8888888888888888,1.2526776790618896
-2.0,-5.121533393859863
-2.6666666666666665,-4.71232795715332
21.55555555555556,8.26593017578125
11.77777777777778,-1.091934084892273
14.88888888888889,11.657416343688965
-0.8888888888888888,1.8604341745376587
1.4444444444444444,-0.7182388305664062
-2.7777777777777777,-0.8262417316436768
-2.7777777777777777,-2.3717143535614014
-8.777777777777779,-1.1046699285507202
-3.555555555555556,-5.050657749176025
-9.444444444444445,-4.203952312469482
2.0,1.6206287145614624
-7.0,-6.096846580505371
0.1111111111111111,-1.0381484031677246
-5.888888888888889,-6.0637431144714355
-11.444444444444445,-8.166853904724121
-5.777777777777778,-3.760453462600708
-0.4444444444444444,-2.1418018341064453
-1.7777777777777777,-4.407512187957764
-1.4444444444444444,1.9211323261260986
-4.333333333333333,-7.433514595031738
-8.555555555555555,-6.986162185668945
-8.222222222222221,-1.7530487775802612
0.4444444444444444,0.9504454135894775
-4.555555555555555,-9.507519721984863
-6.0,-3.873073101043701
-1.0,-6.5420145988464355
-4.333333333333333,-1.862504243850708
-4.111111111111111,-4.491810321807861
16.0,18.344085693359375
-3.4444444444444446,-3.456395387649536
-3.111111111111111,-1.9455715417861938
10.77777777777778,11.487051963806152
8.222222222222221,7.401455879211426
0.3333333333333333,-0.742050290107727
0.2222222222222222,-0.8690144419670105
-14.88888888888889,-10.028974533081055
3.333333333333333,1.5106197595596313
1.0,3.423595428466797
0.6666666666666666,0.9081480503082275
-4.333333333333333,-4.166318893432617
0.3333333333333333,-1.4258365631103516
-4.444444444444445,-5.346956253051758
0.2222222222222222,-0.9401552677154541
5.222222222222222,3.2968087196350098
-2.7777777777777777,-2.9070115089416504
-2.0,2.6563258171081543
28.444444444444443,18.846643447875977
-6.0,-1.8466521501541138
-6.666666666666667,-2.1315314769744873
-3.888888888888889,-5.6098809242248535
-10.11111111111111,-5.3446149826049805
-4.777777777777778,-5.080873966217041
1.4444444444444444,1.4461760520935059
-5.0,-11.126483917236328
0.1111111111111111,0.3213590383529663
-6.444444444444445,-6.126837730407715
-2.333333333333333,-6.846729755401611
-1.6666666666666667,-2.8249409198760986
-4.111111111111111,-6.747934818267822
-10.0,-2.8933067321777344
2.7777777777777777,-5.3010783195495605
-1.5555555555555556,-0.9681652784347534
-4.666666666666667,-7.6679277420043945
-5.444444444444445,-0.02473139762878418
2.0,1.7242213487625122
-6.222222222222222,2.0710630416870117
-10.11111111111111,-6.603583812713623
9.555555555555555,5.3636651039123535
-10.0,-6.726141929626465
-6.444444444444445,-4.533985614776611
0.8888888888888888,-1.1555571556091309
-0.5555555555555556,-2.095759630203247
-1.8888888888888888,0.017586588859558105
3.888888888888889,0.26635879278182983
3.333333333333333,-1.6334031820297241
17.0,2.7757978439331055
-0.7777777777777778,-1.0033879280090332
-3.2222222222222223,-0.16927969455718994
-4.777777777777778,-3.285078525543213
-3.2222222222222223,-12.75298023223877
-4.222222222222222,-4.570770740509033
-9.11111111111111,0.217620849609375
-6.333333333333333,-10.430728912353516
-4.666666666666667,-0.6647919416427612
9.444444444444445,1.4550360441207886
1.6666666666666667,-2.8924648761749268
-3.0,-0.500556468963623
-5.444444444444445,-2.895176410675049
2.111111111111111,0.4968494176864624
-5.888888888888889,-2.513951301574707
-1.8888888888888888,-3.2477219104766846
-4.777777777777778,-3.1369566917419434
2.111111111111111,-0.062117815017700195
0.5555555555555556,-0.5988394021987915
-3.111111111111111,-2.1384336948394775
-11.88888888888889,-8.245260238647461
-0.6666666666666666,1.4139007329940796
12.11111111111111,6.013932228088379
-0.5555555555555556,-2.6468870639801025
0.6666666666666666,2.202054738998413
-4.888888888888889,-2.958754777908325
-3.111111111111111,0.4433943033218384
-2.2222222222222223,-3.641472101211548
-3.2222222222222223,-2.3725781440734863
-6.888888888888889,-1.7428556680679321
3.4444444444444446,-1.4668892621994019
24.11111111111111,8.232355117797852
-0.8888888888888888,-3.9392921924591064
0.8888888888888888,-6.0982794761657715
-6.555555555555555,-0.5314335823059082
-1.3333333333333333,-7.049712657928467
-4.111111111111111,-1.9474618434906006
9.666666666666666,-2.9077765941619873
5.111111111111111,0.8065207004547119
4.333333333333333,-3.4912915229797363
0.4444444444444444,6.098799705505371
-15.444444444444445,-3.0385611057281494
-7.0,-5.248421669006348
1.7777777777777777,-0.9979166388511658
6.777777777777778,-0.03215944766998291
8.0,-0.3083181381225586
4.777777777777778,3.1915829181671143
19.55555555555556,13.752032279968262
-6.777777777777778,-4.644426345825195
-7.222222222222222,-4.748235702514648
0.1111111111111111,-2.8874661922454834
-0.4444444444444444,-4.270598888397217
-3.555555555555556,-3.360133647918701
10.444444444444445,4.771718502044678
3.4444444444444446,6.821837902069092
-0.1111111111111111,-2.8329033851623535
-7.666666666666667,-6.639936447143555
0.1111111111111111,1.062483549118042
-3.333333333333333,-3.386875629425049
-4.222222222222222,-1.628466248512268
-0.7777777777777778,-1.25762939453125
-11.666666666666666,-8.235982894897461
-2.333333333333333,0.16516602039337158
-0.3333333333333333,-1.582302212715149
17.88888888888889,8.334867477416992
32.55555555555556,26.11888885498047
-11.0,-1.1529059410095215
-4.0,0.8049100637435913
-6.777777777777778,0.38398873805999756
-15.333333333333334,-4.843819618225098
-7.666666666666667,-0.10157883167266846
-3.555555555555556,1.328385591506958
-2.7777777777777777,1.7846261262893677
0.1111111111111111,2.154442310333252
38.11111111111112,28.71442985534668
-8.0,-4.545338153839111
-4.222222222222222,-5.141864776611328
0.0,1.7809011936187744
23.55555555555556,22.754405975341797
1.7777777777777777,-1.9978293180465698
-2.7777777777777777,-2.982944965362549
-5.777777777777778,-6.204588890075684
7.333333333333333,12.813302040100098
-6.555555555555555,-6.097474098205566
-9.333333333333334,-5.766542911529541
5.111111111111111,3.0071616172790527
-5.444444444444445,-0.29682374000549316
3.6666666666666665,4.591226577758789
-6.555555555555555,-4.019761085510254
19.444444444444443,23.048053741455078
-4.777777777777778,-5.5744099617004395
4.888888888888889,-0.354372501373291
-3.2222222222222223,-3.6453728675842285
-1.6666666666666667,-2.2071235179901123
-7.555555555555555,-0.21266591548919678
-3.4444444444444446,-3.172942876815796
1.5555555555555556,1.6258952617645264
-7.555555555555555,-9.421624183654785
-13.333333333333334,-4.6021504402160645
-5.0,-5.348942756652832
-3.111111111111111,2.8822178840637207
-8.777777777777779,-2.0964362621307373
-1.1111111111111112,-1.922113060951233
1.8888888888888888,-2.9522619247436523
-6.222222222222222,-3.497593879699707
-0.1111111111111111,-1.8305177688598633
4.0,4.217127323150635
-18.22222222222222,-5.791097164154053
-1.7777777777777777,-0.3595591187477112
-13.333333333333334,-4.476484775543213
-7.666666666666667,-9.485945701599121
-1.6666666666666667,-6.943176746368408
-4.444444444444445,1.2770216464996338
-11.444444444444445,-3.856226682662964
2.888888888888889,0.6665325164794922
27.0,24.473283767700195
1.8888888888888888,0.7110053300857544
-8.88888888888889,-2.4422976970672607
-4.888888888888889,-0.031090378761291504
-5.888888888888889,-6.185046672821045
-3.6666666666666665,-2.8959975242614746
9.555555555555555,12.665143966674805
-1.6666666666666667,0.3646780848503113
0.8888888888888888,-0.7456902265548706
-13.666666666666666,-8.091174125671387
-3.555555555555556,-2.3622612953186035
-1.6666666666666667,-0.4958992004394531
8.88888888888889,7.8061370849609375
-4.888888888888889,-5.764923095703125
-3.888888888888889,1.9539990425109863
-9.88888888888889,-6.522003173828125
-1.5555555555555556,-8.399085998535156
7.666666666666667,13.736284255981445
3.7777777777777777,5.567783355712891
12.666666666666666,-5.528171062469482
-4.555555555555555,-1.4855316877365112
13.555555555555555,21.150484085083008
6.777777777777778,-2.3903660774230957
-9.11111111111111,-9.145615577697754
-2.555555555555556,-1.4562203884124756
-1.4444444444444444,-6.200382709503174
-6.222222222222222,-6.356612682342529
-7.555555555555555,-7.113158226013184
1.0,5.442917346954346
-1.4444444444444444,-2.625553607940674
-9.88888888888889,-3.549429178237915
1.2222222222222223,-1.466949701309204
2.2222222222222223,-4.122761249542236
1.2222222222222223,-3.921557903289795
8.444444444444445,-0.11330556869506836
0.8888888888888888,-3.6914451122283936
-10.444444444444445,-4.747555732727051
4.444444444444445,-0.642787754535675
-1.6666666666666667,0.8489845395088196
-3.888888888888889,-4.760025501251221
3.2222222222222223,0.484499454498291
-5.666666666666667,-7.62484884262085
-9.0,-4.252523422241211
8.777777777777779,12.462117195129395
1.5555555555555556,-6.352412700653076
-2.555555555555556,-5.554894924163818
4.777777777777778,1.5647141933441162
-16.11111111111111,-5.8821001052856445
-5.555555555555555,-3.324084520339966
-1.8888888888888888,-3.1258702278137207
25.11111111111111,18.61882972717285
-2.555555555555556,-2.460186719894409
-12.0,-7.149618148803711
-10.333333333333334,-9.222015380859375
-7.333333333333333,-9.082450866699219
0.0,-3.88662052154541
1.8888888888888888,-4.008535385131836
1.4444444444444444,-0.8200533390045166
19.55555555555556,4.246510028839111
-5.222222222222222,-2.730480194091797
0.3333333333333333,-2.729172945022583
1.1111111111111112,0.8950061798095703
25.666666666666668,11.081777572631836
-3.0,0.4540681838989258
3.555555555555556,2.4312098026275635
4.222222222222222,7.945174217224121
1.7777777777777777,-6.084888935089111
31.444444444444443,-4.238171100616455
19.33333333333333,5.294086933135986
-1.6666666666666667,0.31643450260162354
1.5555555555555556,-2.2640275955200195
7.222222222222222,0.5763934850692749
-3.7777777777777777,-5.394309043884277
-1.6666666666666667,-3.988779067993164
0.2222222222222222,-3.05265212059021
3.7777777777777777,-2.845723867416382
-2.0,-1.4789109230041504
1.6666666666666667,1.9637795686721802
1.3333333333333333,-0.07410389184951782
0.1111111111111111,-0.31781089305877686
-1.0,-0.5306307077407837
7.0,4.715171813964844
-3.111111111111111,-3.028090238571167
9.11111111111111,4.830482482910156
3.6666666666666665,1.5748454332351685
-4.888888888888889,-5.642720699310303
-1.6666666666666667,0.977542519569397
-3.555555555555556,-2.190873622894287
-1.4444444444444444,-1.8173129558563232
-15.0,-8.422690391540527
1.0,0.6089438199996948
5.333333333333333,1.941084861755371
5.444444444444445,3.7356481552124023
-3.0,-2.6910524368286133
-2.333333333333333,10.573250770568848
-5.111111111111111,-4.551589012145996
-3.6666666666666665,0.5074535012245178
2.7777777777777777,1.6153278350830078
-8.777777777777779,-1.7726433277130127
2.333333333333333,1.344648003578186
3.4444444444444446,3.007438898086548
12.333333333333334,10.858803749084473
-1.0,-0.41963648796081543
1.6666666666666667,2.248847007751465
-1.1111111111111112,1.6344631910324097
-5.0,-6.033564567565918
-5.222222222222222,-4.5932207107543945
-4.777777777777778,-1.562849998474121
0.5555555555555556,-0.09317052364349365
6.0,4.970466136932373
13.77777777777778,21.11148452758789
6.666666666666667,3.8633017539978027
-1.0,-1.9160583019256592
-3.7777777777777777,0.03655409812927246
-5.777777777777778,0.4426816701889038
-3.555555555555556,-4.559486389160156
0.2222222222222222,-1.6315486431121826
-3.888888888888889,4.9930877685546875
-3.0,-1.0190988779067993
-5.888888888888889,-3.3279922008514404
5.0,3.945418119430542
-10.666666666666666,-6.4008283615112305
-3.333333333333333,-2.1702654361724854
-9.666666666666666,-5.308415412902832
2.7777777777777777,0.5377615690231323
-7.333333333333333,-6.3380584716796875
19.22222222222222,19.902667999267578
-12.333333333333334,-10.932740211486816
-5.0,-2.9930367469787598
-3.555555555555556,-2.6150593757629395
-13.666666666666666,-9.460570335388184
6.777777777777778,12.730291366577148
1.3333333333333333,10.634303092956543
48.22222222222222,11.504257202148438
3.2222222222222223,0.9377098083496094
-4.0,-1.7503607273101807
10.77777777777778,12.353026390075684
-4.555555555555555,-0.48534083366394043
10.333333333333334,5.647471904754639
0.8888888888888888,-5.456050395965576
-5.111111111111111,-3.1402244567871094
5.0,0.7677485942840576
-25.77777777777778,-5.533443927764893
-6.777777777777778,-0.8359550833702087
6.111111111111111,-1.5016701221466064
-9.22222222222222,-7.298433780670166
-5.111111111111111,-2.6039490699768066
1.7777777777777777,-5.656204700469971
4.777777777777778,1.563178300857544
16.11111111111111,12.219950675964355
-0.8888888888888888,-1.839758038520813
-2.888888888888889,-3.4571027755737305
4.666666666666667,-0.38519370555877686
-3.2222222222222223,1.789190411567688
11.0,10.71241569519043
6.777777777777778,6.154929161071777
-3.2222222222222223,-1.8464746475219727
5.111111111111111,0.6908864974975586
-10.22222222222222,-5.468041896820068
2.333333333333333,-5.641038417816162
2.2222222222222223,-7.14501428604126
-14.77777777777778,-10.316102027893066
0.8888888888888888,-1.3180193901062012
-8.777777777777779,-2.109078884124756
2.888888888888889,3.09826922416687
-5.333333333333333,-6.677987098693848
-2.0,-4.859537124633789
0.1111111111111111,-3.3472940921783447
-1.0,-3.8040578365325928
1.2222222222222223,-0.404901921749115
11.444444444444445,-0.027974843978881836
-2.0,-3.8519845008850098
-1.4444444444444444,-3.5346086025238037
-5.333333333333333,-6.888000965118408
-4.777777777777778,0.910547137260437
-2.7777777777777777,-5.136777400970459
4.333333333333333,8.037649154663086
-0.8888888888888888,-3.1389474868774414
7.222222222222222,1.4699369668960571
-6.777777777777778,-7.571103572845459
28.22222222222222,9.881024360656738
6.555555555555555,-2.2443575859069824
0.8888888888888888,5.97682523727417
-6.555555555555555,0.9480299353599548
1.3333333333333333,-0.16413795948028564
-1.5555555555555556,-0.8282173871994019
0.7777777777777778,-2.43912935256958
-1.2222222222222223,-1.105076789855957
-7.333333333333333,-7.449832916259766
-4.333333333333333,-2.868692636489868
-0.6666666666666666,0.3741779327392578
-3.2222222222222223,-1.1534768342971802
-8.11111111111111,-4.3818159103393555
6.666666666666667,1.4818675518035889
-4.777777777777778,-4.693345069885254
-7.222222222222222,-2.3497815132141113
-4.222222222222222,-7.534725666046143
3.888888888888889,-0.6422502398490906
1.7777777777777777,1.5349953174591064
-2.7777777777777777,-1.4446772336959839
0.4444444444444444,-0.2590782046318054
-7.666666666666667,-7.152948379516602
10.0,9.155011177062988
2.0,3.1620469093322754
1.4444444444444444,-1.507204294204712
3.2222222222222223,5.273521900177002
-6.111111111111111,2.1213743686676025
-2.0,1.9888032674789429
-6.888888888888889,-4.886795997619629
6.222222222222222,1.0248017311096191
-5.111111111111111,0.15790891647338867
-3.4444444444444446,-2.1555535793304443
-3.333333333333333,1.17136812210083
0.5555555555555556,1.6616160869598389
-7.222222222222222,-11.540078163146973
2.111111111111111,6.329251289367676
-1.6666666666666667,-1.5050265789031982
19.88888888888889,19.61039161682129
-5.666666666666667,-6.245818614959717
0.1111111111111111,-0.1853654384613037
0.0,-0.2884480953216553
-1.4444444444444444,6.1503472328186035
-1.4444444444444444,-0.4437519311904907
1.1111111111111112,-1.065596103668213
-1.4444444444444444,-0.9922706484794617
-4.777777777777778,-5.454619884490967
-16.88888888888889,-8.153186798095703
-3.2222222222222223,-2.548511505126953
3.6666666666666665,-1.012787103652954
-5.555555555555555,-4.326504707336426
0.7777777777777778,2.1466479301452637
0.4444444444444444,-1.3889461755752563
-1.3333333333333333,-0.3755178451538086
-1.5555555555555556,-0.8370907306671143
-3.2222222222222223,-2.3507955074310303
14.88888888888889,12.622245788574219
-1.4444444444444444,-9.240348815917969
-0.6666666666666666,1.216772437095642
-1.8888888888888888,-6.727659225463867
0.4444444444444444,-4.665001392364502
-6.0,-5.5157694816589355
-47.22222222222222,-6.0353288650512695
40.55555555555556,23.92386245727539
-7.666666666666667,-3.7672672271728516
2.6666666666666665,-4.412981986999512
-3.0,-6.641792297363281
-1.5555555555555556,0.6707406044006348
2.7777777777777777,2.4870645999908447
-3.7777777777777777,-3.393726348876953
-8.555555555555555,-9.075411796569824
-3.7777777777777777,2.232758045196533
-1.7777777777777777,-2.5396804809570312
3.0,-3.1184680461883545
16.22222222222222,2.7671914100646973
-7.0,-3.4511349201202393
-4.666666666666667,-2.338136911392212
4.111111111111111,1.067191243171692
-1.4444444444444444,-0.42038190364837646
0.0,-6.987936496734619
-3.111111111111111,2.811255693435669
1.5555555555555556,-2.310213565826416
-1.7777777777777777,-1.0817052125930786
-6.222222222222222,-3.379638910293579
-5.666666666666667,-5.485748291015625
-1.2222222222222223,-0.8097900152206421
-3.555555555555556,-7.4575276374816895
-12.77777777777778,0.3495209217071533
-3.0,-4.464487075805664
-1.2222222222222223,-4.57368278503418
-10.22222222222222,-0.425680935382843
12.444444444444445,11.533987045288086
9.22222222222222,7.699050426483154
-5.777777777777778,-4.201008319854736
-5.888888888888889,-7.087804317474365
0.3333333333333333,0.07650774717330933
3.6666666666666665,1.1020487546920776
-3.0,-0.9035588502883911
-19.88888888888889,-9.39226245880127
-6.333333333333333,0.9506999254226685
-0.2222222222222222,-0.2853770852088928
-4.777777777777778,-3.551914930343628
-3.888888888888889,-2.5825107097625732
1.4444444444444444,-6.5547261238098145
-2.888888888888889,-11.790040016174316
1.5555555555555556,4.533503532409668
-1.7777777777777777,-2.0370731353759766
-12.333333333333334,-6.248361587524414
16.11111111111111,16.093629837036133
-3.888888888888889,-7.036649703979492
-2.555555555555556,-3.6670165061950684
2.888888888888889,2.324392080307007
-3.2222222222222223,-7.520744800567627
-0.6666666666666666,1.0325952768325806
13.666666666666666,16.828845977783203
11.333333333333334,-1.5214070081710815
-7.666666666666667,-8.124414443969727
-15.555555555555555,-10.439279556274414
-3.555555555555556,-4.232679843902588
-1.4444444444444444,-4.290212154388428
-1.6666666666666667,-5.566392421722412
-9.0,-1.7786351442337036
11.666666666666666,19.199533462524414
-20.88888888888889,-7.60959005355835
-5.777777777777778,-6.611939430236816
3.333333333333333,-0.5916692018508911
1.4444444444444444,1.875712275505066
-3.111111111111111,-1.7262847423553467
1.2222222222222223,-0.6136874556541443
3.555555555555556,7.30593729019165
-9.444444444444445,-3.123392343521118
-3.0,-6.350680351257324
-8.444444444444445,-5.080422401428223
-0.6666666666666666,2.269618272781372
-4.555555555555555,-0.45367127656936646
-2.2222222222222223,-3.8340933322906494
-0.5555555555555556,-4.314553260803223
-4.333333333333333,-8.361279487609863
-2.4444444444444446,-3.12211537361145
-8.222222222222221,2.6799495220184326
-0.7777777777777778,-4.789980888366699
-17.555555555555557,-10.339284896850586
1.1111111111111112,-1.8370344638824463
-0.1111111111111111,-5.346561431884766
-3.888888888888889,-8.415502548217773
-5.666666666666667,-9.66667652130127
0.4444444444444444,-5.107786655426025
-11.444444444444445,-8.43088150024414
-5.777777777777778,-3.658170700073242
-2.4444444444444446,-7.317410469055176
-1.3333333333333333,-3.3229198455810547
-2.888888888888889,-7.060850143432617
-0.2222222222222222,-3.5908713340759277
3.4444444444444446,-3.0642337799072266
-15.77777777777778,-7.094266414642334
-1.8888888888888888,-1.2011092901229858
2.111111111111111,-5.5585222244262695
2.888888888888889,0.20717304944992065
4.333333333333333,4.802847862243652
-4.444444444444445,-5.9983601570129395
16.555555555555557,20.514507293701172
0.8888888888888888,-3.713982582092285
-0.4444444444444444,-2.2669363021850586
-17.0,0.6575303077697754
-1.7777777777777777,0.10648545622825623
-5.888888888888889,-3.0186972618103027
5.111111111111111,7.494202136993408
-1.2222222222222223,-1.3501170873641968
3.7777777777777777,-1.7938100099563599
22.77777777777778,20.18633270263672
0.5555555555555556,5.919123649597168
4.111111111111111,-2.5312867164611816
4.0,3.030181407928467
-3.2222222222222223,-0.7217144966125488
21.33333333333333,18.193586349487305
5.333333333333333,1.719016432762146
11.11111111111111,4.488598346710205
-3.2222222222222223,4.254415512084961
0.2222222222222222,-3.0144588947296143
-2.2222222222222223,-5.655884265899658
-24.33333333333333,-4.205105304718018
-3.333333333333333,-5.54835319519043
5.555555555555555,2.3611834049224854
2.2222222222222223,1.0774472951889038
-0.3333333333333333,-2.015247344970703
-0.3333333333333333,-2.9374008178710938
-0.1111111111111111,-0.1332383155822754
-3.4444444444444446,-4.717094421386719
-1.1111111111111112,-2.6751861572265625
-9.88888888888889,-2.7863194942474365
1.4444444444444444,-4.43772029876709
-5.555555555555555,-2.936763048171997
-12.444444444444445,-3.91833758354187
3.333333333333333,-5.905154228210449
8.222222222222221,-0.9028214812278748
-9.555555555555555,-5.774841785430908
-0.8888888888888888,-10.425360679626465
-2.333333333333333,-2.733144521713257
-0.6666666666666666,-3.2333412170410156
-1.7777777777777777,-0.7811242938041687
17.88888888888889,5.461642265319824
-5.888888888888889,-4.5114665031433105
-0.7777777777777778,-3.059084892272949
-3.0,1.185379147529602
-1.2222222222222223,1.3819705247879028
-6.555555555555555,-3.728227138519287
-5.888888888888889,2.355076313018799
1.7777777777777777,0.6728334426879883
-8.444444444444445,-7.303167819976807
1.4444444444444444,0.0336228609085083
-0.4444444444444444,-2.01522159576416
0.1111111111111111,2.7885425090789795
-5.111111111111111,-7.533195972442627
-12.0,-8.065918922424316
-3.333333333333333,-2.87131929397583
-3.333333333333333,-4.318830966949463
5.0,2.898587942123413
-0.6666666666666666,3.1328468322753906
3.6666666666666665,-2.5396342277526855
-6.444444444444445,-5.883408546447754
6.111111111111111,-1.1358448266983032
-6.222222222222222,-5.717649459838867
-3.0,-5.822303295135498
-0.3333333333333333,-9.078911781311035
-3.555555555555556,-0.996532678604126
-7.333333333333333,-2.643706798553467
27.55555555555556,8.239832878112793
-8.444444444444445,-7.4379401206970215
-0.1111111111111111,-6.136048316955566
2.888888888888889,-3.4793474674224854
-0.5555555555555556,-6.289882659912109
4.777777777777778,10.965095520019531
-2.6666666666666665,-1.5395596027374268
-37.888888888888886,-16.33519744873047
-0.4444444444444444,-0.7142395973205566
-6.888888888888889,7.138391017913818
-6.0,-0.13498377799987793
-2.888888888888889,-0.8210506439208984
4.0,-1.0822439193725586
-1.4444444444444444,-2.8917226791381836
-2.555555555555556,6.622116565704346
-3.0,-2.898547887802124
1.4444444444444444,-8.786314010620117
0.3333333333333333,-3.1437811851501465
-1.5555555555555556,0.7532656192779541
-2.888888888888889,-8.611051559448242
-5.888888888888889,-6.707232475280762
1.7777777777777777,4.404178142547607
-6.444444444444445,-5.111900329589844
12.333333333333334,16.39495849609375
1.1111111111111112,3.4240942001342773
-2.555555555555556,-2.0619072914123535
-3.111111111111111,-3.322371482849121
-1.4444444444444444,-0.7506619691848755
-12.333333333333334,-6.439923286437988
12.555555555555555,10.978792190551758
-6.777777777777778,-2.691962718963623
-0.8888888888888888,-0.5454946756362915
5.222222222222222,8.455039978027344
-2.111111111111111,-7.330940246582031
0.0,1.7690212726593018
-0.8888888888888888,-1.370648980140686
1.4444444444444444,-2.474973201751709
0.4444444444444444,-0.2847942113876343
1.3333333333333333,-3.444406747817993
-6.777777777777778,-13.881964683532715
-7.777777777777778,-4.038825035095215
7.555555555555555,-3.747239351272583
-24.55555555555556,-11.106705665588379
32.22222222222222,35.923160552978516
9.333333333333334,1.0408748388290405
8.777777777777779,8.592228889465332
-4.777777777777778,-0.7083666324615479
-6.333333333333333,-5.752450942993164
