Score,Pred Score
-0.6666666666666666,-0.4367353916168213
7.333333333333333,2.1945343017578125
-0.4444444444444444,-10.338842391967773
-4.111111111111111,-4.213239669799805
-7.333333333333333,-7.286258220672607
1.3333333333333333,4.064562797546387
-8.444444444444445,-0.6699841022491455
1.6666666666666667,-2.8941221237182617
3.333333333333333,-0.8217064142227173
2.111111111111111,2.5314362049102783
0.1111111111111111,0.8262124061584473
11.22222222222222,4.370785236358643
-3.111111111111111,-2.6043548583984375
-3.888888888888889,4.974813461303711
14.11111111111111,13.964691162109375
-4.444444444444445,-3.4002368450164795
6.0,-3.3165788650512695
12.555555555555555,6.318809986114502
-0.8888888888888888,-3.541043758392334
-4.0,-8.381879806518555
-1.1111111111111112,-1.747059941291809
-3.555555555555556,-0.2550070881843567
-10.666666666666666,-11.278581619262695
9.11111111111111,1.1352406740188599
-1.7777777777777777,-8.390274047851562
-3.4444444444444446,-1.4585033655166626
23.22222222222222,13.538383483886719
0.8888888888888888,1.8220338821411133
0.3333333333333333,-6.2297868728637695
-3.7777777777777777,-3.1584420204162598
2.111111111111111,0.40293264389038086
-2.2222222222222223,-2.301905393600464
-2.2222222222222223,-4.669406890869141
3.111111111111111,4.7742767333984375
0.1111111111111111,3.5060317516326904
-2.555555555555556,-1.370026707649231
-0.2222222222222222,0.4128868579864502
3.111111111111111,4.998410224914551
-4.444444444444445,-3.4520645141601562
-5.222222222222222,1.6076176166534424
4.0,6.937288761138916
-4.777777777777778,-5.483088970184326
1.0,0.6991088390350342
-4.111111111111111,-2.706803560256958
-4.777777777777778,-6.958956241607666
14.11111111111111,1.7398899793624878
2.2222222222222223,-0.4794285297393799
-4.888888888888889,-4.006342887878418
-6.888888888888889,-7.07456636428833
-9.444444444444445,-6.755650043487549
13.666666666666666,1.972383975982666
3.4444444444444446,2.9059417247772217
-8.222222222222221,-8.485904693603516
5.777777777777778,8.03421401977539
0.0,3.2820260524749756
13.666666666666666,14.825135231018066
-1.0,2.8072237968444824
7.333333333333333,-0.4169219732284546
-2.888888888888889,-0.947035014629364
-7.111111111111111,-2.4077165126800537
-1.2222222222222223,-0.6066638231277466
0.0,3.426884651184082
-7.666666666666667,-3.6457273960113525
-1.5555555555555556,-1.3187100887298584
11.88888888888889,13.33406925201416
-4.666666666666667,-6.151217460632324
-10.333333333333334,-1.6820532083511353
-9.555555555555555,-9.336233139038086
-2.6666666666666665,-1.4454412460327148
-3.333333333333333,-6.726249694824219
1.8888888888888888,-3.554281711578369
-5.666666666666667,-3.7322425842285156
-3.888888888888889,6.205580711364746
-1.5555555555555556,0.4157828092575073
-1.8888888888888888,-4.579968452453613
-7.888888888888889,-7.82541036605835
0.4444444444444444,-2.591684103012085
3.555555555555556,4.265626430511475
-0.8888888888888888,-0.5691533088684082
-5.777777777777778,-2.618533134460449
-2.888888888888889,5.242578029632568
-2.111111111111111,0.894484281539917
46.333333333333336,3.531874656677246
0.8888888888888888,0.14839303493499756
1.1111111111111112,1.1776269674301147
0.0,-4.798975944519043
10.0,7.323214054107666
-1.1111111111111112,6.389342308044434
8.555555555555555,2.560654640197754
-4.777777777777778,-3.9742655754089355
0.2222222222222222,-1.6673256158828735
8.222222222222221,5.380891799926758
10.11111111111111,8.487947463989258
-2.555555555555556,-0.26267051696777344
-4.888888888888889,-7.350950717926025
20.88888888888889,17.009496688842773
19.33333333333333,19.547773361206055
-1.3333333333333333,-2.0848283767700195
-4.111111111111111,1.026803731918335
-2.7777777777777777,-2.900923490524292
9.0,8.131769180297852
-6.111111111111111,1.9293320178985596
-3.7777777777777777,-13.441838264465332
-5.0,0.1524672508239746
-3.0,-4.592332363128662
-6.222222222222222,-7.864191055297852
-6.333333333333333,-6.732921600341797
-1.8888888888888888,1.2279165983200073
3.111111111111111,-1.1898384094238281
-4.888888888888889,-6.751895904541016
6.777777777777778,6.709690093994141
-4.444444444444445,-5.3850789070129395
7.666666666666667,6.809715747833252
0.5555555555555556,-0.12402915954589844
-7.0,-6.700260639190674
-10.0,-11.696646690368652
-0.5555555555555556,1.9248459339141846
0.1111111111111111,-3.60463547706604
-3.4444444444444446,-3.09783935546875
6.777777777777778,6.062314987182617
-6.0,-5.024130344390869
-3.333333333333333,-3.525242328643799
8.777777777777779,2.1586155891418457
-6.333333333333333,-4.261891841888428
-7.444444444444445,-5.7304368019104
0.1111111111111111,-0.20275044441223145
-4.0,-4.28726863861084
6.222222222222222,5.9164814949035645
-3.4444444444444446,-4.444701671600342
4.777777777777778,4.484592437744141
-2.111111111111111,-0.7486963272094727
-4.111111111111111,-5.406772613525391
11.88888888888889,4.898810386657715
-0.5555555555555556,1.0941835641860962
4.444444444444445,2.8054332733154297
-0.3333333333333333,-2.213878870010376
-4.555555555555555,-1.1619170904159546
-0.7777777777777778,0.4203430414199829
-2.2222222222222223,-3.7455437183380127
-5.222222222222222,-1.9432611465454102
10.444444444444445,11.444168090820312
-3.4444444444444446,-3.409153461456299
-3.7777777777777777,-0.4259599447250366
0.2222222222222222,1.4200750589370728
-4.0,0.6750114560127258
-22.444444444444443,-8.123754501342773
-5.777777777777778,-3.1525378227233887
-4.222222222222222,-3.3312084674835205
-2.333333333333333,-5.6400065422058105
5.555555555555555,0.13584256172180176
23.0,8.83151912689209
4.777777777777778,4.622433185577393
-18.88888888888889,-8.980073928833008
-10.22222222222222,-8.241716384887695
5.222222222222222,4.55389404296875
-5.0,-5.939679145812988
7.444444444444445,8.062589645385742
6.333333333333333,5.989984512329102
1.4444444444444444,-10.669421195983887
-0.8888888888888888,1.843571662902832
3.111111111111111,-1.8562558889389038
0.5555555555555556,-1.0047650337219238
-1.8888888888888888,2.6755716800689697
-11.77777777777778,-1.0047650337219238
-5.555555555555555,-7.005059242248535
-1.3333333333333333,-2.0054266452789307
-1.8888888888888888,-0.1435636281967163
0.0,2.533325672149658
0.8888888888888888,2.746647596359253
5.0,1.6100778579711914
2.4444444444444446,-1.578861951828003
-0.1111111111111111,-6.141480445861816
2.111111111111111,5.778320789337158
-0.2222222222222222,1.2908538579940796
19.444444444444443,23.470483779907227
3.7777777777777777,4.842827320098877
-3.111111111111111,-2.779803514480591
7.555555555555555,9.728349685668945
1.5555555555555556,-1.2673447132110596
-1.1111111111111112,-2.7864105701446533
-1.6666666666666667,-0.2927401065826416
3.111111111111111,2.9056527614593506
-1.6666666666666667,0.48563629388809204
1.3333333333333333,3.322857141494751
-10.555555555555555,-3.0361826419830322
-5.333333333333333,-0.2641454339027405
-0.8888888888888888,-0.0962134599685669
-6.111111111111111,6.457456111907959
-12.333333333333334,-3.166879177093506
-6.111111111111111,-0.9434064626693726
-6.111111111111111,-1.3169395923614502
-10.22222222222222,-7.777915000915527
4.444444444444445,-1.5865181684494019
-2.555555555555556,3.837475299835205
-8.777777777777779,-5.723712921142578
-14.555555555555555,-1.0391902923583984
-15.0,-1.6824116706848145
31.33333333333333,27.812002182006836
-20.11111111111111,-13.62685489654541
-3.4444444444444446,-4.8857340812683105
-0.1111111111111111,0.9680213928222656
-1.3333333333333333,1.8945300579071045
1.6666666666666667,-2.3316876888275146
-4.888888888888889,-9.2129487991333
2.333333333333333,-1.8905620574951172
-13.333333333333334,-13.088614463806152
0.5555555555555556,-1.877107858657837
1.2222222222222223,0.19279444217681885
-8.777777777777779,-7.244499683380127
-0.2222222222222222,2.8902857303619385
3.2222222222222223,3.138928174972534
-2.7777777777777777,-4.055931568145752
-3.333333333333333,-4.525345325469971
-5.0,-4.080191612243652
-3.333333333333333,-5.045380592346191
-6.777777777777778,-3.791332483291626
1.0,-2.942580223083496
-4.444444444444445,-1.031194806098938
-2.111111111111111,1.7194249629974365
-20.55555555555556,-5.904817581176758
3.333333333333333,1.4517402648925781
-4.777777777777778,-4.837493419647217
-1.4444444444444444,-4.321498394012451
-9.11111111111111,-5.0682759284973145
-12.666666666666666,-6.900238037109375
-21.11111111111111,-0.2044335901737213
3.555555555555556,1.5929450988769531
-4.777777777777778,2.1447746753692627
-5.888888888888889,-7.573884963989258
-7.555555555555555,-11.301689147949219
-3.555555555555556,-4.901940822601318
3.0,-0.9213693141937256
4.0,2.494539260864258
-5.333333333333333,0.7260816097259521
17.444444444444443,7.097114562988281
-11.77777777777778,-9.181899070739746
-4.888888888888889,-2.461604356765747
6.444444444444445,-1.33567214012146
4.0,2.8440945148468018
-9.88888888888889,-1.013273000717163
15.77777777777778,13.285781860351562
0.6666666666666666,-1.184173583984375
-9.444444444444445,-6.818001747131348
-1.7777777777777777,-3.9881136417388916
2.333333333333333,3.315953493118286
-4.222222222222222,-2.9578025341033936
-8.11111111111111,-5.64040470123291
1.8888888888888888,-2.553539276123047
-12.555555555555555,-6.838505268096924
5.444444444444445,1.0861105918884277
-3.111111111111111,-3.1323599815368652
-2.555555555555556,-3.4505579471588135
5.666666666666667,2.4599859714508057
1.4444444444444444,1.2579684257507324
-3.0,-0.5368549823760986
-0.1111111111111111,-2.2306089401245117
1.1111111111111112,-5.57670783996582
-0.8888888888888888,-1.7448853254318237
-7.333333333333333,-4.236482620239258
-13.77777777777778,3.4978244304656982
0.7777777777777778,-2.3926897048950195
-2.6666666666666665,0.09543746709823608
-19.55555555555556,-5.009746074676514
5.0,-0.8759134411811829
-2.2222222222222223,-2.960083484649658
1.0,-4.256028652191162
-3.0,-2.586423635482788
-3.888888888888889,-3.0976576805114746
-3.4444444444444446,-4.265223979949951
5.0,1.6305011510849
19.22222222222222,15.353652954101562
-2.4444444444444446,-3.05641770362854
6.222222222222222,-1.3973348140716553
-5.333333333333333,-1.1992385387420654
-10.77777777777778,-2.2867777347564697
0.0,-2.0398690700531006
1.8888888888888888,-3.5467281341552734
21.55555555555556,14.399096488952637
-7.777777777777778,-7.031578540802002
-7.222222222222222,-10.714712142944336
-1.7777777777777777,-2.7666871547698975
5.444444444444445,0.9510971307754517
-3.888888888888889,-0.8899681568145752
-8.222222222222221,-2.5490479469299316
6.111111111111111,0.21547448635101318
2.7777777777777777,1.789557695388794
-6.333333333333333,-9.063599586486816
0.2222222222222222,-1.8754962682724
-7.777777777777778,2.6687636375427246
1.2222222222222223,-5.689788341522217
3.4444444444444446,-0.2649414539337158
-2.888888888888889,-1.3829028606414795
14.88888888888889,11.179171562194824
-1.7777777777777777,-0.6912813186645508
-3.888888888888889,-3.566494941711426
-5.777777777777778,-6.081731796264648
27.11111111111111,15.009121894836426
1.7777777777777777,-2.4575772285461426
0.3333333333333333,-4.49989128112793
-12.77777777777778,-17.412771224975586
27.88888888888889,18.601057052612305
-4.222222222222222,-3.977644205093384
-1.2222222222222223,0.2560504674911499
-3.0,1.2546268701553345
3.6666666666666665,2.944244146347046
-1.5555555555555556,-2.466554880142212
-4.222222222222222,-5.756988525390625
-0.7777777777777778,-1.3157554864883423
6.777777777777778,7.247751712799072
-0.7777777777777778,-1.6590896844863892
-8.777777777777779,-8.730025291442871
0.2222222222222222,0.822134256362915
-0.2222222222222222,1.4825329780578613
-8.0,-0.7571558952331543
-4.333333333333333,-3.731562614440918
-3.0,-1.9768186807632446
-7.666666666666667,-8.251193046569824
1.1111111111111112,-3.14717960357666
-0.5555555555555556,-2.387674570083618
-2.111111111111111,-4.851767539978027
-7.555555555555555,-1.0246473550796509
17.666666666666668,19.611360549926758
-8.11111111111111,-6.901089668273926
19.55555555555556,13.549890518188477
-6.555555555555555,-0.857033908367157
10.555555555555555,-0.2904094457626343
-14.444444444444445,-14.639541625976562
6.666666666666667,-2.5668394565582275
-3.888888888888889,2.7748608589172363
-6.333333333333333,4.470096588134766
-6.666666666666667,-0.38121986389160156
-4.444444444444445,-1.5609747171401978
-2.111111111111111,-3.0903449058532715
-10.333333333333334,-3.7666797637939453
-6.111111111111111,-6.3655877113342285
20.666666666666668,18.15741539001465
-5.444444444444445,-0.9100110530853271
7.555555555555555,6.80096435546875
-1.4444444444444444,-4.967085361480713
-7.222222222222222,-0.6317417621612549
-3.111111111111111,-5.850564002990723
-3.555555555555556,-6.385620594024658
-2.4444444444444446,-0.8808961510658264
-1.1111111111111112,-1.0544970035552979
-7.555555555555555,-2.1503591537475586
10.11111111111111,7.8672051429748535
-1.4444444444444444,-1.9987472295761108
-2.333333333333333,-6.302863121032715
-1.6666666666666667,-0.7113717794418335
8.88888888888889,9.389687538146973
-3.888888888888889,-2.081125497817993
-6.222222222222222,-3.834101438522339
-11.88888888888889,-6.292357444763184
-1.5555555555555556,-0.007206916809082031
7.111111111111111,0.6470212936401367
4.666666666666667,-5.929607391357422
2.4444444444444446,-1.0927330255508423
1.5555555555555556,-5.205646514892578
3.333333333333333,-5.284888744354248
-10.11111111111111,-7.883391380310059
-8.444444444444445,-5.9142255783081055
-2.555555555555556,-5.64434814453125
2.4444444444444446,0.38443875312805176
2.888888888888889,1.9744572639465332
-4.111111111111111,-3.1789638996124268
-10.444444444444445,-7.983671188354492
17.666666666666668,8.808036804199219
27.77777777777778,29.144493103027344
-1.7777777777777777,0.039061546325683594
11.88888888888889,9.09892463684082
0.5555555555555556,-0.3642815351486206
6.444444444444445,1.3092122077941895
-4.0,-5.2424798011779785
-7.444444444444445,-11.8521728515625
-4.555555555555555,-3.1089084148406982
12.333333333333334,10.841864585876465
6.0,2.644355297088623
-2.0,-2.370220422744751
1.6666666666666667,-2.0064542293548584
17.333333333333332,17.735551834106445
10.11111111111111,4.016270160675049
-1.2222222222222223,-0.5901222229003906
5.666666666666667,5.04913854598999
-3.0,-5.692037582397461
-0.2222222222222222,1.70278000831604
6.888888888888889,5.096971035003662
1.4444444444444444,4.547842025756836
-1.2222222222222223,-6.335428714752197
-2.333333333333333,-1.5799853801727295
-7.888888888888889,-9.069973945617676
20.22222222222222,15.095190048217773
-6.111111111111111,-1.1756280660629272
-12.444444444444445,-13.537734985351562
-7.888888888888889,-7.287783622741699
1.2222222222222223,1.7151877880096436
-2.888888888888889,-0.3867143392562866
-17.333333333333332,-13.788463592529297
0.0,2.6116504669189453
5.222222222222222,4.251759052276611
5.111111111111111,-1.9883050918579102
-5.444444444444445,-2.0268731117248535
10.22222222222222,-2.154958963394165
-1.6666666666666667,-3.300809144973755
-4.444444444444445,-2.8819360733032227
18.11111111111111,19.317251205444336
-4.777777777777778,-1.9653842449188232
5.333333333333333,3.173017978668213
-2.555555555555556,-1.2459527254104614
5.888888888888889,11.689218521118164
8.11111111111111,7.631302356719971
-0.4444444444444444,-1.343018651008606
-5.444444444444445,-2.3672666549682617
-0.6666666666666666,-2.3895647525787354
-5.444444444444445,-12.029230117797852
-17.0,-11.557474136352539
-1.0,-0.5497410297393799
2.333333333333333,1.163232445716858
0.2222222222222222,-0.6796834468841553
-2.7777777777777777,-3.829730272293091
-6.777777777777778,-3.201911211013794
0.4444444444444444,0.6700971126556396
0.6666666666666666,-5.289652347564697
-0.7777777777777778,-5.106497287750244
-7.555555555555555,-2.19441556930542
-7.333333333333333,0.9993801116943359
-12.77777777777778,-5.712120532989502
0.2222222222222222,-0.27289879322052
9.77777777777778,2.13153338432312
-6.222222222222222,-6.235989093780518
-4.888888888888889,-1.687352180480957
-10.11111111111111,-9.21323013305664
-8.777777777777779,-9.520156860351562
-2.111111111111111,-0.19795405864715576
1.6666666666666667,2.120318651199341
-0.7777777777777778,-2.198641538619995
-0.1111111111111111,-5.797294616699219
-0.5555555555555556,3.947922706604004
-6.666666666666667,-0.7230725288391113
-9.88888888888889,-4.6561079025268555
-8.666666666666666,-7.3467230796813965
0.6666666666666666,-0.15212005376815796
-0.7777777777777778,-1.0103411674499512
0.3333333333333333,1.9195411205291748
1.3333333333333333,-2.7571303844451904
-2.2222222222222223,-0.4438772201538086
-6.444444444444445,-2.858428478240967
2.4444444444444446,2.231091022491455
-5.555555555555555,-9.44297981262207
-8.444444444444445,-7.862200736999512
15.0,2.04642391204834
2.2222222222222223,5.430199146270752
2.6666666666666665,-3.421213388442993
-2.7777777777777777,-0.7064985036849976
-5.222222222222222,-5.178093433380127
-8.555555555555555,-4.592287063598633
-3.0,-6.583220958709717
-1.6666666666666667,-0.46958404779434204
-1.0,-2.1785941123962402
-0.4444444444444444,0.6492370367050171
37.11111111111112,13.006522178649902
-4.444444444444445,-6.4832305908203125
0.5555555555555556,0.9056105613708496
-16.0,-0.7331438064575195
-10.22222222222222,-2.8590872287750244
-2.333333333333333,-2.397439956665039
-4.333333333333333,0.22517156600952148
-1.8888888888888888,-1.0854260921478271
-4.777777777777778,-3.148012638092041
-8.666666666666666,-3.941113233566284
0.5555555555555556,0.07402873039245605
17.333333333333332,6.619539737701416
1.5555555555555556,1.0512564182281494
-4.222222222222222,-2.963545560836792
-6.111111111111111,-2.11156964302063
6.222222222222222,2.139565944671631
-1.3333333333333333,1.8794658184051514
6.333333333333333,7.11038064956665
9.444444444444445,2.531830072402954
-0.1111111111111111,-3.154146671295166
-6.0,3.7261030673980713
-4.666666666666667,-1.560247778892517
-6.666666666666667,-3.89198899269104
12.77777777777778,25.79685401916504
0.2222222222222222,-3.543520927429199
-14.555555555555555,-7.02150297164917
-9.333333333333334,-4.843583583831787
2.6666666666666665,0.6015953421592712
-1.3333333333333333,0.5320286750793457
-12.555555555555555,-5.282504081726074
-8.777777777777779,-7.782331466674805
2.6666666666666665,4.334614276885986
-7.222222222222222,-7.720792770385742
2.6666666666666665,8.279940605163574
-6.444444444444445,-6.852733612060547
-42.55555555555556,-14.368178367614746
4.777777777777778,5.220340728759766
0.5555555555555556,-7.37514591217041
-9.666666666666666,-2.3556103706359863
9.77777777777778,8.849322319030762
9.444444444444445,2.069612503051758
-2.7777777777777777,-3.405620813369751
2.0,1.3670430183410645
-2.111111111111111,-1.982143521308899
-10.666666666666666,1.443314790725708
-3.888888888888889,-1.2397912740707397
-0.6666666666666666,4.469336986541748
-6.111111111111111,-4.479526519775391
-2.555555555555556,-1.7814666032791138
-5.444444444444445,-5.573942184448242
-3.6666666666666665,-8.573484420776367
2.555555555555556,-3.875101089477539
4.333333333333333,-0.5988546013832092
-5.555555555555555,-7.815231800079346
-0.6666666666666666,-1.5917184352874756
-1.6666666666666667,0.7764988541603088
1.5555555555555556,1.178048849105835
-8.0,-4.554610729217529
1.2222222222222223,2.133316993713379
12.333333333333334,8.332944869995117
0.4444444444444444,-4.394464492797852
0.2222222222222222,3.346724033355713
0.4444444444444444,0.09699583053588867
0.1111111111111111,-2.297159194946289
0.3333333333333333,3.42368483543396
1.2222222222222223,0.6886401176452637
-1.4444444444444444,-2.4523236751556396
2.888888888888889,-0.08031249046325684
14.88888888888889,13.778813362121582
0.1111111111111111,-1.539959192276001
-4.888888888888889,-3.152493953704834
19.55555555555556,22.90690803527832
-3.7777777777777777,-4.693931579589844
-2.7777777777777777,-1.4595779180526733
-4.0,-3.0978453159332275
-4.111111111111111,-1.4481760263442993
-0.1111111111111111,-7.139611721038818
2.333333333333333,-3.162997007369995
0.6666666666666666,4.7453999519348145
1.0,1.881584882736206
-5.111111111111111,-5.344669342041016
-1.2222222222222223,-3.5114006996154785
-3.111111111111111,-1.1002813577651978
-16.333333333333332,-7.831797122955322
-7.555555555555555,-2.691934585571289
-7.777777777777778,-7.7860002517700195
-1.5555555555555556,-0.5078043937683105
-7.333333333333333,-4.628660202026367
1.1111111111111112,-1.2172874212265015
3.333333333333333,0.6055829524993896
-6.444444444444445,-0.21453452110290527
-6.0,-4.00618314743042
-1.7777777777777777,-6.8285417556762695
3.2222222222222223,1.7313239574432373
1.0,-0.22540438175201416
-8.0,-3.203932285308838
0.4444444444444444,1.1784565448760986
1.8888888888888888,-4.768130779266357
0.8888888888888888,-6.8850812911987305
-2.111111111111111,-1.633037805557251
21.55555555555556,17.435155868530273
4.444444444444445,0.1668717861175537
1.2222222222222223,-7.821962833404541
13.333333333333334,13.019659996032715
-17.22222222222222,-6.156285285949707
13.11111111111111,7.112659931182861
3.555555555555556,-3.7421233654022217
-3.4444444444444446,-7.224798202514648
11.22222222222222,-8.121404647827148
-4.555555555555555,0.6214230060577393
1.4444444444444444,-3.022324562072754
-5.0,-2.1822776794433594
15.22222222222222,12.873856544494629
4.444444444444445,1.5824217796325684
-7.666666666666667,-1.6425701379776
-3.111111111111111,-3.665851593017578
-6.666666666666667,-6.051212787628174
0.4444444444444444,0.9218337535858154
-4.111111111111111,-0.19659423828125
-2.2222222222222223,-2.3133938312530518
16.88888888888889,16.16035270690918
-4.0,-3.313450574874878
-11.333333333333334,-10.187511444091797
0.5555555555555556,2.0577614307403564
8.777777777777779,13.409846305847168
1.0,0.7318414449691772
-3.2222222222222223,-3.090956687927246
0.0,-0.7150216102600098
3.2222222222222223,3.29988431930542
1.2222222222222223,2.371962785720825
-4.111111111111111,-3.272995948791504
-2.4444444444444446,-4.170299053192139
2.0,-1.9886914491653442
-4.444444444444445,-4.653918266296387
-8.666666666666666,-7.70438814163208
-1.7777777777777777,-5.133439540863037
-4.333333333333333,-5.465826988220215
-5.333333333333333,-4.6875457763671875
2.0,1.654280185699463
-0.2222222222222222,-2.6036136150360107
4.222222222222222,-2.5046615600585938
6.444444444444445,1.6510214805603027
-15.88888888888889,-10.595796585083008
21.0,28.86824607849121
9.444444444444445,3.928548812866211
1.2222222222222223,2.306279420852661
-7.888888888888889,-4.110025405883789
-2.4444444444444446,-3.502432346343994
4.111111111111111,2.2359845638275146
3.888888888888889,-2.3565587997436523
-4.111111111111111,-3.25787615776062
-5.333333333333333,-9.756865501403809
31.22222222222222,-0.511672854423523
-4.888888888888889,-4.589183330535889
-5.777777777777778,-6.795019149780273
-1.8888888888888888,-4.709169387817383
19.55555555555556,15.420997619628906
-2.0,-2.3074424266815186
3.111111111111111,-0.20605814456939697
-1.1111111111111112,-6.7190093994140625
11.22222222222222,2.7784276008605957
3.555555555555556,-1.8284070491790771
-0.8888888888888888,-1.8768459558486938
24.88888888888889,17.852540969848633
-4.111111111111111,-2.769240379333496
13.88888888888889,15.067159652709961
-1.5555555555555556,-0.02706432342529297
-7.111111111111111,-7.166317939758301
-15.666666666666666,-11.90350341796875
-22.88888888888889,-13.47801685333252
9.666666666666666,4.58753776550293
2.2222222222222223,6.393809795379639
-3.4444444444444446,-1.9993460178375244
-6.555555555555555,-3.40286922454834
-14.0,-11.7610502243042
2.2222222222222223,1.9117770195007324
1.2222222222222223,-0.30524635314941406
-5.333333333333333,-2.178807020187378
-6.333333333333333,-1.1628578901290894
-4.0,-1.2564563751220703
-3.2222222222222223,-3.271637439727783
-1.8888888888888888,-2.917495012283325
0.3333333333333333,-9.97907543182373
7.777777777777778,7.147741317749023
-1.0,-4.881430625915527
-1.6666666666666667,3.704240560531616
-17.22222222222222,-6.713380813598633
-2.333333333333333,-1.2532087564468384
11.666666666666666,13.065167427062988
-0.6666666666666666,2.4262895584106445
1.2222222222222223,-1.448449969291687
19.33333333333333,1.9394950866699219
-3.888888888888889,-7.454204559326172
9.333333333333334,2.222240686416626
-2.555555555555556,-4.758472919464111
-7.555555555555555,-5.445504665374756
-0.1111111111111111,-6.013747215270996
3.888888888888889,0.32352614402770996
-7.888888888888889,-2.972804307937622
-1.0,1.757548451423645
-1.2222222222222223,-2.248359203338623
-6.222222222222222,-6.094615936279297
-1.3333333333333333,-4.048676013946533
-3.4444444444444446,-0.6006426215171814
0.7777777777777778,7.395181179046631
-6.333333333333333,-4.4935808181762695
-8.666666666666666,-4.554431915283203
-0.3333333333333333,1.8251426219940186
1.1111111111111112,-0.30946850776672363
3.7777777777777777,4.785106182098389
-4.888888888888889,-5.6828131675720215
7.666666666666667,7.733344078063965
7.333333333333333,7.763420104980469
10.11111111111111,-1.123220682144165
-2.7777777777777777,0.5450909733772278
-3.555555555555556,-4.1500139236450195
-4.0,-3.436244249343872
-5.333333333333333,-3.4915554523468018
1.6666666666666667,-2.2576708793640137
-2.555555555555556,-1.792571783065796
12.22222222222222,11.655284881591797
-2.888888888888889,-1.1292256116867065
-4.444444444444445,-1.3763413429260254
-3.6666666666666665,-1.7195076942443848
-0.7777777777777778,-1.5002708435058594
6.333333333333333,7.677680015563965
-9.555555555555555,-7.513245582580566
-6.111111111111111,-4.420092582702637
0.8888888888888888,-4.377933025360107
4.222222222222222,1.3377971649169922
-26.0,-25.461336135864258
12.88888888888889,11.991366386413574
-4.444444444444445,-4.512754440307617
-3.6666666666666665,-5.211565017700195
2.0,3.581467628479004
-8.11111111111111,-6.560873985290527
-0.2222222222222222,-6.382658958435059
4.888888888888889,5.2241034507751465
-4.888888888888889,-8.284122467041016
-3.555555555555556,-0.498166024684906
6.888888888888889,3.81805419921875
13.333333333333334,8.051438331604004
1.5555555555555556,-0.9966781139373779
-3.4444444444444446,-2.5109703540802
0.1111111111111111,-1.0946855545043945
3.2222222222222223,-3.3650033473968506
-6.222222222222222,-3.6716227531433105
-7.0,-4.881509304046631
4.333333333333333,5.644636631011963
0.7777777777777778,-0.21677660942077637
2.4444444444444446,-5.99708366394043
-0.2222222222222222,-7.01486873626709
7.333333333333333,3.298363447189331
0.3333333333333333,1.3390988111495972
-2.6666666666666665,-0.8432955741882324
0.2222222222222222,-1.684169054031372
-2.555555555555556,-4.400412559509277
-2.2222222222222223,-3.791926860809326
-1.2222222222222223,-3.1862776279449463
8.777777777777779,5.576981544494629
-1.3333333333333333,-0.6568422317504883
5.222222222222222,0.9975033402442932
0.1111111111111111,-0.1893482208251953
-3.333333333333333,-0.8331115245819092
2.6666666666666665,-1.342964768409729
-6.555555555555555,-1.563515067100525
-17.88888888888889,-5.9152655601501465
5.555555555555555,5.3002119064331055
6.333333333333333,9.032548904418945
4.777777777777778,1.7784883975982666
11.22222222222222,4.062929153442383
1.6666666666666667,-0.4101465940475464
-11.22222222222222,-6.587892055511475
-4.555555555555555,-4.725673198699951
-4.222222222222222,-7.591284275054932
0.5555555555555556,-0.07748919725418091
-8.11111111111111,-3.1488757133483887
10.0,14.139183044433594
3.888888888888889,0.8304997086524963
-2.555555555555556,-1.0986758470535278
-3.333333333333333,1.5313620567321777
0.7777777777777778,0.576807975769043
-4.0,-3.2664473056793213
-2.333333333333333,-3.628190040588379
1.8888888888888888,-2.5348305702209473
19.88888888888889,5.18644380569458
-12.333333333333334,-3.551144599914551
-5.222222222222222,-6.050350189208984
-7.777777777777778,-3.291576385498047
0.6666666666666666,-0.39743298292160034
0.7777777777777778,1.0475032329559326
4.444444444444445,2.718405246734619
-5.111111111111111,1.3680583238601685
-3.333333333333333,-5.081052780151367
-14.77777777777778,-10.837059020996094
5.0,2.955781936645508
-2.0,-1.6420433521270752
-1.6666666666666667,0.4929807186126709
-1.5555555555555556,-5.316861152648926
-2.4444444444444446,-3.081479072570801
7.777777777777778,4.403263568878174
1.2222222222222223,3.4976072311401367
-9.11111111111111,-6.372006893157959
-1.8888888888888888,-0.9712162017822266
-5.555555555555555,-6.089332103729248
1.3333333333333333,5.252529144287109
-0.5555555555555556,-0.402077317237854
-7.222222222222222,-3.411839246749878
15.444444444444445,21.730106353759766
-13.22222222222222,-5.935212135314941
-6.111111111111111,-2.17468523979187
-0.7777777777777778,0.9317808151245117
-13.0,-0.22806978225708008
-7.111111111111111,-4.864983558654785
-5.777777777777778,-1.9430791139602661
-2.111111111111111,-1.0798466205596924
-5.444444444444445,-6.976373672485352
-3.333333333333333,-2.8617255687713623
0.0,-2.9127042293548584
3.0,0.5585634708404541
26.444444444444443,25.989200592041016
2.6666666666666665,1.3522253036499023
-6.555555555555555,0.5587007999420166
-4.777777777777778,5.227721214294434
5.222222222222222,0.3591732978820801
-16.666666666666668,-11.404624938964844
5.888888888888889,2.3438093662261963
-5.0,-4.420417308807373
-4.555555555555555,-0.729616641998291
-4.555555555555555,-4.8708624839782715
2.2222222222222223,-1.761782169342041
1.5555555555555556,0.9236282110214233
-0.8888888888888888,-4.072290420532227
-8.444444444444445,-6.331394672393799
-2.7777777777777777,-3.5796594619750977
4.0,0.7742419242858887
-0.1111111111111111,2.492170572280884
7.555555555555555,5.993160247802734
-2.333333333333333,4.589509010314941
-4.333333333333333,-5.343691825866699
0.3333333333333333,-3.668985605239868
-3.0,-2.2415008544921875
3.333333333333333,-5.209414005279541
-4.555555555555555,-4.554691791534424
1.3333333333333333,-0.892017126083374
1.6666666666666667,0.9357836246490479
-4.555555555555555,-8.46824836730957
15.22222222222222,8.363917350769043
-3.7777777777777777,-2.9957244396209717
-0.3333333333333333,-4.479375839233398
-2.111111111111111,-2.5544285774230957
-1.7777777777777777,-0.5988608002662659
-0.7777777777777778,1.48006272315979
-4.888888888888889,1.1475619077682495
-3.111111111111111,-2.5175118446350098
-1.4444444444444444,-7.790856838226318
-5.777777777777778,-3.9608776569366455
16.88888888888889,13.812971115112305
0.1111111111111111,-1.7113288640975952
-4.888888888888889,-7.879467964172363
3.4444444444444446,-1.5122716426849365
-2.555555555555556,-7.1946611404418945
0.0,-2.61688494682312
0.8888888888888888,0.4229724407196045
-20.0,-14.694845199584961
3.333333333333333,1.2378474473953247
-2.4444444444444446,-0.807810366153717
-8.777777777777779,-5.893896102905273
-6.666666666666667,-6.025498390197754
-2.888888888888889,-1.6669690608978271
-5.444444444444445,-3.8276546001434326
-8.555555555555555,-1.2914190292358398
-0.4444444444444444,-0.3502528667449951
-2.111111111111111,-1.776095986366272
3.4444444444444446,-0.21297991275787354
-7.333333333333333,-7.37065315246582
-1.4444444444444444,-7.270355701446533
-11.88888888888889,-0.4977046251296997
-5.555555555555555,-0.4257745146751404
-6.333333333333333,-1.025674819946289
-1.0,-1.8597161769866943
0.4444444444444444,-0.13263177871704102
-11.444444444444445,-10.513301849365234
7.222222222222222,2.7749857902526855
-2.333333333333333,-1.8142329454421997
-8.222222222222221,-3.653029203414917
1.7777777777777777,1.4700300693511963
-11.333333333333334,-7.071862697601318
-4.333333333333333,-2.357351779937744
-9.555555555555555,-2.9032351970672607
0.4444444444444444,9.1912841796875
-8.777777777777779,-7.817807674407959
-8.333333333333334,-0.45734500885009766
-2.333333333333333,-3.008030414581299
19.55555555555556,-0.18387481570243835
-7.222222222222222,-12.92292308807373
-2.888888888888889,-2.504598379135132
-19.77777777777778,-17.58353614807129
7.111111111111111,4.926986217498779
-4.0,-3.050715446472168
-8.444444444444445,-7.022707939147949
6.444444444444445,8.036357879638672
13.11111111111111,-1.0047682523727417
-1.6666666666666667,-0.03579682111740112
1.7777777777777777,-4.113373756408691
-3.6666666666666665,-0.5716289281845093
15.444444444444445,14.047086715698242
-0.3333333333333333,2.8947222232818604
37.0,19.078262329101562
-4.666666666666667,2.521942615509033
-6.0,-4.779191017150879
34.55555555555556,31.302886962890625
-1.7777777777777777,-1.608184814453125
-3.888888888888889,-4.833090782165527
20.77777777777778,-0.9128924608230591
-4.777777777777778,-2.2551159858703613
-4.555555555555555,-4.562029838562012
-10.88888888888889,-1.676039695739746
-19.88888888888889,-2.0832018852233887
0.3333333333333333,-2.863229990005493
-0.6666666666666666,-8.110595703125
-11.444444444444445,-0.23820292949676514
-6.666666666666667,-7.215190887451172
23.666666666666668,16.822126388549805
2.0,-1.4023100137710571
-4.222222222222222,-7.931944847106934
-3.2222222222222223,-2.9729278087615967
-2.555555555555556,-4.638677597045898
-0.6666666666666666,-3.52252197265625
-6.222222222222222,-2.388483762741089
2.888888888888889,-2.9377729892730713
-0.8888888888888888,-0.3566552400588989
0.1111111111111111,-3.2338924407958984
0.6666666666666666,-0.8575077056884766
-23.88888888888889,-12.217005729675293
-2.555555555555556,0.27658379077911377
0.5555555555555556,10.813254356384277
-3.0,-6.59314489364624
-10.555555555555555,-7.930049419403076
3.333333333333333,0.12126731872558594
3.111111111111111,10.929893493652344
0.2222222222222222,-4.628730773925781
-2.7777777777777777,-5.784493446350098
-1.3333333333333333,0.18206453323364258
-2.6666666666666665,-1.626600742340088
-10.555555555555555,-2.3393754959106445
-2.0,-8.834603309631348
-1.7777777777777777,-1.564176321029663
-1.4444444444444444,0.594850480556488
-12.88888888888889,-10.40744686126709
-5.666666666666667,0.5742456912994385
23.0,27.90793228149414
0.2222222222222222,-2.5720889568328857
14.666666666666666,11.182848930358887
5.0,7.883711814880371
-4.222222222222222,-5.2936859130859375
-8.0,-5.039919376373291
1.5555555555555556,-2.000842571258545
0.1111111111111111,0.25424909591674805
2.333333333333333,0.6990781426429749
-3.7777777777777777,-0.8076938390731812
-0.2222222222222222,-3.1666135787963867
2.555555555555556,6.638446807861328
-10.333333333333334,-15.732361793518066
0.3333333333333333,-0.18316680192947388
-7.0,-4.295754909515381
-9.88888888888889,-9.87389850616455
4.666666666666667,4.807491779327393
-1.8888888888888888,-1.9276788234710693
-3.888888888888889,-2.5325026512145996
-13.0,-2.295197010040283
4.333333333333333,3.6299877166748047
-2.7777777777777777,-2.5335965156555176
-2.4444444444444446,-1.952793836593628
9.444444444444445,11.164410591125488
14.666666666666666,6.59454870223999
-5.555555555555555,-5.224645137786865
-3.4444444444444446,-1.6611328125
-9.333333333333334,-8.06049919128418
-1.8888888888888888,0.5802650451660156
-2.333333333333333,-4.885505676269531
5.555555555555555,2.366213321685791
-3.111111111111111,-6.548603534698486
11.88888888888889,6.214906215667725
-10.22222222222222,-4.88690710067749
2.888888888888889,7.31920862197876
9.555555555555555,3.0396552085876465
-0.4444444444444444,0.7793154716491699
-7.333333333333333,-0.8891134262084961
-8.666666666666666,-3.2833590507507324
-5.777777777777778,-3.574052095413208
6.777777777777778,2.631269693374634
-7.444444444444445,-4.663393497467041
-0.5555555555555556,-2.2963006496429443
-2.7777777777777777,-1.9531641006469727
-4.222222222222222,-10.645384788513184
-3.555555555555556,-1.1012283563613892
0.4444444444444444,-0.07975137233734131
2.6666666666666665,1.9061999320983887
15.444444444444445,24.163930892944336
0.8888888888888888,-3.4043304920196533
-3.0,-10.483036994934082
-3.888888888888889,-1.1610027551651
-2.888888888888889,-2.7426483631134033
-8.333333333333334,-6.3837127685546875
-5.333333333333333,-4.786561489105225
-2.0,-4.449611186981201
-5.111111111111111,-4.804893493652344
-1.6666666666666667,0.5125317573547363
1.8888888888888888,3.248744249343872
-6.0,-3.588719606399536
3.6666666666666665,3.5334372520446777
4.444444444444445,6.2834320068359375
-6.333333333333333,-8.16849422454834
-5.0,-4.84294319152832
-4.222222222222222,-6.505060195922852
-4.111111111111111,-2.687507152557373
-0.7777777777777778,-6.362668991088867
0.3333333333333333,-4.842614650726318
-2.888888888888889,-2.034935235977173
-2.7777777777777777,-4.194316864013672
5.666666666666667,5.333958625793457
-2.7777777777777777,-0.3023728132247925
0.3333333333333333,-3.3097381591796875
0.6666666666666666,3.11326003074646
-10.666666666666666,-4.550128936767578
-8.88888888888889,-6.527531147003174
2.4444444444444446,1.8944240808486938
-13.555555555555555,-8.551023483276367
2.4444444444444446,11.68099594116211
-1.6666666666666667,-3.6643199920654297
18.444444444444443,2.3599436283111572
-3.333333333333333,-3.948076009750366
-2.888888888888889,-1.6636391878128052
-4.222222222222222,-6.25716495513916
-1.1111111111111112,-1.2582145929336548
-3.7777777777777777,-0.17892980575561523
31.11111111111111,15.877495765686035
-2.2222222222222223,-3.3862953186035156
-3.555555555555556,-7.847990036010742
-3.888888888888889,-1.0755912065505981
-6.666666666666667,-6.501661777496338
-1.5555555555555556,-6.2340087890625
0.5555555555555556,-3.308745861053467
-4.222222222222222,-3.943143606185913
-18.22222222222222,-9.582019805908203
-2.333333333333333,-5.340497970581055
0.2222222222222222,-1.1973967552185059
3.2222222222222223,0.32553601264953613
3.4444444444444446,5.9749040603637695
-2.333333333333333,-2.313467502593994
2.7777777777777777,-4.478682994842529
1.3333333333333333,1.5075923204421997
-4.777777777777778,-2.5942721366882324
-8.11111111111111,-10.133694648742676
-0.7777777777777778,2.962523937225342
-7.444444444444445,-3.7320220470428467
1.3333333333333333,0.5485625267028809
-3.111111111111111,-2.8048102855682373
13.444444444444445,9.36618709564209
13.77777777777778,9.34605884552002
-2.888888888888889,1.9679861068725586
-3.111111111111111,-3.4635825157165527
-4.333333333333333,-5.236759185791016
3.2222222222222223,-0.11649489402770996
-0.1111111111111111,-2.9103662967681885
0.3333333333333333,1.024489164352417
0.0,1.6147596836090088
7.111111111111111,6.403844833374023
24.22222222222222,17.701553344726562
-6.0,-9.368368148803711
-11.0,-4.647747993469238
-2.111111111111111,-1.4168193340301514
-2.4444444444444446,-3.340038537979126
-2.2222222222222223,-2.7346348762512207
4.222222222222222,-1.6913423538208008
-9.22222222222222,-9.911396026611328
10.333333333333334,15.24360466003418
-3.555555555555556,-1.3299287557601929
17.555555555555557,15.747392654418945
1.8888888888888888,-4.795125484466553
1.8888888888888888,7.244968414306641
-5.666666666666667,-3.888047218322754
14.88888888888889,13.329421997070312
0.6666666666666666,4.456476211547852
1.1111111111111112,2.7969841957092285
-3.333333333333333,-2.6616899967193604
3.4444444444444446,0.5833932161331177
-6.555555555555555,-7.324488162994385
-6.888888888888889,-6.855370998382568
-2.888888888888889,-2.319861888885498
-2.2222222222222223,-5.583442211151123
2.333333333333333,0.9132578372955322
-4.666666666666667,-4.793456077575684
-2.888888888888889,-1.2718076705932617
-0.7777777777777778,-3.1345314979553223
-9.77777777777778,-3.236131429672241
-4.111111111111111,-6.2682576179504395
-7.777777777777778,-13.87252140045166
-4.111111111111111,-4.393923282623291
0.8888888888888888,1.2268311977386475
-7.666666666666667,-3.33103084564209
-4.333333333333333,1.8858225345611572
-11.666666666666666,-14.831506729125977
0.2222222222222222,-0.8235774636268616
-3.0,-4.864205837249756
-3.0,-5.881196975708008
8.444444444444445,10.451292991638184
-6.333333333333333,-3.975330352783203
-8.333333333333334,-8.440226554870605
-0.3333333333333333,0.37331879138946533
-7.222222222222222,-2.2860543727874756
-0.3333333333333333,0.11931169033050537
4.222222222222222,-0.7244355082511902
-2.555555555555556,-2.2313764095306396
-8.444444444444445,-9.613546371459961
-4.111111111111111,-3.9191231727600098
-0.1111111111111111,-0.49553072452545166
-2.555555555555556,0.6856341361999512
-2.4444444444444446,-6.349345684051514
-2.888888888888889,-0.504095196723938
10.11111111111111,6.507791996002197
-2.4444444444444446,-0.9586101770401001
7.0,5.509145736694336
-4.222222222222222,-4.836206912994385
-2.4444444444444446,-0.07978284358978271
-12.11111111111111,-12.320945739746094
0.3333333333333333,-1.6510796546936035
6.111111111111111,1.738372564315796
-16.666666666666668,-8.776065826416016
1.8888888888888888,1.3531155586242676
3.6666666666666665,3.0042428970336914
0.8888888888888888,1.5914032459259033
-6.777777777777778,-1.8052334785461426
-9.333333333333334,-8.690923690795898
-13.0,-8.334999084472656
1.3333333333333333,-3.510443687438965
2.333333333333333,1.3499596118927002
-2.888888888888889,-4.435170650482178
-8.0,7.45479679107666
1.3333333333333333,-3.6217634677886963
-1.0,1.8192057609558105
1.6666666666666667,2.0220534801483154
8.333333333333334,4.388598442077637
3.6666666666666665,9.336028099060059
-3.111111111111111,-1.942699670791626
-7.444444444444445,-5.942302703857422
2.6666666666666665,-1.9063540697097778
11.22222222222222,13.931356430053711
-2.0,-4.808039665222168
-2.555555555555556,-2.0578529834747314
-6.111111111111111,-5.7840447425842285
-5.111111111111111,-6.741445541381836
-8.777777777777779,-8.188215255737305
-10.11111111111111,-3.0992960929870605
-0.5555555555555556,-1.2228083610534668
1.8888888888888888,2.2954680919647217
-0.2222222222222222,-1.7055284976959229
-13.666666666666666,-7.000875473022461
1.6666666666666667,-0.8346365094184875
6.444444444444445,9.287737846374512
-5.111111111111111,-10.991374015808105
-1.0,-1.8531514406204224
2.6666666666666665,-4.064766883850098
-4.111111111111111,-4.636106491088867
-2.2222222222222223,-3.2971527576446533
-0.3333333333333333,-1.3335025310516357
-4.888888888888889,-4.018723487854004
25.11111111111111,27.256404876708984
-10.88888888888889,-5.175673484802246
2.555555555555556,-0.07374411821365356
-0.4444444444444444,-1.6648610830307007
-19.55555555555556,-8.223501205444336
-0.8888888888888888,0.06849497556686401
-6.555555555555555,-3.2944607734680176
-4.222222222222222,-2.3552284240722656
-5.0,-3.9997217655181885
-4.444444444444445,-2.52052640914917
-2.333333333333333,-3.861611843109131
-3.888888888888889,-0.11275243759155273
-2.111111111111111,-0.8975961208343506
-6.111111111111111,-2.1996986865997314
2.2222222222222223,1.982677698135376
-8.88888888888889,-9.304670333862305
1.8888888888888888,-0.9208164215087891
24.77777777777778,25.718475341796875
0.3333333333333333,-2.8102290630340576
-2.2222222222222223,-1.8125070333480835
8.555555555555555,2.6222352981567383
-2.7777777777777777,-4.690126419067383
3.4444444444444446,3.372119426727295
-2.555555555555556,-0.6076799631118774
2.555555555555556,0.7056719660758972
28.88888888888889,21.023605346679688
-18.11111111111111,-5.433527946472168
-5.666666666666667,2.61137056350708
-1.0,-7.75424861907959
0.3333333333333333,-3.196489095687866
0.3333333333333333,-3.5373806953430176
-1.3333333333333333,-0.07721865177154541
-4.888888888888889,-4.639521598815918
-7.555555555555555,-1.567629337310791
-6.888888888888889,1.103834867477417
-4.0,-0.9116958379745483
1.6666666666666667,2.643174648284912
8.666666666666666,1.5498709678649902
1.7777777777777777,4.3121232986450195
0.1111111111111111,2.1969099044799805
13.88888888888889,14.210984230041504
-0.3333333333333333,0.10307443141937256
8.444444444444445,0.4658477306365967
-0.2222222222222222,-2.823472261428833
-6.555555555555555,-5.617062568664551
2.6666666666666665,-3.190744400024414
-4.555555555555555,0.07495734095573425
-0.5555555555555556,-0.3862881064414978
-1.0,-3.0133373737335205
14.666666666666666,6.815588474273682
-2.4444444444444446,-8.457572937011719
-1.0,-6.402820110321045
-12.0,-11.086018562316895
-0.5555555555555556,-2.4668331146240234
-0.8888888888888888,-2.1834473609924316
-6.888888888888889,0.2353532314300537
-4.555555555555555,-2.754486322402954
0.1111111111111111,-3.8782238960266113
-5.333333333333333,-6.7811598777771
-6.777777777777778,-5.201837062835693
27.88888888888889,21.232831954956055
-7.888888888888889,-6.638006687164307
-0.2222222222222222,-1.3902740478515625
6.222222222222222,3.619243860244751
-14.444444444444445,-7.719738483428955
-5.555555555555555,-6.508930206298828
-13.555555555555555,-5.711371421813965
-9.88888888888889,-9.711606979370117
-7.333333333333333,-0.9827373027801514
0.0,-3.029686689376831
0.1111111111111111,1.1453943252563477
-5.555555555555555,-0.7427825927734375
-8.666666666666666,-7.107151985168457
-4.666666666666667,-6.698428630828857
0.4444444444444444,1.2756422758102417
0.0,2.0992584228515625
-5.444444444444445,-3.5626401901245117
0.2222222222222222,-1.8744113445281982
-16.555555555555557,-8.639579772949219
5.222222222222222,6.209964275360107
-4.333333333333333,-7.615918159484863
-2.555555555555556,-1.425430178642273
15.11111111111111,3.3692328929901123
-0.6666666666666666,-5.087406158447266
-0.4444444444444444,0.9666287302970886
-4.333333333333333,-3.533733367919922
-3.7777777777777777,-3.564945697784424
-2.333333333333333,0.3125920295715332
2.555555555555556,-9.544217109680176
15.88888888888889,13.823629379272461
-21.88888888888889,-13.344659805297852
21.444444444444443,20.24127197265625
4.333333333333333,-0.8149728775024414
-1.2222222222222223,-1.6154783964157104
1.2222222222222223,1.4319006204605103
-3.6666666666666665,0.592212975025177
3.0,4.188779830932617
-2.333333333333333,0.47820937633514404
-3.888888888888889,-4.824988842010498
14.444444444444445,-3.1031627655029297
-4.666666666666667,-8.104811668395996
-4.0,-1.5724056959152222
3.0,6.255639553070068
-6.555555555555555,-7.345992088317871
-4.333333333333333,0.2826298773288727
6.888888888888889,0.8356165885925293
0.4444444444444444,-3.350024938583374
-3.6666666666666665,-0.5491656064987183
28.444444444444443,15.765121459960938
3.0,-1.068725824356079
-24.11111111111111,-13.0806303024292
14.22222222222222,17.06022071838379
10.666666666666666,1.1195588111877441
3.4444444444444446,1.0157301425933838
-6.888888888888889,5.573785781860352
0.0,-4.219912052154541
9.11111111111111,7.093079566955566
-2.888888888888889,-3.5561368465423584
-11.0,-10.694801330566406
-4.111111111111111,-0.9255145788192749
-4.777777777777778,-4.47450065612793
22.11111111111111,6.423212051391602
8.222222222222221,5.526105880737305
-4.777777777777778,-1.853047251701355
-5.444444444444445,-8.933737754821777
1.5555555555555556,1.6643978357315063
-3.4444444444444446,-6.3241868019104
-2.555555555555556,-0.37391090393066406
-5.111111111111111,-5.942978382110596
-11.333333333333334,-2.969627857208252
-5.777777777777778,-5.024840831756592
-10.555555555555555,-7.006701946258545
-13.666666666666666,0.13657069206237793
-4.888888888888889,-1.8909190893173218
1.2222222222222223,-3.026628255844116
-5.888888888888889,-7.327407360076904
-2.555555555555556,-7.906506061553955
-9.333333333333334,-3.677354335784912
-9.22222222222222,-5.363173484802246
-8.333333333333334,-3.3956055641174316
-2.0,4.162464141845703
-5.333333333333333,-4.2300028800964355
-0.2222222222222222,-2.0895607471466064
0.4444444444444444,1.2497153282165527
-3.333333333333333,-1.7545881271362305
1.5555555555555556,-0.21516084671020508
-2.2222222222222223,-1.7530964612960815
-3.888888888888889,-4.727236270904541
11.444444444444445,10.067805290222168
12.666666666666666,14.722220420837402
1.3333333333333333,1.7391502857208252
-5.555555555555555,-1.6982176303863525
-2.0,-1.4600529670715332
-2.0,-1.8052762746810913
-5.222222222222222,-1.5477789640426636
-0.5555555555555556,-0.6753331422805786
9.333333333333334,3.3187403678894043
5.333333333333333,4.615383625030518
-6.0,-5.352801322937012
-4.777777777777778,-1.0180015563964844
-5.555555555555555,-2.7479140758514404
-7.333333333333333,-3.67396879196167
9.444444444444445,4.067659854888916
2.555555555555556,-3.071072816848755
-1.2222222222222223,-1.4031572341918945
-1.1111111111111112,0.509013831615448
-10.0,-7.847960948944092
0.4444444444444444,1.3125767707824707
-4.444444444444445,0.7742180824279785
-9.666666666666666,-6.960447788238525
1.3333333333333333,-4.4837965965271
-0.8888888888888888,-0.5792160034179688
-1.7777777777777777,-1.2799681425094604
2.2222222222222223,-2.313995838165283
-2.2222222222222223,-7.3441314697265625
0.5555555555555556,0.6792211532592773
-9.88888888888889,-9.37608528137207
4.444444444444445,9.919645309448242
-1.0,-3.4042258262634277
-2.888888888888889,0.13669180870056152
-6.0,-7.460877895355225
-0.2222222222222222,0.5117084980010986
-5.222222222222222,-1.9446762800216675
-3.0,-0.09782040119171143
0.5555555555555556,-0.11472058296203613
-5.0,-6.729841232299805
-2.6666666666666665,-2.4861183166503906
-10.444444444444445,-5.6520304679870605
-0.7777777777777778,-6.215939998626709
7.111111111111111,2.410620927810669
-4.222222222222222,-7.172316074371338
2.111111111111111,4.217703819274902
-0.1111111111111111,-2.4213974475860596
42.55555555555556,26.822711944580078
-8.11111111111111,-5.820586204528809
-3.6666666666666665,-0.9300627708435059
-4.777777777777778,-6.77276611328125
1.7777777777777777,1.9830710887908936
7.222222222222222,6.225910186767578
-2.111111111111111,-1.949786901473999
-9.0,-1.5869060754776
1.3333333333333333,2.2697744369506836
-1.4444444444444444,-2.142713785171509
32.44444444444444,30.582172393798828
10.0,10.993026733398438
-5.666666666666667,-4.450216293334961
4.111111111111111,1.2079092264175415
-9.0,-7.971377372741699
21.22222222222222,23.44251251220703
-6.666666666666667,-7.206151008605957
3.0,4.290746688842773
-1.4444444444444444,-1.7162412405014038
-0.2222222222222222,-0.17514288425445557
-1.1111111111111112,-2.1515896320343018
-8.555555555555555,-9.510319709777832
0.7777777777777778,-2.6416971683502197
4.555555555555555,0.8817774057388306
4.222222222222222,-0.1216079592704773
-41.333333333333336,-12.367951393127441
-4.888888888888889,-1.3174482583999634
4.555555555555555,3.337519884109497
2.2222222222222223,1.4872528314590454
-1.5555555555555556,-6.547929763793945
-0.4444444444444444,-1.1766490936279297
-0.8888888888888888,-2.890399217605591
10.0,14.146089553833008
-8.222222222222221,-1.3710825443267822
18.444444444444443,6.554685115814209
-4.888888888888889,-3.7660725116729736
0.1111111111111111,-4.05551290512085
-5.555555555555555,0.9653997421264648
-2.4444444444444446,-5.608908176422119
-5.222222222222222,-5.563469886779785
29.666666666666668,16.49366569519043
0.0,1.4785079956054688
2.2222222222222223,-0.042495131492614746
20.88888888888889,24.614967346191406
-2.333333333333333,6.275012969970703
-4.111111111111111,-0.6905380487442017
-10.444444444444445,-13.063830375671387
-10.77777777777778,-10.974791526794434
-4.666666666666667,-9.511079788208008
8.777777777777779,3.5916881561279297
-3.2222222222222223,-5.518692970275879
-1.4444444444444444,-2.273310661315918
-1.1111111111111112,-0.3830481767654419
6.888888888888889,4.067088603973389
-5.444444444444445,-8.544071197509766
2.4444444444444446,0.6532957553863525
-12.555555555555555,-4.088685035705566
17.444444444444443,15.518091201782227
0.1111111111111111,-1.3341107368469238
9.666666666666666,6.531552791595459
-3.0,-3.926243782043457
3.0,-0.45125478506088257
-0.1111111111111111,-6.682320594787598
-10.333333333333334,-4.79058313369751
1.3333333333333333,-0.5372416973114014
-10.77777777777778,-10.162786483764648
0.3333333333333333,-1.3026463985443115
2.2222222222222223,1.5445773601531982
-4.777777777777778,-4.552344799041748
-2.4444444444444446,-3.316143035888672
1.6666666666666667,5.233176231384277
-2.7777777777777777,-1.8383864164352417
0.2222222222222222,2.3488361835479736
-2.555555555555556,-3.124077320098877
2.333333333333333,-3.6472575664520264
1.6666666666666667,-0.8035184741020203
-1.6666666666666667,-4.370724201202393
-1.8888888888888888,-1.184858798980713
-5.888888888888889,-3.739797830581665
-0.6666666666666666,0.7823491096496582
-0.8888888888888888,-1.5227097272872925
1.5555555555555556,1.8806804418563843
-4.222222222222222,-2.76027250289917
1.7777777777777777,3.139674186706543
-6.111111111111111,-8.142909049987793
-2.4444444444444446,-1.086369276046753
-0.7777777777777778,-0.4265480041503906
8.0,7.628717422485352
1.3333333333333333,0.0132216215133667
20.33333333333333,18.085664749145508
1.3333333333333333,0.06835353374481201
-4.222222222222222,-4.431858539581299
-8.777777777777779,-5.762119293212891
-4.333333333333333,-4.254136085510254
-2.7777777777777777,-3.7805981636047363
6.0,4.768894195556641
0.1111111111111111,0.5076451301574707
-2.888888888888889,-2.459625482559204
-0.1111111111111111,-0.8487957715988159
-2.7777777777777777,-1.754338026046753
-10.11111111111111,-9.766918182373047
-10.0,-10.587312698364258
-2.555555555555556,-3.498506546020508
3.4444444444444446,3.647665500640869
3.4444444444444446,3.454902172088623
-1.6666666666666667,1.9415051937103271
-1.6666666666666667,-2.7877135276794434
1.5555555555555556,3.0912423133850098
5.666666666666667,6.822545528411865
5.777777777777778,1.9233613014221191
6.666666666666667,3.317241668701172
5.333333333333333,1.7768628597259521
7.222222222222222,7.51290225982666
-10.333333333333334,-8.490230560302734
0.4444444444444444,4.101552963256836
8.666666666666666,13.528545379638672
-6.555555555555555,-3.9241161346435547
1.7777777777777777,-0.4713120460510254
-6.777777777777778,-8.718435287475586
7.111111111111111,6.671004772186279
-1.6666666666666667,-0.8953454494476318
-0.6666666666666666,-1.352384328842163
8.777777777777779,0.5807807445526123
-0.6666666666666666,-2.673410654067993
-7.777777777777778,-5.643026351928711
5.888888888888889,3.550276279449463
-4.111111111111111,-2.6293752193450928
-4.111111111111111,-2.096618413925171
0.6666666666666666,-1.7197245359420776
-7.0,-7.967817306518555
-1.0,-1.1108500957489014
-0.6666666666666666,-6.621171474456787
6.777777777777778,5.641267776489258
0.5555555555555556,2.0947725772857666
-1.3333333333333333,-0.3506070375442505
-2.111111111111111,-1.8583812713623047
-8.11111111111111,-7.7304582595825195
3.4444444444444446,0.4863041639328003
-5.444444444444445,-6.35203742980957
-1.5555555555555556,-2.0526809692382812
-3.2222222222222223,-2.3061516284942627
4.444444444444445,-0.6825342178344727
-1.3333333333333333,0.16935652494430542
-8.333333333333334,-4.23851203918457
-5.0,-4.658213138580322
1.0,1.691469669342041
0.8888888888888888,-1.4391175508499146
-8.444444444444445,-0.8005372285842896
-5.222222222222222,-5.587697982788086
-4.888888888888889,-2.4534733295440674
8.333333333333334,-0.9946715831756592
7.333333333333333,3.9590160846710205
1.2222222222222223,-2.5002965927124023
-8.88888888888889,-1.9615395069122314
4.333333333333333,0.4844849109649658
-0.6666666666666666,0.7990937232971191
3.111111111111111,-0.43966519832611084
3.555555555555556,4.430665969848633
-3.111111111111111,0.7259777188301086
-1.8888888888888888,-6.763258934020996
1.6666666666666667,-1.749914288520813
-7.666666666666667,-7.3542890548706055
-4.111111111111111,-0.3308340311050415
3.4444444444444446,2.5356860160827637
-9.333333333333334,-5.437577724456787
1.5555555555555556,2.0523154735565186
7.333333333333333,6.28993034362793
-7.111111111111111,-1.8957606554031372
-0.2222222222222222,2.284599542617798
7.333333333333333,-1.2324638366699219
0.6666666666666666,-3.185598373413086
-2.0,-0.5891046524047852
-5.888888888888889,-7.952045440673828
-5.666666666666667,-3.526245594024658
1.7777777777777777,-0.17768871784210205
-14.666666666666666,-6.026462078094482
-15.333333333333334,-7.203912734985352
-7.777777777777778,-5.499969005584717
3.6666666666666665,0.662348747253418
-6.444444444444445,-5.880626201629639
-1.3333333333333333,0.9549205303192139
-11.333333333333334,-1.1871552467346191
-15.88888888888889,-10.835570335388184
0.3333333333333333,2.420238733291626
5.888888888888889,2.659008026123047
-5.555555555555555,-4.613268852233887
-4.222222222222222,0.859412670135498
-1.3333333333333333,-3.754882574081421
-3.2222222222222223,-2.4111320972442627
-0.1111111111111111,-1.324357271194458
-6.666666666666667,-0.8926728963851929
-7.333333333333333,-1.9476861953735352
-5.111111111111111,-2.3351476192474365
5.222222222222222,5.024472236633301
-7.444444444444445,-2.732149839401245
17.444444444444443,21.88163948059082
-3.4444444444444446,-1.6686577796936035
-5.333333333333333,-6.291896343231201
3.6666666666666665,2.1656689643859863
-2.4444444444444446,0.6996263265609741
-21.0,-7.606282711029053
-8.333333333333334,-5.389926433563232
-3.333333333333333,-2.8693249225616455
1.5555555555555556,2.4605350494384766
-3.0,0.06338083744049072
-14.333333333333334,-8.82117748260498
-2.2222222222222223,0.943719744682312
5.0,8.369613647460938
0.4444444444444444,-1.887487769126892
-8.222222222222221,-2.757209539413452
2.7777777777777777,0.2060171365737915
-12.444444444444445,-14.213022232055664
5.555555555555555,-0.4786696434020996
-2.111111111111111,0.0141068696975708
-1.6666666666666667,-0.1930980682373047
-9.88888888888889,-6.789981365203857
-7.333333333333333,0.29840970039367676
-10.88888888888889,-5.866418838500977
-4.777777777777778,-2.2900898456573486
-5.111111111111111,0.6935198903083801
0.8888888888888888,1.0118666887283325
2.333333333333333,-0.5264058709144592
1.3333333333333333,7.226757049560547
-3.333333333333333,1.2086710929870605
5.555555555555555,-1.9588956832885742
-2.6666666666666665,-3.356250524520874
-4.555555555555555,10.375572204589844
4.0,1.7762808799743652
-1.0,-0.06403398513793945
1.3333333333333333,2.3455371856689453
-21.0,-6.221376895904541
-1.6666666666666667,1.8255794048309326
2.111111111111111,-0.23369348049163818
-7.888888888888889,-6.016590595245361
-0.3333333333333333,-0.4892864227294922
2.0,0.5432915687561035
26.11111111111111,26.277360916137695
-0.1111111111111111,-3.034823179244995
-0.7777777777777778,-1.553049921989441
-11.0,-10.433496475219727
4.222222222222222,3.997791051864624
-1.7777777777777777,-1.9234097003936768
-9.0,-7.575322151184082
-4.555555555555555,-5.896790504455566
-5.0,-4.271792411804199
0.7777777777777778,1.0736881494522095
-3.333333333333333,-2.2698965072631836
-3.111111111111111,-1.591745138168335
5.0,4.656918525695801
-1.2222222222222223,-2.941929578781128
-7.555555555555555,-0.8611114025115967
-3.4444444444444446,0.5591676235198975
-7.555555555555555,-2.90339994430542
-8.444444444444445,-7.706620693206787
-2.555555555555556,-1.1995164155960083
-2.2222222222222223,0.8081767559051514
-3.4444444444444446,-4.660204887390137
4.888888888888889,-1.4117701053619385
4.111111111111111,-3.3398184776306152
-11.22222222222222,-7.722351551055908
-5.0,-9.035179138183594
0.8888888888888888,-0.7879542708396912
-0.7777777777777778,-5.211368083953857
-5.444444444444445,-2.1237478256225586
-9.11111111111111,-2.9973762035369873
-0.8888888888888888,3.1167569160461426
-2.0,-6.395831108093262
-2.6666666666666665,-4.163425445556641
21.55555555555556,16.27826690673828
11.77777777777778,-0.22954410314559937
14.88888888888889,16.052433013916016
-0.8888888888888888,3.5746347904205322
1.4444444444444444,-1.1096036434173584
-2.7777777777777777,-1.197646975517273
-2.7777777777777777,-2.652651071548462
-8.777777777777779,-1.0634911060333252
-3.555555555555556,-5.290226936340332
-9.444444444444445,-6.523904323577881
2.0,3.801072835922241
-7.0,-6.064665794372559
0.1111111111111111,1.5855965614318848
-5.888888888888889,-6.249465465545654
-11.444444444444445,-4.131260395050049
-5.777777777777778,-4.682580947875977
-0.4444444444444444,-1.147773027420044
-1.7777777777777777,-0.661738395690918
-1.4444444444444444,1.562157392501831
-4.333333333333333,-5.7944254875183105
-8.555555555555555,-10.021820068359375
-8.222222222222221,-3.22314453125
0.4444444444444444,1.6480910778045654
-4.555555555555555,-8.929852485656738
-6.0,-3.5262131690979004
-1.0,-3.144766330718994
-4.333333333333333,-4.447205543518066
-4.111111111111111,-6.020752906799316
16.0,17.694368362426758
-3.4444444444444446,-3.970963478088379
-3.111111111111111,-3.9531168937683105
10.77777777777778,11.017901420593262
8.222222222222221,7.6750969886779785
0.3333333333333333,0.4875142574310303
0.2222222222222222,-1.632154107093811
-14.88888888888889,-10.943471908569336
3.333333333333333,3.972075939178467
1.0,2.871670722961426
0.6666666666666666,0.8152461051940918
-4.333333333333333,-5.305642127990723
0.3333333333333333,-1.0864683389663696
-4.444444444444445,-5.205193996429443
0.2222222222222222,-3.0938587188720703
5.222222222222222,3.780484199523926
-2.7777777777777777,-2.082073926925659
-2.0,-3.5934255123138428
28.444444444444443,22.62405776977539
-6.0,-4.624011039733887
-6.666666666666667,-2.6281239986419678
-3.888888888888889,-6.52584981918335
-10.11111111111111,-7.045494079589844
-4.777777777777778,-3.8026747703552246
1.4444444444444444,1.9993062019348145
-5.0,-7.639048099517822
0.1111111111111111,-0.3234570324420929
-6.444444444444445,-8.893027305603027
-2.333333333333333,-8.015104293823242
-1.6666666666666667,-3.246206045150757
-4.111111111111111,-4.942093372344971
-10.0,-4.519303321838379
2.7777777777777777,-3.6761720180511475
-1.5555555555555556,-0.46529531478881836
-4.666666666666667,-6.711116313934326
-5.444444444444445,-2.303163766860962
2.0,-0.5582396984100342
-6.222222222222222,-2.3896243572235107
-10.11111111111111,-6.535686492919922
9.555555555555555,4.725852012634277
-10.0,-7.486980438232422
-6.444444444444445,-5.586260795593262
0.8888888888888888,-5.695652961730957
-0.5555555555555556,-0.9221850037574768
-1.8888888888888888,1.069897174835205
3.888888888888889,-1.1423271894454956
3.333333333333333,-1.5065501928329468
17.0,4.935354709625244
-0.7777777777777778,-0.9220271706581116
-3.2222222222222223,0.8446648120880127
-4.777777777777778,-4.059111595153809
-3.2222222222222223,-13.179699897766113
-4.222222222222222,-3.2051782608032227
-9.11111111111111,1.0424904823303223
-6.333333333333333,-10.323246955871582
-4.666666666666667,-1.3670613765716553
9.444444444444445,3.0774590969085693
1.6666666666666667,-4.197334289550781
-3.0,-3.0527806282043457
-5.444444444444445,-3.4441885948181152
2.111111111111111,1.166867971420288
-5.888888888888889,-4.636316776275635
-1.8888888888888888,-1.8007349967956543
-4.777777777777778,-2.612449884414673
2.111111111111111,2.8045904636383057
0.5555555555555556,0.043740272521972656
-3.111111111111111,-3.1525843143463135
-11.88888888888889,-6.755662441253662
-0.6666666666666666,0.3337388038635254
12.11111111111111,7.0953593254089355
-0.5555555555555556,-2.0045273303985596
0.6666666666666666,3.390010356903076
-4.888888888888889,-5.971386909484863
-3.111111111111111,-0.6431430578231812
-2.2222222222222223,-2.8945353031158447
-3.2222222222222223,-4.218675136566162
-6.888888888888889,-1.1096371412277222
3.4444444444444446,-0.3446345329284668
24.11111111111111,12.957266807556152
-0.8888888888888888,-3.322133779525757
0.8888888888888888,-2.9999561309814453
-6.555555555555555,-0.13768911361694336
-1.3333333333333333,-7.93076753616333
-4.111111111111111,-5.282713413238525
9.666666666666666,-1.9531643390655518
5.111111111111111,2.6049675941467285
4.333333333333333,-6.627595901489258
0.4444444444444444,6.638424396514893
-15.444444444444445,-8.860177993774414
-7.0,-7.077784538269043
1.7777777777777777,-0.04528987407684326
6.777777777777778,2.6349728107452393
8.0,1.4026793241500854
4.777777777777778,4.431461811065674
19.55555555555556,14.84738826751709
-6.777777777777778,-7.453349590301514
-7.222222222222222,-2.737257242202759
0.1111111111111111,-1.2119168043136597
-0.4444444444444444,-2.865265369415283
-3.555555555555556,-3.347639799118042
10.444444444444445,5.621175765991211
3.4444444444444446,6.739924430847168
-0.1111111111111111,-1.3639546632766724
-7.666666666666667,-7.245777130126953
0.1111111111111111,1.324283242225647
-3.333333333333333,-2.559150218963623
-4.222222222222222,-7.271207332611084
-0.7777777777777778,1.6539300680160522
-11.666666666666666,-8.99705982208252
-2.333333333333333,-1.1569637060165405
-0.3333333333333333,0.7141647338867188
17.88888888888889,9.794486045837402
32.55555555555556,31.220550537109375
-11.0,-1.5730218887329102
-4.0,-0.35986030101776123
-6.777777777777778,-4.366856098175049
-15.333333333333334,-5.788843154907227
-7.666666666666667,-1.337135672569275
-3.555555555555556,3.0707767009735107
-2.7777777777777777,0.7959027290344238
0.1111111111111111,2.2940316200256348
38.11111111111112,32.765480041503906
-8.0,-5.584744453430176
-4.222222222222222,-5.268842697143555
0.0,2.771012306213379
23.55555555555556,26.26889991760254
1.7777777777777777,-0.6422298550605774
-2.7777777777777777,-1.8564997911453247
-5.777777777777778,-5.570135116577148
7.333333333333333,11.912787437438965
-6.555555555555555,-5.80766487121582
-9.333333333333334,-5.685363292694092
5.111111111111111,3.1361820697784424
-5.444444444444445,-0.7055213451385498
3.6666666666666665,3.905987024307251
-6.555555555555555,-4.887259006500244
19.444444444444443,24.339656829833984
-4.777777777777778,-6.483573913574219
4.888888888888889,1.2307928800582886
-3.2222222222222223,-3.3737757205963135
-1.6666666666666667,-2.1238503456115723
-7.555555555555555,-2.2609078884124756
-3.4444444444444446,-2.537189245223999
1.5555555555555556,4.069242477416992
-7.555555555555555,-10.323019981384277
-13.333333333333334,-9.21606159210205
-5.0,-5.701592445373535
-3.111111111111111,1.703652262687683
-8.777777777777779,-3.745434522628784
-1.1111111111111112,-1.5553187131881714
1.8888888888888888,-1.5559860467910767
-6.222222222222222,-6.089406490325928
-0.1111111111111111,2.858691692352295
4.0,3.882887601852417
-18.22222222222222,-7.918882369995117
-1.7777777777777777,0.11966705322265625
-13.333333333333334,-6.749418258666992
-7.666666666666667,-8.505256652832031
-1.6666666666666667,-6.521820545196533
-4.444444444444445,0.6612374782562256
-11.444444444444445,-3.7155680656433105
2.888888888888889,0.9326929450035095
27.0,27.599885940551758
1.8888888888888888,1.1903009414672852
-8.88888888888889,-2.317539691925049
-4.888888888888889,-0.22059273719787598
-5.888888888888889,-6.5006937980651855
-3.6666666666666665,-3.2097575664520264
9.555555555555555,10.473989486694336
-1.6666666666666667,-1.839695930480957
0.8888888888888888,2.2864913940429688
-13.666666666666666,-10.432182312011719
-3.555555555555556,-3.787949562072754
-1.6666666666666667,-1.3210194110870361
8.88888888888889,7.4550323486328125
-4.888888888888889,-6.852600574493408
-3.888888888888889,2.2096967697143555
-9.88888888888889,-7.987590789794922
-1.5555555555555556,-8.13272476196289
7.666666666666667,11.1678466796875
3.7777777777777777,4.384427547454834
12.666666666666666,-5.670438289642334
-4.555555555555555,0.849501371383667
13.555555555555555,20.89061737060547
6.777777777777778,-2.533271074295044
-9.11111111111111,-8.763343811035156
-2.555555555555556,-3.635382652282715
-1.4444444444444444,-3.6316356658935547
-6.222222222222222,-7.320422172546387
-7.555555555555555,-7.706630706787109
1.0,4.56199836730957
-1.4444444444444444,-1.3711847066879272
-9.88888888888889,-6.9441728591918945
1.2222222222222223,-0.9826812744140625
2.2222222222222223,-3.1335628032684326
1.2222222222222223,-1.787388801574707
8.444444444444445,0.04222583770751953
0.8888888888888888,-3.494358539581299
-10.444444444444445,-5.777909755706787
4.444444444444445,2.2837767601013184
-1.6666666666666667,-0.457283616065979
-3.888888888888889,-3.197054147720337
3.2222222222222223,1.7312058210372925
-5.666666666666667,-6.952807903289795
-9.0,-5.198458671569824
8.777777777777779,9.864815711975098
1.5555555555555556,-6.830080509185791
-2.555555555555556,-5.298617839813232
4.777777777777778,1.627687931060791
-16.11111111111111,-7.673921585083008
-5.555555555555555,-4.481086730957031
-1.8888888888888888,-3.7073757648468018
25.11111111111111,21.765846252441406
-2.555555555555556,-4.357522010803223
-12.0,-8.550860404968262
-10.333333333333334,-12.22797679901123
-7.333333333333333,-4.174129009246826
0.0,-3.539045572280884
1.8888888888888888,-3.130742073059082
1.4444444444444444,0.33843374252319336
19.55555555555556,7.569920063018799
-5.222222222222222,-2.5800318717956543
0.3333333333333333,-2.3296351432800293
1.1111111111111112,1.3960862159729004
25.666666666666668,18.76824188232422
-3.0,2.133505344390869
3.555555555555556,2.95892333984375
4.222222222222222,10.220993041992188
1.7777777777777777,-4.814135551452637
31.444444444444443,-3.817279577255249
19.33333333333333,8.46237564086914
-1.6666666666666667,1.604282259941101
1.5555555555555556,-0.37638214230537415
7.222222222222222,4.767704010009766
-3.7777777777777777,-5.282594203948975
-1.6666666666666667,-4.169846057891846
0.2222222222222222,-1.6333178281784058
3.7777777777777777,-3.417184591293335
-2.0,0.08367639780044556
1.6666666666666667,2.6667792797088623
1.3333333333333333,0.6594027280807495
0.1111111111111111,0.19807004928588867
-1.0,-0.9131395816802979
7.0,6.2909321784973145
-3.111111111111111,-2.7866742610931396
9.11111111111111,1.2372002601623535
3.6666666666666665,2.274609088897705
-4.888888888888889,-5.217222690582275
-1.6666666666666667,0.8503391742706299
-3.555555555555556,-2.9167397022247314
-1.4444444444444444,-0.4585632085800171
-15.0,-9.138459205627441
1.0,0.23634886741638184
5.333333333333333,0.22719275951385498
5.444444444444445,5.326688766479492
-3.0,-4.492749214172363
-2.333333333333333,5.357184410095215
-5.111111111111111,-5.350371360778809
-3.6666666666666665,-2.18951416015625
2.7777777777777777,0.7013859748840332
-8.777777777777779,-2.2428066730499268
2.333333333333333,-0.7753117084503174
3.4444444444444446,2.5864007472991943
12.333333333333334,11.783416748046875
-1.0,0.11126995086669922
1.6666666666666667,2.687920093536377
-1.1111111111111112,0.23575091361999512
-5.0,-8.685162544250488
-5.222222222222222,-3.782095193862915
-4.777777777777778,-3.6003785133361816
0.5555555555555556,-0.8410981893539429
6.0,5.289072036743164
13.77777777777778,19.170961380004883
6.666666666666667,5.419985771179199
-1.0,-0.7956167459487915
-3.7777777777777777,-0.1431736946105957
-5.777777777777778,1.3885563611984253
-3.555555555555556,-4.548816680908203
0.2222222222222222,0.8863334655761719
-3.888888888888889,4.201423645019531
-3.0,1.1998835802078247
-5.888888888888889,-3.8738889694213867
5.0,4.291112422943115
-10.666666666666666,-6.924000263214111
-3.333333333333333,-2.418999671936035
-9.666666666666666,-3.1245975494384766
2.7777777777777777,2.0747830867767334
-7.333333333333333,-5.604389667510986
19.22222222222222,26.30451202392578
-12.333333333333334,-13.415087699890137
-5.0,-4.360872745513916
-3.555555555555556,-5.65877628326416
-13.666666666666666,-13.63907527923584
6.777777777777778,12.368066787719727
1.3333333333333333,5.078882694244385
48.22222222222222,16.478132247924805
3.2222222222222223,-0.956234872341156
-4.0,-2.5184731483459473
10.77777777777778,13.744224548339844
-4.555555555555555,0.18012237548828125
10.333333333333334,5.379790782928467
0.8888888888888888,-5.04213809967041
-5.111111111111111,-2.8023459911346436
5.0,4.093351364135742
-25.77777777777778,-9.854289054870605
-6.777777777777778,-0.7821522355079651
6.111111111111111,1.6074069738388062
-9.22222222222222,-10.347887992858887
-5.111111111111111,-4.167175769805908
1.7777777777777777,-5.409463405609131
4.777777777777778,2.487039566040039
16.11111111111111,7.693572998046875
-0.8888888888888888,-3.4917616844177246
-2.888888888888889,-7.848050117492676
4.666666666666667,1.6875237226486206
-3.2222222222222223,1.3665388822555542
11.0,14.207983016967773
6.777777777777778,5.322963714599609
-3.2222222222222223,-1.7051737308502197
5.111111111111111,4.454746723175049
-10.22222222222222,-8.441145896911621
2.333333333333333,-0.6889702677726746
2.2222222222222223,-8.169232368469238
-14.77777777777778,-10.286105155944824
0.8888888888888888,1.4103002548217773
-8.777777777777779,-1.827202320098877
2.888888888888889,3.1281518936157227
-5.333333333333333,-8.841272354125977
-2.0,-6.095951557159424
0.1111111111111111,-1.9839277267456055
-1.0,-5.648919105529785
1.2222222222222223,-0.9873347282409668
11.444444444444445,5.42598819732666
-2.0,-5.243462562561035
-1.4444444444444444,-4.207675933837891
-5.333333333333333,-8.545473098754883
-4.777777777777778,0.6707391142845154
-2.7777777777777777,-5.617899417877197
4.333333333333333,5.416233062744141
-0.8888888888888888,-1.8177955150604248
7.222222222222222,0.9693456888198853
-6.777777777777778,-5.274560451507568
28.22222222222222,11.334527015686035
6.555555555555555,1.3497898578643799
0.8888888888888888,8.170650482177734
-6.555555555555555,0.8165581226348877
1.3333333333333333,-1.7328405380249023
-1.5555555555555556,-0.5698859691619873
0.7777777777777778,-3.6403372287750244
-1.2222222222222223,0.5375721454620361
-7.333333333333333,-7.5186309814453125
-4.333333333333333,-2.2240307331085205
-0.6666666666666666,-0.8298386335372925
-3.2222222222222223,-0.7729012966156006
-8.11111111111111,-5.772693634033203
6.666666666666667,0.6831669807434082
-4.777777777777778,-3.9019341468811035
-7.222222222222222,-0.3697999119758606
-4.222222222222222,-6.998227119445801
3.888888888888889,1.507035732269287
1.7777777777777777,1.0120806694030762
-2.7777777777777777,0.3377351760864258
0.4444444444444444,0.6316044330596924
-7.666666666666667,-7.853884220123291
10.0,6.601286888122559
2.0,3.2210474014282227
1.4444444444444444,-0.8252812623977661
3.2222222222222223,6.5314717292785645
-6.111111111111111,2.028988838195801
-2.0,0.11323750019073486
-6.888888888888889,-6.386305809020996
6.222222222222222,3.2326340675354004
-5.111111111111111,0.7000987529754639
-3.4444444444444446,-2.205709218978882
-3.333333333333333,0.3749483823776245
0.5555555555555556,1.3458744287490845
-7.222222222222222,-11.884435653686523
2.111111111111111,7.576925754547119
-1.6666666666666667,-2.810112714767456
19.88888888888889,22.919885635375977
-5.666666666666667,-5.982513427734375
0.1111111111111111,-0.2789074182510376
0.0,-1.58187997341156
-1.4444444444444444,5.635585308074951
-1.4444444444444444,-0.5881133079528809
1.1111111111111112,-1.4197413921356201
-1.4444444444444444,-0.53789222240448
-4.777777777777778,-4.764193534851074
-16.88888888888889,-12.933209419250488
-3.2222222222222223,-3.482292890548706
3.6666666666666665,0.19792938232421875
-5.555555555555555,-4.502511978149414
0.7777777777777778,0.5755504369735718
0.4444444444444444,-3.0938632488250732
-1.3333333333333333,-0.5040292739868164
-1.5555555555555556,-0.5695109963417053
-3.2222222222222223,-1.9686510562896729
14.88888888888889,13.69333553314209
-1.4444444444444444,-2.6292617321014404
-0.6666666666666666,1.938605785369873
-1.8888888888888888,-6.435126781463623
0.4444444444444444,-3.6524107456207275
-6.0,-4.341510772705078
-47.22222222222222,-7.09082555770874
40.55555555555556,27.500558853149414
-7.666666666666667,-2.507110118865967
2.6666666666666665,-4.588530540466309
-3.0,-7.044731616973877
-1.5555555555555556,0.6373500823974609
2.7777777777777777,0.6645998358726501
-3.7777777777777777,-3.6170191764831543
-8.555555555555555,-11.212902069091797
-3.7777777777777777,2.0154621601104736
-1.7777777777777777,-4.4986162185668945
3.0,-4.431239604949951
16.22222222222222,4.482456207275391
-7.0,-4.336286544799805
-4.666666666666667,-3.401038408279419
4.111111111111111,2.2994801998138428
-1.4444444444444444,-1.2804316282272339
0.0,-6.062893867492676
-3.111111111111111,2.5904691219329834
1.5555555555555556,-2.8832857608795166
-1.7777777777777777,0.7895066738128662
-6.222222222222222,0.8505716323852539
-5.666666666666667,-5.964730262756348
-1.2222222222222223,-0.26865363121032715
-3.555555555555556,-11.403367042541504
-12.77777777777778,-7.709438323974609
-3.0,-5.4684367179870605
-1.2222222222222223,-3.3035526275634766
-10.22222222222222,1.272847294807434
12.444444444444445,14.847536087036133
9.22222222222222,5.3382086753845215
-5.777777777777778,-6.861303806304932
-5.888888888888889,-3.7064528465270996
0.3333333333333333,-0.5721869468688965
3.6666666666666665,-0.10011863708496094
-3.0,-2.6492249965667725
-19.88888888888889,-12.038552284240723
-6.333333333333333,-0.7548407316207886
-0.2222222222222222,-0.7323513031005859
-4.777777777777778,-3.144442558288574
-3.888888888888889,-1.9347141981124878
1.4444444444444444,-4.58725118637085
-2.888888888888889,-11.877683639526367
1.5555555555555556,8.728403091430664
-1.7777777777777777,-1.6270543336868286
-12.333333333333334,-6.016707897186279
16.11111111111111,19.749008178710938
-3.888888888888889,-6.544304370880127
-2.555555555555556,-2.9787745475769043
2.888888888888889,3.3090033531188965
-3.2222222222222223,-4.903240203857422
-0.6666666666666666,1.0892994403839111
13.666666666666666,17.904895782470703
11.333333333333334,2.5514931678771973
-7.666666666666667,-9.164497375488281
-15.555555555555555,-12.831542015075684
-3.555555555555556,-3.6253042221069336
-1.4444444444444444,-3.247269868850708
-1.6666666666666667,-5.775105953216553
-9.0,-4.124455451965332
11.666666666666666,17.038677215576172
-20.88888888888889,-8.989653587341309
-5.777777777777778,-6.743035316467285
3.333333333333333,-2.8857529163360596
1.4444444444444444,3.059945821762085
-3.111111111111111,-0.9873082637786865
1.2222222222222223,0.689847469329834
3.555555555555556,0.9139660596847534
-9.444444444444445,-4.3914875984191895
-3.0,-6.745269775390625
-8.444444444444445,-5.154202461242676
-0.6666666666666666,0.0691530704498291
-4.555555555555555,-2.932494640350342
-2.2222222222222223,-5.9793925285339355
-0.5555555555555556,-0.8157749176025391
-4.333333333333333,-7.82393217086792
-2.4444444444444446,-1.7943109273910522
-8.222222222222221,0.052163004875183105
-0.7777777777777778,-6.426436901092529
-17.555555555555557,-10.5076322555542
1.1111111111111112,-3.223402261734009
-0.1111111111111111,-5.8109259605407715
-3.888888888888889,-9.778154373168945
-5.666666666666667,-7.721314430236816
0.4444444444444444,-5.45996618270874
-11.444444444444445,-9.282692909240723
-5.777777777777778,-4.427823543548584
-2.4444444444444446,-5.8487162590026855
-1.3333333333333333,-1.6892400979995728
-2.888888888888889,-6.883983135223389
-0.2222222222222222,-3.7074592113494873
3.4444444444444446,-2.6962523460388184
-15.77777777777778,-8.803142547607422
-1.8888888888888888,-0.9580221176147461
2.111111111111111,-3.365772247314453
2.888888888888889,1.3807395696640015
4.333333333333333,7.519801616668701
-4.444444444444445,-8.888407707214355
16.555555555555557,17.296236038208008
0.8888888888888888,-0.7477829456329346
-0.4444444444444444,-1.0278687477111816
-17.0,-7.544675827026367
-1.7777777777777777,1.426200270652771
-5.888888888888889,-2.665348529815674
5.111111111111111,6.0798659324646
-1.2222222222222223,-4.870887756347656
3.7777777777777777,3.4827005863189697
22.77777777777778,20.194059371948242
0.5555555555555556,4.122328281402588
4.111111111111111,-1.5659313201904297
4.0,4.00467586517334
-3.2222222222222223,-0.6673450469970703
21.33333333333333,18.331008911132812
5.333333333333333,1.8022127151489258
11.11111111111111,3.1385903358459473
-3.2222222222222223,5.070223331451416
0.2222222222222222,-3.974602699279785
-2.2222222222222223,-2.696676731109619
-24.33333333333333,-4.942110538482666
-3.333333333333333,-4.558162689208984
5.555555555555555,2.4875805377960205
2.2222222222222223,1.971196174621582
-0.3333333333333333,-2.014563798904419
-0.3333333333333333,-1.8048512935638428
-0.1111111111111111,0.2456287145614624
-3.4444444444444446,-5.488337993621826
-1.1111111111111112,-1.6996699571609497
-9.88888888888889,-4.556663990020752
1.4444444444444444,-4.707314491271973
-5.555555555555555,-2.9621658325195312
-12.444444444444445,-3.1298437118530273
3.333333333333333,-5.64445686340332
8.222222222222221,2.4375014305114746
-9.555555555555555,-7.693175315856934
-0.8888888888888888,-6.825408458709717
-2.333333333333333,-1.7873563766479492
-0.6666666666666666,-1.299645185470581
-1.7777777777777777,-1.5240682363510132
17.88888888888889,6.806629657745361
-5.888888888888889,-2.750584602355957
-0.7777777777777778,-4.090717792510986
-3.0,1.2395247220993042
-1.2222222222222223,1.4347907304763794
-6.555555555555555,-5.128443717956543
-5.888888888888889,2.4348490238189697
1.7777777777777777,-0.33860671520233154
-8.444444444444445,-7.71169376373291
1.4444444444444444,0.08556890487670898
-0.4444444444444444,-2.873565673828125
0.1111111111111111,2.277719497680664
-5.111111111111111,-6.140098571777344
-12.0,-9.94893741607666
-3.333333333333333,-3.290487051010132
-3.333333333333333,-7.433206081390381
5.0,3.3918051719665527
-0.6666666666666666,5.165541172027588
3.6666666666666665,-3.5576837062835693
-6.444444444444445,-8.037768363952637
6.111111111111111,-0.8202917575836182
-6.222222222222222,-5.7900071144104
-3.0,-5.94346809387207
-0.3333333333333333,-3.639859914779663
-3.555555555555556,-1.9309618473052979
-7.333333333333333,-3.180698871612549
27.55555555555556,9.620495796203613
-8.444444444444445,-9.786057472229004
-0.1111111111111111,-4.524723052978516
2.888888888888889,-1.332635521888733
-0.5555555555555556,-4.953248023986816
4.777777777777778,9.338692665100098
-2.6666666666666665,-3.4649081230163574
-37.888888888888886,-16.150440216064453
-0.4444444444444444,1.7588751316070557
-6.888888888888889,5.478104114532471
-6.0,-1.0520094633102417
-2.888888888888889,1.9063739776611328
4.0,2.0440120697021484
-1.4444444444444444,-2.570711851119995
-2.555555555555556,5.2610979080200195
-3.0,-4.764976978302002
1.4444444444444444,-4.090011119842529
0.3333333333333333,-0.5364307165145874
-1.5555555555555556,0.7584927082061768
-2.888888888888889,-6.853166580200195
-5.888888888888889,-5.547691345214844
1.7777777777777777,1.4659340381622314
-6.444444444444445,-3.099900007247925
12.333333333333334,18.257638931274414
1.1111111111111112,4.018947124481201
-2.555555555555556,-1.6680675745010376
-3.111111111111111,-2.8601551055908203
-1.4444444444444444,0.31583869457244873
-12.333333333333334,-9.496731758117676
12.555555555555555,7.320038318634033
-6.777777777777778,-5.04890251159668
-0.8888888888888888,0.5937347412109375
5.222222222222222,3.9742558002471924
-2.111111111111111,-5.345298767089844
0.0,3.013855457305908
-0.8888888888888888,-1.190550684928894
1.4444444444444444,0.8681917190551758
0.4444444444444444,-0.5688402056694031
1.3333333333333333,-2.8319764137268066
-6.777777777777778,-11.121201515197754
-7.777777777777778,-4.2193732261657715
7.555555555555555,-3.4775428771972656
-24.55555555555556,-13.58219051361084
32.22222222222222,35.232303619384766
9.333333333333334,3.809776544570923
8.777777777777779,7.598651885986328
-4.777777777777778,-0.16407912969589233
-6.333333333333333,-6.753011226654053
